1352	38.7249	1848	40.75485	2488	43.0183125	3208	44.927125	4424	47.13515	6360	49.159975	9568	51.23515	
352	38.408825	448	40.588625	720	42.4095375	1408	45.075575	2248	47.189525	3608	48.9868625	5832	51.0097	
472	38.3729875	624	40.4019625	1032	42.4762125	1616	44.810225	2792	46.901025	4552	48.8575375	8504	51.1914375	
648	38.7334875	808	40.6297875	1120	42.6353625	1696	44.78595	2544	46.9365	4056	48.9433125	6752	51.100025	
840	38.43995	1232	41.1948125	1760	42.6756625	2528	44.9774625	3976	47.370975	6056	49.1810625	9168	51.2851375	
416	38.511825	704	41.033125	1264	43.197775	1800	45.0465625	2496	47.3635625	4096	49.5734375	6808	51.6107625	
544	37.9206	928	40.9388125	1368	43.131025	1872	44.97045	3080	47.5555125	4960	49.64325	8096	51.6371875	
576	38.7817375	664	41.3313875	952	42.9708875	1424	45.249	2392	47.8384875	3648	49.6983875	5592	51.75035	
792	39.9333875	1168	41.6038875	1744	43.680625	2416	45.4623125	3760	47.8711625	5592	50.049025	8552	52.009175	
504	38.9568375	848	40.854275	1280	43.2145375	2032	45.0498	2680	47.1262875	4736	49.7215	7264	51.6524625	
496	39.0175125	800	41.19955	1112	43.329525	1632	45.271825	2544	47.416175	4048	49.686125	6360	51.6552375	
544	39.436225	656	41.2581625	992	43.5322875	1520	45.5003125	2696	47.6262125	4216	49.728575	7112	51.877075	
680	40.11975	952	42.0596125	1352	44.173925	1984	46.2356875	2944	48.237775	4600	50.3043125	7144	52.3736625	
352	39.8997625	648	42.13495	880	44.226225	1608	46.90125	2328	49.1004625	3512	51.10075	5432	53.23805	
520	40.067225	600	41.7856	824	44.313875	1192	46.511075	1960	48.651775	3200	50.7866625	5232	52.5546	
528	38.745175	760	40.9564375	1136	43.6102125	1656	45.7969375	2624	48.0693875	4144	50.34905	6432	52.397725	
672	39.4819875	968	41.3472125	1448	43.927175	2056	45.8674	3112	48.0743875	4976	50.1807875	7224	52.13185	
360	39.94105	456	41.6118375	728	43.989425	1240	46.1676375	2080	48.3955375	3312	50.5041	5784	52.8533375	
368	38.7152875	608	40.563525	912	43.257075	1664	45.685925	2600	48.0234	3920	49.7818	6704	51.90185	
432	38.0327375	840	40.302425	1288	43.2959625	2120	45.3541625	3160	47.2934875	5096	49.6351375	7952	51.8961625	
728	38.2436375	1104	41.049825	1520	43.0903375	2328	45.30885	3656	47.3407375	5536	49.50555	8152	51.5263	
352	37.5497375	560	40.63545	1016	43.0806875	1624	45.247	2512	47.022225	4384	49.08685	7616	51.28575	
368	37.685375	600	40.7319	832	43.1673125	1344	45.3594125	1968	47.271275	3376	49.492925	5824	51.481125	
312	37.79405	512	40.6006625	808	43.1934375	1376	45.6506875	1968	47.57175	3240	49.6709	5584	51.6123875	
816	37.9739875	1312	40.5748125	1848	43.1755125	2480	45.5428125	3568	47.6777125	5440	49.82915	8440	51.91855	
448	37.7361625	744	41.073025	960	43.4381125	1800	46.166325	2600	48.070525	4096	50.41815	6496	52.5079	
432	38.463775	672	41.54835	928	43.6702375	1368	45.977675	2000	47.9358625	3792	50.3140375	5904	52.4089375	
224	37.8723125	552	41.4309875	680	43.732175	1184	46.1584625	1920	48.3662125	3352	50.14305	6032	52.4869625	
632	39.2411	976	42.4937	1240	44.7187375	1784	46.976125	2712	48.9495125	4064	50.8785375	6168	52.929225	
560	38.1560875	768	41.266675	1088	43.5201625	1744	46.2492	2352	48.34485	3912	50.252425	6560	52.363425	
424	39.014675	656	41.3482625	888	43.792475	1344	46.3671625	1912	48.5059	3040	50.3204375	4512	52.2248375	
360	38.37405	512	40.8328875	912	43.269075	1464	45.8279125	2376	48.4004	3640	50.01005	6360	52.1185375	
656	39.3312875	896	41.5849125	1312	43.7795875	1904	46.3840125	2912	48.4685	4424	50.5177625	6696	52.4565625	
408	38.7316625	552	41.248475	736	43.5993375	1400	46.087725	2128	48.2885625	3192	50.1573875	5408	52.2495	
496	38.1831	624	40.8307125	1048	43.4384125	1656	45.6123125	2552	47.8922375	4176	50.0443625	6864	52.2396625	
376	38.0606625	520	40.5479375	912	43.3594	1376	45.5338125	2272	47.715725	3536	49.7629	5808	51.78305	
824	38.1848625	1144	40.928375	1568	43.2196625	2144	45.738575	3424	47.7992875	5000	49.9870375	7880	52.096225	
360	37.9899	592	40.8906125	936	43.2399125	1568	45.9881625	2464	47.77285	4192	50.0606	6896	52.1294125	
536	37.772325	704	41.013275	936	43.46575	1416	45.916625	2152	47.6901375	3712	49.7992375	6176	51.912825	
376	37.839425	624	41.465825	920	43.9236	1304	45.6194	2240	47.9024125	3520	49.895225	5584	51.8591625	
816	37.7399375	1176	41.1424625	1640	43.6048	2256	45.515675	3512	47.726325	5120	49.4609625	7920	51.658925	
296	37.5099375	504	40.9291375	688	43.359225	1080	45.3627875	1808	47.4982	3056	49.23265	5392	51.340525	
416	37.4355875	512	40.8862625	776	43.0556125	1400	45.2482	2232	47.3997625	3584	49.3030625	6008	51.4905625	
352	37.27495	536	40.4672	1040	43.43445	1440	45.0811	2208	47.2114125	3816	49.265025	6096	51.20245	
896	37.8676625	1200	40.85145	1688	43.2998	2520	45.21825	3760	47.08285	5632	49.1196375	8824	51.230025	
488	37.3546625	880	40.4705	1368	42.5216	1944	44.8104125	3304	47.0279	4952	49.3745875	8120	51.6393875	
328	37.6918875	472	39.6544875	1048	42.52165	1408	44.9135125	2080	47.0014625	3360	49.1488625	5232	51.2365375	
400	37.808775	704	40.1582625	1104	42.840925	1560	44.933675	2496	47.3964625	3848	49.3926375	6160	51.316875	
864	38.3913375	1112	40.554275	1584	42.93975	2192	44.6631875	3392	47.3147875	5096	49.2115625	8208	51.365175	
336	38.172075	608	40.7543375	1040	43.2561625	1600	45.0794375	2680	47.098	4248	49.14145	7016	51.171225	
416	38.285975	656	40.8224625	896	43.0173625	1384	44.8576	2424	46.9569375	4096	49.0717375	7328	51.3762875	
424	38.0769125	728	40.9716375	1096	43.11845	1520	45.017925	2528	47.247125	4168	48.97815	7096	51.3045125	
872	38.5249	1168	40.920075	1624	43.2378125	2208	45.41955	3352	47.63665	4928	49.35765	7832	51.3801	
568	37.982525	888	40.755575	1272	42.541625	2056	44.58765	3192	46.6185875	5048	48.4752875	8808	50.85985	
400	37.636	688	40.3953	824	42.2531	1456	44.426725	2400	46.535275	3936	48.5946125	6584	50.8342125	
688	38.025725	880	40.2497125	1312	42.6300375	2048	44.7587	2928	46.6452125	4896	48.74985	8288	51.0111	
1112	37.3317	1536	39.9628875	2200	42.082425	3240	44.0091875	4856	46.075975	7488	48.2062625	11448	50.18745	
416	36.782275	832	39.1931	1304	41.5603125	2080	43.540475	3224	45.6636125	5328	47.7879875	8736	50.1068	
472	36.011025	1048	38.83685	1536	41.137375	2472	43.3400625	3712	45.5857875	5784	47.6052125	9296	50.0223	
800	35.6572	1016	38.6602375	1504	40.9685125	2472	43.4137625	3472	45.519975	4968	47.6411125	7144	49.8602375	
1336	36.9550625	2048	39.392525	2808	41.368825	4032	43.3451625	5912	45.53005	8680	47.6343375	13344	49.7704625	
680	36.2625	1200	38.8829625	1864	40.96525	2792	43.0027625	4448	45.0518375	7016	47.35365	11432	49.491	
832	36.0947875	1240	38.774	1920	40.9419125	2872	43.2054125	4024	45.1905	6600	47.5458375	10256	49.6735625	
608	36.8002	1120	39.3427625	1520	41.35435	2544	43.8302	3960	45.8276375	6104	47.911625	9760	49.9766625	
1256	37.0569875	1744	39.428825	2600	41.7034	3744	43.6601	5416	45.6847375	8336	47.9474625	12776	49.90945	
424	37.0965875	736	39.7837625	1264	42.05285	1944	43.9625	3248	45.9954625	5384	47.9150125	9208	49.9453125	
600	37.5202375	952	40.2454	1368	42.0595875	2032	44.368175	3128	46.364925	5112	48.1844625	9160	50.5430125	
496	37.7773375	744	40.2313	1032	42.6098	1512	44.5501875	2472	46.4652875	4232	48.39845	7104	50.675975	
824	38.5461	1152	40.925125	1624	42.8887875	2248	44.8908	3544	47.177375	4936	48.796575	8168	50.7452375	
384	37.9964125	672	40.867875	928	42.8673	1504	45.3386125	2296	47.279725	4488	49.6476875	7112	51.7122125	
288	38.992925	736	41.5716	712	43.64035	1480	46.4313375	2160	48.5251125	3368	50.3504375	5760	52.7070375	
264	39.5490375	344	42.044775	688	44.109475	1080	46.31565	1784	48.353925	2992	50.5091875	5160	52.75495	
672	40.3991125	880	42.5818125	1192	44.99265	1632	46.881675	2328	49.06635	3504	50.753525	5568	52.4759	
152	39.4364125	416	42.4138375	576	44.679975	944	46.649025	1704	48.8905625	2808	50.7340125	4920	52.6738375	
160	39.3493	384	42.31795	584	44.806375	928	46.9829	1640	48.8459875	2656	50.8408375	4776	52.9535625	
280	38.8645625	480	41.9015625	672	43.8461125	1296	46.287025	2080	48.4553125	3312	50.327975	5824	52.55165	
768	39.4082375	1040	42.3114625	1368	44.2561875	1816	46.4037125	2744	48.3732	4152	50.4565875	6488	52.2562	
272	39.174775	312	41.7678875	576	43.993025	808	45.867325	1536	47.7990625	2880	49.9074375	5144	52.0881	
256	38.462425	448	41.197225	816	43.7399125	1304	46.2609375	2064	47.7798375	3472	49.95025	6176	52.3794375	
248	38.136125	408	41.067275	800	43.9551125	1000	45.7321875	1648	47.8152125	2784	49.6162375	5128	52.1801375	
848	38.9048125	1208	41.662325	1648	43.9055625	2328	45.5951375	3416	47.8764625	5216	49.9612875	7840	51.8819875	
280	38.62215	392	41.3083	744	43.3937625	1288	45.2299625	2144	47.616725	3336	49.75835	5488	51.9250125	
376	38.3170125	576	41.2247125	936	43.0384625	1648	45.175075	2560	47.2249125	4240	49.2680375	7496	51.5493625	
416	37.4630625	816	40.5796625	1200	42.606325	1864	44.7828625	2712	46.8075	4616	49.0987875	7224	51.2367875	
1048	37.756625	1560	40.660575	2232	42.76065	3128	44.6764	4568	46.6867375	6640	48.5718125	10432	50.8268375	
528	37.4190625	768	40.1391875	1224	42.2794375	2064	44.47765	3216	46.41825	5272	48.3834375	8576	50.6494875	
520	37.6332375	784	40.0671125	1344	42.104325	2056	44.1244375	3392	46.3564875	5712	48.6692375	9200	51.09185	
320	38.407525	480	40.4057375	896	42.8004375	1280	45.0391625	1976	46.95815	3448	49.2375875	5584	51.564075	
832	38.796	1256	41.6290875	1672	43.4885875	2528	45.361825	3576	47.398	5528	49.5096	8520	51.40705	
424	38.3462125	688	41.0358375	976	43.2124375	1560	45.2091625	2832	47.5192625	4752	49.6372625	7816	51.6958375	
328	38.2387625	512	41.042025	936	43.4444625	1424	45.53635	2224	47.8704375	4016	49.9443875	6448	52.1149625	
344	38.3844375	496	41.58275	616	43.7711375	1160	45.9715125	1984	48.0092125	3312	50.1429875	5768	52.3947875	
728	39.1806125	1072	42.055375	1480	43.999275	2136	46.150675	3144	48.2691	4504	49.9215	7128	51.7874375	
256	38.2645625	440	41.0195	688	43.0586125	1336	45.339275	2240	47.4937625	3744	49.3792375	6672	51.622875	
320	37.5206	640	40.6897	960	43.01515	1408	45.4050375	2224	47.456675	3864	49.42755	6472	51.41395	
440	37.79535	656	40.53795	792	42.777775	1192	45.1483125	1992	47.1215625	3624	48.917825	6712	51.20385	
912	38.22045	1344	41.38225	1792	43.3797125	2552	45.22405	3800	47.0795125	5520	49.03795	8704	50.9646125	
416	37.2533375	736	40.5338625	1216	42.82565	1760	44.8269625	2968	46.7034125	4592	48.5953375	7656	50.7917125	
472	37.7813625	736	40.7263625	1240	43.1938875	1912	45.0804375	2800	46.828775	4824	48.8511125	8208	51.027075	
248	38.2229875	520	41.082125	712	43.1801375	1488	45.6042125	2344	47.3480875	4096	49.577975	7096	51.6869875	
688	39.0440375	1104	42.1321375	1488	44.5553375	2024	46.4525	2872	48.178125	4256	50.258825	7184	52.4975125	
368	38.906375	624	42.2064	960	43.9189875	1384	46.0660125	2192	48.0177125	3656	50.2395375	5928	52.3618	
360	38.19575	640	42.2794875	888	43.9657	1328	46.343	2096	48.2738625	3584	50.1978375	6224	52.433175	
504	38.964	584	41.9377375	864	43.5568875	1240	45.75855	2168	47.6948375	3744	49.9639125	6488	52.1290625	
784	38.596375	1256	42.4143	1512	44.0148	2152	45.9588	3088	48.1025875	4536	49.8474875	7512	52.0003125	
344	38.71405	536	42.1281	736	43.6534625	1288	45.931125	2008	47.831275	3624	49.6776125	5792	51.738625	
432	38.9440875	552	41.9414	784	43.7871875	1280	45.8655875	2064	47.7774	3432	49.55435	6576	51.94525	
352	38.8507125	488	41.8280375	720	43.6322	1360	45.9452	1912	47.6150375	3512	49.423175	6048	51.58165	
928	39.3136125	1168	41.988325	1464	44.5488125	2088	46.2924125	2952	48.0902625	4304	49.9327	7200	52.0352625	
256	39.1506375	472	41.59725	680	44.1219125	1136	45.9166875	1848	47.9417125	3232	49.7383375	5656	52.0169125	
312	38.956675	552	41.7921	824	44.167125	1360	46.4299375	2152	48.095125	3640	50.1686375	6304	52.272275	
376	39.1598375	472	42.085825	752	44.446125	1112	46.2945375	1936	48.3306125	3064	50.1691625	5296	52.11385	
848	39.7566	1096	42.27065	1456	44.468675	1960	46.6365875	2608	48.3051125	4128	50.413825	6824	52.54305	
176	38.85805	432	41.5077875	816	44.034525	1080	46.0417125	1968	47.8413125	3568	49.943625	6464	52.0242	
240	38.77615	568	42.0987	760	44.2231125	1128	46.3051875	1752	48.14165	3056	50.0932625	5720	52.564375	
368	39.0523375	512	42.3147125	656	43.929825	1048	46.42655	1624	48.4206375	2728	50.2504375	5024	52.4433125	
832	39.2183125	1240	42.183075	1536	44.284175	1984	46.186925	2928	48.3540625	4296	50.244025	6984	52.6509375	
304	39.5645125	424	41.6675875	712	43.916275	1152	46.48595	1832	48.2848	3000	50.1208625	5544	52.5333625	
320	39.8948375	464	41.9592625	848	44.5972875	1000	46.0842	1776	48.2496875	3120	50.3253375	5288	52.533575	
264	39.847625	384	42.0243875	464	44.14395	976	46.3775125	1656	48.433	2936	50.4358125	5280	52.826325	
728	39.8872125	992	42.3515375	1360	45.1558625	1752	47.198575	2232	48.7055125	3392	50.8039125	5912	52.7089625	
256	40.3846	480	43.10735	504	44.6562125	1000	46.833375	1600	48.5703875	2712	50.3941	5128	52.9709875	
280	41.236475	256	42.7631125	568	44.7355	824	46.4779	1512	48.95905	2648	50.8704125	4344	52.9927	
224	40.5261375	312	43.204975	504	44.476725	928	46.66645	1640	48.8063375	2712	50.8216625	5160	52.9959875	
728	40.5525625	928	43.357625	1136	45.0585625	1616	47.0756125	2256	48.9311125	3416	50.80765	5640	52.883925	
128	40.4957	200	42.643625	320	44.67845	744	46.7533375	1336	48.6317875	2504	50.62445	4576	52.58435	
224	39.435675	368	42.2928375	664	44.7316375	800	46.8250625	1552	48.700325	2776	50.5799625	4600	52.410275	
256	39.5508875	344	41.7206125	448	44.2277125	984	46.827	1592	48.6616125	3000	50.8749375	5160	52.63935	
616	40.6029625	880	43.001725	1088	44.838675	1568	46.8506125	2248	48.8568875	3448	50.6344625	5800	52.8268625	
216	40.0880375	240	42.0634875	432	44.2606625	1016	46.5189375	1560	48.504775	2408	50.242325	4784	52.4819125	
192	39.1885625	400	42.5365375	512	44.4800875	816	46.5513375	1448	48.487675	2496	50.6098	4680	52.82615	
272	39.8379375	312	42.609025	472	44.3237125	776	46.550475	1368	48.6820125	2400	50.872625	4304	52.9892125	
600	40.7522375	832	43.37575	1168	44.930275	1584	47.0204625	2208	48.9877375	3432	51.1225125	5464	53.035375	
160	40.3659	208	43.2817	288	44.4012375	688	47.1415375	1064	49.0826125	1944	50.859625	3904	52.9728875	
184	40.5533	208	43.676475	304	44.84555	568	46.95255	1152	48.995225	2024	50.8704125	3984	52.9454375	
176	40.118925	224	42.2708125	632	44.9959875	864	47.4315	1488	49.32255	2600	51.4957	4384	53.4758375	
592	41.0175	744	43.7416625	952	45.5810875	1320	48.1150625	1856	49.76515	2872	51.6007875	4832	53.7612	
176	40.583125	328	42.7385375	528	45.1948375	808	47.4750875	1416	49.45615	2312	51.2879125	4272	53.389775	
160	39.9142875	328	43.497675	360	45.0307625	640	47.8232125	1080	49.597175	1768	51.4033125	3312	53.617725	
264	38.7714375	488	42.8939125	752	45.3996	896	47.305525	1528	49.5202	2592	51.5864	4328	53.7733125	
616	41.1804	776	43.4346125	968	45.8937625	1368	47.865175	1880	49.6741875	2784	51.46395	4704	53.690175	
320	39.3794	536	43.0742875	704	44.9827875	1088	46.9556125	1632	48.8864875	2704	50.88425	4656	53.3078125	
400	39.4254875	632	42.6363375	824	44.697225	1248	46.626775	1744	48.4450625	2872	50.4822125	4800	52.7796625	
512	38.98235	648	42.1977375	872	44.036075	1296	46.2050875	1968	48.0709625	3368	50.180825	5760	52.4497125	
720	39.2466875	1016	42.0348	1344	44.253325	1896	46.3695625	2768	48.279425	4192	50.32085	6792	52.4683625	
432	39.08565	576	41.746425	816	43.877425	1168	45.7726625	2016	47.7088375	3328	49.7304	5608	52.3621625	
368	39.4249125	576	41.6419	880	44.1906375	1368	46.067575	2088	48.00225	3528	49.9808	5824	52.5054	
184	38.68535	520	42.32115	600	44.2002625	1088	45.93345	1704	48.06805	3032	50.0465375	5048	52.2277375	
784	38.8541875	1024	41.9838375	1416	43.8763125	1896	46.121375	2856	47.951	4312	49.9893375	7136	52.379675	
216	38.4517375	504	42.18385	848	44.0897625	1224	46.1679125	2024	48.0694	3456	50.062175	5992	52.4736625	
488	39.838675	600	42.138325	856	44.254	1240	46.16795	1944	48.03015	3384	49.891375	5752	52.1483125	
360	39.2124375	584	41.8834125	784	43.98685	1248	45.9035	1936	47.521125	3280	49.5083125	5896	51.959425	
816	39.2328125	1048	42.371425	1384	44.2136875	1952	46.3119375	2776	48.0932625	4304	50.1184375	6976	51.945875	
384	38.98275	512	41.1954375	824	43.9898375	1224	46.051575	1888	47.7423125	3200	49.63835	6136	52.1168	
392	38.899125	592	41.68075	824	44.0371125	1200	46.1172375	1856	47.9365125	3144	50.113925	5072	52.22175	
288	38.7679875	472	42.2663875	592	43.98425	1024	46.3432	1672	48.2499125	2704	50.51215	4616	52.2969375	
816	39.544075	1080	42.73285	1408	44.7559625	1864	46.677225	2672	48.732875	3952	50.5884	6408	52.664325	
192	39.7396625	392	42.3197625	512	44.432725	904	46.8510375	1464	48.5947125	2544	50.5174	4576	52.5506125	
136	39.909875	248	42.5762375	424	44.5915375	712	46.712125	1368	48.6792	2376	50.3647375	4656	52.48175	
216	39.096625	376	41.9549125	640	44.8025125	992	46.817425	1664	48.8428375	2768	50.510075	5112	52.627375	
848	40.9845375	992	42.8541125	1472	45.010175	1872	47.1578625	2784	48.90815	3864	50.53755	6112	52.4908125	
168	40.5976125	328	42.8658	432	44.0668625	832	46.134125	1536	48.0874375	2752	50.14875	5376	52.329175	
216	40.2148625	312	41.8307375	736	44.1135375	1064	45.7965875	1952	47.9334875	3384	49.9423125	6536	52.3058375	
184	40.0444125	432	42.5980375	544	44.5309375	856	46.26245	1520	48.2296375	2800	50.38565	4920	52.4719625	
760	41.4278625	968	43.299525	1216	45.4940625	1704	46.899475	2576	48.897675	3800	50.7560375	5736	52.4249875	
152	40.8675	264	42.8731375	424	44.4614875	880	46.1601	1584	48.1006375	2808	50.4276125	5240	52.2997875	
184	40.8246375	264	42.3673125	432	44.6429875	752	46.3140375	1296	48.2894	2408	50.481525	4312	52.4648125	
160	41.5262875	216	43.0302875	360	44.92505	664	46.73045	1200	48.5908875	2352	50.737825	4424	52.7404625	
704	41.0981875	888	43.846975	1192	45.44275	1584	47.1218	2256	49.08035	3544	50.95945	5776	52.9622125	
160	40.87305	224	43.279475	368	45.0087625	688	46.99415	1248	48.8760375	2184	50.63095	4184	52.5473375	
184	40.8886625	248	43.0253	424	45.2309625	672	46.8883625	1176	48.812475	2032	50.4104875	4072	52.3538	
184	40.2748	296	42.7122625	440	44.8562625	568	46.35675	1376	48.666175	2320	50.3215125	4440	52.57265	
760	40.2842	1000	42.958275	1320	45.0028625	1712	46.673975	2400	48.7364625	3408	50.5895125	5928	52.392375	
208	40.7346125	224	42.620075	376	45.0699875	576	46.281775	1104	48.430975	2192	50.4058875	4512	52.6187625	
184	40.7732	320	42.86285	408	44.1712125	736	46.2360875	1384	48.4129625	2328	50.4910875	4432	52.6836125	
184	40.2518375	280	42.4645625	608	44.3472875	1096	46.7211125	1824	48.60315	3104	50.7235875	5400	52.91855	
720	41.0281375	912	43.566275	1112	45.5041125	1520	46.9790125	2344	49.1176125	3376	51.0904875	5408	52.6528125	
208	40.38395	336	42.7761	536	44.8762625	816	46.55395	1480	48.75765	2648	50.572875	4856	52.7007875	
264	40.1487125	336	42.05685	592	44.2774625	1032	46.46945	1728	48.500625	2776	50.3753875	5096	52.550275	
216	40.6713125	288	42.4452	472	44.3587	816	46.3731125	1568	48.380425	2896	50.513225	5184	52.6972375	
752	40.07645	912	43.0947	1352	45.13105	1696	46.7713875	2432	48.5345875	3792	50.3337875	6256	52.377125	
240	39.697075	472	42.2613	632	44.3605875	1088	46.3365375	1816	47.9024125	3016	49.9010125	5848	52.203125	
288	39.604075	448	42.382325	608	44.2565125	960	46.207775	1632	47.9532	3008	49.9587375	5304	52.1336125	
320	39.7887125	448	42.8568875	592	44.4355875	1040	46.3528875	1784	48.0189	3248	49.8690375	6112	52.0322375	
872	40.1104625	1184	42.7978125	1344	44.4188375	1864	46.543125	2800	48.41905	4168	50.2255875	6584	52.1352	
216	40.100725	384	42.7670875	568	44.625175	856	46.094725	1560	47.9361375	3000	50.1350375	4928	52.1157875	
200	39.78975	336	42.1950125	560	44.4802	872	45.8819875	1640	47.832	2856	49.868925	5264	52.03785	
312	39.7993625	400	42.186075	648	44.476125	928	46.1016375	1616	47.8837875	2928	49.7932125	5472	51.9270375	
904	39.9562625	1208	42.4379625	1560	44.1014375	2008	46.2858875	3072	48.019025	4448	49.86855	7216	51.537225	
216	39.7432875	224	41.5960875	552	43.6485625	1008	46.19555	1824	47.9586	3016	49.725525	5296	51.403975	
208	39.2850625	448	42.11475	520	43.782	816	45.6541125	1384	47.33495	2816	49.252925	5432	51.231025	
288	38.8806	336	41.280725	752	43.33585	1104	45.2464625	1896	47.0744375	3184	48.8333875	5920	50.9681375	
1056	39.1814	1416	41.453175	1856	43.4117125	2576	45.2194	3672	47.2175875	5536	49.1763875	8504	50.7678125	
224	38.2198125	472	41.3699875	688	42.8594375	1208	44.884225	2128	46.757425	3600	48.5332875	6824	50.5034	
424	38.312525	560	41.0398875	784	42.70135	1352	44.6704125	2352	46.6617375	4056	48.5751875	6984	50.4889875	
472	38.4196875	608	41.069925	816	42.6993625	1320	44.6034875	2392	46.610675	4464	48.7338125	7584	50.6797625	
1096	38.9883375	1488	41.7102875	1880	43.5701875	2576	45.4090625	3680	47.2477375	5488	49.017575	8576	50.7425625	
312	39.0223875	424	41.1715625	712	43.0998125	1056	44.8449625	2328	46.7793875	3696	48.713325	6760	50.757875	
336	38.59715	472	40.7792875	872	42.97935	1384	44.942125	2216	46.7561625	3784	48.8608375	6608	50.77595	
352	38.670925	456	41.0104625	600	42.58765	1088	44.716125	1992	46.5586125	3704	48.7260625	6264	50.5406	
1056	38.8266	1344	41.40815	1816	43.0126625	2512	45.207475	3608	47.044125	5280	48.73605	8952	50.7818125	
312	37.996575	672	41.1806125	904	42.7067	1560	44.691525	2760	46.7953125	4856	48.6495	8016	50.6925625	
552	38.665925	680	41.2803625	1032	43.360775	1544	44.934525	2456	46.7997875	3936	48.7769375	6624	50.8078875	
344	38.2778375	520	41.445825	800	43.16465	1264	44.8282875	2192	46.941175	4048	48.8521125	6760	50.866725	
1040	38.6149875	1424	41.4768375	1904	43.2638	2528	45.1089875	3664	47.0209125	5352	48.823325	8680	50.804225	
368	38.3818125	448	40.8065375	752	42.657625	1384	44.5590375	2352	46.6913125	4032	48.47735	7320	50.6144625	
376	38.632025	512	41.42935	880	43.1126125	1176	44.7353625	2184	46.7751375	3768	48.7016125	6184	50.694775	
280	38.2395375	488	41.254275	840	43.086925	1424	44.97185	2232	46.8649875	3992	48.844775	7352	50.944025	
960	38.4047625	1408	41.3695875	1776	43.3649	2640	45.3257	3904	46.905025	5640	48.6802375	9120	50.5801	
416	37.3786375	672	40.223975	1200	42.683425	1848	44.240225	3272	46.3454	5368	48.464175	8928	50.585775	
408	36.325125	864	39.6141375	1296	41.8848375	1992	43.9793375	3096	45.930925	4992	48.0728375	7896	50.140625	
584	36.888675	680	39.26625	1088	41.8179375	1688	43.93445	2672	46.0155875	3960	47.9405625	6808	50.0976125	
1040	37.5249375	1472	39.7891	2112	42.08115	3176	44.3147375	4592	46.1934375	6928	48.2673	10808	50.3437875	
488	37.4484	872	40.2895125	1144	42.272375	1792	44.628375	2928	46.600225	4608	48.58025	7504	50.8927375	
704	37.6422	856	40.6400625	1280	42.9184375	1936	44.91255	2952	47.01095	4880	49.0795375	7944	51.3635	
504	38.0127125	656	40.9273125	856	42.9095375	1616	45.351175	2544	47.28815	4224	49.55065	6760	51.6593625	
832	39.170275	1088	41.2155625	1464	43.74025	2160	45.651225	3024	47.5283875	4680	49.6802125	7488	51.6137	
272	38.6493625	632	41.2987	1104	43.6822875	1568	45.8063625	2368	48.015425	3600	49.705975	6048	51.664025	
336	38.9883875	680	42.1992875	912	44.1894375	1520	46.25035	2136	48.1739375	3568	50.280225	6088	52.3047375	
336	38.4103875	480	41.857575	840	43.89865	1376	46.1414375	2128	47.99265	3552	50.1025875	6464	52.21785	
560	39.623175	808	42.4475125	1208	44.74685	1640	46.8164	2456	48.4258875	3920	50.336	6512	52.5516375	
200	38.8198	440	41.787	840	44.6758	1360	46.718825	2000	48.590875	3256	50.6004	5696	52.54655	
296	38.8945	568	42.461475	816	44.9396375	1192	46.9784875	2080	49.06175	3152	51.0008	5384	53.191575	
208	37.7520375	536	42.61155	736	44.8408125	1104	46.995375	1832	49.124175	2928	51.088475	5056	52.9496375	
504	40.651275	696	43.0768625	920	45.326725	1336	47.5059625	1920	49.302625	3184	51.29905	5312	53.316625	
176	39.4519625	512	43.025775	704	44.979425	1048	47.242125	1760	49.22215	2776	51.009725	4920	53.0037625	
320	39.7869125	464	41.899425	744	44.8361375	1088	46.9151	1728	49.013925	2808	51.1737875	5072	53.4010375	
280	39.5433	504	42.6009125	696	44.9816	1088	47.1804375	1704	49.17925	2744	51.135175	4912	53.285075	
480	40.57565	672	42.7996875	856	45.3627125	1248	47.8266	1784	49.2611625	3024	51.130675	5120	53.29565	
104	40.0722625	296	41.92065	496	44.6144625	848	47.2574625	1416	48.912125	2480	50.913775	4640	53.18025	
168	39.7258625	448	41.8996	656	44.6840625	952	47.3062625	1688	49.0880375	2608	50.8917875	4920	53.2531625	
136	39.0552625	384	42.0039625	512	44.5688125	784	46.95835	1424	48.8523625	2400	50.7018375	4696	53.08145	
608	40.9768375	832	42.691025	1096	45.0425125	1528	46.806175	2272	48.70835	3536	50.83275	5960	52.8977625	
192	39.62405	432	42.8703375	576	44.740775	936	46.6654875	1648	48.7210875	2712	50.8421875	4856	53.283675	
352	40.3538375	432	43.4644875	624	45.41375	992	47.404175	1416	49.3740875	2280	51.2255625	4720	53.7026875	
200	40.111925	232	42.9491125	408	45.1329125	760	47.1385625	1080	49.0047125	2224	51.3585875	4168	53.863425	
512	41.7564125	704	43.7961875	960	46.0641625	1272	47.7705625	1904	49.5668125	2864	51.4344625	4952	53.6774625	
152	41.445225	224	43.6036625	320	45.7506375	680	47.60015	1224	49.6114	2112	51.4558375	4112	54.0747375	
136	41.201125	160	43.4354625	360	45.474375	528	47.5605125	944	49.3395625	1944	51.8161125	3592	53.934675	
104	40.11645	280	43.5554625	368	45.7949375	592	47.5915375	1152	49.51155	2032	51.56825	3704	53.8454125	
528	41.1942125	648	43.96865	760	45.8746	1128	47.9385375	1808	49.827075	2856	51.833625	4392	53.7451625	
104	40.3411625	168	43.504725	256	45.6622375	536	47.8729125	896	49.7207375	1736	51.6093625	3528	53.8792375	
232	40.8698375	320	44.0763375	400	46.1241625	576	47.6812375	840	49.5543	1728	51.747875	3432	53.81055	
192	41.2134625	264	43.266	496	46.2981375	752	48.138525	1064	49.7851875	2016	52.1097625	3664	54.3739875	
520	42.138675	568	44.97885	760	46.9486875	1016	48.8218125	1344	50.135175	2336	52.1811375	4016	54.19585	
104	41.8814125	160	44.1311625	232	46.0423875	448	48.4869625	752	49.9945875	1520	51.9859125	3144	54.47475	
112	40.448575	352	43.7253875	544	46.5406125	640	48.3828625	1032	50.0597875	1904	52.1591375	3720	54.2916875	
176	40.0100875	296	44.4209375	296	45.66135	592	48.7439125	848	50.124175	1672	52.2625625	3560	54.700475	
472	41.1748375	592	44.4519125	776	46.8536875	984	48.511575	1560	50.4570625	2384	52.41845	4280	54.6316625	
144	39.7503875	224	43.097775	448	46.0715	680	48.0522625	1160	50.02945	2088	52.5038125	3752	54.36445	
240	40.21065	360	43.941825	464	46.2109	720	48.155375	992	50.062925	1808	52.3088625	3608	54.4461375	
184	41.164925	160	44.294125	248	46.3469875	456	48.4629875	680	50.1704875	1416	52.540225	2712	54.62945	
432	42.7964	496	45.0903875	632	46.9584	936	48.9956125	1384	50.580875	2200	52.4807375	3872	54.8458875	
128	41.707625	296	44.19875	368	46.5276875	640	48.94995	1040	50.9944875	1824	52.9470625	3216	55.2489125	
160	40.9253625	312	44.125325	416	46.9178375	568	49.1045	872	50.7866625	1600	52.8298125	3152	55.109925	
104	40.9916625	136	44.04915	136	46.56475	400	48.7271125	760	50.5559375	1336	52.8054125	2784	55.08385	
360	42.1233375	480	44.6876625	640	47.129925	760	48.7267625	1272	50.89755	2016	52.867875	3616	55.336275	
112	41.3873125	152	43.5805625	280	47.032725	488	48.9877875	816	50.8279625	1608	53.1933	2864	55.3900625	
88	40.3891375	272	43.6935875	336	46.67705	472	48.410025	776	50.7191125	1544	53.178675	2704	55.0909625	
80	39.6504875	224	44.208525	352	46.6686125	480	48.44345	816	50.7943625	1680	53.3244125	2768	55.29035	
424	41.674625	448	45.5313375	616	48.127825	720	49.5030125	1120	51.4882375	1824	53.6285125	3248	55.55685	
80	41.3636875	104	45.0919625	152	47.4786875	232	49.1323875	472	51.4451	944	53.5146375	1848	55.5640875	
80	41.9776875	96	45.0819875	184	47.2501625	320	48.5129375	736	50.8058	1392	53.3504	2848	55.5813	
80	41.9947375	216	46.1102	384	48.8645	368	50.582275	592	51.7969125	1160	53.9106	2480	56.396025	
408	44.7035375	384	47.3277	528	48.6213875	672	50.7884	912	52.5118	1560	54.326675	2744	56.4868875	
80	42.37105	176	45.3960375	256	46.8666375	576	49.4780375	944	51.709625	1608	54.031375	2736	56.208275	
152	41.4932	232	44.40135	376	46.30375	480	48.6598125	856	51.0534125	1696	52.8586125	3248	55.6535875	
216	40.2631	296	43.048075	560	45.089775	1160	47.4454	1680	49.4795	2904	51.4175625	4872	54.0053875	
464	38.58025	696	42.610425	1040	44.315275	1592	46.7198375	2520	49.0456375	3824	50.9778125	5920	53.0061625	
192	38.558575	256	42.0035125	600	43.727775	944	46.2213875	1368	48.104675	2480	50.2262375	4320	52.32545	
200	37.9050375	320	41.1061125	616	43.17975	1048	45.1842625	2056	47.3954875	3424	49.4804875	6208	51.8525625	
232	37.5593625	296	40.6573	480	42.635275	1168	44.845175	2024	47.2685375	3152	49.230075	5048	51.4019875	
616	37.946725	816	40.286575	1568	42.540375	2560	44.990825	4056	47.0501125	6464	49.10835	9792	50.998775	
280	38.1150375	424	40.3009	632	42.4371625	1128	44.6330625	2056	46.632025	3688	48.7224625	6584	50.794025	
208	38.070575	392	40.112225	816	42.4120625	1744	44.5380875	2872	46.3068	5400	48.5507375	9224	50.7802125	
248	38.160975	360	39.679375	704	42.1111125	1200	44.0018625	2160	46.1840375	3688	48.383025	5936	50.4691125	
640	38.3630625	928	39.8933875	1856	42.440475	2968	44.5975125	4512	46.4021375	7288	48.3782	11472	50.4023	
288	38.1992125	504	39.7700625	1048	42.328225	1784	44.282825	3416	46.2525875	5944	48.2128875	9912	50.334475	
232	38.0461375	360	39.8115125	664	42.22805	1208	44.3178625	2096	46.2542625	3864	48.3151625	6904	50.459925	
272	37.750625	528	40.2081375	944	42.627925	1968	45.0223625	3096	46.728225	5112	48.7735625	8288	50.8246	
536	38.8176875	800	41.2755125	1408	43.6680625	2168	46.1083125	3456	47.8251875	5192	49.6723125	8336	51.669875	
160	38.5476875	344	41.6911375	712	43.9741	1168	46.481225	2360	48.415825	3680	50.303425	6440	52.5173	
200	40.1659125	328	43.4041125	552	45.7536625	792	48.316275	1328	50.20495	2216	52.4030625	3840	54.6350625	
184	39.87845	224	42.77235	552	45.972075	816	47.9279625	1320	49.6507	2448	51.9213	4304	54.1885375	
440	40.05515	544	44.5894875	656	46.5769125	928	49.15845	1304	50.65585	2048	52.2636	3720	54.4354	
176	41.1334875	216	43.793325	384	46.4682875	624	48.8726125	1016	50.60745	1800	52.88015	3432	55.258975	
80	41.217625	136	43.6716	184	46.213575	368	48.8210375	752	50.4221625	1576	53.1009125	2584	55.1678625	
80	41.2635875	200	43.8163625	288	46.2413125	488	49.3508625	696	50.6041375	1184	52.9324375	2128	55.00465	
376	40.7459125	488	44.2255625	592	47.65955	776	49.5602625	1144	51.36155	1776	52.8339875	3368	55.4579	
176	40.656375	160	43.8084625	296	47.09655	368	48.65745	696	50.734425	1320	52.5446375	2648	54.9666125	
240	40.5559125	280	44.0181	432	47.0175625	616	48.688975	896	50.61805	1384	52.7441875	2552	54.8281625	
256	40.091325	352	43.4492125	448	46.4584875	584	47.784525	1104	50.2193	1760	52.3544	3456	55.2075875	
392	40.930775	480	44.556825	592	46.6047	848	48.752875	1296	50.824275	2016	52.940325	3368	55.2392375	
112	41.0254875	176	44.6837875	248	46.45075	432	48.4235875	880	50.85995	1592	52.9367	2936	55.1102	
80	41.0470375	128	44.7380875	152	46.77995	184	48.73505	464	50.974975	984	53.2110625	2048	55.38365	
168	40.9984625	232	44.4627875	264	46.4603625	544	48.4437125	912	51.148425	1608	53.3169125	3048	56.0236125	
408	41.7742875	472	44.9626	616	47.23635	752	49.171575	1104	51.64885	1640	53.042475	3120	55.4799125	
96	41.9582125	128	44.4359875	152	46.879325	328	48.9011375	496	51.2829875	976	52.9111625	1984	55.1249	
80	41.7742	96	44.250525	112	45.8846	304	48.4170875	600	50.8862625	1224	53.017925	2520	55.6349125	
96	41.7646	80	44.262975	168	46.5307625	368	48.458925	696	51.2618125	1512	53.343125	2592	55.2844875	
1008	42.39695	1064	46.9791625	1144	48.0738875	1304	49.6856875	1576	51.771375	2096	53.5209125	3600	55.5910625	
104	42.2731625	104	46.3903125	96	47.44485	208	49.03485	368	51.1429125	888	53.1293375	2024	55.638675	
88	42.3872125	88	46.3682625	96	47.410975	152	48.7218125	320	51.0585	928	53.2522625	1968	55.88305	
88	42.469175	104	46.9749	96	47.2537875	208	48.934775	376	51.00005	848	53.264975	2064	55.856525	
392	42.3776625	440	46.8439875	568	47.7465875	656	49.4571625	984	51.738625	1656	54.0200625	3080	56.0859625	
80	41.2409125	112	46.5315875	216	46.7443875	408	48.7336375	840	51.3976375	1680	53.423325	2944	55.631	
80	40.6787375	80	46.5102875	144	46.2529125	400	48.8200125	560	51.2594625	1336	53.3764375	2472	55.4962375	
80	40.672325	80	46.6257375	112	46.2141125	176	48.288675	504	51.0991625	1120	53.1775125	2304	55.63855	
392	42.5149125	472	45.3231375	576	47.1579375	728	48.3816625	1088	51.69975	1856	53.593	3376	55.7434	
112	42.098325	144	45.9059875	192	47.019225	424	48.1429	792	51.2946	1504	53.2995	2552	55.2893875	
80	41.84085	112	45.9573875	184	46.827475	432	48.5806	608	51.1785375	1072	52.96485	2032	55.1340375	
80	41.8856125	144	45.814675	232	46.390725	360	48.2314375	608	50.976	1112	52.9755625	2224	55.186325	
408	41.3962375	504	45.0127125	584	46.50985	792	48.8665375	1208	50.7325	1832	52.68405	3384	55.4694875	
104	41.39265	104	44.842075	96	46.340075	232	48.910825	288	50.6045	632	52.6533	1328	55.232975	
80	39.9652875	136	43.764075	296	45.4941375	448	47.7095625	920	50.521375	1496	52.4959	2736	55.0531875	
96	39.367775	320	43.4263625	504	45.6886625	568	47.64665	1120	49.904825	1864	51.9019875	3696	54.4331125	
432	41.3988875	488	44.4370625	560	46.631525	800	48.4895625	1272	50.514675	2120	52.477725	3808	54.97095	
120	41.0333875	136	44.2790875	144	46.20905	248	48.1006	656	50.2651125	1384	52.152025	2912	55.0414625	
104	40.08895	240	44.33595	280	46.0654875	536	48.2192	848	50.467125	1608	52.40585	3208	55.452375	
96	39.590425	152	43.8558625	216	45.798675	288	48.2405125	568	50.2945875	1296	52.7905	2456	55.4705875	
504	40.9229	544	43.94015	576	47.28795	728	49.1309	1152	50.883875	1872	52.9451	3288	55.20425	
120	40.855375	112	44.0862125	96	47.192125	88	48.6769	288	50.466125	624	52.5782375	1416	55.0908875	
80	40.396925	80	43.6652	96	46.9184625	184	48.4982875	408	50.4476375	984	52.7805875	2112	55.194825	
88	39.5824	168	43.014175	296	47.1106	368	48.5965875	560	50.5690375	856	52.738975	1472	55.0599875	
472	40.34225	608	44.275675	568	47.6066125	816	49.070575	1272	50.8209125	1904	52.8417875	3416	55.178325	
144	40.48995	128	44.7178	136	47.1373375	264	48.677775	504	50.52935	1416	53.0706375	2288	55.0357	
128	39.8657625	216	43.6247	344	46.5972875	488	48.8057875	632	50.5903	872	52.64595	1504	54.77955	
88	39.9565625	136	43.3980125	232	45.54215	440	48.061775	904	50.3390375	1608	52.5916875	2944	54.9208	
504	41.035825	560	44.804525	624	46.9936375	808	48.3929	1224	50.444875	2016	52.732375	3600	54.806325	
144	40.9446625	112	44.707425	120	46.8081375	96	48.221625	184	50.165425	768	52.6981875	1832	54.8856125	
80	40.459325	80	43.7500125	96	45.6667	384	48.0461125	624	49.9605625	1264	52.682725	2288	54.9066	
80	40.2217	96	43.498275	144	45.84515	120	47.7632625	544	50.044275	1016	52.6835125	1968	54.8428	
504	41.0916375	576	43.6001125	680	46.45495	920	48.3871625	1248	50.3988125	2136	53.0766875	3592	54.7199625	
136	41.3907375	120	43.9936375	152	46.3798375	184	48.0330625	424	50.164375	920	52.7164875	1952	54.7378125	
80	40.8485625	88	43.3628125	304	46.0831375	544	47.874325	776	50.2052	1328	52.6781625	2504	54.9667625	
88	40.388875	200	43.73905	288	45.659925	536	48.0219625	768	50.44255	1280	52.5479625	2304	54.7834	
400	40.9188625	504	43.4361625	608	46.044575	824	48.3524	1248	50.4420625	1976	52.6306875	3504	55.22395	
112	40.6663125	144	43.7775125	232	46.0967875	456	48.4128625	816	50.5742375	1520	52.9177125	2624	54.9555375	
96	40.128825	144	43.1570125	272	46.0727	432	48.3508625	768	50.503775	1408	53.235025	2528	55.4515375	
80	40.2965125	152	43.0954375	256	46.4923375	232	48.3059625	376	50.4498	928	52.9833375	1552	55.0289875	
552	40.391225	480	43.821225	736	46.67735	896	48.8565625	1232	50.7624375	1992	52.8859875	3352	55.44435	
80	40.427525	104	43.7947875	200	46.5809375	232	48.25515	632	50.80565	1128	52.73125	2360	55.26905	
96	40.0794625	208	43.16495	400	47.18275	552	48.902875	624	51.150125	1072	53.092875	2088	55.3559875	
120	40.070475	264	43.4022125	336	46.5502125	592	49.093525	832	50.9601625	1488	53.0554875	2608	55.2825125	
440	40.383475	504	43.616375	688	46.5972375	848	48.4866375	1224	50.8548375	1976	53.246075	3288	55.551625	
104	42.14985	128	44.5254375	192	45.9083375	336	47.7516125	744	50.385025	1352	52.82215	2640	55.3945875	
80	42.039325	112	44.6204125	192	46.2103625	248	47.75855	400	50.1252125	704	52.6572625	1208	55.242725	
80	41.8385625	184	44.02	392	46.1638125	552	47.7995	920	50.115825	1624	52.7271875	2776	55.0509	
400	42.23925	552	44.1057875	656	46.9240875	800	48.8298	1232	50.8907625	1896	52.7244625	3344	55.169775	
104	42.7463125	120	44.6104625	112	46.9963625	128	48.682225	208	50.695825	720	52.9251	1272	55.063825	
88	42.406925	176	44.268125	184	46.5202	304	48.465975	640	50.79585	968	52.6207375	1848	55.2152625	
80	42.095325	168	44.5395875	176	46.4682875	336	48.46265	656	50.9918625	1248	53.3947125	2160	55.5852625	
360	42.363975	504	44.18595	632	47.9113	704	49.1929125	1128	51.6302125	1832	53.352025	3296	55.9831	
96	42.3642875	168	43.8725875	256	46.8232125	392	48.5817	672	51.1781875	1416	53.4835375	2560	55.911775	
80	42.6815	104	44.28205	208	46.839	400	48.7482375	784	51.283825	1424	53.2992375	2664	55.7709875	
80	42.265525	120	44.1875375	208	46.7677125	320	48.866175	368	50.8396	976	53.183775	1752	54.9894625	
360	42.6027	504	44.4304375	632	46.8055125	872	48.9762875	1096	50.907925	1984	53.1676125	3472	55.5044625	
96	42.6801625	160	45.01005	320	46.9440875	456	49.119025	712	51.2217875	1488	53.7090625	2736	56.2132875	
80	42.623925	168	45.57725	272	47.5348125	376	49.2719875	872	51.563475	1520	53.82165	2808	56.1956375	
96	42.723425	96	45.2739625	184	47.3007375	232	49.4671	360	51.2063875	944	53.6155875	1880	56.10415	
376	42.5429375	432	45.462275	504	47.708775	672	49.9306125	1072	51.850675	1704	53.6350625	3288	56.1959125	
96	43.3763875	80	45.6380125	120	47.547125	144	49.1231625	448	51.3394	1048	53.5905375	2264	56.3463375	
80	43.3550125	80	45.5483625	120	47.5581875	248	49.4836625	352	51.193375	712	53.3979625	1768	55.9851875	
88	43.229275	80	45.0159875	168	47.556975	320	49.6651	376	51.17155	832	53.2916875	1816	55.99405	
384	43.57495	440	47.1023375	520	48.70795	664	50.5206875	984	52.121475	1568	53.9791625	2832	56.28025	
104	43.8372	80	46.8337875	104	47.9348625	176	49.92035	264	51.3736	744	53.598325	1768	56.0781875	
80	44.1837875	104	47.0063875	104	47.4789	264	49.562575	472	51.3563125	1064	53.6980875	2328	56.4530375	
80	43.74775	96	46.9093	224	48.0036375	344	50.184625	608	52.0040375	1104	54.059075	2280	56.7951875	
384	43.1993375	432	46.2046875	544	49.2472375	696	50.6892625	984	52.3369375	1424	54.0030625	2800	56.7339625	
104	43.0312125	160	45.7859625	168	47.44165	464	50.1272125	600	51.6564375	1328	54.009625	2568	56.8265125	
80	42.6560125	104	45.2019625	192	47.5487125	440	50.1314	616	51.4957875	1216	53.7618875	2488	56.3959	
80	42.7778125	152	45.67755	160	47.920875	264	50.5482625	536	51.998375	1080	54.0232125	2200	56.3144375	
376	43.2828875	472	46.186475	640	47.9952125	784	50.4348625	1104	52.219025	1800	54.1218375	3096	56.45505	
128	44.208375	112	46.5046875	184	48.2546	248	50.2301625	440	51.6671375	1112	53.981125	2112	56.1537625	
80	45.0449625	136	47.1126	184	48.63725	224	50.154675	512	52.1791375	1104	54.1725625	2176	56.51945	
80	44.3540375	112	45.7341125	128	47.458325	376	49.361725	704	51.460575	1232	54.2123125	2240	56.25875	
368	43.7887875	456	46.51945	592	48.6619375	752	50.3211625	1064	52.032425	1640	53.7042	3016	56.4146625	
128	44.6483375	120	46.8362625	144	48.700325	208	50.1109625	384	51.9434	824	53.689075	2048	56.4672625	
80	44.3883375	104	46.2126	88	47.9171	312	50.3534	480	52.223925	976	54.24825	1520	56.247025	
112	44.008875	168	46.110725	232	47.96835	368	50.3731625	616	52.0759875	1184	54.3965	1944	56.66045	
368	44.8418	400	46.3809125	528	49.2362375	664	51.3059875	904	52.82555	1456	54.38995	2592	56.7528125	
96	44.8539375	104	45.870675	88	48.501875	128	50.440175	232	52.1875	600	53.8012	1376	56.5133875	
80	43.6846625	144	45.00925	200	47.1999625	392	50.0642	680	51.905125	1248	54.0151375	2512	56.737325	
80	43.6505125	112	44.6973375	312	48.2056	408	50.4023625	680	52.0167375	1392	54.4357	2552	57.0187375	
328	43.737825	432	47.0646	536	49.40365	688	51.7159	944	52.9424125	1448	54.61935	2544	56.3879375	
104	44.443625	80	46.9147	88	48.912675	168	50.858925	400	52.4264375	1040	54.443725	1928	56.5647	
112	44.57405	104	45.9371625	208	47.58195	384	50.4074875	704	51.8067	1320	53.9523875	2744	56.497025	
88	44.908725	200	47.0995625	344	49.0222125	544	51.5037875	856	52.9407625	1544	54.78775	2616	56.1888625	
368	45.2588875	464	47.4587	600	49.8439125	752	51.9376625	1000	53.4083125	1592	54.9672	2848	56.8964	
80	45.3019	104	46.8197375	216	49.193575	360	51.3587	648	53.35615	1328	54.926875	2568	56.318	
96	44.7486	184	46.220325	216	48.936225	488	51.2573125	616	52.4904125	1472	54.7234625	2824	56.9368625	
112	44.1830875	216	46.577425	240	49.5034125	432	51.5606375	616	52.45745	1368	54.6545875	2360	56.4918375	
328	43.879425	424	46.725825	584	49.1703375	768	51.5255875	1096	53.1061125	1808	54.9753875	3128	56.8554375	
80	43.718725	232	46.1487125	384	48.8476	584	50.8398	952	52.77175	1712	54.7353	2608	56.2829625	
120	44.0635875	216	46.298675	392	48.547125	544	50.7173375	832	52.1350625	1624	54.003675	3144	56.278125	
136	42.0886125	192	45.4997375	320	47.8357875	576	50.0330875	800	51.4821625	1776	53.5648375	3000	55.5798375	
344	43.93515	424	46.152875	552	48.4062375	736	50.4842625	1032	52.405	1776	53.9125125	3120	56.25465	
104	44.42955	168	45.2076125	408	47.7375875	680	50.1052375	1056	51.7975	1824	53.537725	3288	56.2044125	
96	43.3373625	176	44.45765	296	47.2136625	488	49.597775	864	51.547325	1464	53.0242125	2504	55.3686625	
112	41.351925	296	44.8312125	536	47.5543125	664	49.759025	1008	51.369975	1896	53.5598	3504	55.99875	
336	42.885825	480	44.80065	632	47.3038	928	49.7582125	1320	51.2119875	2176	53.40035	4008	56.1660875	
80	42.6893875	120	44.6265	280	47.06705	480	49.40605	888	50.825875	1680	53.2155	2824	55.6900375	
112	41.9233375	248	43.6849	400	46.49085	712	49.110425	1128	50.7633125	2040	52.96925	3440	55.3005625	
176	41.5382875	416	44.9194875	536	47.3558	632	49.3073375	1104	50.89755	1808	52.894325	3456	55.1508375	
384	43.1585125	448	45.8269125	552	47.481725	800	49.6000625	1128	50.892925	2016	52.8573375	3424	54.8440375	
80	43.4907125	80	44.4974375	344	46.622475	664	49.4382375	1008	51.1408375	1808	52.9515875	3248	54.991725	
80	42.50915	352	45.2948375	488	48.31095	648	49.8610125	1032	51.5746625	1784	53.5524125	3128	55.4508875	
112	42.4531375	168	45.3036	144	47.4580125	304	49.1265875	776	51.063675	1360	53.122275	2824	55.373375	
376	42.9862	424	45.705325	608	47.610225	768	49.217375	1304	51.292325	2160	53.0187625	3584	54.9151375	
112	43.035725	128	45.580475	168	46.6271125	448	48.7330125	792	50.903325	1640	52.9889375	3160	55.352625	
88	43.398975	104	45.750225	248	47.3382375	408	49.325325	672	51.1700375	1456	53.59625	2560	55.37495	
80	42.9594	96	45.2914625	176	47.2814375	240	48.882325	432	50.9953875	904	53.1547375	2088	55.4577125	
400	42.8232625	456	45.654375	560	47.9453625	736	49.8359125	1136	51.7856625	1808	53.5397375	3240	55.5499625	
96	42.8308375	128	46.205925	112	46.9245625	352	49.1021625	688	51.3174125	1496	53.3965625	3032	55.6483375	
136	42.4940375	112	45.22365	320	46.9971125	392	48.8245125	768	50.9794375	1288	53.0712875	2560	55.2135375	
160	42.3107	216	44.2655875	408	46.4366125	800	48.915175	1152	50.759325	2296	53.4760125	3672	55.2575375	
392	40.707625	496	45.164075	648	47.5406375	864	48.7280125	1296	51.05195	2168	52.50875	3608	54.4372875	
168	41.6865	144	45.572275	152	47.38195	288	48.64175	504	50.75715	1160	52.734825	2232	54.781025	
136	41.2878	176	44.520775	432	47.1044125	568	48.62425	848	50.793675	1648	52.8204625	2984	54.6681125	
136	40.5886125	280	44.2361875	272	46.041975	616	48.2742	896	50.515775	1528	52.9120875	3248	55.025425	
432	40.9464625	528	44.3398625	696	46.2648125	912	48.1752625	1520	50.2885	2448	52.340225	4192	54.38195	
104	39.640825	144	42.6423	256	44.684675	520	47.4759375	1072	49.9484375	1864	51.91815	3648	54.3991	
272	39.5097125	384	42.77975	560	45.3235125	840	47.70715	1208	49.5154375	2344	52.171775	4208	54.440425	
192	40.010325	280	43.5760625	336	45.5261625	648	48.5573125	936	50.220125	1744	52.5194625	3128	54.6734125	
448	41.2817875	520	44.7463	544	47.492975	800	49.1471	1248	51.002275	2088	52.7762125	3720	55.1767375	
128	39.9263	232	43.3963875	384	46.0770375	576	47.925525	1008	50.3630125	1904	52.567725	3512	54.7921625	
256	40.0597625	392	43.921475	488	46.71945	648	48.7565875	936	50.845575	1712	52.6435125	3216	55.0799875	
224	40.81385	152	44.1717625	208	46.5141625	392	48.384425	600	51.0119125	1160	52.8965875	2192	54.749975	
440	40.6645625	544	43.9184875	656	47.44435	816	48.9708625	1232	50.7978375	2288	53.1462875	3632	55.008025	
80	40.8009	104	44.0374375	88	46.70975	176	48.4672625	472	50.97505	1224	53.140575	2280	55.0864	
80	41.1277125	160	44.48305	336	46.99505	400	48.8996	536	50.9235	920	53.0649	1696	55.2449375	
104	40.6755375	248	44.5566125	344	46.9688	464	48.848825	824	50.94425	1576	53.2848375	2848	55.7247125	
384	40.65415	488	44.4586625	568	47.586025	752	49.2962375	1112	51.2241	1864	53.1561375	3296	55.1735375	
104	40.9691625	96	43.9659625	152	47.0812875	248	49.0460625	376	50.6408875	944	52.6711625	2288	55.3357625	
96	40.4036875	128	43.464575	208	46.2174875	376	48.547275	696	50.5099875	1384	52.8811875	2856	55.3324	
80	40.3427	152	43.726225	152	45.7034	360	48.1295	904	50.67095	1792	53.02035	3160	55.4142	
400	42.0052875	472	45.1609	488	47.262825	720	49.8911625	984	51.0860625	1752	52.96655	3208	55.2731625	
80	42.0973125	144	45.2279	112	47.067825	160	49.2819	352	50.8695375	672	52.6579125	1176	54.667	
80	41.3065	152	44.711725	256	46.8215125	392	48.839575	672	50.80335	1496	53.115575	2536	55.1581125	
80	41.2347375	88	44.714675	224	47.2718	272	48.8464875	672	51.3031875	1232	52.8023125	2552	55.0830625	
368	41.5383625	456	44.7412	544	47.4175125	704	49.416575	1048	51.3969625	1840	53.1122125	3264	55.21805	
112	41.5484875	168	44.9174875	184	46.71435	248	48.4796	648	51.1936125	1344	53.027475	2488	55.1064	
96	41.507625	128	44.57775	184	46.408225	296	48.368525	552	50.8331875	1128	52.8763	2576	55.2779125	
96	41.112925	96	44.1561625	184	46.4448	296	48.6405125	528	50.8614125	888	52.656125	2352	55.255875	
408	41.3391375	520	44.4013	560	47.6849625	816	48.844075	1272	51.210975	2024	53.0250625	3512	55.5349875	
112	41.476875	152	44.8850875	256	47.3689875	352	48.9243625	656	50.9920625	1312	52.8837125	2592	55.196525	
112	41.4750875	136	45.11945	184	47.1548125	288	48.898425	504	50.9213875	1120	52.975075	2088	55.3542125	
96	41.0109625	112	44.511425	232	47.2796625	248	48.47575	504	50.7302375	1272	52.90135	2504	55.0722	
400	41.027625	496	45.1669125	584	46.819175	832	48.984	1224	50.9984375	2048	53.04845	3384	55.173625	
96	40.4226	184	44.56405	448	46.0801875	760	48.1046125	1176	50.6444875	1936	52.4796125	3480	54.6528125	
120	40.4046875	192	45.324025	344	46.76665	528	48.4194875	824	50.6443625	1448	52.452975	3016	55.286875	
128	39.088725	224	44.296875	400	46.1672375	624	48.1870625	1088	50.564425	1872	52.7721	3320	54.8580375	
456	40.8455625	552	44.79175	736	47.013525	864	48.98375	1184	50.8734125	2008	53.04815	3616	55.2784375	
80	40.3288625	136	44.3216125	216	46.4690375	384	48.3763625	728	50.5429125	1200	52.622125	2344	54.808575	
80	40.2204875	152	43.9917625	312	46.4206125	512	48.3681875	720	50.3094375	1544	52.7082625	2624	55.00935	
80	40.2950625	128	43.9305	240	46.8357125	416	48.4386875	576	50.47885	1280	52.7980125	2344	54.904225	
408	39.518275	528	44.42105	640	46.7404375	888	48.5613875	1256	50.7022875	2064	52.871325	3648	54.87505	
120	40.9711875	136	44.741325	160	46.5644625	304	48.2490875	720	50.49695	1272	52.709375	2720	55.2610875	
80	41.0265625	96	44.6644125	152	46.917375	360	48.98545	520	50.8652125	1088	52.9418625	2256	55.3938875	
80	41.0127375	104	44.70675	128	46.7854625	264	48.8881	376	50.4683	848	52.7168	1744	54.9865	
392	39.67635	608	44.202775	600	47.223475	768	48.8094125	1264	50.7477625	2016	53.125075	3584	55.1312875	
112	40.2241875	192	43.67175	264	45.7999	712	48.287325	1152	50.2225875	2032	52.579325	3896	54.9932375	
216	40.6946875	392	43.2581375	480	45.8600875	688	48.4467	1152	50.603925	1952	52.3762875	3712	54.7288625	
128	40.9741125	160	43.2376	224	46.1821	328	48.3083375	552	50.3609625	1048	52.1181125	2016	54.5502125	
464	40.8878	560	44.80595	672	46.8959125	952	48.706575	1440	50.650775	2384	52.622625	4032	54.5024	
96	40.6817375	208	43.5300625	416	45.7868125	736	48.3215875	1240	50.2311625	2080	52.283125	3696	54.35435	
136	40.2117625	296	43.419625	456	46.34295	584	48.4668125	960	50.4927875	1640	52.3981125	3000	54.48965	
168	40.410725	208	42.9945375	336	45.754475	576	48.2946625	856	50.0048625	1824	52.2106125	3400	54.5562	
448	40.73905	584	44.997125	672	47.0420125	1000	48.8238875	1272	50.813475	2056	52.489225	3840	54.878725	
136	41.93695	120	45.068325	192	46.82915	216	48.28405	320	50.1731625	888	52.0578625	2176	54.6812625	
120	41.760625	160	44.4240375	296	46.3701375	536	48.1201875	856	49.9466625	1752	52.059975	3312	54.3784875	
80	41.0172875	128	43.2544875	296	46.01705	584	48.3912875	960	49.9902875	2024	52.5059875	3648	54.6842625	
488	42.3514875	624	44.7007	736	46.4417875	1024	48.353675	1416	50.325475	2248	52.445225	4008	54.5282125	
104	40.35965	208	43.5301	408	45.38285	816	47.6574375	1352	49.5566125	2392	51.979625	4320	54.2456625	
80	39.68185	120	43.0956	312	45.5929875	472	47.620725	968	49.848725	1824	52.1350875	3608	54.3987875	
80	39.2752625	160	43.0185625	264	45.78805	440	47.777475	624	49.802325	1408	52.4682875	2592	54.27065	
536	42.3069375	592	45.045325	768	46.8903875	1024	48.5246875	1496	50.2619125	2304	52.5028625	4360	54.7230875	
136	41.2724125	192	43.6609875	408	45.76955	744	48.2790625	1176	50.12635	2072	52.76465	3512	54.8884	
136	41.364225	144	43.2821125	352	45.3506125	520	47.8588	800	49.9632625	1680	52.4439875	3256	54.6435875	
112	41.2935625	152	43.2838375	256	45.5674125	472	47.6859375	744	50.2217375	1400	52.3595375	3256	54.70465	
504	42.1668875	520	44.355025	720	46.520525	1000	48.6316875	1384	50.55105	2192	52.6795125	4056	54.659025	
144	41.0088	216	43.84435	368	46.255725	648	49.1189875	944	50.5937875	1736	52.6698375	3400	55.021625	
144	40.8990125	168	43.7274375	200	45.65805	304	47.9175625	648	50.2549	1528	52.4722875	3152	54.729775	
288	39.9495375	312	43.8354875	480	46.2523125	744	48.4231875	1040	50.3593	1880	52.575525	3608	54.9575875	
464	42.3761625	616	44.940475	664	47.3136875	960	48.455725	1352	50.3206375	2312	52.615	3912	54.567625	
136	42.05105	96	43.9730125	256	46.8221625	440	48.4247625	632	50.11415	1544	52.3469125	2864	54.5280125	
192	40.876475	280	43.650075	464	46.3406125	680	47.84735	1200	50.0221125	1896	51.843825	3488	54.0034375	
272	40.12655	384	43.5049125	304	45.1361375	936	48.03735	1296	49.862875	2224	52.101425	4080	54.38815	
496	42.0795125	648	44.957225	744	46.67305	1024	48.7155375	1552	50.4061	2376	52.1913	4232	54.4123125	
128	41.4323875	184	43.813825	360	45.8244875	576	47.8477375	1096	49.7326375	2040	51.9622	3672	54.2015875	
168	40.04765	344	44.189175	528	45.701075	896	48.4153625	1328	50.3656375	2088	52.48645	3592	54.6554625	
264	41.528	304	43.7720625	464	46.70905	664	48.9812	1136	50.468275	1784	52.745375	3800	55.2300125	
440	41.7040375	632	44.77825	704	46.6181125	904	48.5531	1448	50.679725	2264	52.83935	4048	54.85975	
152	40.665325	320	43.3766125	512	46.0142625	720	48.442575	1088	50.2183375	2040	52.8166	3728	55.0339125	
200	41.3225	360	44.0003375	544	46.38555	784	48.6346	1272	50.824525	2032	52.74305	3752	54.886075	
184	41.0905625	304	43.840175	456	46.597	624	48.7156875	1080	50.66305	1824	52.54735	3320	54.5145125	
448	41.6695	616	45.58695	696	47.6177	848	48.9054375	1296	51.033725	2152	52.7823375	3776	54.8867	
136	42.1182375	248	45.2964	312	46.564275	552	48.818925	1000	50.9334375	1720	52.6685875	3312	54.998225	
136	42.1896625	256	45.085075	280	46.8958	496	48.874375	856	51.0741625	1352	52.7028125	2784	55.136575	
112	41.199525	216	44.5186875	336	46.9284625	576	48.8496625	952	50.854025	1680	52.856425	3320	55.198025	
392	42.2881	544	45.923275	600	47.71365	832	49.6606875	1168	51.1000125	1856	52.965075	3552	55.6997125	
80	43.15035	96	45.4138125	216	46.6051625	464	49.278525	776	51.2549875	1424	53.2165625	2912	55.6120375	
80	43.0624625	112	45.256825	232	47.4536125	176	48.921475	384	51.0692375	944	53.071875	1992	55.3591	
96	41.6476875	288	45.0034125	392	46.8976625	616	49.1138875	928	50.9310625	1632	53.258125	2912	55.551275	
360	41.735225	520	45.12915	648	47.3865625	896	49.19595	1312	50.90435	1928	52.9747375	3784	55.3154125	
128	40.0580875	360	44.7438125	352	46.514325	496	48.9426625	832	50.6754	1408	52.4445875	2728	54.4813625	
392	40.7902875	440	43.99395	672	46.2220125	912	48.487375	1296	50.35615	2088	51.998725	3952	54.4200625	
368	40.52875	504	43.5809	672	45.865675	992	47.9968375	1312	49.81905	2272	51.457575	3936	53.4599	
600	39.750125	728	42.99565	936	45.3202375	1264	47.6413125	1864	49.44695	2976	51.268125	5184	53.6289875	
256	38.77495	568	43.2357375	840	45.1342125	1096	47.442425	1648	49.4603625	2400	51.5200625	4672	53.7514	
360	38.1296875	408	42.49395	744	45.1786375	968	46.9600625	1640	49.570925	2640	51.597325	4568	54.0299625	
280	37.6378	536	43.166175	608	44.708325	944	47.660925	1312	49.3914875	2208	51.7440625	4024	53.9283875	
592	40.7490375	728	43.131875	776	45.886775	1016	47.7887625	1560	49.9720125	2480	52.0678	4136	54.3844125	
120	39.2362125	320	42.6873125	424	44.4547625	888	47.3252	1360	49.7946875	2160	51.5621375	3984	53.9205875	
216	38.898725	432	43.0104	728	44.992675	920	47.5587	1360	49.65915	2312	51.6834	4024	53.9433	
160	38.4986125	240	42.855475	336	44.7883125	528	47.274225	928	49.3662	1576	51.5265625	3184	53.6693625	
536	40.2097125	672	42.582225	824	45.3784625	1120	47.4724625	1648	49.63465	2792	51.6849875	4736	53.6459625	
104	39.432625	320	42.2108625	600	45.6826375	736	47.2485	1224	49.4928	2080	51.3840875	3936	53.6747	
160	39.1642875	368	42.86955	320	44.955125	568	47.08625	1024	49.3204	2048	51.6642	3680	53.6049875	
256	38.1205875	480	42.2157875	616	45.0087375	984	47.55085	1416	49.4660875	2416	51.6417625	4432	53.7515625	
528	39.5419	712	43.2548875	816	45.2669125	1152	47.21015	1728	49.4552875	2744	51.4423125	4824	53.5324875	
168	38.9544	240	42.604725	520	45.1223	736	47.4036875	1192	49.599825	2088	51.7048375	3648	53.4392375	
304	39.2066	408	42.8424875	584	44.9311875	888	47.0324375	1496	49.4762375	2416	51.4342125	4296	53.4125125	
232	39.2590625	416	43.3679375	568	45.04465	992	47.5652875	1384	49.4139875	2464	51.3457	4408	53.5281625	
592	39.67735	552	44.3527875	688	45.997675	1064	47.6500125	1720	49.5372875	2744	51.54905	4608	53.68025	
144	39.779775	128	43.0221125	496	44.8491625	1000	47.1850125	1464	49.3549375	2568	51.443025	4464	53.681025	
200	39.1104375	272	43.3017	456	45.045575	984	47.5276625	1368	49.842575	2256	52.0804625	3904	54.2707875	
264	39.423475	280	43.6320875	512	46.104975	688	48.3887375	1112	50.1878375	2056	52.0594	3744	54.399625	
504	40.0611125	576	44.8145875	808	46.9404	1152	48.4003875	1512	50.1470125	2432	52.128425	4408	54.3336125	
128	39.8892	240	43.8741125	344	45.9872375	608	48.1482125	1080	49.7910875	2064	52.074425	3576	54.29445	
152	39.9112375	256	43.99235	528	46.7614125	640	48.0455625	1024	50.1362625	1864	52.1893125	3504	54.4744375	
184	40.27485	152	43.0744125	272	46.2042	568	48.166175	792	50.202325	1496	52.1647875	2944	54.2223125	
488	40.871175	560	44.8677125	736	46.7542125	1056	48.2281375	1496	50.49065	2232	52.5052	3968	54.691375	
144	41.1748	96	44.2755125	312	46.4652	560	48.1753875	792	50.4363625	1464	52.6959875	2960	54.790225	
112	40.8873	136	44.030975	184	46.27105	472	48.169325	752	50.3985625	1176	52.39825	2520	54.558025	
168	40.7633625	312	43.8747625	472	45.9794875	760	48.150675	1192	50.518275	2000	52.6422625	3520	54.8760375	
528	41.466325	536	44.9722875	712	46.6245875	1016	48.4959625	1456	50.5812875	2344	52.5736625	4104	54.712075	
120	41.4592125	160	44.5471	160	45.5480875	328	47.8241375	616	49.931425	1392	52.31675	2512	54.531075	
80	41.164425	120	44.5141375	320	45.6568875	512	47.861975	904	50.116025	1736	52.3026375	3344	54.257275	
120	40.6338875	264	43.8491	392	45.894675	608	48.028575	1112	50.1720625	2112	52.241825	3840	54.3692875	
528	40.8659875	584	45.7116625	720	46.9430625	1008	48.8131125	1400	50.5597125	2296	52.3228	4160	54.52435	
152	41.2115125	136	44.9328125	256	46.3028375	576	48.0535875	968	50.238125	1776	52.2734125	3584	54.728875	
88	40.7986375	232	44.6359125	424	46.514675	656	48.3459125	960	50.12435	1776	52.0773375	3512	54.500325	
160	40.4005125	272	44.9408625	360	46.5524125	504	48.320425	912	50.54675	1592	52.220275	3624	55.0235125	
504	41.42535	632	46.0355	656	47.0790625	928	48.653425	1360	50.5575625	2176	52.2781375	3776	54.3012875	
104	40.4767	80	43.89585	376	45.661775	648	48.0874	1096	49.954275	1968	52.0390125	3680	54.6754125	
112	40.365525	248	45.096125	312	46.5576625	464	48.532675	952	50.69795	1688	52.6530125	3528	54.957125	
144	40.3719875	96	43.99735	256	46.4376	528	48.52055	912	50.5278625	1712	52.7206125	3392	54.925475	
448	41.5403	520	45.2862625	712	47.578025	920	49.1275875	1320	50.6937375	2176	52.52725	4040	55.038925	
80	41.3867	136	44.819875	248	46.87925	432	48.9546125	832	50.459175	1672	52.5625625	3272	54.7602125	
136	41.31365	208	43.9561375	352	46.294275	536	48.45185	864	50.1833875	1680	52.09095	3440	54.482675	
192	40.4345375	296	43.510775	464	46.0641375	728	48.2728125	1104	49.82405	2056	52.0409125	4008	54.3440125	
568	40.5958625	752	43.6027125	1048	45.6908875	1432	47.6101625	2072	49.602175	3208	51.645175	5432	53.9117875	
328	41.0669125	424	43.2367625	640	45.155675	968	46.84885	1632	49.15515	2864	51.0206125	5024	53.3204125	
328	41.584	376	43.5479875	640	45.1532125	1016	47.3411125	1712	49.417675	2832	51.468625	4488	53.1744625	
296	40.8404	536	42.93025	912	44.8449625	1536	47.3064125	2064	49.010525	3464	51.1192875	5448	52.968675	
488	42.0599125	688	44.604325	920	46.841475	1160	48.5692375	1632	50.2957	2688	52.2177	4488	54.1008875	
184	42.996725	224	45.186225	288	46.5264125	648	48.9000375	1024	50.317225	1784	52.20095	3648	54.4113625	
96	42.28465	176	44.5117875	344	46.319375	664	48.60995	1120	50.31885	1952	52.388225	3664	54.457025	
120	42.4612	160	44.487125	224	45.8322125	512	48.2928625	824	50.284825	1680	52.4341375	3328	54.4405375	
432	43.6768	480	45.3816625	608	47.498825	904	48.835925	1352	50.6323	2168	52.5221625	3744	54.1532375	
168	42.553525	200	44.1904875	304	46.1975125	592	47.98655	976	49.8640375	1880	52.1392	3480	54.2782625	
208	41.5361875	336	43.772475	408	45.79465	672	47.4767125	1272	49.908275	2048	51.6736625	3880	53.9080125	
248	40.3773	360	42.7632875	576	44.9383625	944	46.6740625	1456	48.6562625	2808	50.8954	4856	52.79185	
520	39.6236625	712	41.88795	1064	43.812375	1776	46.1993875	2608	48.2778875	3928	50.2105	6504	52.291975	
280	39.5895875	384	41.698325	720	43.378325	1352	45.230225	2416	47.49825	4040	49.6140875	6888	51.6352625	
304	39.923225	456	41.5011875	728	43.4717875	1328	45.896075	2120	47.5877	3632	49.5844875	6272	51.662325	
352	37.23025	752	39.2999625	1520	41.1864875	2616	43.63455	4192	45.502425	7256	47.880075	11680	50.0574375	
768	36.9553375	1064	38.8937625	2104	41.1725125	3472	43.3021625	5456	45.3956125	8296	47.4807125	13240	49.6138625	
312	37.1103	512	38.737475	1040	40.9548625	1864	43.1148625	3040	45.220375	4968	47.2683375	8448	49.493325	
448	36.671175	768	38.2644625	1504	40.67125	2480	42.768075	4312	44.9785875	7304	47.0099375	11952	48.953275	
264	36.1687625	568	38.0612375	800	40.10835	1520	42.5485375	2784	44.6130375	4856	46.5621125	8952	48.6956625	
928	36.6972625	1480	39.4025625	1912	41.6672375	2760	43.367875	4560	45.495475	7208	47.4769625	12144	49.7160125	
408	36.5944	640	39.522475	1184	41.8078	1656	43.464625	3040	45.5968	5752	47.6416375	9200	49.7771	
440	35.7184875	688	37.826175	1632	40.44715	3008	42.3418375	4824	44.38205	8528	46.454325	14152	48.72925	
456	35.341775	776	37.6484375	1448	40.2841	2128	42.23815	3456	44.2764875	6168	46.45485	10304	48.81795	
1128	35.3446875	2008	37.6743	3336	40.005725	4832	42.379875	7392	44.6209	10816	46.4911625	16872	48.588725	
536	34.5673625	1264	37.4884875	2264	39.74125	3232	41.6026	5384	43.712025	9344	45.74575	15424	47.94	
888	34.4534625	1664	37.06025	2208	39.329925	4000	41.446475	6472	43.6372375	10744	45.6357125	17056	48.1058875	
760	34.6585625	1032	37.219625	1680	39.55355	2888	41.6495625	4784	43.862025	7760	45.9835375	11984	48.3739875	
864	37.2564625	1264	39.658775	1848	41.66885	2952	43.5557625	4544	45.8107	7064	47.674425	11520	49.908425	
440	37.110625	592	39.401325	1056	41.6500875	1832	44.0140125	2808	45.9753875	5000	47.9288375	8896	50.1678	
488	37.0050375	888	39.8656	1552	42.0757	2312	44.419075	3648	46.1266375	6008	48.30615	10136	50.4224875	
728	36.574675	1184	39.451875	1832	41.3489	2632	43.5762125	4360	45.5585875	6992	47.6749875	11464	50.0208375	
920	37.205025	1432	40.1623625	1968	42.2324375	2840	44.2822625	4264	46.1987875	6408	48.1319125	10584	50.462	
320	37.9558	552	41.008825	984	43.49865	1528	45.140425	2528	47.1163125	4360	49.2405625	7624	51.4804125	
208	38.2346625	344	41.2988625	488	43.410625	1208	45.61585	2184	47.6124	3536	49.66175	6200	52.02845	
368	39.0351625	520	42.0848	784	43.956425	1256	46.6366375	1888	48.3170625	3224	50.25735	5648	52.61435	
536	40.6945625	608	44.4304375	848	46.5707375	1040	48.1965875	1488	49.6714375	2424	51.6308375	4400	53.7865375	
120	40.85145	184	44.5351125	288	46.3672	592	48.1242125	1024	49.5324	1992	51.7641125	3864	54.0027625	
96	40.819425	104	43.2469375	328	45.4207	600	47.843075	1056	49.718925	2064	51.8776125	3704	53.776425	
112	40.8500625	176	43.457	224	45.1662375	544	47.7565375	1056	49.6325375	2056	51.9772625	4000	54.0502	
448	42.5413625	600	44.8588875	768	46.8528625	952	48.9267	1312	50.4225	2168	52.0430625	3888	53.8564375	
112	42.3693375	104	44.156725	136	46.03865	200	47.8521125	648	49.834775	1544	51.676	3056	53.62055	
80	41.4466625	88	43.2315375	272	46.0983625	544	48.1890875	1040	50.05625	1912	52.126875	3656	54.14385	
96	41.4929875	224	43.8770125	336	46.898025	448	48.2485875	936	50.40595	1864	52.4249875	3728	54.5445	
432	41.2435875	592	45.53825	720	47.2806875	992	48.8085	1304	50.3752	2136	52.122425	3992	53.955925	
112	40.9671375	88	44.0723125	184	45.993075	464	47.535525	912	49.4556875	2008	51.6578	3752	53.9726	
104	41.7928625	96	44.1772625	160	46.272925	464	48.1126125	936	49.7284625	1752	52.0315625	3472	54.120875	
80	41.8965875	152	44.4692625	152	46.2922375	280	48.0061375	552	49.8517375	1120	52.0379875	2840	54.677425	
456	41.93395	600	44.758625	784	46.7217625	952	48.584275	1456	50.2438	2424	52.02085	4528	54.3976	
80	42.6628875	144	44.5266125	216	45.882175	568	48.0609	1096	50.3932125	1912	52.0559625	3704	54.01235	
80	42.3519	144	44.53385	232	46.132875	336	48.0125125	552	50.080375	1184	51.9306	2512	53.8103875	
128	41.6343875	192	43.8668375	408	45.8451625	768	48.2216375	1152	49.858475	2168	52.1466625	3992	54.2354875	
416	41.9917375	536	44.3030875	704	46.198175	960	47.9560125	1472	49.8565	2472	51.9472125	4328	54.227425	
120	42.2382875	176	43.98655	408	46.098475	752	48.15325	1232	50.0867875	2128	51.98245	3984	54.1465875	
80	41.2346	136	43.9749625	352	46.1470875	440	48.0647	944	50.183	1896	52.0530375	3464	53.9712	
128	40.5992125	200	43.0799875	448	45.65745	744	48.0331875	1176	49.7590625	2104	51.8870125	3904	54.0139875	
408	42.6557625	584	44.9058125	592	47.5366375	840	48.863975	1264	50.3367	2232	52.449325	3792	54.1676375	
96	43.8229625	144	44.9086875	152	47.2141625	312	48.566	600	49.9609625	1360	52.160725	2824	54.3904375	
80	43.897625	96	44.5866125	160	46.895225	472	48.271625	760	50.061175	1592	52.3872125	3296	54.5655375	
80	43.7357875	80	44.3958625	168	46.2216625	280	47.4093875	904	50.2501125	1712	52.3508625	3520	54.6533625	
384	42.962775	480	44.9757625	624	46.770675	824	48.6505875	1200	50.44395	2128	52.380875	3960	54.8398875	
80	43.1378875	152	44.1473625	408	45.8364625	696	48.1311625	1248	49.9940625	2208	52.3568375	3976	54.5996125	
80	43.4629625	136	44.79125	224	46.180175	352	47.855675	880	50.0397625	1608	52.1035125	3368	54.3164625	
112	42.5883125	208	44.45885	288	45.7614	584	48.0172375	896	49.6784125	1816	51.7716	3512	54.100325	
384	42.1981125	520	45.3162625	632	46.86975	968	48.710375	1392	50.4535375	2344	52.19485	4176	54.633425	
104	42.559925	128	44.5736625	272	45.8753875	560	48.2857	1072	50.1552875	2008	52.4000375	3704	54.689525	
80	42.8190875	80	44.3038625	320	46.60405	424	48.413375	760	50.2529625	1664	52.2748875	3344	54.620525	
112	42.87765	160	44.479875	216	46.5766125	376	48.3479125	656	49.9995125	1304	52.360575	2808	54.5938125	
360	41.9695125	520	45.5765625	672	47.160475	920	49.1421375	1256	50.7032	2064	52.7543375	3904	55.043575	
80	41.9721375	168	45.140325	296	47.0630125	528	49.143575	824	50.632675	1616	53.0161875	2832	55.424775	
96	41.7009	104	44.33935	208	46.3469875	488	48.9050875	688	50.5525375	1192	52.6227125	2680	55.280975	
96	40.0270875	264	44.36545	368	46.5116375	680	48.7934125	1024	50.57065	1712	52.722325	3112	55.235775	
384	40.9458	488	45.000575	584	47.0763625	824	48.970925	1240	50.6014125	2072	52.9031125	4024	55.23525	
136	40.5018125	136	44.479325	232	46.6926375	288	48.4314125	672	50.531275	1296	52.5371125	2632	55.1460125	
160	39.6097125	184	43.6175	320	46.0413625	544	48.44985	984	50.487675	1792	52.499675	3408	55.0628625	
136	39.9735625	128	43.75665	232	46.6959875	320	48.36965	760	50.2938875	1592	52.3742125	3128	54.887775	
400	40.954025	456	45.2601125	680	48.234225	760	49.611225	1096	50.8698875	1880	52.5127875	3536	54.6487125	
80	39.435775	208	44.4992375	304	46.6839625	560	48.7821125	904	50.4096125	1720	52.3624875	3280	54.5410875	
288	39.866475	344	44.2095125	488	45.865725	744	48.2356	1296	50.0980375	2176	52.08055	3952	54.3021	
144	39.953625	208	44.49125	272	46.9824875	488	48.5424	880	50.2692	1848	52.296125	3624	54.4557	
384	41.715325	512	45.2952375	680	47.499275	944	48.7295375	1416	50.4714125	2336	52.3432	4192	54.5048125	
80	40.434925	112	44.3151625	256	46.5418125	472	48.1524875	856	49.965825	1864	52.420225	3112	54.30665	
104	41.5452875	104	44.5490125	192	45.973925	416	48.2200875	920	50.313675	1744	52.1845625	3200	54.1907625	
104	41.5340375	128	44.696925	208	46.118825	280	47.995325	392	50.1009	912	52.0470125	2080	54.2726375	
392	41.67985	512	44.5241125	592	46.9396875	928	48.8961	1280	50.6924	2224	52.6289875	3656	54.7102	
112	42.1765	96	44.5404375	256	46.70245	424	48.98225	704	50.4207	1296	52.373825	2936	54.7242875	
96	41.8873375	112	44.269125	152	46.13075	344	48.4005875	592	50.0607625	1256	52.364425	2672	54.3936625	
112	41.6764625	88	43.93625	240	45.9913625	496	48.420925	720	50.300875	1256	52.308025	2856	55.0536375	
376	42.1016875	472	45.31845	632	47.224425	904	48.879225	1328	51.1412125	2144	53.14335	3600	54.9361625	
96	42.0982875	104	45.3017375	176	46.9255875	360	48.4159875	696	50.6609	1360	52.5565	2928	54.948275	
88	42.3986875	120	44.8131625	304	46.7922375	544	48.3332875	944	50.4579375	1736	52.321375	3512	54.924175	
96	42.0534125	112	43.630675	288	45.9957	600	48.2520875	1088	50.2089375	1880	52.2567	3776	54.4178375	
384	42.1189875	488	45.95885	640	47.024575	912	48.6992625	1312	50.3900375	2144	52.2851625	3856	54.610625	
112	42.470025	80	45.412275	152	45.9882125	376	48.1279125	832	50.238125	1696	52.3999625	3192	54.3416	
120	41.443775	184	43.777375	600	45.98545	832	48.1267125	1320	50.1157375	2208	52.080175	3880	54.2459	
104	41.276725	168	43.4879125	312	45.87555	552	48.202325	1024	50.02645	1920	52.2095875	3576	54.1070125	
344	41.48415	504	45.3676	600	47.0823375	920	48.793675	1448	50.6728	2360	52.5087125	3952	54.6430125	
88	41.0409875	160	44.7753875	240	46.2195875	496	48.2077375	888	50.28565	1552	52.1507875	3000	54.2775625	
80	41.225025	96	44.9019375	248	46.884275	432	48.7436375	704	50.3123625	1320	52.1789375	3024	54.5775625	
80	41.401325	112	44.940775	216	46.5425	384	48.51335	816	50.5626625	1392	52.424925	2632	54.669925	
408	41.57375	480	45.0746125	624	46.59205	984	48.516275	1496	50.2681875	2256	52.114075	4216	54.3905125	
112	42.0167625	136	45.0270125	280	46.6108125	480	48.2824375	976	50.1287	1920	52.36635	3648	54.5202	
80	42.138	152	45.339825	176	46.37695	272	48.3615	528	50.0527	1184	52.1956125	2312	54.2177625	
80	40.8500875	176	43.5166875	384	45.6220875	544	47.8187	1024	49.480975	1848	51.79525	3664	54.0385	
400	41.6201625	536	44.677175	784	46.273675	1088	48.4059875	1672	50.1704125	2680	52.2938875	4432	54.377225	
80	41.45125	224	43.9012625	488	46.403725	688	48.403725	1136	50.249275	1920	52.37265	3464	54.366625	
152	41.582325	200	43.6041125	264	46.0560875	472	48.1397875	776	49.8077125	1520	51.9338625	3008	53.770875	
128	40.372475	312	43.7884375	296	45.271675	552	47.9626875	976	49.7608875	1736	51.8085125	3552	54.0824375	
392	41.7613375	512	44.548775	632	46.247925	976	48.329425	1528	50.0756375	2576	51.8906375	4376	53.9369875	
104	42.4804625	152	45.048925	192	46.52465	376	48.2503875	864	50.214325	1696	52.2469625	3320	54.48125	
112	42.3555375	144	44.30475	200	45.6493875	616	48.5794875	1088	50.423	1864	52.8051625	3296	54.57575	
120	41.49915	248	44.5792	456	46.4420375	704	48.8239	1144	50.6597125	1968	52.9327375	3600	54.8645375	
392	42.5752625	504	45.286875	624	46.478175	920	48.7334375	1416	50.7527875	2264	52.662	3632	54.4359125	
96	42.1015625	120	44.5106375	280	45.6713375	464	48.244825	968	50.503225	1608	52.1705875	3056	54.21375	
152	41.4822125	232	44.5534125	392	46.1406375	632	48.4292375	1040	50.549625	1864	52.2495	3464	54.4933	
128	41.5012125	152	44.078875	288	45.86815	592	48.3323875	920	50.465225	1848	52.456675	3272	54.7226625	
440	42.17175	576	45.0346625	712	46.5875125	960	48.4890125	1496	50.858525	2312	52.6348875	3816	54.4195875	
120	42.3755125	168	45.3405375	256	46.1035125	576	48.0759125	1120	50.6516625	1768	52.36485	3432	54.7668	
168	42.2626875	144	44.3926375	384	46.546575	528	48.44245	928	50.7057875	1648	52.4956625	3144	54.4808875	
128	41.0734375	296	44.1961375	384	46.1829625	576	48.40285	992	50.6860125	1704	52.506275	3128	54.7627125	
456	42.1762	592	44.30605	728	47.593525	1072	49.0024	1448	50.7891125	2264	52.5057625	3784	54.84855	
144	41.883675	240	44.4554625	264	46.910625	632	48.8405125	904	50.6052	1792	52.6652125	3160	54.7597625	
96	41.245375	168	43.624525	320	46.4225625	416	48.44555	864	50.4345875	1544	52.4379125	2832	54.414125	
144	40.912025	280	43.6695125	424	46.4677125	592	47.816575	1032	50.1606125	1928	52.316175	3384	54.518725	
472	42.029	592	44.2723	712	47.1487375	968	48.602875	1448	50.838125	2272	52.6418875	3848	54.761875	
120	41.805975	184	44.5963875	248	46.4931625	448	48.1396625	1000	50.7901625	1688	52.658325	3120	54.69765	
200	42.3433625	168	43.6913375	480	46.554375	776	48.2039375	1040	50.59895	1960	52.718025	3592	55.0731375	
136	40.9997	280	43.004375	432	46.742075	680	48.3973875	976	50.3847	2032	52.6133375	3424	54.4180375	
424	41.539675	656	44.035175	792	47.3787625	992	48.4864625	1448	50.790125	2208	52.729725	3768	54.4624125	
152	41.8597375	176	43.006575	320	46.0623125	640	48.1170125	1112	50.231125	2104	52.2478375	3584	54.557925	
104	41.4941375	224	42.8192125	360	46.187725	528	48.226875	928	50.451125	1728	52.455975	3160	54.8111375	
80	40.3730875	232	43.0581875	352	46.3442625	504	48.592075	848	50.80155	1472	52.5482625	2928	54.9772875	
408	42.1267375	568	44.5156	720	46.81805	872	49.1241875	1160	50.9481125	1944	52.906075	3288	54.6917625	
96	41.7575375	128	43.981425	328	45.928375	584	48.4589	856	50.3978125	1560	52.40995	3248	54.672025	
112	41.321075	232	43.9857125	320	46.346575	528	48.3283875	840	50.6439875	1504	52.3395375	3192	54.894225	
104	41.1111125	112	43.8799625	168	46.407025	288	48.654075	408	50.582075	872	52.5352625	1832	54.85965	
424	41.8031	576	45.2715125	688	47.0287375	872	49.0951875	1288	51.337125	2056	53.0384375	3624	55.13265	
112	42.4055375	136	44.71375	280	46.30535	648	49.325	880	50.976325	1648	52.6880375	3136	55.2438625	
96	41.9135375	192	44.165025	384	46.186825	464	48.2526875	888	50.401075	1640	52.4722125	2928	54.5828875	
160	40.98145	328	44.63855	360	45.9192875	616	48.448825	992	50.371275	1816	52.6839875	3200	54.478325	
424	42.1521	520	45.1936125	600	47.4064125	856	48.9768625	1232	50.8194625	2008	52.6163625	3920	55.172125	
80	42.1832	120	45.194375	152	47.0181625	272	48.86755	536	50.604	1160	52.53525	2496	54.9951625	
80	42.5640625	216	45.193875	368	47.368675	528	49.62245	872	51.1859	1680	53.4797125	2816	55.5727	
144	42.009825	200	44.314425	312	46.9352375	536	49.464125	784	50.967225	1368	53.0084625	2816	55.3763125	
408	42.9020875	488	44.50905	648	46.6749875	792	49.133175	1120	50.86385	1800	52.8714125	3136	55.357375	
80	43.0203875	112	44.3246625	208	47.2330875	208	48.3700125	576	50.9124625	1248	53.0559	2320	55.4239625	
80	42.6048375	144	44.1335875	296	46.4827875	520	48.8057375	816	50.9522625	1520	53.1334125	2832	55.4428	
96	41.510825	160	42.94365	280	46.5356625	464	48.9603875	664	51.0726875	1296	53.1046125	2536	55.42005	
432	43.2416625	472	44.5963625	560	46.6407125	784	48.5020375	1128	50.9677625	1728	53.0649625	3168	55.31705	
80	42.9172875	80	44.072025	280	45.86775	568	48.5905875	816	50.621075	1480	52.8344	2760	55.1059125	
80	42.5353125	112	44.0005625	256	46.1774	376	48.6354375	600	50.5493875	1168	52.6521	2232	54.848375	
80	42.1895	80	43.6272375	160	46.113275	296	48.3096	528	50.6790125	984	52.6319125	1792	54.949025	
416	43.6093625	512	45.1597625	584	46.9086625	848	48.1468125	1208	50.9347625	1968	53.1115875	3296	55.33105	
80	43.4238625	80	45.1310125	136	46.6788875	384	48.642275	672	50.228025	1488	53.0781375	2816	55.2977625	
80	42.6209375	96	44.0529	216	45.979325	432	48.4009375	672	49.976275	1264	52.6347	2448	55.0801375	
96	42.5912625	96	43.806975	232	45.9124	296	48.2007625	520	49.980825	1056	52.38055	2240	54.8638125	
416	42.208075	520	44.24095	664	46.3664875	896	48.3747125	1232	50.6549875	2112	52.4547375	3616	54.9132375	
88	42.1215	160	43.7622875	152	45.4831625	304	47.679825	608	50.1549625	1400	52.7027875	2400	55.0888125	
80	41.989925	80	43.3767875	168	45.3623875	304	47.720675	624	50.612275	1016	52.68565	1856	54.91945	
88	41.8610375	232	43.3526	312	45.5187875	448	47.7989	744	50.51875	1344	52.869425	2472	55.2057375	
400	42.85965	504	43.5483	680	46.508875	848	48.4479	1216	50.9502	1800	52.921875	3192	55.0662	
80	42.7904125	160	43.73245	96	46.313525	152	48.3692125	320	51.157625	520	53.0559125	1016	55.1840125	
80	42.5412625	104	43.1503375	240	46.0177	312	48.0141375	640	50.8626125	1208	53.1248	2240	55.1763125	
80	42.4191125	104	43.132325	112	45.8494875	168	47.6489375	456	50.5891625	1000	53.109	1936	55.229875	
408	42.715625	520	43.81565	616	46.3220375	768	48.1693125	1192	51.2584	1880	53.3828625	3040	55.245625	
80	42.31435	104	43.1393125	152	45.9662375	368	47.8931	568	50.803375	1256	53.312225	2232	55.28075	
80	42.2124875	80	43.296425	128	45.896525	224	47.8912	368	50.6797375	984	52.963975	2232	55.24665	
80	42.097925	152	43.484975	128	45.936875	312	48.1253875	392	50.6524625	744	52.8042875	1640	55.2911375	
400	41.7221625	408	43.8874875	632	46.595025	776	48.41285	1160	51.1843	1728	52.93105	3224	55.68475	
80	41.2970625	120	43.3295375	152	45.6128625	392	48.05125	744	50.75885	1456	53.0488375	2680	55.6336375	
80	41.233	152	43.8905875	200	45.5778125	360	48.3866125	792	51.2174875	1320	53.2897625	2376	55.81525	
80	41.6634875	80	43.7285	152	45.5167375	216	48.2051625	480	50.7893625	904	53.1563625	1640	55.66745	
400	42.58905	480	43.894575	680	46.5458	800	48.7288125	1184	51.188475	1968	53.373275	3232	55.8367625	
80	42.453425	112	44.379475	136	47.1317	224	48.570475	504	51.37065	880	53.0341	1736	55.7891875	
80	42.5621375	80	44.4062375	88	47.0802875	208	48.6053875	264	51.3383875	520	53.0985	1000	55.49915	
80	42.7527375	80	44.46275	88	46.9415125	104	48.5031125	248	51.23195	656	53.177375	1392	55.7470875	
424	42.83	464	44.2651875	584	46.8807625	760	48.329625	1160	51.45315	1856	53.6074125	2904	55.676725	
80	42.6592625	104	44.7312625	120	46.600125	200	48.2787125	296	51.0570375	640	53.2315375	1416	55.5116125	
80	42.2258625	104	44.1323	208	45.9207875	432	48.22105	616	50.97255	1192	53.0928	2248	55.4686	
80	41.986525	144	44.0466625	128	45.743675	288	48.1965	408	50.62965	1040	53.0167625	1992	55.377525	
392	42.0582625	472	44.5231375	616	46.4139875	824	49.233	1128	51.2541125	1880	53.3493625	3008	55.370475	
88	42.0661625	96	44.3273375	168	46.01735	352	48.5315625	680	50.969975	1296	53.58725	2304	55.5473	
80	41.5147	128	44.0811625	352	46.2922375	424	48.144725	888	50.604525	1664	52.7318875	3056	55.1968375	
80	41.1723125	200	44.4319625	248	46.3934625	424	48.5560875	656	50.7932	1248	52.76045	2432	55.1612375	
392	43.3700375	416	44.5042625	544	46.6698125	736	48.341425	1128	51.2259875	1760	52.75155	3472	55.3665375	
80	42.4581125	128	44.2907375	88	45.6642125	264	47.9209	472	50.0325125	1240	52.4147875	2624	55.267725	
80	42.557125	80	44.4094	88	45.472075	296	48.093825	464	49.9273	1152	52.2577875	2680	55.5837	
80	42.5820125	80	44.3740625	88	45.4399625	160	48.0598125	256	49.895925	344	51.9976875	1080	55.0283	
456	43.25135	432	45.61355	632	47.3136625	816	49.364025	1232	50.822575	2056	52.810375	3624	55.2056125	
80	43.0088125	104	45.3145375	128	46.653025	296	49.02955	592	50.4953375	1136	52.6172375	2336	55.259275	
80	42.8620125	80	45.2148375	104	46.5560375	176	49.132525	232	50.3740875	608	52.6385625	1352	55.2021875	
96	42.3006125	216	44.9507375	336	47.0131625	464	49.2912	696	50.871925	1376	53.0794375	2648	55.44445	
440	43.7732375	488	46.0376375	520	47.8927625	808	49.71735	1112	51.4348875	1824	53.2771375	3424	55.783	
80	43.8316625	120	45.4338875	216	47.6267625	440	49.734925	736	51.6609	1208	53.51085	1928	55.341175	
96	43.0948875	248	45.2304375	376	47.5910375	512	49.2844375	768	51.456725	1448	53.3673375	2656	55.784675	
120	43.0174625	200	45.4661375	320	48.085325	472	49.56915	800	51.63335	1312	53.2363	2528	55.810225	
416	44.9774125	528	47.5563625	544	49.0492375	728	50.5565125	944	52.0785625	1608	53.7536	2776	56.068625	
80	44.6577125	80	47.1914375	120	48.3216125	176	50.1309125	360	51.916525	776	53.6933	1576	56.053775	
80	44.464025	128	46.918025	104	47.36975	248	49.6955	584	51.5121	1168	53.665575	2160	55.91595	
112	45.0524	80	46.090325	280	48.214775	312	49.7696	632	51.7542875	1336	53.7135375	2256	55.9057125	
424	44.7560375	544	47.1993125	616	48.8245625	752	50.5040375	1008	51.860575	1736	54.032	2912	55.9184	
88	45.50455	96	46.955125	200	48.802825	296	50.2945	512	51.705725	1288	53.9621625	2224	55.9316375	
80	45.1835875	112	45.9181375	168	48.3929125	328	49.6833625	680	51.793375	1352	53.7120625	2288	55.6713625	
80	45.029825	120	45.801275	160	48.748625	224	49.768025	376	51.403775	952	53.45235	1904	55.7507625	
400	44.8102625	440	47.2246625	560	48.8968625	800	49.945475	1152	51.67575	1816	53.46285	3080	55.8624875	
96	46.2106375	80	47.8181875	120	49.3965625	168	49.9116625	440	51.9686375	856	53.6457875	1736	55.995025	
80	46.2644125	88	47.8742125	112	48.8978875	216	49.795325	464	51.9458125	928	53.5834	1848	56.1451625	
80	45.9750125	96	46.9469375	248	48.5544875	392	50.1429375	616	51.711625	1168	54.1987	2208	56.4569625	
360	45.3837375	440	47.2114125	496	49.1005125	704	50.8017375	952	51.8627875	1568	54.2684125	2600	56.87485	
88	46.650175	96	47.73325	112	48.778825	464	50.973025	712	52.4088625	1336	54.48485	2384	56.1492375	
80	46.6631625	80	47.4610125	136	48.5573625	280	51.0450375	560	52.419075	952	54.3935625	2064	56.4316625	
88	47.2492625	120	48.1221875	296	49.9335875	312	51.1593125	592	52.8511125	1184	54.4347	2160	56.548225	
336	44.7024125	432	46.2614375	528	48.3495875	752	50.2775375	1064	51.79095	1720	53.987875	2888	56.044725	
112	44.69485	120	46.650475	136	47.225275	360	49.67485	640	51.34185	1256	53.658975	2584	56.439375	
80	44.2307625	80	45.9868875	144	47.3641125	240	48.87575	616	51.23025	1104	53.1558625	2472	55.807675	
112	43.502375	120	45.4937	120	46.844	520	49.3552375	408	50.898175	1040	53.217575	2416	55.9887625	
376	43.203775	480	45.7200125	616	48.034975	816	49.98815	1048	51.4223125	1760	53.4357375	2968	55.49605	
96	43.299075	128	45.1878	120	47.060725	160	48.6048125	568	51.0065625	1104	52.57	2656	55.231725	
80	43.57025	80	45.471825	168	47.07855	224	49.3585375	440	50.9975125	1136	53.2912875	2328	55.4259125	
80	43.040175	80	44.7658	168	46.8826375	216	49.2474	392	50.9424875	824	52.892525	1912	55.3130875	
368	42.676	472	44.992075	696	47.800725	864	49.3814125	1160	51.1969375	1920	52.9961375	3536	55.466825	
80	42.8031125	152	44.98605	264	47.0329125	440	48.989425	856	51.1383375	1376	53.0462	2968	55.523325	
80	42.8399	144	45.1494875	192	47.14545	352	49.3750875	504	51.1893375	1088	53.0911625	2312	55.4030375	
96	42.67835	96	44.89105	112	46.965775	136	48.8176	416	51.256875	888	52.9699625	1840	55.29975	
376	42.5641	464	45.492775	608	48.15115	696	49.95115	1128	51.3999375	1600	52.9466625	3200	55.6256625	
88	43.5782	112	45.584375	144	47.8006625	256	49.6510375	544	51.10685	1184	53.3762625	2280	55.851275	
80	43.3197625	96	44.8454125	200	47.656775	336	49.63215	536	51.196125	992	53.2919875	1696	55.3139125	
80	42.6296625	96	43.8763125	184	46.7734625	376	49.0126875	608	50.755725	1248	53.058375	2488	55.4885	
392	42.18625	480	44.6431875	592	47.1867125	816	49.174825	1192	50.8440125	2120	52.85205	3808	55.07935	
104	43.4629625	80	44.8214625	120	46.78225	392	49.151375	776	50.727575	1512	53.01145	3064	55.4560625	
120	42.42565	216	44.9767	296	47.2661125	520	48.9203	912	50.725825	1608	52.8411	3224	55.36195	
88	41.4749	144	43.8725375	264	46.094025	528	48.6962875	832	50.2954	1520	52.633125	3160	54.7588625	
360	41.86695	520	44.66755	656	47.135525	888	48.9124125	1240	50.8257375	2168	52.9525125	3576	54.6152625	
80	41.5333125	112	43.11795	208	46.1409625	496	48.1853625	912	50.04035	1872	52.3210875	3512	54.5539375	
112	40.545825	264	42.5306	424	45.7605	688	48.2553125	1256	49.9375125	2240	52.1459375	3936	54.2766625	
152	39.7876875	312	43.0994	424	46.05125	656	48.7129	920	49.9846625	1920	52.3111	3608	54.4684	
384	41.1435125	544	44.2001625	672	46.925425	896	49.084275	1328	50.832325	2080	52.4817375	3680	54.662175	
80	41.3523375	136	43.4545875	344	46.1017375	608	48.572275	1088	50.42975	1784	52.1878875	3424	54.1538125	
104	40.4176875	344	43.108975	448	45.8476625	680	48.396925	1016	49.9505375	1944	51.815125	3824	54.1689	
144	39.5321125	280	42.8521875	296	45.1733	592	47.808775	1128	49.670525	2128	51.85425	4016	54.2544875	
528	41.0821625	560	43.04795	696	45.5327375	1096	47.3229	1744	49.6884875	2968	51.558575	4880	53.5541125	
96	40.7945875	160	42.49705	328	45.3282125	728	47.4356875	1064	49.430025	1904	51.3138375	3528	53.316525	
152	40.9920875	296	43.166675	384	45.4023625	728	47.6495	1264	49.6296875	2352	51.7545125	4304	53.92655	
176	40.5538875	336	43.1668	464	45.1798875	760	47.315225	1376	49.1763875	2608	51.5885125	4344	53.3334625	
552	40.199675	616	43.953725	872	45.7625375	1168	47.848225	1664	49.435425	2824	51.2739125	4856	53.5068875	
192	40.851325	200	43.515975	312	45.1044125	776	47.1729625	1432	49.297525	2496	51.2006	4464	53.500425	
96	39.4910125	352	43.1627125	504	45.0258	960	47.3434875	1376	48.9661625	2472	51.082075	4536	53.1927625	
256	39.9263625	368	42.8944375	624	44.811075	1024	47.037925	1712	49.0284	2744	51.067425	4904	53.0531	
488	41.1081375	624	43.65625	864	45.3999	1152	47.5496125	1768	49.373925	2880	51.2151625	5272	53.697925	
104	40.923075	224	43.3468375	400	44.9381375	728	47.156475	1440	49.295725	2552	50.9489	4456	53.00535	
160	39.6502125	296	42.982375	480	44.7481125	816	47.0412125	1544	48.913325	2664	50.6792625	5224	52.9569875	
264	40.0128125	392	43.4796	544	45.1260625	856	47.2691375	1480	49.0176875	2600	50.8239875	4672	53.03215	
496	41.3224875	608	44.917125	704	46.058075	1120	47.5194875	1800	49.38505	2864	51.2329375	4792	53.124275	
136	41.11895	104	43.653375	216	44.9282875	736	46.8895125	1536	49.3635625	2488	51.318975	4504	53.3170625	
112	40.6593	136	43.5684375	288	45.1314375	656	47.2173125	1288	49.47875	2152	51.3434625	4152	53.413925	
112	40.4580625	176	43.7083	248	44.9778125	552	46.9898375	1192	49.2132625	2240	51.281875	4376	53.3259375	
424	41.113525	512	44.2042875	728	45.742325	1016	47.553075	1632	49.6869875	2632	51.410075	4448	53.2730875	
96	40.997175	88	43.150875	264	45.037775	512	46.9985625	1152	49.4796375	2208	51.2803875	4152	53.510675	
96	40.577625	136	42.8173625	416	44.797	968	46.9835875	1608	49.1004125	2624	50.8250125	4680	52.634125	
80	40.220075	192	43.219675	352	44.688325	696	46.8270625	1216	49.0393	2480	51.2668	4176	53.241775	
424	41.27165	504	43.8117625	688	45.69815	1040	47.359275	1576	49.2522625	2560	51.2211625	4344	52.996675	
88	40.4261	208	42.701825	416	45.3620375	784	47.4098625	1368	49.3602875	2472	51.2915625	4536	53.3628625	
136	40.5019875	208	43.0466875	272	45.0871875	536	46.99675	1056	49.0916	2184	51.036625	4336	53.2249625	
128	40.3393625	176	42.4435375	384	45.26805	632	46.822925	1272	49.0528625	2336	51.167475	4024	52.9191125	
432	41.4661375	512	44.387275	704	45.8809875	960	47.5681125	1512	49.5178625	2368	51.25635	4312	53.2506125	
80	41.0829625	112	43.60095	280	45.078725	616	46.8997625	1256	49.2809875	2272	51.1652625	4384	53.2131625	
96	41.09145	200	44.1615125	368	44.9681875	608	46.9671	1176	49.349825	2144	51.2540625	3984	53.3202	
120	41.3042625	104	44.1271875	328	45.23595	552	47.0649875	896	49.052225	2144	51.244225	3856	53.4229375	
400	41.1100625	528	44.4036125	752	46.26085	880	47.197525	1512	49.3686	2568	51.0902	4672	53.1693625	
96	41.4853375	144	43.768225	240	45.141125	560	46.427	1336	48.873425	2384	50.8545875	4472	52.8145625	
80	41.81405	96	43.8071875	160	45.3103	528	47.2346	1056	49.1296	1936	51.14005	3792	53.0747875	
80	41.4813	144	44.1250875	248	45.80665	336	46.9851625	800	49.1927875	1704	51.233175	3752	53.495075	
400	41.800975	520	44.088525	672	45.651475	912	47.3796375	1512	49.272675	2592	51.329875	4760	53.5781375	
128	40.4984875	312	42.3873375	528	43.935075	1104	46.23265	1928	48.0768625	3544	50.1187875	6024	52.352325	
176	41.04365	232	43.3093375	368	45.2477	728	47.325075	1296	49.2236125	2328	50.867325	4360	52.8253375	
80	41.0785375	128	43.2651375	216	45.004275	448	47.070575	1192	49.0049	2272	50.8996	4616	53.282625	
464	41.7088125	520	43.6064125	776	45.5093375	1024	47.498625	1712	49.474775	2632	51.2060875	4680	53.0601375	
80	40.941225	264	43.09685	440	45.04525	736	47.313575	1320	49.1506	2376	50.9667375	4664	53.2827	
160	40.42755	256	42.601	416	45.2468125	688	47.4326375	1296	49.2465	2400	51.1969	4360	53.24955	
192	40.137675	336	42.645275	528	45.134675	824	47.2396625	1376	49.3682875	2376	51.07355	4528	53.197275	
472	41.2595625	616	43.8620625	848	45.499525	1056	47.5489375	1776	49.357625	2736	51.1307625	4768	53.1234125	
88	40.2948875	248	43.067425	400	44.8450625	664	46.850525	1360	49.14415	2240	51.0030875	4568	53.2798375	
80	39.6032875	192	42.137	424	44.5679625	840	47.250525	1304	49.1779625	2472	51.0729125	4464	53.1047125	
184	39.6001	280	42.3851375	480	44.95045	720	47.3179375	1256	49.14215	2264	51.15445	4104	53.048025	
504	41.4063125	616	43.6188125	824	46.021075	1144	48.0441625	1632	49.44005	2608	51.1787625	4640	53.39445	
104	39.9411375	224	41.85145	424	44.3320125	912	47.190575	1688	49.2080375	2696	51.091575	4432	52.9422625	
112	39.54495	424	42.4699375	496	44.38295	968	47.1672875	1560	49.1336375	2544	50.9735875	4640	53.021	
232	40.2806375	160	41.95905	360	44.9944375	696	47.276075	1184	49.1916125	2232	51.167325	4240	53.100875	
464	41.49765	616	43.4684875	824	45.6610125	1200	47.4565875	1840	49.2534625	2872	51.067125	4960	52.8719625	
80	40.9739875	128	42.743225	272	44.530725	624	46.879175	1296	49.1127625	2488	51.0815	4328	53.0764	
96	40.8063	184	42.793	288	44.9462625	576	47.25975	1144	49.3881375	2080	51.2959875	4008	53.1821125	
112	40.7428625	224	42.376175	336	44.9469125	600	47.145325	1104	49.198775	2248	51.3124	4160	53.4262	
464	41.9979625	688	43.462375	864	45.5685125	1200	47.467075	1848	49.38895	2736	51.0337625	4976	53.2045375	
96	41.274525	168	42.694125	448	45.2025125	816	47.7262375	1264	49.014525	2320	51.0703	4448	53.1833	
136	41.2285625	216	42.056675	384	45.1122125	688	47.446675	1384	49.50285	2264	51.0010375	4176	53.155375	
136	41.1868125	256	42.477725	352	44.783375	600	46.8967	1296	49.1128125	2264	51.21815	4240	53.2836625	
480	41.6738625	568	43.439275	824	46.1840125	1040	47.600025	1704	49.559125	2640	51.2870125	4624	52.9629625	
112	41.8596125	128	43.186375	296	45.4344125	568	47.0324	1200	49.0996375	2320	51.0895875	4264	53.0641125	
128	40.7721875	232	42.5491	464	44.727	872	46.740125	1576	48.8894625	2720	50.8207	4664	52.803775	
152	39.9258125	216	41.8321875	592	45.0251875	976	46.9997625	1648	49.175375	2832	51.01945	4688	52.8474375	
408	41.8178875	608	44.009425	768	46.143075	1048	47.8187375	1680	49.59505	2624	51.5539375	4584	53.6172875	
144	41.40105	192	43.151025	400	45.5719375	712	47.5206125	1280	49.5970125	2392	51.37505	4232	53.42485	
200	40.148325	408	42.9124875	776	45.30195	1072	47.590675	1672	49.3437375	2744	51.28085	4656	53.1111875	
176	39.9543375	344	43.162225	480	44.8000375	880	46.990175	1640	48.9728	2728	50.9275875	4888	52.5772125	
552	40.8693125	656	44.0908625	952	45.681925	1272	47.4828	1808	49.316725	3096	51.412975	4936	53.26615	
120	40.74145	144	42.658625	456	45.23485	944	47.46745	1488	49.2587125	2592	51.402725	4432	53.1590625	
88	40.3012625	248	43.07635	408	44.713575	840	47.235675	1384	49.0944625	2376	50.9514125	4544	53.168175	
152	39.8643	280	43.1130375	512	45.1219375	976	47.466825	1496	49.2443625	2488	51.1211625	4688	53.1328375	
592	40.6915375	624	43.7165	888	45.561325	1272	47.23285	1800	49.0336875	3000	50.9519	5160	53.0089	
160	39.5856875	376	43.07275	560	44.977575	968	47.070175	1648	48.99395	2928	50.8795625	4784	52.7573	
256	39.3567625	336	42.6870625	608	44.8577625	976	47.0649625	1512	48.732325	2664	50.8207625	4808	52.6658375	
200	38.7536125	320	42.2854375	552	44.8626125	768	46.91515	1424	48.6597125	2720	50.8022625	4616	52.6699125	
552	40.3830875	640	43.327575	904	45.02725	1248	46.8633375	2032	48.991375	3200	50.725875	5672	53.02455	
168	39.736	232	42.5575875	504	44.92435	904	46.7923625	1552	48.6935875	2672	50.759075	4784	52.7351125	
224	39.58415	368	42.4788625	592	45.05185	936	46.9406375	1736	49.0321	2784	50.79465	5000	52.812925	
104	38.9329625	272	42.0481875	376	44.44245	888	46.7099125	1472	48.65055	2688	50.6454875	4776	52.609525	
608	39.9284125	744	42.7938375	984	44.6541	1328	46.9387375	2080	48.759325	3360	50.569275	5616	52.4705625	
176	39.1475125	408	42.5157875	592	44.730175	1040	46.7229125	1808	48.63245	3048	50.551425	5176	52.1391	
280	38.6695	488	42.4188125	608	44.3066375	1192	46.691375	2008	48.3443375	3312	50.1874875	5488	52.1396375	
352	39.5146125	288	42.3046875	544	44.7593375	976	47.027725	1616	48.8775375	2848	51.0490625	4848	53.0295375	
552	40.2506	640	43.313025	856	45.419575	1280	46.8958125	1992	48.9473875	3184	51.005725	5264	52.8399625	
208	39.7851375	248	42.4595875	448	45.228075	896	47.00635	1688	49.052175	2776	51.0610375	4744	52.98175	
96	39.8093	320	42.57925	424	45.1140125	872	47.164175	1480	49.3378125	2384	51.2069375	4248	53.118275	
112	40.2050375	256	43.0344125	424	45.1445125	704	47.295825	1240	49.4322125	2304	51.5019375	4264	53.5368	
496	40.13945	648	43.6939	792	46.00285	1112	47.3115625	1768	49.4886125	2832	51.4160125	4776	53.2249	
224	39.5345125	376	42.2922625	696	45.081425	1000	47.7254375	1664	49.58115	2472	51.3596125	4280	53.3821625	
200	39.5602625	296	42.2209	488	44.5894625	944	47.1276875	1448	49.16775	2312	51.0873	4264	53.143325	
264	40.1767625	392	43.0371875	504	44.763	904	47.7277125	1456	49.3412625	2528	51.392725	4280	53.3089375	
416	40.44585	672	43.068525	840	45.661425	1136	47.6833375	1600	49.484975	2656	51.505275	4488	53.4616375	
136	41.44415	256	43.5669125	384	45.5708	744	48.0832	1184	49.8556875	2112	52.01225	3840	54.299525	
152	41.5255	192	43.1590875	352	45.4895375	624	47.7705375	1264	49.809975	2168	51.860725	3856	53.9016125	
160	40.5339625	384	42.5893875	528	45.0561875	936	47.72225	1440	49.721525	2424	51.8641125	4016	53.83105	
408	41.31815	552	44.610175	688	45.8826625	984	48.056575	1496	50.211825	2448	52.0461625	4184	54.0656125	
136	41.1352125	120	43.6791125	232	44.4965125	584	47.269925	1152	49.6854875	2184	51.4952	4040	53.405175	
112	41.336625	128	43.294925	352	45.0379375	664	47.6655875	1112	49.9869625	1984	51.783525	3704	53.9460625	
80	41.616	104	43.5050625	160	44.842325	560	47.5624625	1088	50.0528875	1936	51.9331	3584	53.98825	
416	41.168	528	44.1524125	752	46.7793125	1040	48.5865625	1496	50.2379125	2400	52.0905625	3928	53.739575	
128	41.489875	96	43.680825	208	45.3787125	520	47.5204875	1016	49.769175	2072	51.7592	3808	53.7443875	
128	41.0695375	200	43.327425	328	45.0000875	784	47.454875	1336	49.6898875	2336	51.51765	4128	53.566975	
120	40.787625	160	42.5390125	368	45.0776625	736	47.6458875	1176	49.608575	2072	51.6704625	3768	53.69105	
400	41.337775	568	43.869425	696	46.14815	976	48.1123	1632	50.053875	2488	51.73075	4184	53.4936	
128	41.6706875	224	43.0896625	456	45.47825	808	47.5253875	1448	49.6029875	2448	51.631575	4296	53.5132	
80	41.1295375	328	43.2741875	488	45.3489125	840	47.67655	1296	49.9858125	2176	51.6268125	3816	53.668325	
96	40.9889125	224	43.2690125	320	45.320525	840	47.538125	1312	49.7528875	2488	52.0247875	4096	53.9120375	
416	41.0079	536	43.77415	672	45.9338375	1024	47.914125	1536	49.745275	2392	51.7314875	4088	53.84885	
96	41.0484125	160	43.63745	328	45.7423	488	47.61995	1056	49.6654625	1952	51.7941625	3744	54.2600875	
80	40.6363125	96	43.1917	216	45.502675	456	47.42725	976	49.733325	1936	51.8387375	3744	54.175475	
152	41.3664375	248	44.1234375	432	45.6611875	744	47.950775	1232	49.9262	2088	51.661875	3848	53.8080625	
