6608	29.9268375	10768	32.5315625	16112	34.846975	23192	37.0609875	33208	39.509175	47304	42.0139875	68424	44.68435	
896	29.8526125	1552	32.3640875	3328	34.92745	5216	37.3605875	8080	39.9215625	10616	42.4045625	14216	45.0313125	
1336	29.508325	2744	32.0159625	4552	34.2835875	8336	36.50595	16720	38.941275	31200	41.493575	55352	44.4150875	
1024	29.5265625	1976	32.191	3096	34.57115	5320	37.01955	8144	39.5226875	12992	42.05945	21624	44.8785125	
6112	29.5836125	10432	32.2070875	16288	34.4738125	24328	36.8631375	34712	39.2028125	50112	41.717725	72160	44.4361375	
784	30.06775	1448	32.83565	2544	35.250475	4256	37.7171	6792	40.169675	9864	42.631325	14176	45.3333875	
896	29.9062625	1840	32.7108875	3328	35.0002125	6152	37.448275	11144	40.0677125	17872	42.5310625	27128	45.1987625	
880	30.1727125	1512	33.006425	2472	35.3627125	3984	37.84645	6168	40.3723875	10168	42.7449375	17320	45.281475	
5920	29.6813	10368	32.365025	15432	34.612175	23408	37.0862625	33472	39.5176625	47696	42.0755875	68000	44.7256	
784	30.1863625	1728	33.095925	2624	35.29745	4376	37.6340875	7560	40.153425	12416	42.45535	20624	45.0340875	
768	30.4078	1600	33.4179125	2760	35.7737125	4392	38.2171375	6576	40.595625	10768	42.943725	17552	45.36375	
1072	30.5228125	1936	33.3575625	3120	35.5275375	5736	37.8441875	9872	40.2258375	16496	42.5161375	28432	45.0144625	
6096	29.8668625	9936	32.2861375	15584	34.5738	22992	36.8478125	33864	39.3505125	49000	41.8428625	70040	44.4224125	
976	30.008575	1968	32.8405875	3352	35.0856	5408	37.3052625	8600	39.7484	13976	42.2493375	20592	44.873875	
1272	30.220425	1912	33.0689375	3320	35.4090125	5344	37.710975	8592	40.181975	13688	42.5908625	22144	44.9739375	
1352	30.1456375	2192	32.7887625	3544	35.010625	6664	37.29245	11392	39.7355375	18776	42.1571	29776	44.601775	
5888	30.098075	9840	32.56385	14840	34.7573875	22128	37.1396625	32104	39.523225	45624	41.9498875	66224	44.6051625	
928	30.256325	1752	32.8603125	3048	35.010425	4848	37.1908375	8008	39.4510125	14216	41.8581875	23488	44.397175	
856	30.3708	1424	33.07585	2408	35.335825	4104	37.6465625	6616	40.0082	10488	42.4246125	17072	44.955425	
928	30.0351375	1952	32.807575	3312	34.96825	5792	37.1697875	10856	39.70125	18392	42.178875	29328	44.7132875	
5928	29.947425	9720	32.4712875	14680	34.81185	22112	37.2049375	31656	39.5724375	45208	42.0535375	65032	44.6460875	
1024	30.18145	2096	32.7866	3504	34.97975	5928	37.25	10248	39.562375	17496	42.0444	28488	44.554725	
848	30.108325	1416	32.6290875	2648	34.888475	4336	37.2054625	7048	39.5087375	10768	41.8741625	18168	44.4477375	
1032	30.1782375	2160	32.853825	3208	35.0867125	5616	37.4210625	9408	39.8540625	15616	42.3224375	25256	44.7725375	
5816	30.0431375	9552	32.42145	14624	34.72405	21848	36.9778625	32320	39.532	46096	41.9253625	66584	44.554375	
928	30.089425	2112	32.712025	3200	34.962975	5624	37.29645	8568	39.8395375	13584	42.369075	18520	44.9489125	
1192	30.3016	1984	32.9742375	3472	35.2565	5496	37.6336875	8776	40.15205	13808	42.5662625	22168	45.04	
1536	30.2962125	2288	32.8157375	3712	35.0667625	6472	37.4014875	10608	39.9144875	16808	42.4002875	25400	44.8797875	
5480	30.2199125	9264	32.7248875	14176	34.9932625	20888	37.380975	30232	39.9225125	42816	42.3332125	61168	44.86265	
1200	30.28805	2136	32.8185875	3560	35.12085	5880	37.3422	9512	39.6977	16952	42.1537875	28032	44.6887375	
1568	30.5872375	2368	33.05055	3856	35.375925	6256	37.7216375	9496	40.0992375	15568	42.4983875	25296	44.9961125	
1024	30.372	1920	32.9208	3296	35.3014125	4904	37.486475	8176	39.8451625	14024	42.3453875	22384	44.7791625	
5344	30.4827	8920	32.9738375	13352	35.06565	20424	37.4519625	29664	39.8110625	42488	42.13075	62608	44.7959625	
864	30.9757	2032	33.64105	3408	35.76955	6248	38.0391375	10264	40.4417	16864	42.7923125	26784	45.2200125	
1504	30.5541375	2752	33.2766	4472	35.4285625	7688	37.7077	12456	40.0819875	20184	42.6243625	28968	45.196975	
1360	30.813525	2056	33.447475	3232	35.8065125	4760	38.093575	7208	40.4926125	10648	42.9691875	16784	45.513125	
4992	30.9956875	8024	33.3478375	12232	35.537825	17784	37.6736625	26320	39.9437625	38496	42.46005	57328	45.00825	
1824	30.887425	3344	33.4202625	5704	35.6695375	9184	37.9321875	14880	40.168775	23088	42.5388375	36832	45.00665	
1416	31.024125	2072	33.2219875	3736	35.6249	6568	37.90645	10768	40.0575875	17776	42.508325	27848	45.0972625	
1312	30.543175	3016	33.13305	4448	35.5227	7208	37.88105	11768	40.1472	17008	42.73705	23824	45.2302	
5568	30.5364	9280	33.096425	13728	35.2852875	20160	37.5940125	28800	39.96115	41616	42.4075125	59984	44.93845	
1200	30.4062125	2120	33.0377125	2992	35.0896125	5512	37.4714875	8888	39.739625	14912	42.1196625	24392	44.6631375	
1432	30.2973	2416	32.9515125	4200	35.1261125	6792	37.4722	11112	39.97135	16832	42.483575	23096	44.9852375	
1720	30.327275	2608	32.912975	4400	35.2300125	6648	37.5825875	10816	40.1077625	16680	42.5601375	26600	45.044775	
5624	30.3184	9320	32.76575	14240	35.073325	20800	37.3874	30208	39.6910875	43752	42.2357625	63088	44.7637125	
1784	30.500025	3296	33.1406	5568	35.330025	8744	37.5568	15160	40.0030875	23968	42.5328375	35320	45.0895875	
1392	30.5224875	2520	33.29995	4088	35.611325	6168	37.783325	9488	40.2048	14640	42.8525375	20784	45.27895	
1696	30.59885	2552	33.34085	4168	35.61	7120	37.9646875	10984	40.3765	16776	42.875925	25784	45.220075	
5400	30.524075	8928	33.13115	13272	35.27675	19096	37.5051625	28320	40.012725	40576	42.3270125	59160	44.869525	
1336	30.6660875	2464	33.2955	4312	35.5741375	6960	37.98035	10968	40.3574	17264	42.7514625	26232	45.0894875	
1680	30.5417125	2808	33.2046125	4680	35.4560875	7608	37.7952625	11816	40.2614875	18448	42.7007125	26704	45.1440625	
1928	30.931025	2648	33.3476875	4240	35.5967	6680	37.9721625	10496	40.516025	15512	43.039825	21752	45.4510125	
4704	31.1997125	7600	33.6086625	11640	35.9783	17200	38.2302375	24728	40.6557	35272	42.9898625	51224	45.4903625	
1752	31.5111375	3160	33.9785375	4800	36.379625	7440	38.5440875	11784	40.827625	19192	43.217975	29168	45.7619125	
1440	31.928375	2184	34.3903875	3448	36.8344375	5368	38.9820875	8784	41.47465	13272	43.8515625	19976	46.275525	
1464	32.0691375	2568	34.519475	4208	36.7535125	6888	38.9642	11408	41.4965	16960	43.666025	26024	46.1543125	
4192	31.8906625	6552	34.41205	9960	36.8335	14552	38.930175	21152	41.3368875	30024	43.4989375	44064	45.99695	
1200	32.136475	2032	34.5467	2952	36.7903375	4800	38.936275	7784	41.2688875	12920	43.39365	21960	45.9445625	
1392	32.033475	2440	34.638825	3688	36.865075	5984	39.1158	9320	41.587725	14152	43.9813375	19992	46.4594625	
1272	31.9870625	1928	34.5963125	3008	36.841025	4672	39.1880375	6840	41.5499875	10336	44.0831875	15608	46.612175	
3656	32.4590125	5992	34.894175	8640	37.063375	12696	39.459025	18400	41.7367125	26256	44.017775	38064	46.4313	
1528	32.3794625	2424	34.925	3608	37.00475	5224	39.32845	8560	41.44595	13472	43.8172	21504	46.2455125	
1696	32.1746125	2800	34.9422875	4216	37.105175	5840	39.25845	9376	41.5645625	14320	43.984175	20848	46.3995625	
1960	32.6621875	2744	35.242675	4176	37.4319375	6032	39.5291	9352	41.80285	14632	44.192525	22904	46.4540125	
4184	32.376125	6328	34.72445	9024	36.9565125	12736	39.2709875	18776	41.4421125	27400	43.7662625	40456	46.2387125	
1488	32.69525	2600	35.0711625	3872	37.251575	6216	39.44375	9984	41.6917375	15840	43.982275	25848	46.2952125	
1448	32.8365625	2152	35.181025	3248	37.4934125	4992	39.3950375	8384	41.5389375	13464	43.8088	22144	46.23275	
1168	33.301325	1664	35.57035	2888	37.890075	4632	39.9064625	7808	42.1331	12360	44.294825	18560	46.750025	
3688	33.243725	5448	35.7349625	7600	37.79995	10824	39.9230875	15320	41.862325	22536	43.932275	35168	46.4063	
1216	33.173925	2128	35.8509	3488	37.97375	5552	40.2123125	8496	42.155925	14112	44.343625	22832	46.71765	
1368	33.3380125	1784	35.9211625	2744	38.09295	3880	40.259825	6248	42.3109625	9336	44.5439875	14400	46.9115125	
1336	33.4096125	2048	35.8015	3168	38.1383375	5080	40.1859125	8144	42.0687625	13176	44.39155	20792	46.7082625	
3648	33.1977625	5304	35.7344375	7384	37.702	10448	39.8942375	14800	41.8439125	22080	43.826625	33640	46.074	
1264	33.0784	2096	35.5673625	2800	37.646875	4560	39.822625	7304	41.9459875	12136	44.0374	19872	46.309575	
1424	33.218925	2232	35.70825	3296	37.9692	4944	40.04815	7560	42.1150125	11912	44.3221625	18912	46.6170375	
1456	33.29555	2176	35.966025	3208	38.1385125	4880	40.43415	7000	42.6190625	10168	44.791375	15328	47.1970375	
3104	33.5336375	4328	36.108625	6216	38.35325	8728	40.4718875	12408	42.5073875	18176	44.77555	27368	47.03405	
1256	33.6344	2064	36.6914	2872	38.833425	4336	40.95555	6568	43.0173875	10752	45.394875	17144	47.7577	
1576	33.7798875	2200	36.7577625	3168	39.10565	4280	41.268625	6520	43.377725	9480	45.6252875	14008	47.88775	
1256	33.8195	2016	36.4645375	3024	39.02085	4432	41.1388875	6632	43.3998375	9960	45.6808625	14920	47.9912625	
2720	33.5659625	3944	36.039	5760	38.4307625	8360	40.7552	11720	42.94045	16736	45.2156375	24696	47.48025	
1720	33.4141125	2656	35.9057125	3848	38.2193625	5488	40.5428875	8496	42.7667375	12392	45.12365	18752	47.5239625	
1456	33.7037375	2176	36.2437125	3408	38.5125625	5168	40.6412125	7736	42.8032	12048	45.062625	19576	47.396325	
1040	33.8376625	1568	36.5411625	2144	38.8279125	3288	40.992475	5136	43.111425	8128	45.3292875	12584	47.5822625	
2520	33.983	3632	36.7064	5184	38.6387875	7608	40.9178625	10808	43.08315	15536	45.3802	23312	47.6959875	
840	34.2504875	1504	36.94515	2016	38.9693	3224	41.2829625	5088	43.5036625	8096	45.7097375	12720	47.88445	
1328	34.175775	1704	36.421375	2952	38.6786375	4304	40.8971625	6480	43.2597625	10408	45.51695	16184	47.8288	
1248	34.2897625	2016	36.8685	2584	38.93105	3688	40.9619	5224	43.3703875	8376	45.717075	11640	47.858525	
2720	33.8806	3880	36.5213625	5640	38.8052875	7888	40.9556375	11128	43.06905	16208	45.22265	24288	47.566475	
1520	34.09925	2392	36.5298	3520	38.851575	5896	40.781475	8712	42.9075375	13856	45.331925	21120	47.6188	
1440	33.9686625	2264	36.6596875	3368	38.568225	5464	40.709225	8632	42.995275	12856	45.3086	19232	47.5765125	
2016	33.1601	3256	35.8180875	4816	37.8620625	7488	40.1126125	11720	42.4379875	17128	44.8233625	24880	47.1875375	
3112	33.411075	4728	35.8668	6784	38.0577	9560	40.1744	13840	42.3827125	19816	44.6882625	29384	46.940175	
1616	33.41225	2680	35.8379625	4192	38.1549125	6176	40.0775125	10088	42.390475	15448	44.6030375	24416	47.018225	
1768	32.96475	2888	35.5894625	4480	37.8472125	6744	39.8354375	10296	42.2867125	15456	44.4820625	22392	46.8704375	
2128	32.3258875	3632	35.0054625	5256	37.0751625	8568	39.40805	12992	41.6622875	19920	43.8740625	31160	46.1685125	
3920	32.21215	5976	34.6843625	8528	37.016175	12208	39.1765625	17856	41.591325	25848	43.9852375	37552	46.33345	
2088	32.2289625	3264	34.5987375	5240	36.9745875	7464	39.0856875	12112	41.5977875	17456	43.970525	25736	46.44205	
1840	32.2844	3728	35.0045625	5216	37.192125	7864	39.329975	12304	41.566175	18672	43.8136	29400	46.149425	
1832	32.6687125	2712	35.0571375	3960	37.3011125	5800	39.3501875	9952	41.573975	15848	43.8207	24712	46.209925	
3688	32.4466625	5728	35.12985	8128	37.299575	11672	39.4931	16848	41.7081875	24280	43.838875	36448	46.219325	
1296	32.0612625	2272	34.9251875	3360	37.2139625	5136	39.4035125	7576	41.739775	11456	44.001625	16640	46.3933125	
1744	31.765225	2904	34.5961625	4512	36.944325	7040	39.316325	10760	41.6069375	16568	43.8419875	26848	46.1632	
2032	31.5128625	3280	34.252275	4856	36.5719	7248	38.7660375	11384	41.1422125	17848	43.5102375	27736	45.89175	
4288	31.6493875	6664	34.368925	9672	36.662975	13960	38.8911	19472	41.0152	28584	43.35115	42544	45.7770125	
1728	31.827725	2904	34.4320375	4272	36.650775	7064	38.957575	10664	41.2120125	16304	43.6468	24480	45.947925	
2184	31.3890875	3344	34.11235	5048	36.3055125	7832	38.6777125	12008	41.0414625	18224	43.5035875	26248	45.925725	
2136	31.6444625	3248	34.33145	4944	36.6538375	7664	38.9925875	11536	41.1501625	18528	43.5873375	28728	45.8986125	
4328	31.4925375	6912	34.135775	9816	36.3850375	14120	38.5593375	20568	40.832275	30360	43.1213375	44632	45.5712875	
2344	31.5137	4136	34.18045	6464	36.5331375	9752	38.6214375	15064	41.0566125	22128	43.5156875	31920	45.898725	
2200	31.4861	3760	34.12865	5744	36.3276875	9344	38.5829875	14864	40.9461875	22544	43.4309	33448	45.8740875	
2160	31.7746625	3224	34.3063125	4904	36.615	6840	38.79145	10232	41.2151	14632	43.5746875	21872	45.9360125	
4256	31.7956625	6704	34.3863125	9672	36.4956625	13976	38.7232375	20016	40.9978625	29400	43.2854125	43392	45.6619125	
2072	31.686575	3464	34.3334625	4944	36.5060625	8104	38.791625	12624	41.1351125	19416	43.3797375	30368	45.6608375	
2104	31.6707625	3456	34.248675	5208	36.47355	7696	38.7317125	11768	41.0634625	17992	43.3782125	27736	45.7986625	
2200	31.793175	3784	34.3769125	5408	36.478875	8352	38.84055	12632	41.1462625	18968	43.4087	29744	45.8002125	
4288	31.7674875	6952	34.26915	10104	36.4696	14432	38.6976625	20536	40.9774125	29760	43.3303875	43424	45.7141375	
1896	31.5800875	3112	34.059375	5184	36.4316875	8184	38.7778625	12520	41.099325	18928	43.5182	27080	45.8848375	
1720	31.943375	2544	34.6218875	4040	36.9927	6160	39.3275375	9336	41.5694875	14488	43.8335125	23472	46.150375	
1480	32.2702625	2400	34.902825	3456	37.1733375	5000	39.2184375	7920	41.4529875	13232	43.867625	21032	46.113425	
3992	32.6918125	5968	35.075525	8392	37.2911	11952	39.7720875	16680	41.8130625	24104	44.089925	36032	46.4212625	
1112	32.5133625	1832	35.05685	2792	37.2428875	4432	39.566575	7392	41.81445	12352	44.0408	20208	46.3423875	
1288	32.724475	2072	35.4036625	2992	37.5653	4776	39.967	6536	42.154175	9888	44.41715	14080	46.7687625	
1368	32.686075	2248	35.3406125	3520	37.8320875	5456	39.9888875	8184	42.239625	12584	44.635175	18888	46.9768625	
3384	32.6189	5440	35.4173875	7728	37.653675	10728	39.80425	15488	41.90765	22216	44.110425	33664	46.5471	
1328	32.4872125	2248	35.2401625	3480	37.3626	5328	39.73885	8384	41.9755375	13320	44.408775	19816	46.6957375	
1320	32.4843875	1984	35.1948	2856	37.3847	4656	39.8755125	6792	42.1535875	10296	44.693825	14360	46.840875	
1536	32.4455875	2472	35.1284125	4016	37.48945	5904	39.8117	8808	41.9182875	13616	44.38165	21008	46.5611	
3912	32.2350875	6120	34.9765	8616	37.0506	12248	39.386825	17656	41.7034375	25256	43.90865	36856	46.295075	
1552	31.9726375	2688	34.8068	4256	37.1552625	5632	39.2732375	8592	41.7294	12800	44.1626375	17968	46.4527375	
1872	32.0515125	2928	34.8393	4352	37.0935375	6464	39.3518125	9376	41.653025	13936	43.9674125	21784	46.4060875	
2168	31.8115875	3352	34.56615	5032	36.8435875	7600	39.00055	11720	41.257575	17816	43.606525	27808	46.0421625	
4816	31.6337875	7440	34.118375	10640	36.3925875	14880	38.6328	21208	40.9162	30088	43.1140375	44712	45.578125	
2128	31.344475	3432	33.928675	4688	36.17605	6896	38.4413625	10792	40.881525	15592	43.2404375	21296	45.6458875	
2192	31.409425	3352	33.9120375	5032	36.2531	7424	38.5802125	11120	40.9868875	17000	43.2570375	26624	45.6689125	
2144	31.102775	3552	33.856075	5280	36.1344875	7720	38.275775	12176	40.6481125	19864	43.0370625	30544	45.5019625	
5072	31.2901875	7760	33.9050375	11048	36.0454625	15840	38.3659	22304	40.665975	32552	42.978525	47920	45.444925	
1992	31.4824625	3032	33.8414	4664	36.29735	7112	38.54295	10760	40.94935	16192	43.4293625	23064	45.8366	
1760	31.81805	3136	34.5891625	4408	36.8569	6872	39.0631625	10768	41.3151625	16888	43.6498875	26392	45.9316125	
1576	32.180925	2512	34.8140375	3752	36.8733625	5808	39.1125125	8992	41.3806625	14240	43.581975	23952	46.0045625	
4080	32.110825	6352	34.7503125	8920	37.0809875	12688	39.3302125	18216	41.6253	25584	43.730225	37784	46.060475	
1512	32.034575	2312	34.6056375	3736	36.8742375	5624	39.005025	9024	41.3562375	14256	43.560225	22888	45.9663	
1408	32.017225	2288	34.653725	3424	36.968575	5064	39.136925	7360	41.57215	10360	43.9185125	14752	46.330175	
1568	32.0939125	2464	34.85365	3928	37.25545	5872	39.506175	8696	41.862875	12944	44.2086625	19488	46.4627375	
3984	32.5272875	5928	34.8955875	8520	37.1593375	12008	39.2917875	17368	41.670975	24912	43.773475	36784	46.1747875	
1432	32.3906875	2088	34.753725	3232	37.09695	4872	39.282625	7480	41.68705	10728	43.90865	16232	46.324475	
1520	31.9546	2536	34.5950375	3832	36.8086875	6296	39.2390875	8920	41.61655	13360	43.9632875	19040	46.322	
1816	31.7452375	3056	34.478225	4880	36.85145	7384	39.2316625	10984	41.460125	17576	43.7787125	27312	45.994125	
4120	32.1303625	6104	34.5605875	8784	36.9163375	12776	39.1783625	18136	41.3503	26528	43.6220125	38944	45.98055	
1512	31.732325	2520	34.3244125	4080	36.9101125	6096	38.9655125	9416	41.26055	14192	43.6630375	20696	45.9689625	
3016	31.1448625	4904	33.64005	6920	35.906125	11320	38.206075	16584	40.5747125	25760	42.9887625	39136	45.3798	
2144	31.145875	3088	33.608325	4808	35.884625	7864	38.1985	11992	40.39815	19472	42.9058625	31168	45.295675	
4704	31.2895	7112	33.65105	10568	35.9654125	15200	38.37875	21536	40.636125	31528	42.9631875	46432	45.35785	
1520	31.0825125	2736	33.53465	3928	35.7456125	5872	38.14785	9224	40.3618125	14904	42.7882625	24240	45.1592875	
1960	31.2052125	3336	33.68405	5120	35.899875	7944	38.237225	12336	40.685675	18768	43.1784625	27304	45.5792125	
1848	31.1365875	2712	33.63875	4128	36.01785	6256	38.304525	8832	40.654	13088	43.295	18568	45.6581625	
5064	31.101125	7784	33.7006125	11088	35.8548125	15704	38.1637125	22312	40.3452875	32488	42.5311125	48856	45.1359375	
1936	31.01325	2936	33.514275	4656	35.6955125	7288	37.9940375	12104	40.3164625	19744	42.66665	31848	45.1473875	
1648	30.9790875	2608	33.4642	3936	35.7875	5800	38.0473625	9000	40.2518125	14184	42.6213125	22576	45.22405	
1616	31.009475	2384	33.63905	3624	36.0599625	5088	38.43315	7296	40.6736875	10056	43.095125	13944	45.5107375	
4864	31.0480125	7680	33.7772125	10896	36.085125	15352	38.4005125	21768	40.6122625	31448	42.8909125	46600	45.271325	
1784	31.07165	2840	33.6934125	3976	35.829325	6272	38.0110125	10552	40.2579625	16992	42.6253625	27544	45.09115	
2368	30.821975	3752	33.253275	5696	35.4737125	9400	37.6275875	16120	39.9809625	28480	42.47265	47128	45.2825875	
2056	31.1361125	2968	33.6401125	4208	35.9173375	6048	38.1407	8592	40.4208875	12128	42.9293125	17128	45.6171	
4856	31.3248125	7288	33.7153375	10120	35.8820375	14920	38.4166375	21448	40.6557125	31320	42.9863	45888	45.392325	
1984	31.2435	3048	33.5547	4944	35.8642875	7296	38.2192625	11056	40.4033875	17904	42.793625	28472	45.206725	
1976	31.53095	2880	33.833475	4680	36.2759875	6816	38.454575	10752	40.83845	15680	43.2406875	22824	45.7497	
2464	31.6083875	3992	34.136075	5960	36.357425	8784	38.721875	13360	41.0467375	20288	43.3774875	31712	45.863125	
4680	31.4155	7424	33.93975	10448	36.2068125	14400	38.3252625	21248	40.7269125	30576	42.990825	45264	45.5470625	
1832	31.1632	2960	33.7965	4432	36.0728375	6552	38.2489125	10288	40.7774125	15400	43.1982875	22408	45.7235875	
1984	31.3532	3088	33.934075	4904	36.2746375	7416	38.62075	11304	40.9002625	18080	43.2998	28248	45.6850125	
2040	31.342325	3232	33.93745	4744	36.26825	6760	38.466	10736	40.7756875	16528	43.0688625	26704	45.5890875	
4656	31.341425	7032	33.9180125	10152	36.1610125	14352	38.3891125	21080	40.738225	30016	43.0191625	45136	45.50585	
2128	31.4424125	3312	33.963275	4880	36.181975	7624	38.4207625	11928	40.6391375	18736	42.93735	29640	45.3957375	
2304	31.6161125	3280	34.0273125	4624	36.28505	7120	38.5822875	10304	40.8448	15600	43.3426625	22504	45.72215	
2192	31.5292125	3472	34.081925	5664	36.4248375	8072	38.5933625	12400	40.8436625	18824	43.4211125	28248	45.8591875	
4744	31.4922125	7416	34.062075	10576	36.3617125	14896	38.5255	20992	40.7635625	30440	43.1408	44672	45.506975	
2288	31.1798	3696	33.85385	5424	35.9906625	8448	38.326975	12616	40.47915	19592	42.8115375	31592	45.2663875	
2352	31.4217125	3392	34.0334375	5304	36.3153375	7352	38.5394125	10904	40.797	15776	43.2254375	22704	45.6864375	
1960	31.6776	3000	34.2571625	4368	36.5040375	6376	38.723025	10056	41.1839875	14448	43.59355	20992	45.9694	
4416	31.79505	6768	34.4627	9352	36.7164375	13296	38.9451625	18880	41.296425	27112	43.5031	40272	45.83655	
1864	31.813725	2864	34.5123375	4352	36.5817125	6944	38.9666125	10312	41.1710125	15608	43.3609375	25104	45.8585125	
1632	32.1171375	2648	34.8571	4040	37.02295	5816	39.258375	8776	41.553125	13120	43.79215	19360	46.2160375	
2016	32.569275	3024	35.0297	5104	37.330125	8000	39.51625	12184	41.819725	18232	43.877925	28440	46.1882	
4064	32.1810875	6280	34.8065625	8576	37.03495	11984	39.1340125	17432	41.496975	24912	43.7233375	37560	46.098975	
1280	31.9285125	2256	34.84285	3472	37.043025	5336	39.2914875	8264	41.7382	12656	43.9800875	20192	46.2490375	
1624	31.9895625	2624	34.8125875	3928	36.9401625	6232	39.193	9352	41.4961125	14168	43.8175125	22200	46.145125	
1784	31.8899875	2664	34.723425	3872	36.854975	5576	39.045175	8544	41.5588	12816	43.8948375	18528	46.1842375	
4432	31.8916125	6688	34.5287625	9288	36.87045	12816	39.0152625	18104	41.18785	26176	43.4785125	39560	45.9126	
1456	31.956975	2496	34.7495375	3456	37.0081375	5424	39.3641375	8408	41.5861625	13000	43.8376125	20760	46.0903875	
2120	32.1739875	3000	34.82455	4208	36.90955	6376	39.260975	9728	41.48725	15664	43.8813625	24288	46.349725	
1800	32.0909375	2784	34.80335	4040	37.0539625	5848	39.2579875	8776	41.5104625	12888	44.0448625	18952	46.37765	
4136	31.8954375	6160	34.4988875	9024	36.989125	12320	39.1358375	17312	41.45375	24984	43.7658375	36704	46.14215	
1512	31.77055	2680	34.666275	4072	36.96095	6256	39.0717625	9552	41.2507	15592	43.5544875	25512	46.057375	
1520	31.918375	2392	34.638775	3696	36.930625	6096	39.2888125	9752	41.6019375	14976	43.95085	23752	46.246625	
1480	32.0148375	2480	34.5982625	4024	36.85405	6160	39.0579125	9648	41.2607125	15120	43.615325	24448	46.032775	
3832	32.2159	5880	34.925875	8344	37.2112625	11536	39.259975	16928	41.6046875	24296	43.8914625	35680	46.1289375	
1216	32.12915	1832	34.752075	2816	36.981775	4440	39.0710375	7024	41.2763375	11768	43.5122875	20232	45.842775	
1200	32.3601125	1936	34.917325	2968	37.1791875	4456	39.2680375	7264	41.6337125	11160	43.9449	17224	46.293525	
1560	32.389825	2424	34.8523	3664	37.1307125	5400	39.2241375	8320	41.4823625	13528	44.056925	20312	46.452575	
3952	31.9184	6152	34.5168875	8872	36.7961625	12752	39.0689375	18144	41.2935	26280	43.4728	39456	45.9548375	
1576	31.863875	2408	34.5589375	3864	36.7052	5888	38.8872875	9640	41.2273125	15136	43.6175	23256	46.060575	
1496	32.0131625	2072	34.6365125	2976	36.9328625	4672	39.171725	6608	41.3638875	10312	43.8113	15344	46.2879875	
1664	32.2562625	2440	34.857475	3848	37.164825	5616	39.3396375	8664	41.5080125	13192	43.893125	20104	46.3934375	
4000	32.10595	5784	34.5973625	8584	36.8720125	12264	39.0899875	17648	41.445175	25912	43.7921375	37448	46.1554125	
1744	32.0795	2888	34.519025	4712	36.9383625	7088	39.036175	11080	41.41505	17536	43.60145	27552	46.0274	
1400	32.29585	2000	34.696975	3016	37.166175	4720	39.2916125	7144	41.708925	10552	43.9517125	16384	46.3106125	
1544	32.425575	2632	34.92555	3984	37.033	6736	39.11265	10864	41.567925	17232	43.89825	26136	46.3088875	
3552	32.1607	5328	34.911	7696	37.0231125	11328	39.3180875	16608	41.6797	24000	43.8532375	35280	46.2784375	
1816	32.8967125	2704	35.4524	4248	37.52105	6976	39.8713	10784	42.09895	16720	44.416275	25088	46.980125	
1192	33.152075	1648	35.8050375	2552	37.81685	3496	39.97995	6008	42.2954625	9504	44.7771	14200	47.1388875	
912	33.277875	1360	35.8532625	2024	37.96195	3320	40.2487625	5032	42.5284375	7888	44.9220625	12096	47.258225	
2624	33.2461375	4248	35.8200375	6208	38.02715	8976	40.2147	13280	42.47	18888	44.606225	28376	46.9021375	
912	33.3303625	1248	35.89905	1840	38.1395875	2792	40.3308625	4432	42.5917	6896	44.8418625	10120	47.0628125	
1056	33.3879375	1736	35.9990625	2408	38.035475	4112	40.4398125	6720	42.6703125	11224	44.9531125	17832	47.31555	
1024	33.1840625	1688	35.7491125	2504	38.0378125	3696	40.2407125	5432	42.4209375	8968	44.880825	13904	47.28875	
3064	33.2177875	4600	35.6734875	6632	37.9860375	9600	40.174275	13720	42.343925	19272	44.529725	29000	46.8618125	
1128	33.447075	1608	35.8782875	2352	38.2956125	3360	40.6019875	4832	42.676525	7528	44.9558625	11088	47.2909625	
1152	33.4456875	1856	35.8707875	2648	38.1822125	4384	40.633	6568	42.7702625	10000	45.1245125	15104	47.4930125	
1144	33.4048	1632	35.815	2400	38.1604625	3608	40.4589625	6272	42.692625	9984	45.0680875	16464	47.21675	
2936	33.598375	4416	36.15215	6288	38.4013125	8784	40.552275	12416	42.7250125	18312	45.0657875	27272	47.471875	
752	33.7315875	1312	36.10325	2000	38.6465375	2944	40.768275	4736	43.078825	7056	45.4149875	10712	47.8257375	
848	33.7365125	1536	36.6925125	1960	38.7720625	3256	40.971675	4944	43.33625	7616	45.6955625	11808	48.027975	
1152	33.5965	1584	36.34205	2456	38.835675	3424	41.0178375	4976	43.319425	7560	45.772125	11896	48.0629125	
3064	33.2738125	4472	35.899525	6144	38.40915	8480	40.6675	12144	42.9857375	17024	45.2289125	25048	47.4646625	
1048	33.2905	1520	35.8884	2304	38.2947	3360	40.6384	5456	42.9205125	8984	45.20075	14720	47.5263375	
680	33.0273125	1168	35.742725	1792	38.19555	2528	40.4498125	4040	42.7848	7328	45.224425	11568	47.5541125	
1176	32.9986	1672	35.6714625	2296	38.0081875	3544	40.3935625	5552	42.7382875	9272	45.3030375	14856	47.6382875	
3536	33.0773125	4952	35.5890625	7032	38.0210875	9800	40.3527875	13600	42.5614625	19288	44.878625	27952	47.132125	
936	33.0592875	1448	35.68415	1992	37.9964	3232	40.4224875	5200	42.6490125	8504	45.0485125	13944	47.2939	
616	33.0252375	912	35.6875625	1608	38.1152875	2256	40.409225	3672	42.60675	6072	45.068925	9696	47.30525	
664	32.9664625	1200	35.7564125	1712	38.178975	2688	40.411725	4480	42.7417125	7392	45.1039125	13096	47.268875	
3640	32.8678375	5368	35.3091125	7424	37.5818125	10240	39.9224625	14560	42.493275	20560	44.7986	29872	47.1385625	
752	33.45045	1096	35.87445	1824	38.1058125	3040	40.460825	4800	42.7994125	7960	45.188675	12344	47.501025	
792	33.623425	1256	36.14925	1600	38.2953	2648	40.6656	4016	42.882925	6592	45.339775	10864	47.6555375	
656	33.4979625	1160	36.098575	1736	38.352175	2808	40.737125	4352	43.0368125	7248	45.4522	11096	47.695875	
3192	33.466425	4560	36.03165	6408	38.332775	8992	40.5266375	12616	42.6183	18448	45.0336875	26952	47.3701875	
632	33.2936125	1016	36.0700625	1712	38.3679375	2608	40.6176	4392	42.855925	6912	45.3181	10376	47.5608875	
760	33.6615125	944	36.1885125	1504	38.384775	2384	40.7150625	4312	43.0889625	6888	45.336025	12048	47.5748375	
432	33.6926875	688	36.2256125	1056	38.4964	1696	40.8586625	2440	43.1256375	4632	45.4878375	8160	47.80805	
2960	33.908525	4184	36.19595	5920	38.5263875	8272	40.6757625	12032	43.0722625	17320	45.4248	25832	47.7292	
648	34.1175	1176	36.54175	1400	38.68205	2160	40.8209875	4008	43.30395	5984	45.628175	9440	47.9049125	
784	34.26385	976	36.407325	1552	38.720825	2456	40.9756625	4144	43.3342125	6888	45.7002	12088	47.855375	
360	34.0040125	792	36.567975	1152	38.775	2064	41.2348625	3040	43.4104875	5344	45.692925	9064	47.7955625	
2760	34.1457125	3920	36.8361875	5512	38.9661875	7656	41.2221875	10728	43.43015	15400	45.784925	22960	48.24665	
832	34.1253875	1024	36.573575	1768	38.842	2680	41.064725	4592	43.3459375	7576	45.592175	12688	47.9991	
560	34.205925	792	36.6973375	1024	38.8464625	1584	41.1815625	2648	43.4948125	4184	45.737325	6408	48.18235	
536	33.8939125	952	36.6059125	1472	38.8614625	2088	41.1134	3480	43.53245	5480	45.7407125	8960	48.239325	
2976	33.559225	4248	36.0715125	6000	38.4787625	8472	40.7676875	11904	43.0481375	17296	45.486475	25168	47.8804125	
832	33.535875	1152	36.331375	1672	38.484975	2184	40.6783375	3048	43.06755	4536	45.4686625	6920	47.9145625	
1088	33.7058	1472	36.329725	2208	38.4947875	3656	40.7467625	5552	43.1179	9688	45.5696	14608	47.8325	
864	33.511625	1368	36.2997625	2000	38.560875	2728	40.7568125	4168	43.05265	6520	45.46115	10880	47.8306625	
3336	33.6926875	4864	36.2151625	6576	38.37255	8992	40.5178375	12784	42.9604375	18288	45.253125	26776	47.5858375	
768	33.65185	1064	36.255375	1744	38.454225	2896	40.627175	4528	42.9352125	7992	45.379375	13288	47.7876125	
680	33.848525	1072	36.6056	1512	38.831625	2264	40.8688	3648	43.2730875	5736	45.613725	9000	47.8903125	
736	34.35535	1168	36.9572875	1832	39.08985	3008	41.3170125	5024	43.4613375	8136	45.6210875	14808	47.7713625	
2744	34.1146375	3944	36.749175	5496	38.9972	7704	41.1920625	10744	43.3246	16008	45.6440625	23384	47.942475	
752	34.385775	840	36.7327	1384	39.0114	2224	41.2305875	3904	43.433925	6144	45.7710375	9800	47.995575	
624	34.22305	1144	36.81535	1584	39.13105	2616	41.35975	4352	43.45545	7480	45.698175	12480	47.795	
656	33.9614375	1048	36.738725	1608	39.0880125	2152	41.1087125	3416	43.1970625	5752	45.418625	10024	47.545	
2520	33.884775	4112	36.6331375	5696	38.82175	7912	40.88535	11504	43.082625	16552	45.175425	25040	47.5412875	
832	33.7379	1232	36.5001875	1744	38.625675	3048	40.7942625	4864	42.84675	8024	44.972375	12952	47.235	
768	33.6860375	1128	36.526025	1760	38.6733	2552	40.817	4200	42.9594125	6568	45.11925	10632	47.300925	
720	33.74405	1080	36.4086375	1632	38.50505	2968	40.7028625	4840	42.749825	8216	44.8905625	13992	47.082175	
2784	33.7613	4080	36.276975	6088	38.6055375	8440	40.7279	12144	42.8676625	17392	45.033775	25928	47.229075	
904	33.7017375	1560	36.4722625	2320	38.65215	3648	40.6592375	5824	42.69855	9920	44.93185	16680	47.1243	
880	33.4468375	1480	36.2202375	2112	38.4259875	3168	40.4653	5152	42.7621125	8296	45.0832375	13384	47.46145	
704	33.4924	1224	36.149225	2016	38.4376625	3248	40.495225	5288	42.8788	8640	45.1944	13144	47.56245	
2448	33.602625	3936	36.32185	5712	38.4828125	8304	40.6422875	11936	42.8812	17680	45.18815	25792	47.254275	
632	33.5357875	1016	36.316225	1536	38.3274125	2296	40.429825	3992	42.7575125	6648	44.940875	11008	47.0988375	
960	33.9556625	1416	36.554075	2048	38.630675	3352	40.6736	5680	42.916175	9608	45.2853125	15008	47.4509625	
712	34.0802875	1144	36.6279375	1880	38.7801625	3064	40.989425	4960	43.08605	7792	45.349	12832	47.4319125	
2304	33.704525	3664	36.1274875	5416	38.367925	8032	40.4596375	12032	42.863125	17464	44.94585	26080	47.178225	
1032	33.8785875	1608	36.253225	2440	38.37975	3768	40.61775	6024	42.8821375	9736	45.085325	15688	47.1890875	
936	33.4037625	1808	36.1158625	2728	38.265575	4000	40.4409	6496	42.6984375	10232	44.87275	16552	47.1363375	
1048	33.4395875	1464	35.885275	2424	38.2429625	3360	40.2895875	5040	42.598725	7936	44.9271125	11760	47.1784875	
2712	33.0468	4456	35.4447375	6664	37.6650375	9712	39.8617	14360	42.151075	20616	44.3655375	31336	46.7159875	
1376	32.5662875	2128	35.161025	3528	37.421525	5480	39.6206375	8936	42.0169375	13640	44.2414375	21912	46.549175	
1536	32.51275	2352	35.248125	3136	37.262525	4760	39.518625	6816	41.902825	11152	44.204625	17272	46.5846875	
1536	32.4452375	2184	34.88825	3616	37.140025	5424	39.3851625	8360	41.7116375	12744	44.14955	19528	46.6202375	
3592	32.30555	5792	34.6265	8824	36.926875	12736	39.1441875	18336	41.3982	26824	43.7607625	39280	46.17825	
1536	32.0786875	2632	34.76035	3760	36.8724875	5944	39.1851625	9728	41.5119625	15008	43.87345	23448	46.190325	
1400	32.1014625	2248	34.647	3784	36.785725	6032	39.11285	9840	41.41525	15448	43.7337375	24216	46.189425	
1384	31.8771375	2368	34.6940875	3672	36.994675	5256	39.1159125	8224	41.6223375	12168	43.9538125	17352	46.3813125	
3776	32.1175375	6032	34.6122875	8992	36.8505	12880	38.997225	18680	41.360175	26984	43.6120625	39672	45.911375	
1208	31.6669375	2040	34.3289375	3464	36.483675	6176	38.83045	9824	41.074125	15848	43.4175375	25552	45.77605	
1256	31.731275	1856	34.428125	3216	36.7002125	4744	38.9966375	7024	41.3593375	10600	43.8800375	14920	46.164625	
960	31.68275	1816	34.38585	3080	36.7340625	5272	39.1084	8016	41.4381375	12856	43.8070125	21376	46.1326625	
3992	31.7479625	6736	34.330975	9632	36.58045	14120	38.7554625	20432	41.052575	29408	43.3139	43816	45.7822625	
1088	31.723075	1896	34.3308375	3328	36.7418875	4992	38.8256875	8456	41.2665375	12552	43.5931625	18584	46.0926875	
1392	31.9825875	2344	34.6982125	3616	36.9602	6120	39.2522125	9168	41.4721625	14840	43.6985875	23960	46.0801375	
1456	32.1633625	2000	34.4962125	3176	36.78515	5112	38.9418	8392	41.184625	13720	43.4044375	22880	45.9022875	
3880	31.6912625	6360	34.1367375	9592	36.4476875	14032	38.7708875	19696	40.891525	29200	43.1904375	44480	45.7593375	
1144	31.7226	2040	34.3045875	3456	36.7061875	5144	39.021675	8176	41.3591125	11952	43.55125	18728	45.9873375	
1448	32.1011	2288	34.6721375	3464	36.7580625	5768	39.017225	9872	41.293125	15720	43.582375	24296	46.061175	
1256	31.968675	1920	34.696	3040	36.843975	4616	39.137875	7200	41.3706	11152	43.7425875	16864	46.2677125	
4088	31.9889	6192	34.4463125	9280	36.544925	13408	38.759525	19752	41.0181875	28760	43.33465	42328	45.606775	
1376	32.3575375	2104	34.7739	3360	36.8789875	5880	39.2945875	9176	41.484925	14720	43.732625	23608	45.96935	
1320	32.1056	2472	34.6579	3960	36.903075	5896	39.055275	9248	41.29115	14880	43.5713625	23536	45.89045	
1456	32.198175	2256	34.82365	3664	37.024875	5280	39.1140375	8560	41.4037	13560	43.745325	20288	46.0173	
4464	32.357525	6488	34.691325	9280	37.0156375	13184	39.1852125	18640	41.3588125	26960	43.672325	39864	45.926125	
1208	32.3633	1816	34.7557	2952	36.9649875	4920	39.15515	7936	41.2897375	13448	43.48765	22376	45.84015	
1224	32.401675	1976	34.7217875	3224	36.9956875	5104	39.3314625	8000	41.493975	12712	43.8242375	19072	46.12055	
1576	32.2027	2720	34.50785	4392	36.909275	7144	39.0776125	11488	41.3069	17536	43.7243625	26632	46.1216625	
3848	31.9092	6208	34.3465875	9528	36.6635375	13328	38.7551375	19368	41.0729125	27936	43.2618125	41976	45.6080375	
1424	32.2941375	2576	34.66445	3800	36.8157	6520	38.9931625	10728	41.298675	16816	43.687625	25384	46.058075	
1160	32.3387625	1784	34.6780625	3088	36.9655625	4888	39.2094125	8416	41.6286625	13200	43.899325	21656	46.0785625	
1024	32.1618375	2048	34.7016	3272	37.0113875	5048	39.197325	7856	41.4501375	12336	43.7352875	19640	46.1210375	
3800	32.33525	6008	34.8385375	9064	36.9480375	12864	39.144925	18784	41.3456	26888	43.5120125	39536	45.7111875	
1096	32.7248125	1552	35.0273625	2816	37.553575	4240	39.5818	6896	41.8408375	10544	44.0699	15760	46.2764375	
1088	32.7551375	1864	35.2341	2920	37.7294625	4688	39.9029625	7216	42.04485	11392	44.25755	18624	46.3091625	
960	32.943975	1512	35.2918125	2304	37.7323375	3456	39.922375	5272	41.9388	8264	44.1073875	14192	46.2652375	
3184	32.557425	5224	35.3041375	7752	37.483825	11000	39.61295	16104	41.780775	23568	43.941175	35240	46.1585125	
992	32.847275	1424	35.2744875	2576	37.63985	4136	39.732	6576	41.9998125	10288	44.2315	16248	46.4825875	
696	32.84485	1272	35.4397	2112	37.88725	3280	40.02675	5000	42.3244375	7696	44.52075	11624	46.7591	
912	32.7678625	1704	35.634275	2392	37.863275	4016	40.13185	6440	42.4190625	10272	44.72045	15880	46.8997625	
2936	33.3818125	4632	35.918475	6600	38.0134875	9664	40.3533875	13472	42.5507	19112	44.6991125	28432	46.8605625	
872	33.4921125	1120	36.0053875	2024	38.04175	3104	40.2508625	4840	42.377525	8368	44.513825	14248	46.6576375	
1080	33.035475	1856	35.7690375	3168	38.1796625	5120	40.3591	8328	42.5061375	13448	44.81115	20672	47.086	
1040	33.0833125	1440	35.5591125	2296	38.079025	3464	40.2974	5160	42.3891875	7752	44.753075	11464	47.022525	
2752	33.8861375	4296	36.33785	5944	38.4633625	8752	40.671075	12296	42.78155	18184	44.855275	27168	47.052175	
1080	33.7438375	1640	36.31295	2520	38.33845	4320	40.6765875	6832	42.7083	10912	44.7889	17816	47.1014	
1216	33.4785375	1968	35.9795875	2992	38.1923375	4720	40.2900125	8072	42.45325	13672	44.6955625	23744	47.0773375	
1056	33.4681875	1792	36.2687375	2968	38.45735	4696	40.56245	7048	42.75165	10960	45.013325	16384	47.3077875	
2776	33.5883125	4200	35.891375	6192	38.1400125	8944	40.448	12528	42.586625	18216	44.774325	27488	47.03095	
952	33.505475	1440	35.8921125	2296	38.1672875	3512	40.467725	5528	42.6089125	8848	44.9746125	13104	47.2652125	
864	33.484625	1488	35.9912125	2280	38.0939	3896	40.469925	6504	42.727275	10096	44.8808375	16744	47.0976375	
920	33.4565125	1344	35.884075	2440	38.1643	3520	40.4228	5464	42.64145	9056	44.875875	14448	47.129625	
3048	33.199075	4768	35.8202875	6888	37.969475	9800	40.2364875	14048	42.410525	20360	44.605225	30104	46.90005	
1024	33.49875	1384	35.9078625	2408	38.2223625	3912	40.4468875	6248	42.7217375	9752	45.0186125	14976	47.1709125	
912	33.3131375	1584	35.8141625	2616	38.1680375	4088	40.3198875	6864	42.6274125	11152	44.96525	17072	47.236	
984	33.1188625	1728	35.887875	2736	38.04715	4416	40.346125	7104	42.675075	11536	45.150675	17816	47.38175	
2920	33.366775	4592	35.698675	6960	38.0313375	10000	40.3742375	14136	42.619075	20416	44.7512375	30136	46.9445	
888	33.2104875	1496	35.68785	2632	38.2198	3752	40.2910375	6216	42.59235	9864	44.8006625	16208	47.0239375	
1160	33.2369625	1768	35.6163625	2744	37.9308375	4240	40.138	6368	42.3659125	9816	44.600475	15712	46.938625	
1096	33.238875	1792	35.703425	2648	37.999925	4192	40.1399125	6648	42.5097375	10200	44.7132	17216	47.0883375	
3160	33.020975	5024	35.5627625	7304	37.591025	10664	39.8027625	15864	42.124775	22584	44.4388125	33512	46.6895	
1136	33.374725	1504	35.681775	2496	37.8445625	4104	40.2953	6416	42.43805	9920	44.7914875	15600	46.970825	
1088	33.0137875	1832	35.5238125	2864	37.57035	4560	39.92165	7408	42.1081875	11984	44.523225	18688	46.82875	
1128	32.766025	1912	35.29255	3136	37.4977125	4944	39.855875	8000	42.103775	12200	44.2005375	20880	46.657025	
3328	32.5778875	5344	35.0505875	8016	37.342325	11696	39.5303375	16896	41.7116375	24616	43.913525	36976	46.422875	
1248	32.4447	1816	34.8629875	3304	37.3505	4896	39.5067625	7728	41.726725	11192	44.0058125	16208	46.5009875	
1456	32.1050875	2440	34.4030875	3952	36.8907625	6568	39.147125	10584	41.487475	16768	43.70885	26576	46.1300875	
1392	31.943875	2312	34.1736375	3456	36.638525	5648	39.0316625	8144	41.0967875	13184	43.5412375	20344	45.984575	
4440	31.86925	7104	34.2841625	10648	36.3707125	15248	38.5213375	22536	40.891975	32568	43.1363625	47664	45.6818	
864	31.7688125	1536	34.3344875	2792	36.6266375	4936	38.869275	8136	41.271175	13352	43.549225	21360	45.8696	
1232	31.7624375	1824	34.2328125	3128	36.5180125	5032	38.666525	8312	41.0819375	13200	43.3674625	20408	45.8425375	
920	31.6043125	1672	34.242425	2632	36.5215125	4208	38.7299125	6640	41.19215	10600	43.5779125	15008	46.0717875	
4304	31.6416375	6864	34.07945	10896	36.3575625	15832	38.674	22496	40.8317875	32304	43.0847875	47352	45.534025	
840	31.6732	1624	34.3483875	2728	36.810675	4312	39.1299375	6768	41.303975	10872	43.5765125	18848	45.9677	
1248	31.7384	1920	34.3393125	2912	36.5889375	4480	38.8327875	7768	41.1689	11960	43.4345375	18464	45.8880125	
1336	32.045225	2080	34.534225	3416	36.8040125	5432	39.1505625	8680	41.3701875	13592	43.5742125	21752	45.9343875	
4328	31.821175	7208	34.267425	10624	36.22735	15944	38.5034875	23248	40.7995	33096	43.139475	48488	45.571825	
1096	32.113225	1928	34.423675	3376	36.535525	5248	38.83765	8744	41.093875	13240	43.5039625	18600	45.87845	
1304	32.1867	2336	34.6320875	3712	36.7450125	5944	38.9187125	9440	41.2477625	14280	43.6023	21232	46.02025	
1456	32.26825	2288	34.5808125	3736	36.774775	6240	39.03505	10280	41.22795	16704	43.4752125	27136	45.842975	
4288	32.0405	6696	34.295675	10264	36.432625	15200	38.5825125	22144	40.935675	31856	43.161525	47112	45.660425	
1864	31.9015	3576	34.2162875	6248	36.43175	10336	38.4994875	16776	40.917	25944	43.42815	37744	45.94715	
1896	32.160675	3344	34.564075	5072	36.5609625	8464	38.7999875	13248	41.052875	21024	43.3877625	32552	45.7236625	
1776	32.0112125	2824	34.2855	4536	36.307625	7784	38.5487	12768	40.6952	20800	43.0409625	32368	45.4920875	
4664	31.7522625	7568	34.1386125	11040	36.287975	16264	38.3704625	23264	40.53805	34216	42.81895	51504	45.4635875	
2152	31.5389875	3728	34.0291875	6016	36.05215	10064	38.419875	15608	40.7402375	22920	43.08175	33272	45.687225	
1520	31.4178125	2544	33.9995	4296	36.3236125	6504	38.5729625	10512	40.9910375	17632	43.298525	27288	45.7604625	
1760	31.4410625	2680	33.951625	3920	36.136	5976	38.3705875	9664	40.8027625	14984	43.02965	23728	45.5596125	
4608	31.7609125	7184	34.0722875	10672	36.2284375	15736	38.42805	22952	40.8061875	32984	43.2248625	47872	45.6084625	
1440	31.8273625	2296	34.2501625	3488	36.2981875	5560	38.591275	8600	40.793	13960	43.11835	22648	45.47265	
1336	31.9562375	2064	34.4392	3080	36.6146125	4592	38.8207125	7336	41.1985875	10456	43.5603125	14872	45.892425	
1376	32.662425	2248	35.1324125	3312	36.9173875	6392	39.2425875	10288	41.5721125	16344	43.887575	24568	46.2757375	
3664	32.4464875	5920	34.9582625	8648	37.0884875	12648	39.167	18360	41.4025625	26728	43.5871375	40400	46.1275875	
1336	32.5792875	2008	35.05335	3296	37.35625	5056	39.4707125	7464	41.703475	11184	44.040625	16032	46.5025875	
1320	32.9965625	2112	35.46255	3432	37.7675125	5208	39.8590125	8664	42.0965875	14048	44.409675	22024	46.9756625	
1360	33.070825	2064	35.7083	3000	38.01805	4552	40.2000375	7096	42.39495	11144	44.637125	17672	46.9504875	
3608	33.2787125	5368	35.4450875	7888	37.6755	10992	39.766025	16112	41.9848	23480	44.2618625	34576	46.5600125	
1120	33.553925	1512	35.657475	2512	37.883975	4048	40.115625	6432	42.411425	10456	44.6629	15528	46.9462375	
1096	33.640775	1752	35.917	2736	38.154575	4032	40.4345375	6664	42.7727375	10368	44.9822875	16840	47.113525	
1336	33.1936625	1992	35.5659	3472	37.769075	5496	40.0687125	8936	42.25155	13944	44.489825	22376	46.8352625	
3480	33.1527	5232	35.4248625	7792	37.821775	10920	40.0523875	15736	42.201975	22600	44.3271375	32896	46.6547625	
912	33.4476625	1984	36.20445	3272	38.2728875	5088	40.34295	8552	42.6207625	13848	44.81955	21512	47.2929375	
1088	34.24565	1608	36.6901	2456	38.7833	3792	40.88475	5944	43.0269625	9800	45.1682125	16016	47.5078625	
936	33.9370375	1968	36.6103125	3032	39.0207	4360	40.8360125	7112	42.919975	11864	45.0130375	19608	47.4553875	
2640	34.098175	3944	36.4742625	5800	38.631425	8048	40.67235	11896	43.048175	17176	45.2193125	25800	47.462175	
648	33.8580875	1544	36.530775	2472	38.584525	3680	40.6616625	6080	43.0260375	9592	45.2774	14664	47.53075	
1136	33.8708875	1512	36.337025	2568	38.5597	3928	40.6887125	5888	43.0194625	9200	45.2891125	13640	47.4928375	
1024	34.10755	1656	36.358475	3008	38.499425	4696	40.5209875	7800	42.9757	12640	45.264025	19544	47.5234375	
2664	33.942975	3952	36.50365	5736	38.6954	8192	40.706525	11640	42.978225	17096	45.0820375	25624	47.3468875	
1120	33.6466125	1664	36.0654	2392	38.1975625	4032	40.2586875	6864	42.5745625	10456	44.56085	17408	46.8198625	
984	33.1735875	1720	35.59605	2808	37.8414625	4184	40.0257375	6624	42.34	10272	44.4890375	16472	46.75355	
1224	33.029225	2000	35.470225	2936	37.7176375	4264	39.8326875	6744	42.1270125	9952	44.3243	15592	46.6623625	
3528	32.5963	5352	35.23585	7992	37.3243125	11448	39.57795	16296	41.979075	23240	44.2061	34232	46.5070375	
1312	32.0951375	2312	34.7772625	3832	36.93375	5472	38.97495	9128	41.4086875	14408	43.5477125	23984	45.928325	
1600	31.674075	2904	34.4339	4384	36.5212125	7064	38.6876	11056	40.9930875	17728	43.416375	26128	45.7481375	
1672	31.78025	2496	34.33515	3976	36.541325	6232	38.6739875	9720	40.892975	16048	43.3082625	26104	45.572775	
4608	31.5093125	7392	33.8691375	10744	36.063875	15392	38.2265625	22632	40.5383625	32848	42.64275	49504	45.0366	
1608	31.148075	2624	33.5876375	4408	35.9878	6600	38.093575	11128	40.41455	18192	42.646175	30144	45.0404875	
1640	30.6347	3032	33.2249	4488	35.4145125	7232	37.6250875	11384	39.84085	18760	42.235875	29064	44.7316375	
1600	30.4425875	2840	33.0381	4360	35.2495	6832	37.5707625	10576	39.9065875	15536	42.3515125	22152	44.8625375	
5648	30.6213125	9080	33.0727125	13232	35.13245	19272	37.3250375	28136	39.62895	40808	41.865925	61120	44.42795	
1848	30.223525	3088	32.59615	5320	34.8422	9032	37.1200375	15528	39.6602	24296	42.083925	35032	44.6310875	
1792	30.2665125	3112	32.7619625	4424	35.0345375	6840	37.336975	10576	39.7055125	16880	42.224325	26440	44.6603875	
2256	30.197825	3792	32.4744125	6032	34.5472875	10864	36.883825	17568	39.128825	28680	41.6102875	45496	44.2659875	
6360	29.925975	10184	32.3019125	15320	34.5528875	22208	36.7085125	32384	38.97225	47432	41.2259125	69984	43.6844	
2216	29.34475	4256	31.9424625	6336	34.2447625	9624	36.5217375	16152	39.03295	24488	41.393825	36152	44.0316875	
2512	29.1799125	3864	31.6432125	6576	34.0122625	10200	36.28625	16304	38.889025	25704	41.5238125	35920	44.10185	
2096	29.023	3832	31.534875	6144	33.9036375	10296	36.26915	16048	38.8756125	24456	41.523775	34888	44.1663375	
7160	29.407475	11736	31.932775	17568	34.1545625	25360	36.5108375	36176	38.8543375	51648	41.20645	75000	43.7016375	
1824	29.13005	3456	31.652425	5520	33.7222375	9736	36.027175	16344	38.3955875	27480	40.850975	43944	43.3712875	
2040	29.518375	3720	32.0983375	5840	34.3061375	9264	36.75165	15064	39.138575	23776	41.5968375	37432	44.11765	
2160	29.6766875	3600	32.1286875	5992	34.336825	8712	36.650075	14296	38.993525	23248	41.513775	36520	44.019925	
5504	30.1862375	9464	32.8052875	13768	34.7133	20768	37.062	30536	39.373275	44792	41.7095375	65840	44.182075	
1872	30.1696625	3000	32.7054625	5048	34.756675	8328	37.1391125	13960	39.566325	22416	42.0732	34280	44.6786625	
1752	30.122675	3448	32.771375	5160	34.8753125	8336	37.330125	12896	39.60295	21400	42.0865875	35160	44.5332625	
1872	29.9029	3048	32.5340875	5008	34.62415	7328	36.9125375	12024	39.2583875	19304	41.805375	30888	44.271675	
5720	30.1086	9304	32.5058375	14552	34.9409375	21120	37.084425	31224	39.4994375	44648	41.8245875	66424	44.4241	
1480	29.870625	2816	32.361375	4504	34.6561125	7688	36.930125	12232	39.303425	20424	41.6745625	32544	44.1493125	
1360	30.0217125	2384	32.687725	3568	34.89065	6000	37.3096375	9552	39.764375	15360	42.210125	24592	44.5228625	
1112	30.4585625	2112	33.056075	3688	35.127025	6784	37.2324	12960	39.5338125	22592	41.9561125	35872	44.37635	
5096	30.502525	8536	32.922575	13040	35.1138375	19288	37.308475	28232	39.4710875	41920	41.757925	63624	44.23155	
1656	30.2283625	3448	32.6651625	6576	35.00245	10984	37.2135625	18568	39.58705	29664	42.03245	44640	44.60425	
1264	30.100325	2312	32.7208875	3688	35.0429125	6272	37.3691	10592	39.8072625	18184	42.1946625	30968	44.6324125	
1256	29.8962375	2216	32.5736	3664	34.9065125	6088	37.2712875	9696	39.6278875	15944	41.976375	26144	44.51345	
5464	30.3034625	9056	32.794775	13992	35.00645	20720	37.3185375	30184	39.6401	43792	41.988175	64360	44.458775	
896	30.08825	1536	32.62825	2536	34.8428	4560	37.1294	8200	39.4742625	13224	41.7926	22584	44.21225	
1208	30.15195	2120	32.6268125	3304	34.82375	5672	37.178	10232	39.648125	17616	42.1448125	27264	44.665425	
920	30.263625	1768	32.9049875	2736	35.023325	5128	37.39655	8976	39.8438125	14920	42.46255	21232	44.9121375	
5112	30.6567875	8312	32.8979625	13256	35.317825	19808	37.6773125	28120	40.0099875	40560	42.3834625	58680	44.8887625	
824	30.511625	1568	32.7721	2872	35.2088	4536	37.3980125	8032	39.6760375	14080	42.059525	23376	44.4652625	
800	30.6241375	1568	33.0505125	2584	35.4097	4656	37.6853875	8008	40.05935	13392	42.573375	19912	44.963025	
1112	31.1893875	1920	33.6042125	3064	35.9332	5288	38.12145	9064	40.433	15880	42.7544125	27672	45.08305	
4360	30.873925	7464	33.3654125	11736	35.563025	17728	37.7600375	26056	40.149575	38376	42.494475	56064	44.972325	
1048	31.4530875	1632	33.8678	2784	36.1784375	4656	38.40355	7768	40.7638	13168	43.0491875	23632	45.426575	
1024	31.42445	1576	33.8702125	2800	36.189975	4472	38.3458125	7624	40.5761125	13096	43.0144125	20632	45.444225	
792	31.52495	1416	34.0966	2144	36.4708875	3088	38.5955125	4928	40.89095	7512	43.3939125	11360	45.8475375	
3992	31.6457625	6448	34.0808375	9776	36.324825	14888	38.590475	21656	40.864825	31240	43.2143	45936	45.58495	
720	32.1666375	1384	34.5904625	2856	36.7385	4792	38.8802	9352	41.0548	15872	43.4922875	25760	45.8580375	
800	32.3779125	1280	34.843325	1912	37.0399875	3288	39.2848875	5608	41.6275875	8736	43.934525	13568	46.3767375	
856	32.0975875	1760	34.70135	3328	37.0019125	6176	39.1064875	10648	41.43875	18080	43.9992125	27272	46.3590125	
3160	32.7910875	4912	34.8206125	7872	37.14115	11560	39.2933125	17064	41.4678625	25104	43.6678	37600	45.9979375	
920	32.9288	1648	35.1740875	2712	37.4452	4192	39.528875	7232	41.820825	12064	43.9587375	19944	46.2099875	
880	32.941975	1528	35.3740125	2448	37.5516875	3784	39.7103375	5952	41.8692125	9832	44.069525	15592	46.3282375	
856	33.01665	1256	35.2553875	1992	37.5356875	3336	39.7716125	5024	41.9062375	8544	44.2082125	13360	46.541	
2976	32.8449875	4864	35.27825	7320	37.4801	10776	39.794425	15488	42.0267375	22264	44.23655	33176	46.486825	
984	33.0427625	1232	35.1368625	2136	37.4553375	3256	39.6725625	5664	41.9593875	8808	44.0527375	14856	46.276725	
712	32.9225	1248	35.2574875	1952	37.4942	3416	39.8373125	5488	42.0870625	9112	44.2875625	14536	46.5875	
976	32.736975	1920	35.3489875	2992	37.6635375	4576	39.9376125	7608	42.0998125	11488	44.2940625	18960	46.4432875	
3352	32.6521125	5328	35.063675	7888	37.173075	11808	39.3947625	17216	41.67445	24976	43.8421125	37488	46.24415	
960	32.645175	1464	35.1110375	2320	37.375475	3568	39.59395	5568	41.90775	8688	44.2625375	13224	46.55415	
1024	32.5580875	1976	34.955175	3360	37.2375875	5368	39.4189875	8840	41.7335	14128	44.0123375	21616	46.3941375	
1024	32.363175	1800	34.9912125	2840	37.2653375	4352	39.4416	6928	41.7207375	11016	44.1299625	16080	46.4998375	
3688	32.2712	5968	34.6237625	9072	36.910925	13256	39.1721125	19320	41.3983	27256	43.5208	41280	46.0381375	
1152	32.17285	2072	34.6343125	3184	37.0086625	5032	39.44775	7744	41.7704375	11696	44.011675	17680	46.260425	
1376	31.7942375	2584	34.292275	4136	36.6295	6248	38.8146625	10272	41.210625	16200	43.492775	25320	45.9725625	
1512	31.4494	2656	33.94865	4400	36.4064125	7192	38.64395	11432	41.0956625	17216	43.3186375	27688	45.6366	
4848	31.1946625	7656	33.4861375	12024	35.9545125	17464	38.2276625	24856	40.4518875	36072	42.8329625	52632	45.3120125	
1216	31.0987125	2528	33.7673625	4504	36.0402625	7760	38.193675	13408	40.6773875	21208	42.9800375	33272	45.3692875	
1816	30.7437375	3240	33.455175	5048	35.819075	7784	37.8949125	12552	40.35325	19768	42.8084125	29208	45.287875	
1720	30.6397875	2864	33.26235	4384	35.5594	7624	37.9676875	11856	40.36505	18768	42.8105625	29912	45.2022875	
5392	30.7587125	8680	33.1853875	13048	35.5122	19400	37.7807875	28320	40.1698125	40336	42.4631	59400	45.0257375	
1320	30.581875	2272	33.0511375	3880	35.4820375	6392	37.7806	10008	40.2957125	15168	42.7035625	20984	45.28665	
1880	30.4713	2864	32.8852875	4480	35.1631	7440	37.6594125	11824	40.3169375	16616	42.806	22312	45.2888125	
1424	30.6003	2552	33.1323875	3952	35.4304	6504	37.8008625	10832	40.3599875	17616	42.617325	29808	45.080675	
5400	30.608025	8896	33.1348375	13496	35.2804125	20040	37.58245	29384	39.847625	42656	42.309	62240	44.8762	
1608	30.5084625	2648	32.9741875	4592	35.321025	7744	37.6890375	12104	40.064	18776	42.5636125	27464	45.150375	
1640	30.5213625	2656	33.012975	4224	35.3585125	6376	37.7644	9992	40.111575	15208	42.675675	21456	45.221525	
1592	30.6361375	2800	33.2194875	4472	35.5893875	7040	37.8951875	10952	40.262425	18112	42.6190125	29816	45.0795125	
5696	30.3055375	9264	32.7791875	14328	35.051575	21032	37.333	30528	39.69925	43832	42.0555125	63992	44.6127875	
1560	30.22415	2816	32.8102125	4336	35.1345125	7048	37.4343625	11672	39.887975	18648	42.4400875	26640	44.95525	
1816	30.3979625	2928	32.8717	4896	35.283525	8064	37.60745	12472	39.9143625	20592	42.3679875	33664	44.782775	
1384	30.08165	2304	32.5794375	3944	35.05875	6216	37.338675	10144	39.6184	16536	42.0168	27904	44.546825	
6064	30.1774375	10224	32.7517625	15160	35.051	21984	37.3912125	31600	39.87025	44160	42.1536625	64000	44.5818875	
1488	29.7695625	2816	32.510825	4592	34.661925	7464	36.903275	12656	39.32285	21496	41.6400375	35384	44.1358375	
1664	29.8477375	2984	32.6549	4848	34.907175	7136	37.21515	10872	39.7831875	16360	42.1164875	25216	44.575125	
1688	29.8242875	3064	32.564175	4912	34.7099875	8496	36.927175	14704	39.4011	23472	41.5897125	38824	44.0965125	
6680	29.809575	10832	32.42585	16368	34.768325	23664	36.9536625	33664	39.341525	47968	41.66735	70208	44.2868375	
1224	29.256575	2848	31.998725	4392	34.2402875	7704	36.4477875	13048	38.8337125	21976	41.1366	35384	43.6917625	
1512	29.1731875	3224	31.9594	5960	34.2548875	10136	36.5888125	16496	39.0231	26072	41.5400625	37312	44.181375	
1904	29.3780625	3072	32.0075625	5152	34.409025	8632	36.8512125	14136	39.276175	22088	41.62875	36416	44.2471	
7544	29.4268375	12376	31.775775	18656	34.0034375	27184	36.2219125	39480	38.6067625	56864	40.967525	83912	43.634275	
1240	29.2155875	2408	31.7652375	4216	34.1764625	6432	36.3583625	10240	38.8458625	15712	41.422525	21232	44.090025	
1560	29.266425	2912	31.856475	4384	34.320425	6800	36.5149125	10568	39.0007625	15384	41.676075	20792	44.2931625	
1712	29.5008625	3008	32.2305875	4760	34.6240125	7960	36.873425	13104	39.2111125	20992	41.66975	34552	44.2295375	
7304	29.3183125	11888	31.6758375	18712	34.1065125	27992	36.3654125	40296	38.6627625	57608	41.0096625	84736	43.686475	
1544	29.4327625	3192	32.0605875	4480	34.3472125	7232	36.691425	11256	39.1142375	15040	41.47085	19632	44.0646625	
1752	29.5031	3168	32.0331375	5968	34.3180625	10832	36.2435125	20376	38.4866375	37960	40.8147125	69712	43.7467125	
1792	29.7548875	2896	32.25945	4400	34.5096375	7624	36.6119	11960	39.045375	17824	41.4764375	24480	44.2823875	
6872	29.7932875	11240	32.2911125	16864	34.50555	24328	36.6579875	35880	39.0191375	52112	41.3637875	76216	43.867275	
2016	30.1153625	3152	32.46945	5152	34.801075	8072	37.0161375	13248	39.4805875	19912	41.986475	27096	44.487775	
1720	30.5939125	2952	33.0608375	4144	35.2664625	6304	37.6296375	9536	40.1314	13472	42.557575	19120	45.0240875	
1560	30.99845	2976	33.521575	4688	35.8357375	7456	38.2307375	11688	40.7143625	17640	43.257625	24776	45.62485	
4848	31.377225	7808	33.85805	11744	36.108175	16792	38.3248625	24360	40.6882625	35104	43.0801625	50648	45.452475	
2280	31.52965	3784	34.0787	5592	36.2529375	8800	38.4788875	13688	40.8344875	21416	43.286875	32512	45.760925	
2192	32.5333625	3584	35.1538875	5584	37.20345	8496	39.2956625	12984	41.5742625	20888	44.2175625	29576	46.660525	
1960	32.8281	3208	35.3764	4944	37.453275	7728	39.613275	11560	42.0019125	17064	44.45185	24984	46.9945875	
4496	31.6663375	7416	34.20315	11000	36.3014375	16120	38.5237625	23192	40.78765	33576	43.151925	49760	45.719575	
2752	30.4984875	4520	32.9086875	7584	35.200475	11856	37.5225625	17400	39.8562	26576	42.509175	36904	45.0319375	
2528	30.41315	3888	32.841725	6192	34.999275	10272	37.360475	16520	39.747725	25016	42.4363	34992	44.903925	
2448	30.0939875	4000	32.5553625	6728	34.722425	11512	37.098075	18576	39.460275	30168	41.8954125	48096	44.281875	
6472	30.1755125	10312	32.5758125	15448	34.776975	22824	37.0127625	33296	39.352875	48240	41.6363125	71248	44.270925	
1680	30.11	2800	32.603275	4632	34.9000375	7552	37.253025	11568	39.691075	17064	42.0856625	23584	44.606025	
1712	30.304225	3248	33.049225	5088	35.30545	7792	37.583425	12536	39.9647	20288	42.3482875	32096	44.790275	
1632	30.2449625	2712	32.87625	4472	35.1418875	7216	37.3463625	11504	39.694425	18168	42.0647	29368	44.59305	
5672	30.3392875	9464	32.80355	14552	35.06385	21408	37.25755	31024	39.4991	45296	41.8093375	66552	44.3315125	
1408	30.299875	2680	32.9139625	4168	35.2494625	6656	37.4905875	11088	39.8680375	16200	42.293625	23288	44.8153625	
2264	30.361325	3544	32.939025	5632	35.289725	8840	37.5098375	13736	39.89485	20800	42.4086875	29768	44.92165	
1808	30.3703375	3032	32.972275	4744	35.3193625	7048	37.5692	10984	39.997175	16368	42.5226125	22152	45.0500625	
5992	30.3221125	9584	32.8497875	14760	35.077225	21552	37.2502	31128	39.536525	45240	41.9245625	66888	44.48495	
2288	30.5476375	3512	33.006025	5656	35.3544375	8896	37.6721125	14080	39.95315	22160	42.37625	33816	44.8433625	
2128	30.3971125	3648	32.9619625	5568	35.274375	8808	37.650625	13600	39.9172375	21176	42.4469875	31584	44.9921875	
2296	30.5127625	3696	33.2115	5872	35.5765125	8632	37.92495	13608	40.256325	20816	42.7125125	31832	45.09295	
5720	30.7395875	8872	33.137075	13760	35.452125	19888	37.53405	29256	39.8962125	42160	42.4212625	61056	44.988875	
2088	31.0294	3760	33.6779125	5144	35.6799125	8152	37.847975	12728	40.3698375	19480	42.919375	26936	45.435325	
2064	31.6555125	3352	34.2716	5616	36.565825	8296	38.6500375	12984	41.122075	19864	43.5941	28376	46.0777	
2096	31.6147	3256	34.1737375	5064	36.404475	7888	38.650725	12552	41.17275	19184	43.8037625	27048	46.2257	
4992	31.3857	7736	33.75375	11864	36.0087625	17320	38.2880875	25144	40.575275	36232	42.923075	52760	45.5451625	
2160	30.7255625	3760	33.2561375	6352	35.5314625	9872	37.7621375	16120	40.3156125	24384	42.75895	34304	45.4088625	
2304	30.568925	3608	33.11655	5744	35.350875	8984	37.6334875	13816	40.1219875	20712	42.752275	29024	45.3587625	
1968	30.5991375	3536	33.1864125	5456	35.3585	8560	37.661125	13576	39.9783125	21840	42.45745	35056	44.9801	
5976	30.4389	9496	32.8731375	14472	35.0788625	21384	37.387875	30784	39.785975	44064	42.1716	64632	44.8551625	
1352	30.2878	2712	32.9497625	4376	35.2648875	6824	37.580925	10960	40.089775	16112	42.5513125	21848	45.14275	
1824	30.695525	2864	33.2030875	4960	35.5244	8408	37.8733125	12632	40.253525	20384	42.675275	32816	45.1545875	
1456	30.412625	2664	33.0568375	4496	35.3840375	6640	37.5582125	11424	40.0120875	18392	42.4930375	29568	45.09365	
5672	30.643325	9016	33.09215	13664	35.3187875	20136	37.518275	29080	39.8789125	41944	42.2942	61600	44.9333375	
1584	30.8794875	2728	33.4890125	4504	35.8167125	6992	38.0917125	10824	40.4548125	17384	42.8983375	27536	45.4035	
1832	30.8252625	2856	33.382775	4576	35.7664125	6696	37.8279125	11440	40.32885	18048	42.839325	27400	45.3689375	
1944	31.1005125	3096	33.6471375	4488	35.9333	6840	38.1148875	10416	40.5638	15808	43.1603875	22208	45.6382625	
5216	31.4254875	8080	33.9117375	11832	36.2136875	16944	38.3976125	24960	40.7794375	35152	43.084275	50512	45.5369	
1856	31.231225	3080	34.004825	4384	36.056575	7112	38.2967875	11384	40.596125	18000	42.914925	29328	45.47585	
2136	31.2434	3240	33.8440625	5336	36.0943625	7992	38.34875	13136	40.78205	19784	43.2580375	28688	45.7723375	
2120	31.236025	3576	33.790875	5160	36.0557375	8712	38.482775	12536	40.8520875	19312	43.3030875	29616	45.733675	
5352	30.971775	8568	33.463375	12736	35.603575	18832	37.847375	27336	40.233725	40008	42.75045	57640	45.3304875	
1624	30.9395375	2808	33.4869875	4296	35.63855	7264	37.969175	11136	40.39125	16944	43.071425	23304	45.5700375	
1616	30.902	2520	33.4130125	4488	35.7736375	6720	37.998875	10864	40.5754375	16128	43.2138125	22408	45.752425	
1648	30.822325	3032	33.49095	4328	35.61685	7368	37.908375	11800	40.4049375	18232	43.1118	25776	45.6159375	
5608	30.69355	9080	33.1797875	13784	35.4704875	19976	37.6998375	29008	40.0656375	41808	42.4766375	60936	45.0498	
1216	30.4832125	2120	33.126375	3616	35.447125	5920	37.7195125	9528	40.267775	14552	42.777775	19912	45.327	
1712	30.6818125	2760	33.2607	4376	35.5486375	7272	37.8445875	11392	40.2894375	18128	42.6656875	29808	45.2011	
1576	30.482875	2472	32.9615375	3928	35.2391625	6312	37.50075	10320	40.0001125	15984	42.3664875	24992	44.8964	
5872	30.3585875	9632	32.7362625	14632	34.9051125	21472	37.2714125	31416	39.68465	45488	42.154475	66016	44.73465	
1296	30.199675	2440	32.7234125	4120	34.9835	6728	37.3564125	10704	39.8982375	16192	42.420525	22608	44.972625	
1400	30.2472375	2408	32.7659875	3728	35.079425	6056	37.4387625	9184	39.9764375	13648	42.6342375	18184	45.18935	
1384	30.119175	2576	32.71965	4232	35.0316	6880	37.3905875	11440	39.9837375	17208	42.6859625	24504	45.28815	
5992	30.3997375	9464	32.9538	14296	35.1079625	20816	37.4586375	30352	39.9331125	43128	42.3317875	61984	44.814375	
1280	30.25155	2320	32.8166625	3856	35.0184375	6312	37.213875	10496	39.5908375	18048	41.924725	30752	44.5210625	
1736	30.4850625	2616	32.993275	3768	35.1255375	5728	37.5074375	8488	39.90375	12912	42.4019125	17632	44.9729125	
1400	30.3102875	2624	33.0395875	4152	35.1497375	6432	37.6487375	9600	40.0232	14544	42.566175	20376	45.10715	
5944	30.3953	9504	32.92535	14176	35.03795	20880	37.4751125	30184	39.8421625	43040	42.213625	62488	44.7890375	
1400	30.26645	2496	32.910375	3976	34.9590875	6176	37.2399875	10072	39.6082625	16920	41.9214375	27144	44.41475	
2104	30.4502875	3256	33.0331875	5368	35.1911875	8600	37.4146875	13616	39.8787375	20856	42.3034625	29288	44.8063125	
2160	30.516525	3344	33.0973625	5080	35.34675	8264	37.7046875	12496	40.052475	19504	42.4166625	32240	44.94825	
6256	30.3096625	9840	32.6816625	14872	34.9037375	21920	37.1038	31976	39.419275	45888	41.852325	67584	44.4190625	
1880	30.5156375	2976	32.9340625	4328	35.1281375	7040	37.4241625	11016	39.8038875	16656	42.3801125	22440	44.898	
2432	30.5729625	4480	33.20555	6640	35.2795875	10640	37.4466875	17072	39.849275	26424	42.22175	41656	44.742075	
2888	30.288425	4392	32.74895	6664	34.93885	9976	36.9939375	15528	39.4037625	24472	41.838375	36784	44.3751375	
6392	30.280125	10104	32.694525	15120	34.771025	22496	37.0851125	32400	39.4173	46744	41.80935	69064	44.4360625	
2304	30.465575	3856	32.9816125	5912	35.070275	9064	37.4515625	13904	39.9415875	19952	42.39165	28376	44.985025	
2424	30.6515625	3920	33.2291625	5968	35.3884375	8640	37.755875	13504	40.317	20056	42.7195625	30736	45.12645	
2392	30.3313625	3656	32.7688375	5968	35.08465	9376	37.4775875	14080	39.845475	22416	42.3794375	34368	44.9323	
6616	29.9788375	10608	32.427675	15624	34.672075	23440	37.10075	33248	39.5677875	47280	41.9762625	67968	44.546175	
2168	29.351875	4008	31.825025	6920	34.159425	10656	36.447175	16872	38.8001375	27064	41.2985	42768	43.90985	
2328	29.352275	3592	31.911175	5504	34.1630875	8000	36.464875	12864	38.9605625	19080	41.5711	26696	44.1498625	
1888	29.4734625	3088	31.999175	4752	34.2939375	7600	36.583275	12520	39.136025	19216	41.75785	26872	44.2996	
7240	29.7364625	11680	32.2427125	16792	34.442475	24552	36.6336375	35320	38.855175	51856	41.2244875	77280	43.7843125	
1376	29.8761375	2416	32.470175	4128	34.8010125	5920	36.9124625	9504	39.3057375	14704	41.80935	20152	44.32905	
1816	29.870225	2936	32.5307625	4848	34.75525	8112	37.0975125	12984	39.5239625	20304	42.1747875	27496	44.5528625	
1744	30.052375	2728	32.72385	4440	35.0294875	7128	37.474475	10688	39.7102	16936	42.1747625	28440	44.5945375	
6656	29.940925	10560	32.4868875	15736	34.8307375	22792	37.0070875	33160	39.3570375	47624	41.73875	69440	44.2494	
1360	29.9308375	2664	32.560725	4576	35.0264375	7616	37.2491	12648	39.7604	19056	42.1741875	26736	44.6850875	
1928	30.044	2960	32.616025	4992	35.1674875	7576	37.4704125	11392	39.8989	17848	42.3083375	28632	44.7354375	
1424	30.14855	2064	32.6151125	3816	35.0539	6552	37.29285	11376	39.6693625	19176	42.091925	31768	44.5341625	
6008	30.48435	9344	32.885275	13664	35.089075	20136	37.403575	29024	39.7117625	41536	41.910375	62424	44.497375	
1576	30.447375	2784	32.945325	4624	35.2826875	7312	37.718675	11848	40.1547625	17344	42.5100375	23456	45.0523	
1504	30.658175	2736	33.3519	3984	35.48225	6312	37.9986	10024	40.3728	16008	42.7146125	26032	45.10535	
1576	30.7529125	2240	33.2603	3480	35.4899375	5384	37.87255	8168	40.168425	13528	42.55345	21464	44.985275	
5968	30.4998625	9392	33.03115	13904	35.28055	20296	37.557325	28888	39.8709	41224	42.1752	60336	44.7298375	
1520	30.2794375	2656	32.893775	4216	35.2013375	6984	37.592275	11696	40.0413625	18216	42.3681125	29056	44.7863	
1584	30.221625	2712	32.8219125	4032	35.1563875	5808	37.37355	9944	39.900675	15384	42.2803125	23568	44.784175	
1456	30.14955	2544	32.780025	3768	35.1548625	5944	37.38895	9352	40.0734375	14288	42.616075	19856	45.0408375	
5928	30.3721875	9344	32.863375	14176	35.2875375	20368	37.4722875	28744	39.8088625	41448	42.3080875	60344	44.81605	
1528	30.4364875	2408	32.9318875	3832	35.2858375	6112	37.4465	10320	39.7858	16336	42.0943375	26464	44.574675	
1736	30.7028	2904	33.2772	4448	35.55815	6976	37.6341125	11856	40.0947125	19536	42.586375	29624	45.0997	
1592	30.77635	2616	33.409575	3856	35.7170875	5864	37.8881	8560	40.316925	13104	42.840025	18824	45.3529875	
5816	30.7697875	8976	33.1999	13312	35.546425	18960	37.7834625	27312	40.225025	38824	42.527175	55928	44.8986375	
1432	30.5682875	2680	33.00975	4064	35.2773375	6456	37.5270625	10120	39.7974875	17008	42.178525	28232	44.6919625	
1656	30.5929625	2568	33.04555	4168	35.4023875	6680	37.7228375	10336	40.1250625	15448	42.6169875	22368	45.06865	
1608	30.7613375	2728	33.2559	4536	35.6528875	6968	37.7841125	11792	40.3133875	17760	42.8171	25712	45.253325	
5480	31.0319375	8568	33.3645125	12480	35.5805	17864	37.74915	25840	40.0398125	37240	42.3621625	55424	44.8766625	
1608	30.49685	2992	33.11065	5320	35.5084625	8584	37.7917	14200	40.2064125	21440	42.4624625	34704	44.95755	
1912	30.4757	3032	33.0009125	4800	35.3543875	7640	37.589975	11776	39.9397	19016	42.40195	29016	44.9393625	
1448	30.494925	2592	33.19315	3816	35.51415	6000	37.7084375	9368	40.105475	14248	42.6130375	21312	45.213625	
5560	30.5242625	8640	32.89065	13080	35.235825	19192	37.5835125	27808	39.8356125	40016	42.1868375	59728	44.736875	
1368	30.351125	2840	32.8919125	4568	35.283575	6776	37.5162875	11280	39.9859375	17592	42.5376375	25336	45.0783375	
1496	30.4376125	2624	33.067825	3968	35.4650875	5728	37.7916125	8264	40.1576625	12288	42.81175	17472	45.222425	
1712	30.662975	2792	33.2420875	4344	35.5592875	6976	37.816825	11880	40.23195	18296	42.839275	28312	45.3576	
5392	30.6804125	8784	33.209	12944	35.5720125	18640	37.8859625	26392	40.25475	37808	42.5203125	54944	44.9453	
1464	30.3739125	2704	33.0031	4544	35.4221375	6416	37.4619125	10664	39.9044875	17488	42.25445	27512	44.6139875	
1648	30.569925	2824	33.1878	4248	35.646725	6312	37.728625	9544	40.1610375	14440	42.6310375	20712	45.0657125	
1704	30.54945	2816	33.250575	4376	35.70905	6976	37.886475	10496	40.345875	15792	42.8585125	22200	45.2286375	
5520	30.9478625	8472	33.330875	12824	35.799175	17912	38.026825	25392	40.304125	36264	42.5838	53200	45.0866125	
1576	30.8403	2592	33.2468875	4272	35.731325	6488	37.931825	9936	40.1168625	16200	42.470575	26584	44.9511125	
1568	31.1130375	2600	33.8062875	3704	36.2100625	5680	38.490925	9160	40.84395	14208	43.157725	22800	45.4587	
1656	31.1937	2808	33.8402125	4416	36.248275	6624	38.3127	10616	40.564225	17712	42.8491625	28272	45.2332	
5096	31.3036	8064	33.87435	11656	36.058825	16224	38.1820125	23496	40.4402375	33864	42.682575	50504	45.073825	
1456	31.3401125	2456	34.0326875	3656	36.211425	5632	38.3218	8832	40.7781	13464	43.0959	19192	45.48285	
1744	31.5915875	2616	34.1883	4048	36.4757625	6488	38.7683625	9584	41.0613375	14912	43.3733875	23464	45.687325	
1680	31.311325	2664	33.9264625	3968	36.2439875	6312	38.5227625	9984	40.7692625	15432	43.113525	24272	45.433475	
4912	31.358525	7896	33.9287375	11160	36.1338875	16104	38.25665	22856	40.526	33528	42.8174625	49952	45.2639375	
1624	31.201775	2568	33.8074875	4008	36.112075	6200	38.4088875	9376	40.7241625	14096	43.1172125	20232	45.5168	
1856	31.21915	3008	33.8706	4624	36.1577375	7136	38.5669125	10600	40.8541875	15808	43.2185375	25104	45.6735375	
1576	30.8594	2712	33.5670875	4272	35.843875	6488	38.0997	10696	40.484225	16880	42.91035	25432	45.304375	
5064	31.2132375	8112	33.71835	11672	35.9234125	16784	38.199825	24248	40.468325	35208	42.8261125	51792	45.2572375	
1736	30.6382625	3328	33.1798625	5880	35.5444375	9488	37.9474375	14360	40.1168125	22376	42.48945	35144	44.9084625	
1952	30.6332875	2720	33.1875375	4032	35.4896125	6232	37.835425	9840	40.2119125	14552	42.6796125	20328	45.0908125	
1864	30.40925	3048	33.09165	4848	35.439725	7928	37.8311	12240	40.201875	19088	42.6049	30048	44.97675	
6256	30.306525	9864	32.8862125	14568	35.025275	21432	37.3177	30728	39.7267125	44296	42.0638625	64504	44.5812875	
1688	30.186225	2696	32.781475	4456	35.0063375	6464	37.3076	10528	39.8335875	16048	42.3849625	22240	44.864925	
1800	30.097725	2768	32.745125	4296	34.937175	7272	37.4669	10656	39.8274875	15896	42.5304875	22016	44.9852	
1888	30.1562375	3192	32.7485125	5680	35.1451375	8968	37.4904	14552	39.7447375	23752	42.1495	38768	44.50315	
6208	30.211875	9960	32.5576875	15160	34.8915875	22072	37.15965	32080	39.46755	46232	41.80665	68200	44.3896	
1528	30.1996125	2928	32.6918	4288	34.8925875	7616	37.2962125	12896	39.6274	20504	42.123325	30752	44.5873875	
1992	30.1680875	3304	32.7289375	5384	34.93385	8312	37.3628	13008	39.6641625	20096	42.301075	28776	44.7810625	
1848	30.2563625	3048	32.7864875	4912	35.13635	7488	37.5563	11608	39.8282375	18224	42.3101125	29632	44.7385	
6232	29.9098625	10328	32.531475	15520	34.802725	22304	36.9931625	32264	39.2803	46552	41.6131625	69224	44.2307125	
1656	29.79545	3184	32.5948	4952	34.8036	7952	37.0525125	12656	39.510575	20056	42.0041875	28464	44.5211625	
1968	29.8745	3040	32.54185	4984	34.85495	8096	37.135975	12592	39.6568125	19216	42.27995	26720	44.794525	
1640	29.9751875	2656	32.6156625	4216	35.0077	6416	37.2197125	9912	39.7625	14288	42.3751875	20752	44.9316125	
6376	30.024575	10256	32.3904375	15608	34.771375	22560	37.1023875	32296	39.370275	46216	41.7619875	67392	44.2502125	
1520	29.9825	3040	32.505125	4728	34.8082375	8208	37.2296375	13424	39.5647	22176	41.97145	36224	44.3934125	
1888	29.9974	3192	32.5474875	4600	34.8355125	7240	37.1413625	11616	39.5497	18296	42.0303125	27880	44.5263625	
1632	29.9092	3000	32.5857375	4784	34.96755	7168	37.12865	11424	39.6693	17240	42.2998375	23864	44.733925	
5856	30.03345	9568	32.5569625	14656	35.0112375	21352	37.1881	30992	39.61305	44472	42.0317125	65000	44.525375	
1568	29.9016125	2600	32.4279375	5024	34.8451	8120	37.0109	13312	39.4405875	21200	41.8140625	34560	44.30465	
1896	30.0133125	3312	32.6236875	5920	34.9802625	9512	37.1321125	16368	39.6957	25608	42.1565375	37752	44.6605375	
2168	30.117375	3264	32.7127875	5184	34.9934125	8640	37.1647	14104	39.7294375	22344	42.3378125	30912	44.8181875	
6152	30.107625	10104	32.4820875	14920	34.7312875	22224	37.064	32088	39.50755	45928	41.8908125	66840	44.3643625	
1736	29.9968	3144	32.4503	4984	34.7064625	7552	36.9095125	12072	39.2794375	19656	41.701675	31424	44.1706625	
1736	30.0579	2648	32.3644	4544	34.699425	7384	37.065525	11424	39.5046875	16944	42.0441875	23248	44.515025	
1592	30.109925	3200	32.6562625	4976	34.9819625	8192	37.3955375	12904	39.7275875	21128	42.104125	34640	44.5231375	
5976	30.1676	9640	32.4984125	14960	34.9099875	21744	37.0413125	32032	39.4348125	46320	41.828025	68216	44.408475	
2000	30.4386875	3200	32.8652375	4728	35.1374125	7272	37.348125	11424	39.8047875	17032	42.2716125	24688	44.7957125	
2072	30.507975	3656	33.1810375	5528	35.4709875	8392	37.704375	12544	40.0764	19008	42.4630875	30776	44.9529	
1816	30.40225	2952	33.048225	4584	35.31065	6880	37.446125	11400	39.8402	18312	42.30725	28944	44.802125	
5648	30.7240875	9024	33.0877	13432	35.49125	19320	37.70345	27936	40.030825	39936	42.3614375	58848	44.889425	
1536	30.6576125	2816	33.1546625	4320	35.3439375	7200	37.56325	11848	39.904475	19776	42.2009625	31480	44.688575	
1880	30.77335	2856	33.0974875	5272	35.394225	8552	37.5795625	15112	39.6898875	27464	42.0298125	49360	44.6686375	
1464	30.807525	2552	33.4081	3896	35.662925	6320	37.88945	9960	40.1234875	15640	42.6016	22472	45.036975	
5224	31.0161875	8464	33.4278	12488	35.6906875	18344	37.9818625	26152	40.1957375	37048	42.3962875	55880	44.905625	
1280	31.1579875	2536	33.7656375	4088	36.0986375	6568	38.312125	10712	40.6079875	17192	42.9306625	27608	45.25725	
1312	31.3338125	2088	33.9215	3288	36.1807875	5632	38.48815	8472	40.617475	14136	43.0008875	21912	45.377325	
1344	31.4549625	2112	33.8725875	3632	36.3880375	5504	38.6651375	8712	40.9715875	12864	43.3045	19168	45.6731	
4648	31.846925	7448	34.3759375	10736	36.6569375	15032	38.8178875	21640	41.1628625	30464	43.4107375	44712	45.7441625	
1344	32.016825	2120	34.4796875	3056	36.5736625	5128	38.9158125	8232	41.1673125	12952	43.317325	21256	45.66645	
1776	32.106725	2928	34.38805	4880	36.6078875	7408	38.6668875	11864	40.9195	19312	43.2379625	32336	45.6207625	
1512	31.7730375	2600	34.1015625	4072	36.4680875	6064	38.594075	10328	40.9145125	16048	43.1665	25552	45.48995	
4952	31.713025	7440	34.16845	10848	36.4146125	15560	38.590925	22208	40.7702125	32072	43.0644625	47616	45.5447375	
1040	31.335625	1752	33.92445	3312	36.396975	5352	38.5891375	8752	40.9591375	13392	43.4291125	19336	45.8559625	
1464	31.4066875	2472	34.1140875	3560	36.213425	5984	38.5439625	9720	40.8739875	15600	43.239775	25760	45.6567125	
1000	31.1653125	1952	34.0101875	3272	36.207225	5152	38.57625	8160	40.8444625	12896	43.226325	19960	45.59755	
4720	31.463225	7712	33.844675	11384	36.237125	16272	38.5396875	23176	40.8269875	33104	43.1245625	48424	45.555975	
1208	31.4354625	2272	34.2627	3432	36.374925	5200	38.6397125	8480	41.06135	12632	43.425	18496	45.8600125	
1352	31.8466875	2048	34.5559625	3280	36.7736125	5040	39.104125	7808	41.399425	12432	43.6990875	20240	46.05875	
1200	31.815825	2024	34.5291125	3072	36.6889	4768	38.9756875	7600	41.2084	12408	43.648225	19544	45.849475	
4264	32.4588875	6432	34.95415	9152	37.12945	13264	39.3984375	18672	41.585675	26648	43.8465875	39352	46.192675	
1064	32.5426125	1888	34.929275	3128	37.27495	4808	39.3183375	7608	41.5775375	12192	43.81125	19928	46.1952	
1272	32.815725	2040	35.2802625	3024	37.5491	4784	39.631025	7272	41.9818	10888	44.2571125	15912	46.592825	
1096	33.0717375	1992	35.673475	3048	37.8105875	4560	39.868875	7272	42.203475	11072	44.540375	16608	46.71775	
3256	33.4580125	4968	35.7699875	7240	38.14975	10120	40.2884125	14640	42.378775	20928	44.4947125	31128	46.7261	
1016	33.3820125	1832	35.9005375	2584	38.1048625	4352	40.2696	6848	42.310425	10960	44.4440375	17688	46.638175	
1208	33.85325	1800	36.069675	2784	38.393075	4312	40.6188375	6328	42.6696125	9968	44.8715875	14880	46.91235	
992	33.5367125	1464	35.9118875	2448	38.195	4024	40.393875	6848	42.424925	11032	44.64075	18384	46.782275	
3008	33.82005	4512	36.2583625	6392	38.4056375	9224	40.5819	13240	42.6467375	18920	44.884625	28344	47.0943875	
1160	33.6293375	1856	36.072425	2824	38.1951875	4456	40.1389375	7656	42.4377125	12344	44.56515	20272	46.8346625	
1168	33.788725	1944	36.262325	2784	38.4383125	4528	40.5461375	6616	42.8086	10168	44.8698625	16680	46.9985625	
1384	33.78355	2016	36.2259375	3016	38.2159375	4872	40.3939625	7656	42.654375	12008	44.59635	20176	46.9053	
3056	33.791675	4576	36.0377125	6648	38.298775	9632	40.4348625	13880	42.4482	20248	44.5937875	30368	46.9298875	
1096	33.581725	1832	35.9686125	2800	38.1598875	4168	40.231325	7176	42.5477625	10992	44.7702125	16632	47.0719	
1144	33.402575	2080	35.84905	3264	38.0364875	5312	40.204275	8072	42.263775	13168	44.544825	22008	46.7807125	
1176	33.119025	1944	35.4990625	3168	37.627	5032	39.7764625	8104	41.989325	12728	44.167975	20240	46.5544125	
3448	33.1900625	5248	35.5122625	7712	37.5908	11328	39.7726	16480	41.9568125	24048	44.1837	35160	46.450075	
984	33.2559	1720	35.7552125	2784	37.9061875	4720	40.0749375	7744	42.2694875	12688	44.41565	21376	46.718275	
1264	33.408025	1848	35.6993375	3248	38.0551875	4928	40.102875	7576	42.1381375	12256	44.4999625	19304	46.7277375	
1120	33.72925	1736	36.0242625	2528	38.2521375	4016	40.3103375	6408	42.432575	9720	44.72595	15632	47.060925	
2736	34.040025	4280	36.528175	6208	38.5943375	8912	40.7349	12784	42.836325	18624	45.1172875	27576	47.3129125	
1000	34.1629875	1600	36.591675	2680	38.7421125	3968	40.702025	6472	42.8525	10752	45.0840125	18040	47.3858125	
992	33.9614	1616	36.67245	2600	38.8455125	4160	40.8671	6744	43.1228625	10888	45.33645	17640	47.6520625	
1056	33.9473625	1664	36.6192125	2528	38.9991875	3944	41.0190125	6136	43.2393125	9456	45.4713	14424	47.8399125	
2624	34.319225	3960	36.77605	5928	39.18735	8536	41.1876	12104	43.337875	17264	45.5307	25272	47.560075	
640	33.957775	1176	36.611875	1856	38.9372625	2904	40.8792625	4608	42.984075	7312	45.2234125	12016	47.27725	
1040	33.75465	1528	36.40935	2272	38.7744	3480	40.721825	5568	42.9970125	8312	45.2614125	12496	47.45155	
984	33.8858125	1520	36.46355	2112	38.672075	3408	40.8365875	5056	43.059025	7664	45.3014375	12496	47.4981625	
2816	34.1093375	4336	36.3040375	6368	38.6504875	9272	40.8487	13136	43.01365	18800	45.19675	27584	47.41515	
680	33.74445	1408	36.11955	2088	38.4818125	3272	40.762325	4712	42.831575	7488	45.197175	11848	47.481275	
1024	33.303625	1608	35.6368875	2728	37.9779625	4472	40.317725	7472	42.6041	12088	44.9881375	18904	47.466125	
864	33.5032	1080	35.6363875	1624	37.968825	2600	40.3450125	4016	42.6898875	6768	45.212325	9784	47.565025	
2752	33.8892625	4264	35.974325	6456	38.3776625	9496	40.5665875	13432	42.7232	19648	44.9702125	29040	47.2671375	
688	33.440525	1320	35.64045	2088	38.0172625	3264	40.11985	5888	42.541675	9632	44.84565	15152	47.31295	
880	33.2590625	1448	35.4563375	2448	37.9281625	3712	40.1327375	5552	42.5751	8336	44.9109	12696	47.352825	
960	32.9850875	1848	35.3975125	2568	37.737975	4328	40.0286875	6656	42.395125	10728	44.8344125	16536	47.2706875	
2952	33.2655	4744	35.6300875	7264	37.892125	10896	40.0256625	15760	42.38915	22552	44.566975	33280	46.9618	
968	33.239875	1504	35.5237625	2360	37.7189875	4072	39.9314375	6472	42.3324	10720	44.7135	16360	47.1452875	
944	33.2495875	1568	35.58325	2528	37.773925	3624	39.850275	5720	42.2713875	8712	44.690875	13400	47.130575	
1024	33.24065	1408	35.542925	2408	37.7742125	3968	40.005025	5872	42.23345	9632	44.7794125	14848	47.2575375	
3024	33.125375	4760	35.3964875	7160	37.4693875	10848	39.8491875	15976	42.2562125	23256	44.5097	33560	46.876475	
928	32.8201125	1584	35.358275	2520	37.4758125	4048	39.7515125	5928	41.9646125	9624	44.0982375	15736	46.4986625	
1096	33.014925	1600	35.487975	2304	37.6037	3880	39.9549	6088	42.121275	10344	44.4999875	16136	46.787175	
720	32.815425	1376	35.39265	2376	37.6172125	3856	39.9856125	6368	42.092725	10904	44.3163125	18376	46.5974	
3280	32.9816375	4992	35.2041125	7632	37.497975	11432	39.7066875	16448	41.8929	24168	44.2527875	35896	46.6762375	
640	32.9472375	1296	35.2071625	2144	37.5370125	3488	39.7882875	6304	42.2701375	9384	44.4310625	15536	46.783075	
1112	32.5047125	1752	34.83775	3104	37.1794	5056	39.4193375	8240	41.6956375	13592	44.0252625	21184	46.482025	
1192	32.4168125	2080	34.9186625	2840	37.1405	4680	39.466275	7328	41.7829875	11240	44.2500375	17896	46.497575	
3736	32.14475	6072	34.444075	9296	36.67135	14248	39.008475	20336	41.2877875	29752	43.6576	43408	46.14905	
872	32.21475	1472	34.5560625	2336	36.8187375	3784	39.1321875	6064	41.4126625	9760	43.8845	14176	46.276125	
1152	32.369525	1560	34.63115	2664	36.9673375	4320	39.30975	6776	41.567475	10752	43.8884875	17392	46.2422875	
1368	31.925575	2336	34.22335	4008	36.5634875	6880	38.858875	10616	41.074975	17584	43.444	27024	45.852775	
4152	31.6942	6688	34.043075	10424	36.19775	15856	38.4293375	23112	40.6572375	33584	43.006275	49936	45.4771	
936	31.4547375	1920	33.869025	3392	36.0811875	5776	38.3467	9688	40.7811125	16352	43.2532125	24072	45.7588	
1216	31.620675	1784	33.7866125	2944	36.2035625	4480	38.57285	6688	40.919275	10544	43.353875	17208	45.77375	
1176	31.3040875	2224	33.52185	3608	35.9052875	5416	38.223425	8400	40.6077625	12936	42.9388875	20792	45.39735	
4544	31.4935625	7312	33.744775	11152	35.9446	17072	38.249475	24360	40.514925	35424	42.8241625	52280	45.2626875	
1008	31.3681625	1920	33.835825	3120	36.0794625	4832	38.3697625	7648	40.4808125	11848	42.7300875	19496	45.013475	
816	31.5600125	1560	34.1497125	2376	36.46385	3624	38.734425	5576	40.99675	8720	43.3408375	13320	45.5815	
1176	31.732675	1784	34.144375	2912	36.5269625	4888	38.6927875	8040	40.837075	14152	43.2269125	22456	45.526	
3848	31.8913	6560	34.3269375	9856	36.3716375	14920	38.5998875	21696	40.8027625	31736	43.073025	46840	45.50215	
928	32.157875	1624	34.539125	3008	36.89985	4456	38.9975625	7096	41.091975	12568	43.5265125	20072	46.0065875	
1000	32.546975	1704	35.0973625	2680	37.3132	4600	39.50175	7104	41.645175	11560	44.00815	18808	46.36535	
1048	32.4028	1696	35.136275	2752	37.3613125	4336	39.41	7448	41.5641375	12352	43.8139625	20224	46.1587375	
3584	32.1025625	6000	34.602625	9304	36.9864375	13616	39.1723125	19632	41.512625	28680	43.7929	41344	45.983975	
792	31.9263	1640	34.6954	2456	37.03365	3824	39.317525	6072	41.6622375	9656	43.9544625	14968	46.2906875	
1040	32.0990875	1560	34.7696	2456	37.217675	4152	39.4955875	6632	41.9007625	10488	44.226575	17336	46.386975	
576	31.9786125	1104	34.7160875	1920	37.1269	2896	39.3150875	4912	41.8338625	8112	44.082675	13344	46.3393875	
3520	32.36335	5768	34.72845	8984	37.211	13032	39.3550125	18880	41.9104875	26632	44.2013375	38448	46.4698125	
584	32.1293125	1304	34.575175	2160	36.9469125	4088	39.1859	6840	41.617025	10672	43.8565375	18080	46.1605	
984	32.5602	1408	35.020675	2152	37.3409375	3280	39.5950875	5400	42.08865	9008	44.3685375	14760	46.591775	
928	32.4974375	1408	34.8918125	2288	37.2756125	3584	39.47895	5752	41.91335	9648	44.1528625	16128	46.412075	
3360	32.5087875	5480	34.976575	8632	37.270875	12488	39.5221125	18208	41.8763875	25888	44.1524625	37616	46.491225	
576	32.6108	1104	35.106575	1760	37.466125	2528	39.617725	3904	41.8167625	6744	44.1293875	11280	46.3635375	
696	32.278975	1320	34.728375	2256	36.9811	4400	39.260075	7728	41.715675	13120	44.1959375	20704	46.6589875	
648	32.4784625	1128	34.788525	1736	37.14625	2560	39.4862	4656	42.1084	7104	44.5844875	10432	46.8412875	
3088	32.63955	5152	35.011125	8072	37.3008625	11872	39.5053875	17416	41.816625	25000	44.237425	36744	46.6318375	
624	32.8420875	1240	35.5003875	1728	37.7456	2792	39.981625	4800	42.3652625	8000	44.6943625	13560	47.0154125	
680	32.7613	1056	35.4633625	1592	37.593975	2776	39.9935625	4144	42.154725	7144	44.5466	12376	46.9468625	
728	33.0768625	1088	35.7796375	1680	37.9766375	2672	40.3965625	4768	42.683775	7352	44.91495	12616	47.1731375	
2752	33.0493125	4632	35.6244875	7160	37.843675	10848	40.044075	15840	42.2718	22616	44.6744625	32928	47.0298875	
592	32.974	1088	35.7848125	1600	38.0148125	2624	40.0637875	4912	42.5004	8312	44.9230125	14232	47.112675	
632	32.9524875	824	35.6189875	1688	38.1724125	2488	40.1771625	4448	42.62975	7464	44.868275	12560	47.2417625	
688	33.3307625	960	35.9239625	1320	38.3927	2192	40.6063625	3544	43.061075	5088	45.2721375	8656	47.4812375	
2784	33.4098875	4688	35.8932	7008	37.9281875	10360	40.23135	14784	42.549075	21256	44.9383375	30992	47.2027375	
680	33.58585	912	35.9271875	1688	38.151975	2920	40.486675	5096	42.8263625	8360	45.20975	13832	47.4381375	
624	33.6245625	1016	36.114125	1504	38.375975	1856	40.4875625	3136	42.851275	5664	45.29415	8664	47.4874375	
640	33.755025	1072	36.2564	1512	38.2987	2848	40.63	4888	42.9925	8176	45.42265	13352	47.6685875	
2504	33.8669125	4064	36.117425	6336	38.4331	9400	40.7517	13448	43.08735	19256	45.3759	27360	47.5683375	
520	33.7553375	1016	36.312525	1568	38.391275	2464	40.607925	4480	42.9525125	7840	45.3330375	13456	47.5707	
512	33.922575	936	36.5588125	1360	38.4228625	2424	40.7758625	4440	43.2355375	7168	45.6556875	11504	47.9254625	
504	34.38955	712	37.071225	1448	39.1921875	1976	41.245175	3272	43.8975625	5136	46.19525	8024	48.3411	
2000	34.735275	3392	37.2810125	4952	39.403675	7416	41.6302	10664	43.846675	15520	46.247975	22640	48.4916875	
456	35.1944125	712	37.786025	1168	39.796875	1760	41.9077125	3016	44.2515125	4896	46.4442125	8680	48.863325	
544	35.1995875	728	37.5083625	1200	39.6384125	2496	42.089025	3880	44.4282625	6248	46.6430125	10088	48.9639375	
576	35.154925	912	37.70085	1576	39.9315875	2368	42.0417625	3928	44.3642125	6640	46.7569375	11264	48.920875	
1888	35.3749	2840	37.776425	4408	39.943825	6424	42.11355	9536	44.640225	13544	46.889675	19464	49.01495	
344	35.4363625	752	38.071975	1104	40.2128	1816	42.423225	3104	44.84055	5112	47.1440875	8080	49.2223375	
488	36.0411125	632	38.5652625	1240	40.6693125	2008	42.6894875	3968	45.2696	6280	47.47085	10128	49.681625	
384	36.49895	472	38.7597875	768	41.15985	1416	43.2724875	2032	45.604875	3456	47.7909875	5528	49.9861125	
1448	36.9986	2144	39.3796875	3208	41.3295375	4664	43.5083375	6800	45.90555	9808	48.0302625	14584	50.269625	
400	37.3934625	480	39.6631625	944	42.015275	1464	43.954175	2160	46.1019	4072	48.356725	7232	50.3956625	
336	37.3428375	632	39.9975875	728	42.1262875	1088	44.1219	1944	46.3581	3264	48.5494	5848	50.7948125	
320	37.6792125	456	40.4271625	616	42.5121125	736	44.260925	1160	46.45565	2232	48.52915	4320	50.8021875	
1088	38.004425	1640	40.2785375	2360	42.0503375	3584	44.4727625	5248	46.4728	7600	48.5118875	11440	50.5452875	
616	37.2852	848	39.7051	1224	41.901875	1936	44.163	2904	46.137775	4880	48.3383125	7712	50.267175	
576	37.044125	904	39.71975	1128	41.5820125	1608	43.955375	2752	46.058125	4272	48.1519625	7144	50.1315875	
712	36.3473125	912	38.9218125	1400	40.8281125	2288	43.3152875	3408	45.463225	5208	47.504775	8928	49.7134125	
1816	35.7132875	2592	38.3273125	3728	40.3993375	5632	42.8408375	7984	45.0951875	11160	47.0503875	16992	49.535125	
744	35.4831125	1040	37.9977875	1488	40.17275	2176	42.5523	3216	44.5205375	5600	46.7984875	8552	49.0438125	
704	35.22905	1232	37.8339875	1672	39.879325	2544	42.3183125	3880	44.4220875	6400	46.70865	10016	48.8346375	
840	34.9030625	1040	37.2766875	1576	39.4374875	2376	42.0362375	3728	44.211625	5696	46.358225	9264	48.7161125	
2280	34.9752	3312	37.25675	4832	39.2974375	7136	41.665975	10360	44.042225	14840	46.2648125	21616	48.6010875	
664	34.99385	904	37.146725	1632	39.2726125	2616	41.5091	4704	44.06985	7376	46.30245	12016	48.7921	
584	34.3288125	1168	36.852675	1736	38.9211875	3184	41.3794	4760	43.7055	7824	46.0529625	12744	48.413525	
544	34.0656375	840	36.5892375	1520	38.8089625	2360	41.164975	3480	43.4585875	5856	45.8611	9504	48.1798125	
2520	34.2957125	4072	36.4046375	6008	38.7114375	8608	40.9980125	12448	43.390275	17752	45.6229375	25888	48.0771	
512	34.21585	856	36.442825	1216	38.555275	2056	41.03805	3360	43.43925	5432	45.807	8176	48.1708	
624	34.07705	1120	36.63125	1632	38.5673125	2512	40.924875	4224	43.348325	6968	45.69355	12024	47.9944	
632	33.8226625	960	36.4306	1592	38.45985	2528	40.9427	3744	43.227475	6104	45.6106	9816	47.8474	
2672	33.793475	4336	36.3314375	6288	38.6074875	9080	40.971325	12912	43.3291	18216	45.649425	26312	47.9794375	
664	33.4534375	1056	36.186775	1736	38.5348125	2728	40.739025	4696	42.965125	7912	45.27495	13224	47.6021625	
968	33.708025	1360	36.1594	1992	38.56655	2648	40.6716625	4488	43.032575	6824	45.35505	11128	47.837725	
712	33.389375	1280	35.8961625	1720	38.110475	3072	40.6040375	4632	42.9664	7224	45.4308125	10840	47.9579375	
2848	32.9979375	4800	35.857175	6976	37.99585	10216	40.472025	14632	42.9574	20776	45.29705	29792	47.557625	
880	32.93465	1288	35.576775	2264	37.8518875	3144	40.0719	4880	42.4579375	8096	44.908875	13520	47.1478625	
1040	32.6094875	1720	35.242575	2672	37.5722125	4464	39.844675	7360	42.3762875	11976	44.857375	18280	47.3217	
1120	32.69985	1760	35.42715	2560	37.66095	3752	39.9021625	5400	42.4786375	8064	44.9849625	11336	47.3456375	
3216	32.670625	5288	35.404275	7864	37.623625	11560	39.7027	16664	42.18025	23688	44.5198875	34448	47.0022125	
1304	32.6076875	2208	35.5789125	3296	37.70655	5032	39.8701875	8040	42.3922875	11976	44.844275	17280	47.1670125	
1328	33.090775	2008	35.850075	2872	37.87635	4512	40.1551125	6952	42.7086375	10336	45.111625	14856	47.40695	
1352	33.106475	2112	35.968175	3032	38.009925	4416	40.246925	6704	42.62305	10056	45.150625	14680	47.4570875	
3224	33.10865	4920	35.73285	7144	37.9744	10104	40.1784125	14736	42.526225	21144	44.769775	31384	47.255125	
1224	33.3330875	1976	35.9346375	3160	38.35575	4424	40.4808375	6664	42.8054875	9992	45.0503625	14816	47.48295	
1216	33.9473875	1752	36.309775	3088	38.5769375	4736	40.821475	7672	43.0741375	11864	45.443625	17640	47.82445	
1064	34.0989375	2016	36.822975	3048	38.92605	4728	41.1473375	7336	43.298675	11736	45.815	17128	47.905875	
2424	34.3578625	3656	36.89245	5320	39.0475375	7520	41.33085	11048	43.5616375	16264	45.739925	24000	47.9223125	
1096	33.9685625	1832	36.550825	2936	38.681625	4696	41.0578875	7384	43.21515	11328	45.522425	17216	47.849375	
1248	34.0307875	1760	36.4276	2840	38.7382875	4112	40.8882	6424	43.2494125	9672	45.5062375	14776	47.8895375	
1304	33.481475	2192	36.097375	3320	38.40325	5056	40.6674	7648	42.954	11792	45.23825	17472	47.6912	
3040	33.867475	4512	36.1986875	6480	38.2763	9464	40.5552375	13520	42.8163875	19536	44.8779625	29160	47.250925	
1136	33.2214	2096	35.9188	2992	38.0318375	4656	40.3533	7336	42.727725	10608	44.88815	15696	47.260975	
1656	33.0696125	2464	35.331725	4064	37.6827875	6176	39.7651	10480	41.9977125	17552	44.455325	29208	46.9204875	
1528	32.634775	2656	35.2534125	3848	37.4218	5688	39.6604375	9072	42.0704125	13600	44.5050375	19624	46.9523	
3800	32.774375	5728	35.318	8128	37.4762125	11624	39.7184125	16720	41.9888625	24144	44.1134875	35688	46.487275	
1416	32.3823	2200	34.934775	3272	37.1499	5544	39.4500125	8280	41.6321125	13496	43.8748375	21480	46.1614625	
1448	32.5206875	2464	35.1628	3528	37.4343875	5336	39.675625	8256	41.892575	13312	44.1363375	22120	46.4284	
1512	32.285225	2584	35.101425	3960	37.1372	5800	39.2564375	8976	41.423875	14288	43.671175	23344	46.0682875	
4120	32.1662625	6536	34.5728375	9632	36.828825	13864	39.0703625	19872	41.2444	28720	43.5445875	42280	45.8680375	
1240	31.7742	2056	34.299925	3424	36.6327875	5352	38.97665	7976	41.284175	12120	43.663175	17576	46.0127625	
1520	31.9328	2448	34.3334625	3664	36.59855	6152	38.9899	9688	41.2626125	15336	43.5684625	24808	45.895425	
1480	31.756875	2480	34.3824125	3512	36.6596125	5136	38.800225	7992	41.020675	12688	43.356075	20496	45.711025	
4544	31.846475	7248	34.2210875	10536	36.5135875	14864	38.60135	21544	40.9708375	31152	43.1944	46040	45.594025	
1680	31.794825	2640	34.261	3944	36.585	6088	38.8714	8928	41.184375	13544	43.51	20976	45.7804125	
2024	31.83085	3384	34.44615	4768	36.4633	7408	38.6138125	11664	40.9102	18184	43.27995	28312	45.6643375	
1696	31.6865625	2952	34.39415	4272	36.4847125	6272	38.5918375	10448	41.0843875	15256	43.4255875	22240	45.82545	
4720	31.6058375	7320	34.1299375	10728	36.3869125	15152	38.525775	22192	40.9075875	31744	43.1373875	46624	45.5653875	
1352	31.39905	2336	33.991875	3776	36.166775	6096	38.2597125	10024	40.62385	15872	42.926175	25488	45.3292375	
1360	31.1387375	2584	33.7965125	4296	36.1311375	6720	38.3024875	10704	40.8066875	16128	43.1719125	23856	45.6878625	
1576	31.1845375	2328	33.7711	3488	36.0809875	5520	38.3296	8296	40.806375	12800	43.2609625	18688	45.7713	
4672	31.4907125	7400	33.9299375	10824	36.1164625	15728	38.3060625	22720	40.6699375	32784	42.9517	48320	45.366475	
1552	31.4309875	2696	33.8602625	3896	35.8835875	6584	38.2261875	9848	40.5282875	15984	42.8234	25744	45.2388375	
1560	31.9084375	2688	34.5206375	4008	36.5941125	5904	38.8757875	9056	41.2062	13864	43.5502875	21728	45.7821125	
1584	31.8027125	2520	34.342175	3888	36.3584625	6544	38.6874	10216	40.9610875	16496	43.2792	25504	45.5963625	
4248	31.6652	6816	34.2652125	10160	36.4863125	14432	38.6286875	21384	40.9392	30800	43.2631875	45040	45.598825	
1384	31.476675	2160	34.2345625	3536	36.3754	5832	38.578875	10056	40.9195125	16832	43.3742875	25680	45.78015	
1392	31.720425	2400	34.3624	3448	36.671525	5496	38.8609625	8144	41.2007125	12560	43.5698625	20120	45.86725	
1832	31.6493375	2872	34.111625	4312	36.382225	6840	38.5700125	10896	40.8863	17360	43.2749875	26968	45.6146875	
4160	31.5352125	6840	34.1520875	10312	36.4408	14872	38.657275	21616	41.0678875	30800	43.329825	44928	45.7294875	
1592	31.3830625	2488	33.97705	3904	36.1299625	6168	38.43205	9152	40.6197125	14984	42.8790125	23840	45.24055	
1480	31.5257	2456	34.148375	4040	36.6674125	6064	38.883025	9608	41.1425875	15136	43.36275	23896	45.64335	
1624	31.43525	2360	33.9677	3376	36.2229125	5696	38.5362	9128	40.686925	14720	42.9590875	24024	45.3228125	
4208	31.3171375	6856	33.8478625	10608	36.168925	15200	38.4559	22056	40.837975	31776	43.0911	46640	45.5065875	
1224	31.0434625	2264	33.698825	3496	35.8336625	5776	38.105125	9320	40.3732125	15392	42.69845	25688	45.060925	
1200	30.9761625	2080	33.6815875	3256	35.851425	5176	38.197025	8208	40.514475	12480	43.0074875	18520	45.4342625	
1272	31.5638375	2216	34.2764875	3584	36.4583	5936	38.71325	9664	40.914325	15464	43.328275	24840	45.6634	
4352	31.8554625	6904	34.09865	10376	36.3559	15000	38.4475375	21768	40.677625	31760	42.9509	47328	45.37665	
1144	31.4828	2272	34.0021875	3720	36.3444625	5808	38.490825	9096	40.7560375	13944	43.1638125	20872	45.7082625	
1384	31.562125	2176	33.94415	3656	36.33015	6248	38.4699375	10472	40.8074875	16512	43.1784625	25784	45.719475	
1384	31.46085	2368	33.9894875	3512	36.2439	5464	38.3801625	9144	40.894825	13936	43.3616	20672	45.8189375	
4432	31.4409125	7160	33.8931625	10496	36.1068625	15904	38.4670625	22624	40.7476	32440	42.9953625	47920	45.33585	
1192	31.5424625	1936	34.1224375	3072	36.21445	4512	38.400025	7392	40.5289625	12024	42.806575	20712	45.162075	
1144	31.8712125	2000	34.4089375	3016	36.574825	4648	38.765775	7784	41.1699875	11840	43.3763125	19768	45.744175	
840	31.52355	1672	34.2642875	2832	36.1700875	5000	38.4892	8480	40.7905	14072	43.0426625	22792	45.4341125	
4144	31.60085	6800	34.029725	10168	36.1845875	14712	38.458	21800	40.760375	31424	43.0039125	46752	45.3455625	
920	31.8298	1616	34.106325	2456	36.39385	4048	38.6299125	7048	41.0615125	10928	43.2877125	17080	45.705175	
1112	32.0477	2104	34.5744625	3272	36.7774	5512	38.9244625	8640	41.3112	13856	43.4810625	22608	45.7928125	
952	32.045025	1488	34.4933	2440	36.631225	3968	38.7327875	6736	41.06235	11376	43.2689875	19352	45.6957875	
3544	32.1733625	5824	34.7242	8704	36.8546375	12816	39.21	18832	41.514775	26704	43.6736875	39768	45.9610375	
1224	32.1124125	2040	34.622775	3128	36.716625	5064	38.9122375	8096	41.0622875	13824	43.267575	22816	45.5705	
1104	32.0664	2016	34.682125	3072	36.8021625	4736	38.989925	7264	41.1158125	12280	43.52535	19264	45.8896125	
1048	32.0095625	1824	34.696025	2712	36.7963625	4648	39.005725	8072	41.3123125	12328	43.6875625	19640	46.1793375	
3568	32.5136625	5616	34.942975	8440	37.0128125	12760	39.2389	18288	41.3778875	26968	43.5679375	40560	45.9405	
1328	32.4625375	2304	35.072975	3456	37.0609	5488	39.3455125	8728	41.5101375	14448	43.9376125	23328	46.207	
1272	32.199525	2128	34.7744125	3400	36.996725	4960	39.204925	8040	41.5673	12216	43.808925	18824	46.18895	
1280	32.12715	2472	35.0644	3568	37.1746875	5320	39.3973875	8512	41.727675	13528	44.0082	21272	46.2983625	
3552	32.4362875	5920	34.9082125	8840	36.9858625	12664	39.14675	18488	41.393	26776	43.59425	40896	46.03895	
1344	32.00005	2288	34.58355	3640	36.8031625	5480	38.9595375	8688	41.3627875	13200	43.6464625	19712	46.1200125	
1672	31.682825	2584	34.329475	4048	36.599925	6064	38.8511375	9384	41.22415	13656	43.57995	19848	46.063225	
1864	31.6360875	2800	34.1322875	4360	36.395625	6792	38.6019625	10488	40.9912625	17056	43.4330375	26904	45.774025	
4544	31.520125	7328	33.989025	11216	36.2704125	16080	38.3704625	23472	40.7738875	33480	43.0083625	49400	45.5350375	
1664	31.0829625	2736	33.6058875	4392	35.8921875	7016	38.2133125	11256	40.7467	17400	43.2191125	25168	45.70415	
1800	31.2010375	2592	33.780075	4152	36.0972625	6808	38.4542375	10544	40.7982875	16608	43.151075	27216	45.5943375	
1632	31.1233375	2648	33.71385	3832	35.9891	6208	38.324675	9808	40.6738375	15448	43.01845	24256	45.4544375	
4960	31.455775	7728	33.7251	11544	36.037625	16912	38.281575	24144	40.4905125	35032	42.7948	51792	45.356325	
2088	31.2925375	3072	33.6475125	4632	35.9279625	6968	38.2046125	10880	40.5621125	16328	43.0595875	23192	45.5457125	
1952	31.153075	3440	33.7025875	5736	36.179725	8336	38.3229875	12544	40.65035	19472	42.99895	31144	45.457625	
2032	30.9805875	3432	33.5953625	5176	35.8675875	8032	38.1282125	12296	40.4155	19216	42.7895	28968	45.2415875	
5480	30.7557125	8592	33.4279375	12904	35.7217625	18144	37.8405375	26320	40.196675	38328	42.5703375	56936	45.2803875	
2472	30.7105875	3672	33.212575	5856	35.5099375	8744	37.880825	13472	40.2635	19504	42.7970375	26904	45.394225	
2392	30.6599125	3800	33.2327625	5672	35.5132125	8296	37.812475	12568	40.3481	18936	42.9287375	26416	45.4943	
1976	30.41945	3472	33.2870625	4784	35.451075	7520	37.8565125	11664	40.4180625	16728	42.9956375	23712	45.4692	
5576	30.5272875	9088	33.2168625	13544	35.572825	19528	37.9044875	27512	40.3185375	39144	42.650325	56400	45.1727	
1936	30.2682375	3432	33.0621	5496	35.334775	8536	37.5645625	13904	39.9936625	21808	42.3283375	33584	44.9116125	
1920	30.6681125	2760	33.2884	4712	35.6627625	7080	37.852725	11392	40.3321875	16608	42.747425	22920	45.2433875	
2016	31.3699875	3496	33.7698	5736	35.9889875	9880	38.317	15552	40.7709375	23360	43.0814125	32960	45.5967	
4992	31.0933375	8032	33.6803125	12136	35.9523875	17208	38.0752125	25248	40.365375	36552	42.722725	54312	45.3344375	
1936	31.0899375	2992	33.625775	5256	36.0783125	8440	38.2058125	13400	40.5982	20440	43.0772625	29688	45.56845	
2168	31.293075	3272	33.645075	5272	36.0763125	8672	38.28895	13496	40.64295	20384	43.1511375	29032	45.6872375	
2200	31.1057625	3952	33.7534125	5576	36.129375	8408	38.2485	13440	40.8724125	19672	43.3842625	28192	45.8798875	
5304	31.456025	8184	33.7666625	11960	36.1408875	17008	38.3678125	24184	40.5999125	34768	42.9176	51216	45.502625	
1968	31.6757	3312	34.1180625	4472	36.2769625	6968	38.6280625	10768	40.8961625	16176	43.5108875	22384	45.9982875	
1944	31.812025	2936	34.296075	4752	36.54765	7344	38.799375	11984	41.1615625	17520	43.563975	25392	46.05135	
1632	31.5159	2680	34.2133125	3928	36.384075	6104	38.6255	9720	41.033725	14104	43.4775375	21016	46.0422	
4936	31.4520875	7560	33.966	11016	36.203075	16112	38.3625875	23368	40.648325	33632	42.9488375	49224	45.4033625	
1856	31.263275	2856	33.813925	4512	35.982625	7392	38.3767625	11592	40.6327875	17960	43.0175125	26144	45.608	
1728	31.07015	2800	33.7009625	4128	35.8684625	6096	38.111825	9624	40.5114	14584	43.1117	21120	45.670425	
1760	31.008675	2936	33.723875	4456	35.881875	6600	38.081375	10120	40.5226	15232	43.106525	21608	45.595475	
5496	31.18625	8680	33.87405	12128	35.89135	17832	38.135475	25560	40.4925625	36456	42.8304625	53056	45.248175	
1832	30.8225625	2912	33.5974875	4552	35.708075	6728	37.8515375	10656	40.1689875	16408	42.4696375	26952	44.926625	
1976	30.82365	2912	33.5168	4872	35.646125	7976	37.90785	12744	40.2663125	19328	42.7085125	29064	45.1823375	
1800	30.7781375	2840	33.5023	4248	35.69965	6376	38.042275	9808	40.4278	14608	42.8755375	20792	45.3196375	
5232	30.8491375	8424	33.54875	12608	35.8578875	17968	38.117225	25448	40.3698375	36848	42.6516625	53368	45.0010625	
1544	30.66825	2608	33.335375	3832	35.57395	5912	37.6087875	9976	39.894675	16328	42.1424875	27816	44.616275	
2016	30.7689875	3088	33.3886	5072	35.6325	7688	37.7917625	12464	40.2127	18776	42.5450375	26288	45.0253375	
1880	30.695375	3192	33.4435125	4712	35.7040875	7176	37.883925	11152	40.416625	16872	42.8266625	23576	45.263625	
5136	30.896	8208	33.495975	12056	35.8286	17552	37.96315	25176	40.0811625	36896	42.376875	54792	44.8818375	
2056	31.2169125	3240	33.777825	4968	36.0279875	7488	38.2742375	11744	40.6065875	17096	43.02515	23776	45.3867	
2592	31.2014625	4032	33.6183	6960	36.03365	11024	38.324025	17208	40.620275	25504	43.1471625	36856	45.6419	
1752	31.2736	2920	33.7663625	4720	36.204525	7560	38.4819375	11824	40.7090375	18352	43.3268375	25808	45.7435375	
