16.38	37.88081015625	10.5925212821165	24.945	39.9357078125	6.59947791155762	38.58	42.27229609375	3.85345907940376	61.245	44.48345703125	2.31597921655558	93.27	46.5497046875	1.43916269208961	151.425	48.66746328125	0.883759372716951	246.15	50.8682484375	0.532421417225686	
14.655	37.84961015625	10.6688926486972	23.55	40.501928125	5.79278684694262	36.135	42.551390625	3.61361015795025	56.37	44.8431953125	2.13187054704602	89.775	46.79822109375	1.35912140249636	143.7	48.908521875	0.836042149874727	241.965	51.164496875	0.497313986305017	
14.265	37.99082734375	10.3275576152708	22.095	40.7503	5.47079398643467	33.315	43.012203125	3.24982554705322	51.3	45.2067390625	1.96067880722039	81.225	47.17131640625	1.24723623687695	129.69	49.1834609375	0.784755317423339	212.655	51.39384296875	0.471732788938976	
14.04	38.4620546875	9.26562868533702	21.585	41.334796875	4.78190202092984	31.005	43.69200234375	2.77894612009903	46.305	45.72084140625	1.74179171414253	69.18	47.73091015625	1.09645129604196	111.66	49.77410390625	0.684967507021607	183.75	51.922809375	0.417637438434813	
8.73	40.88015703125	5.30963488167023	12.105	43.60692421875	2.83392230215683	18.63	45.79673671875	1.71161738501428	26.775	47.817190625	1.07488325761914	41.895	49.8378890625	0.674980854751141	72.12	52.0246640625	0.407956591542348	122.64	54.2613265625	0.243751728810708	
5.895	42.19589765625	3.92184653382612	8.745	44.62311640625	2.24268728206521	14.205	46.60685703125	1.4203476522419	20.835	48.53506640625	0.911116098485146	34.785	50.5113640625	0.578021449351337	61.95	52.9386421875	0.330534002127801	107.37	55.2206828125	0.195439381520936	
10.365	40.26886953125	6.11214161065893	14.79	42.89088671875	3.34188644663321	21.915	45.10947734375	2.00508425409813	33.48	47.3224390625	1.20458223679365	52.23	49.20375546875	0.781096719789884	83.49	51.24709296875	0.487945215575701	144.945	53.5764140625	0.285390133497941	
5.715	42.0705375	4.03670126607498	8.865	44.43295859375	2.34306588897337	12.45	46.3491390625	1.50718462307367	20.415	48.51957421875	0.914372042983149	33.72	50.3688140625	0.597308857039477	58.905	52.365178125	0.377192065409644	109.815	54.68577109375	0.221056480638049	
5.565	42.2553234375	3.86854824291958	7.695	45.2130609375	1.95782679099215	10.965	46.8784046875	1.33425823555941	15.735	49.097171875	0.800503386208672	26.73	51.0181921875	0.514352839979881	47.265	53.0229078125	0.324182509353841	89.655	55.46285390625	0.184839578815394	
4.98	43.164725	3.13767430250512	6.045	45.22709140625	1.95151197351822	8.91	47.34091328125	1.19946901252474	13.38	49.548925	0.721419472970851	22.38	51.41648515625	0.469279783463353	40.605	53.5610671875	0.286400414459333	78.03	55.99936484375	0.163359304781715	
4.56	43.7616109375	2.73476030261524	5.985	45.42743828125	1.86353061839203	8.58	47.58500625	1.133913003859	14.385	49.49682890625	0.730125421966894	23.805	51.2622921875	0.48624051432853	45.555	53.28545078125	0.305165394006867	91.335	55.83621796875	0.169612776710454	
5.115	43.77039140625	2.72923681088762	6.195	46.23233984375	1.54826885104239	9.105	47.54530703125	1.1443257158879	14.25	49.2487125	0.773052716955046	24.27	50.961196875	0.521147517540555	45.78	52.953115625	0.329434287378081	92.19	55.29356796875	0.192186803699889	
7.155	41.52390078125	4.57815279146604	10.755	44.12891328125	2.51298000316371	14.97	46.1324171875	1.58430445021942	23.505	48.09780390625	1.0076274038606	38.865	49.94983984375	0.657803797739115	67.32	51.90789140625	0.419074485251813	122.685	54.035328125	0.2567719317318	
8.565	40.34016875	6.0126162445353	13.575	43.30592890625	3.03729846209468	20.67	45.750728125	1.72984642499838	29.835	47.75394609375	1.09065087341884	46.515	49.67840390625	0.700228801885046	76.845	51.72211484375	0.437390027097068	133.695	53.94299140625	0.26228969025782	
5.625	41.7666734375	4.32925350389264	7.05	44.77388984375	2.16616421237487	10.98	47.410359375	1.18044137515411	16.65	49.1072828125	0.798641878499564	26.565	50.955609375	0.521818441502881	48.225	53.016309375	0.324675429239884	94.2	55.476740625	0.184249491678411	
4.83	42.358303125	3.77789643594695	6.54	45.8341890625	1.69692033720007	8.76	48.19531484375	0.985255519471219	12.525	49.90988828125	0.663882976914983	19.995	51.85436640625	0.424271363993007	37.455	54.085671875	0.253812597326513	74.475	56.75231953125	0.137356244376291	
4.47	41.41747578125	4.69172753029088	6.21	45.3121421875	1.91366600557733	10.56	46.97291328125	1.30553654350475	17.43	49.31999609375	0.760467663010952	29.085	51.2772671875	0.48456678538251	50.55	53.39178671875	0.297784226058374	93.18	55.86114765625	0.168641942215119	
7.425	38.6345453125	8.90483403424113	13.26	41.21863359375	4.91153226634684	27.27	43.4363578125	2.94743732970002	48.18	45.659615625	1.76652097466844	80.205	47.68720859375	1.10754020733571	133.32	49.6893109375	0.698472427968201	224.865	51.94794765625	0.415227009204853	
6.405	42.7126984375	3.4818536845493	7.11	45.85964765625	1.68700199138484	9.72	47.676840625	1.1101874110974	13.59	49.5362015625	0.723536099999203	22.65	51.58943125	0.450959183896873	39.99	53.711871875	0.276626112397022	75.255	56.123028125	0.158773328136456	
4.995	41.6795984375	4.4169300056185	5.895	45.0531140625	2.03127608120142	8.265	47.011496875	1.29398926484846	12.135	49.5057234375	0.728631624998962	20.175	51.264225	0.486024162824124	37.86	53.3406484375	0.301311367926104	75.96	55.7905671875	0.171405061443592	
5.22	41.70338125	4.3928081441032	6.69	44.99761171875	2.05740214835727	9.015	47.285984375	1.21473605847994	12.63	49.36176171875	0.753189382036838	21.33	51.29721640625	0.482346043188404	37.5	53.50273515625	0.290273136227697	72.54	55.76830546875	0.172285930965969	
4.62	42.49318671875	3.66236554012799	5.985	46.08907421875	1.60019511025068	8.19	47.677021875	1.1101410791089	12.27	49.7452140625	0.689539190400777	20.685	51.76558515625	0.433033849022601	36.525	53.87127578125	0.266656873473544	68.13	56.21256328125	0.155533531380383	
4.77	42.9422015625	3.30263215246785	6.075	46.4491390625	1.47287691251984	8.445	48.4266	0.934158050496976	12.24	50.21266796875	0.619175215525702	19.62	51.9251109375	0.417416168294178	37.365	54.2290703125	0.245568880074476	70.275	56.7678953125	0.136864504554663	
4.785	44.412934375	2.35389411635175	6.15	46.64819453125	1.40689247822842	8.025	49.01996171875	0.81486223164523	11.895	51.03099453125	0.512838838307327	18.375	52.4152421875	0.372868883335238	34.56	54.40962578125	0.235568807115504	65.355	56.8915484375	0.133022626038801	
5.07	43.703784375	2.77141729831318	7.185	46.348528125	1.50739665901078	9.99	48.66481796875	0.88429783957466	12.15	50.65690078125	0.558972294704302	21.72	52.25531796875	0.386855311430003	40.995	54.1003921875	0.25295376163582	76.575	56.26517265625	0.153660801885677	
5.835	42.49564140625	3.66029610955857	8.325	45.17423046875	1.97541030043971	11.955	47.17492421875	1.2462005511534	18.255	48.9044625	0.836823968512525	28.11	50.944653125	0.52313653122368	51.315	52.96612421875	0.328448996253092	95.7	55.20970859375	0.195933863202614	
5.325	41.69180546875	4.40453245033495	6.885	45.17609921875	1.97456047295209	10.08	47.46371328125	1.16602814342119	16.5	49.59316484375	0.714107963960689	24.48	51.4103578125	0.469942344942202	45.63	53.5243609375	0.288831308081366	86.61	56.009996875	0.162959871437424	
6.15	41.5057125	4.59736633037024	7.935	44.46661328125	2.32497899033427	11.535	46.50024609375	1.45564593357815	17.67	48.3311546875	0.954915388605014	29.925	50.08149375	0.638162067216522	55.635	52.245065625	0.38776963545155	103.35	54.5406140625	0.228569855964504	
4.74	42.81319765625	3.40220591457545	6.375	45.48454453125	1.83918708136113	8.61	47.62709140625	1.12297792775404	12.435	49.57032578125	0.717873270094232	21.435	51.3315203125	0.478551111878105	40.485	53.3540765625	0.300381170040654	78.825	55.587375	0.179615106802785	
5.28	41.9997125	4.10307174405731	7.365	44.31817109375	2.40582066787435	11.565	46.595578125	1.424041180284	18.435	48.36846953125	0.946745844872757	30.9	50.4717578125	0.583316927560621	54.585	52.56068671875	0.360588348090665	103.08	54.8076390625	0.214939609053495	
8.655	41.44836953125	4.65847112322207	12.495	44.198921875	2.47279533853588	17.43	46.47756171875	1.4632690573417	25.89	48.21610703125	0.980549805200012	40.095	50.0759484375	0.638977428329983	67.185	52.08565703125	0.402267232570389	120.45	54.27080546875	0.243220296736799	
9.87	40.0408859375	6.44157054171119	15.09	43.16299140625	3.13892703275556	21.69	45.52381875	1.82262988039711	32.745	47.41903203125	1.17808644145539	49.995	49.1722875	0.786776918925087	82.395	51.04911484375	0.510703549719203	144.72	53.08973046875	0.319232658027207	
9	40.0640546875	6.40729754046938	13.875	42.8159859375	3.40002231271505	21.045	44.914203125	2.09729754444019	32.655	46.97158203125	1.30593679310462	51.12	48.86715	0.84404453229658	84.51	50.80139921875	0.540680166664663	149.67	52.8176296875	0.339873569052664	
7.53	40.46132421875	5.84719986693843	10.935	43.59844375	2.83946150894319	17.625	45.54945078125	1.811904412996	26.97	47.5888953125	1.13289805091279	42.345	49.39635390625	0.747213948191349	73.005	51.30845625	0.481099312034643	134.805	53.3559078125	0.300254537747427	
5.715	42.1878953125	3.92907962043955	7.905	44.74865859375	2.17878562616524	11.595	46.6167421875	1.41711841672258	19.35	48.40765	0.938243060350113	31.605	50.12091875	0.632395084925415	58.23	52.069384375	0.403777322055814	110.565	54.26661484375	0.243455099849728	
8.295	40.35051171875	5.99831389652409	11.73	43.0785234375	3.20057506277872	18.495	44.98404921875	2.06383721324361	29.28	46.858296875	1.34045016767325	48.105	48.77333046875	0.862476586109547	83.7	50.65769375	0.558870242498496	152.31	52.717384375	0.347809887060723	
10.965	39.01566171875	8.15669435730143	17.64	41.5858828125	4.51327794241268	28.44	43.71194765625	2.76621285513292	45.645	45.7538578125	1.728600282414	73.455	47.77806484375	1.08461067984833	119.79	49.75299296875	0.688305221275381	203.325	51.93305703125	0.416653138675516	
4.995	42.1644875	3.9503139358825	6.555	45.126828125	1.99708959224287	10.725	47.048815625	1.28291770405063	15.99	48.87351953125	0.842807531200052	27.39	50.72533984375	0.550232674421628	50.34	52.6301265625	0.354868707407182	97.32	54.870803125	0.2118361371173	
4.8	42.8076234375	3.40657548790984	6.075	45.85056484375	1.69053387067915	8.055	47.05516484375	1.28104349791671	12.87	48.92936953125	0.832038471947489	23.175	51.07677109375	0.507461678350365	46.62	53.14510703125	0.315187987875678	88.05	55.3878828125	0.188058115421386	
4.89	41.58563984375	4.51353044761846	5.94	45.46511796875	1.84743243422661	8.37	47.7690109375	1.08687416855696	12.84	49.265984375	0.76998439464206	22.845	51.30455	0.481532230177165	43.47	53.44891953125	0.293892435388989	87.06	55.83235390625	0.169763753995892	
5.49	41.868028125	4.22938819120628	8.325	44.30673984375	2.41216147219444	12.285	46.577628125	1.42993912230701	19.2	48.67329375	0.882573708528868	32.55	50.57190859375	0.570019222575352	57.48	52.58826796875	0.358305573710168	105.855	54.83410703125	0.213633648587426	
5.655	41.54846328125	4.55233310329029	8.49	44.10181953125	2.52870640007309	11.805	46.3384953125	1.51088298240533	19.575	48.71427578125	0.87428450764743	32.61	51.0119015625	0.515098404438104	57.54	53.0217921875	0.324265796750718	99.78	55.09758046875	0.201058442511501	
5.475	41.91701953125	4.18194587594756	8.565	44.2357796875	2.45189795896124	12.435	47.48881796875	1.15930728245273	17.085	49.1949484375	0.782682308212247	27.96	51.06752890625	0.50854275355486	49.185	53.103540625	0.318219140484616	92.61	55.39669296875	0.187677004893703	
5.28	42.1236625	3.98762317069186	7.785	44.69978515625	2.20344312605264	10.845	47.25225703125	1.224206434209	15.66	49.36297578125	0.752978858711759	23.595	52.18011171875	0.393612778307487	40.86	54.182771875	0.248200797934815	74.955	56.5028140625	0.145478546942472	
4.485	42.56693515625	3.60069922509225	5.505	45.18637109375	1.96989578753114	7.815	47.88699296875	1.05774520193352	11.04	49.8626265625	0.67114707938384	15.81	52.0047484375	0.409831671299244	32.04	54.25289609375	0.244225356089497	62.265	56.74911953125	0.137457489492824	
4.185	43.5381359375	2.8791664111337	5.04	45.3910296875	1.87921898855787	6.75	48.1297046875	1.00025306796884	9.24	50.01358046875	0.648219832067524	15.12	52.15030859375	0.396323205154709	29.67	54.12201640625	0.251697394711254	60.345	56.637121875	0.141048403027511	
4.05	48.1335875	0.999359190740406	4.71	48.3778109375	0.944711641502811	5.88	49.5457703125	0.721943697862312	8.415	51.14445078125	0.499614785990796	13.875	52.56215625	0.360466355703675	27.24	54.87418203125	0.211671388057482	52.785	57.430371875	0.117501435772624	
6.705	46.1797171875	1.56714305401234	8.91	48.0249375	1.02467610995773	12.495	49.439146875	0.739887471302181	18.885	51.16806953125	0.496905046888272	30.24	52.62091328125	0.355622337909511	51.495	54.41754296875	0.235139756427706	91.035	56.34586796875	0.15083202578922	
9.705	40.62722734375	5.62804584545165	13.89	42.7704203125	3.43588270702821	20.97	45.1534984375	1.98486291330123	32.745	47.43498203125	1.17376770922387	50.31	49.3278953125	0.759085734172609	86.4	51.22949296875	0.489926650062913	150.69	53.45850859375	0.293244247546864	
6.84	40.97286171875	5.19749630185952	9.57	43.599053125	2.83906312131854	13.185	46.4557984375	1.4706201664827	20.34	48.48005859375	0.922729704193208	34.755	50.28129296875	0.609468218906195	62.595	52.2993734375	0.382950831742172	113.01	54.32545078125	0.24017913851375	
6.12	40.6315640625	5.62242867302953	7.68	44.006303125	2.58493750842232	14.64	45.7912296875	1.71378916236338	23.415	47.52586875	1.14945900216018	41.58	49.56361328125	0.718983680283774	72.585	51.4983609375	0.460515515782977	131.085	53.55223125	0.28698370352856	
5.58	41.5078421875	4.59511243266498	7.71	44.13284921875	2.51070356355776	13.425	45.52822265625	1.8207826032267	24.03	47.38044140625	1.18860135288374	43.245	49.34267109375	0.7565075235607	76.5	51.31344765625	0.480546695599892	137.67	53.32454765625	0.302430505412924	
6.84	41.049440625	5.10665241288502	10.47	43.18112734375	3.1258463492411	15.975	45.47634921875	1.84266097842071	26.175	47.379246875	1.18892832382132	46.23	49.297640625	0.764392290791681	78.06	51.161690625	0.497635436016629	139.02	53.14192890625	0.315418723810586	
7.905	40.55301796875	5.7250405090995	12.045	42.9332703125	3.30943099180447	18.525	45.07791796875	2.0197078990206	30.3	47.1019625	1.2673136449462	50.685	49.0575171875	0.807846117524628	85.32	50.965784375	0.520597314375284	149.265	52.919978125	0.331957548268395	
7.545	40.74395078125	5.47879792670956	10.5	43.87490234375	2.66434295429102	16.92	45.86343203125	1.68553260421387	27.27	47.5755	1.13639773873118	44.505	49.589609375	0.714692827053634	77.175	51.653090625	0.444397184074527	135.09	53.6796375	0.278686936056594	
6.165	42.0703875	4.03684069120516	8.235	44.07480078125	2.5444872717081	12.285	46.3353671875	1.5119716292875	20.235	48.49900546875	0.918712898899026	34.71	50.38826953125	0.594639025052675	62.055	52.38106796875	0.375814527327517	113.61	54.51817578125	0.229753842129812	
