frame_id	phi	theta	est_phi	est_theta	err_phi	err_theta	speed	err_ang
0	18	-12	0	0	21.52
1	19	-14	0	0	23.45
2	20	-15	0	0	24.81
3	20	-15	0	0	24.81
4	20	-15	0	0	24.81
5	21	-16	0	0	26.18
6	21	-16	0	0	26.18
7	21	-16	0	0	26.18
8	21	-15	0	0	25.61
9	21	-15	0	0	25.61
10	21	-14	0	0	25.06
11	21	-13	0	0	24.54
12	21	-12	0	0	24.05
13	21	-10	0	0	23.16
14	21	-9	0	0	22.77
15	21	-8	0	0	22.41
16	21	-7	0	0	22.09
17	21	-6	0	0	21.80
18	20	-4	0	0	20.38
19	19	-3	0	0	19.23
20	17	-1	0	0	17.03
21	15	0	0	0	15.00
22	14	0	0	0	14.00
23	12	2	0	0	12.16
24	11	2	0	0	11.18
25	10	3	0	0	10.44
26	10	4	0	0	10.76
27	10	4	0	0	10.76
28	9	4	0	0	9.84
29	9	4	0	0	9.84
30	9	4	0	0	9.84
31	9	4	0	0	9.84
32	9	5	18	-12	19.21
33	8	5	18	-12	19.69
34	8	5	18	-12	19.69
35	7	6	18	-12	21.06
36	7	6	18	-12	21.06
37	6	6	18	-12	21.60
38	6	7	18	-12	22.44
39	5	7	18	-12	22.98
40	5	7	18	-12	22.98
41	5	7	18	-12	22.98
42	5	7	18	-12	22.98
43	5	7	18	-12	22.98
44	5	7	18	-12	22.98
45	5	7	18	-12	22.98
46	5	7	18	-12	22.98
47	5	7	18	-12	22.98
48	5	8	18	-12	23.81
49	5	8	18	-12	23.81
50	5	8	18	-12	23.81
51	5	8	18	-12	23.81
52	5	8	18	-12	23.81
53	5	8	18	-12	23.81
54	5	8	18	-12	23.81
55	5	8	18	-12	23.81
56	5	8	18	-12	23.81
57	4	8	18	-12	24.37
58	4	8	18	-12	24.37
59	4	8	18	-12	24.37
60	4	8	18	-12	24.37
61	5	8	18	-12	23.81
62	5	8	18	-12	23.81
63	4	8	18	-12	24.37
64	4	8	0	22	14.52
65	5	8	0	22	14.80
66	5	8	0	23	15.75
67	4	8	0	23	15.48
68	5	8	-1	24	17.00
69	5	9	-1	24	16.06
70	5	9	-1	25	16.99
71	5	9	-1	25	16.99
72	5	9	-2	26	18.25
73	5	9	-2	26	18.25
74	5	9	-2	27	19.18
75	5	9	-3	27	19.53
76	5	9	-3	28	20.44
77	5	9	-3	28	20.44
78	5	9	-3	29	21.36
79	5	9	-4	29	21.71
80	5	9	-4	30	22.62
81	5	9	-4	31	23.54
82	5	9	-5	31	23.89
83	5	8	-5	32	25.74
84	5	8	-5	32	25.74
85	5	8	-5	33	26.66
86	5	8	-6	33	26.99
87	5	8	-6	34	27.91
88	5	8	-6	34	27.91
89	5	8	-7	35	29.16
90	5	8	-7	35	29.16
91	5	9	-7	36	29.13
92	5	9	-7	36	29.13
93	5	9	-8	37	30.38
94	5	9	-8	37	30.38
95	5	9	-8	38	31.28
96	5	9	-1	11	6.24
97	5	9	-1	11	6.24
98	5	9	-1	11	6.24
99	5	9	-1	11	6.24
100	5	9	-1	11	6.24
101	5	9	-1	11	6.24
102	5	9	-1	11	6.24
103	5	9	-2	11	7.18
104	5	9	-2	11	7.18
105	5	9	-2	11	7.18
106	5	9	-2	11	7.18
107	5	9	-2	12	7.51
108	5	9	-2	12	7.51
109	5	9	-3	12	8.42
110	4	9	-3	12	7.51
111	4	9	-3	12	7.51
112	5	9	-3	12	8.42
113	4	9	-3	12	7.51
114	5	9	-3	12	8.42
115	4	9	-3	12	7.51
116	5	9	-4	12	9.34
117	4	9	-4	12	8.42
118	4	9	-4	13	8.81
119	4	9	-4	13	8.81
120	4	9	-4	13	8.81
121	4	9	-4	13	8.81
122	4	9	-5	13	9.70
123	4	9	-5	13	9.70
124	4	9	-5	13	9.70
125	4	9	-5	13	9.70
126	4	9	-5	13	9.70
127	4	9	-5	13	9.70
128	4	9	6	10	2.21
129	4	9	6	10	2.21
130	4	9	6	10	2.21
131	4	9	6	10	2.21
132	4	9	6	10	2.21
133	4	9	6	10	2.21
134	4	9	6	10	2.21
135	4	9	6	10	2.21
136	4	10	6	10	1.97
137	4	9	6	10	2.21
138	3	9	6	10	3.12
139	3	9	6	10	3.12
140	3	9	6	10	3.12
141	3	8	6	10	3.57
142	3	8	6	10	3.57
143	2	7	6	10	4.96
144	2	7	6	10	4.96
145	2	7	6	10	4.96
146	2	8	6	10	4.43
147	2	8	6	10	4.43
148	2	8	6	10	4.43
149	2	9	6	10	4.07
150	2	9	6	10	4.07
151	1	10	6	10	4.92
152	1	11	6	10	5.02
153	1	11	6	10	5.02
154	2	12	6	10	4.41
155	3	12	6	10	3.56
156	4	11	6	10	2.21
157	5	9	6	10	1.40
158	4	9	6	10	2.21
159	4	9	6	10	2.21
160	3	8	3	9	1.00
161	3	8	2	9	1.41
162	3	8	2	9	1.41
163	3	8	2	9	1.41
164	3	8	2	9	1.41
165	3	9	2	9	0.99
166	3	9	2	9	0.99
167	3	9	2	9	0.99
168	3	9	2	9	0.99
169	3	9	2	9	0.99
170	2	9	2	9	0.00
171	2	9	2	9	0.00
172	2	9	2	9	0.00
173	3	9	2	9	0.99
174	2	9	2	9	0.00
175	3	9	2	9	0.99
176	3	9	2	9	0.99
177	3	10	2	9	1.40
178	3	10	2	9	1.40
179	2	10	2	9	1.00
180	2	10	2	9	1.00
181	2	10	2	9	1.00
182	2	10	2	9	1.00
183	2	10	2	9	1.00
184	2	10	2	9	1.00
185	2	10	2	9	1.00
186	2	10	2	9	1.00
187	2	10	2	9	1.00
188	3	9	2	9	0.99
189	3	9	2	9	0.99
190	2	9	2	9	0.00
191	2	9	2	9	0.00
192	2	9	2	7	2.00
193	2	9	1	6	3.16
194	2	9	1	6	3.16
195	2	9	1	6	3.16
196	2	9	1	6	3.16
197	2	9	1	6	3.16
198	2	9	1	6	3.16
199	2	9	1	6	3.16
200	2	9	1	6	3.16
201	2	9	1	6	3.16
202	2	9	1	6	3.16
203	2	9	1	6	3.16
204	2	9	1	6	3.16
205	2	9	1	6	3.16
206	2	9	1	6	3.16
207	2	9	1	6	3.16
208	2	9	1	6	3.16
209	2	9	1	6	3.16
210	2	9	1	6	3.16
211	2	9	1	6	3.16
212	2	9	1	6	3.16
213	2	9	1	6	3.16
214	2	9	1	6	3.16
215	2	9	1	6	3.16
216	2	9	1	6	3.16
217	2	9	1	6	3.16
218	2	9	1	6	3.16
219	2	9	1	6	3.16
220	2	9	1	6	3.16
221	2	9	1	6	3.16
222	2	9	1	6	3.16
223	2	9	1	6	3.16
224	2	9	1	10	1.40
225	2	9	0	10	2.21
226	2	9	0	10	2.21
227	2	9	0	10	2.21
228	2	9	0	10	2.21
229	2	9	0	10	2.21
230	2	9	0	10	2.21
231	2	9	0	10	2.21
232	2	9	0	10	2.21
233	2	9	0	10	2.21
234	2	9	0	10	2.21
235	2	9	0	10	2.21
236	2	9	0	10	2.21
237	2	9	0	10	2.21
238	2	9	0	10	2.21
239	2	9	0	10	2.21
240	2	9	0	10	2.21
241	2	9	0	10	2.21
242	2	9	0	10	2.21
243	2	9	0	10	2.21
244	2	9	0	10	2.21
245	2	9	0	10	2.21
246	2	9	0	10	2.21
247	2	9	0	10	2.21
248	2	9	0	10	2.21
249	2	9	0	10	2.21
250	2	9	0	10	2.21
251	2	9	0	10	2.21
252	2	9	0	10	2.21
253	2	9	0	10	2.21
254	3	9	0	10	3.12
255	3	9	0	10	3.12
256	2	9	2	9	0.00
257	2	9	2	9	0.00
258	3	9	2	9	0.99
259	3	9	2	9	0.99
260	3	9	2	9	0.99
261	3	9	2	9	0.99
262	3	9	2	9	0.99
263	3	9	2	9	0.99
264	3	9	2	9	0.99
265	3	9	2	9	0.99
266	2	9	2	9	0.00
267	3	9	2	9	0.99
268	3	9	2	9	0.99
269	3	9	2	9	0.99
270	3	9	2	9	0.99
271	3	9	2	9	0.99
272	3	9	2	9	0.99
273	2	9	2	9	0.00
274	2	9	2	9	0.00
275	3	9	2	9	0.99
276	3	9	2	9	0.99
277	3	9	2	9	0.99
278	3	9	2	9	0.99
279	3	9	2	9	0.99
280	3	9	2	9	0.99
281	3	9	2	9	0.99
282	2	9	2	9	0.00
283	2	9	2	9	0.00
284	2	9	2	9	0.00
285	2	10	2	9	1.00
286	2	10	2	9	1.00
287	2	10	2	9	1.00
288	2	10	2	9	1.00
289	2	10	2	9	1.00
290	2	10	2	9	1.00
291	2	10	2	9	1.00
292	2	9	2	9	0.00
293	2	10	2	9	1.00
294	2	10	2	9	1.00
295	2	10	2	9	1.00
296	2	10	2	9	1.00
297	2	10	2	9	1.00
298	2	10	2	9	1.00
299	2	10	2	9	1.00
300	3	10	2	9	1.40
301	3	10	2	9	1.40
302	3	10	2	9	1.40
303	3	10	2	9	1.40
304	3	10	2	9	1.40
305	3	10	2	9	1.40
306	3	10	2	9	1.40
307	3	10	2	9	1.40
308	3	10	2	9	1.40
309	3	10	2	9	1.40
310	4	10	2	9	2.21
311	4	10	2	9	2.21
312	4	10	2	9	2.21
313	3	10	2	9	1.40
314	3	10	2	9	1.40
315	3	10	2	9	1.40
316	4	10	2	9	2.21
317	4	10	2	9	2.21
318	4	10	2	9	2.21
319	4	10	2	9	2.21
320	4	10	2	11	2.21
321	5	10	2	11	3.11
322	5	10	2	11	3.11
323	5	10	2	11	3.11
324	5	10	2	11	3.11
325	5	10	2	11	3.11
326	5	10	2	11	3.11
327	5	9	2	11	3.57
328	5	10	2	11	3.11
329	5	10	2	11	3.11
330	5	10	2	11	3.11
331	5	10	2	11	3.11
332	5	10	2	11	3.11
333	6	10	2	11	4.06
334	6	10	2	11	4.06
335	6	10	2	11	4.06
336	6	10	2	11	4.06
337	6	10	2	11	4.06
338	6	10	2	11	4.06
339	6	10	2	11	4.06
340	6	10	2	11	4.06
341	6	10	2	11	4.06
342	6	10	2	11	4.06
343	6	10	2	11	4.06
344	6	10	2	11	4.06
345	6	10	2	11	4.06
346	6	10	2	11	4.06
347	6	11	2	11	3.93
348	6	11	2	11	3.93
349	6	11	2	11	3.93
350	6	11	2	11	3.93
351	6	11	2	11	3.93
352	6	11	6	10	1.00
353	6	11	6	10	1.00
354	6	11	6	10	1.00
355	6	11	6	10	1.00
356	6	11	6	10	1.00
357	6	11	6	10	1.00
358	6	11	6	10	1.00
359	6	11	6	10	1.00
360	6	11	6	10	1.00
361	6	11	6	10	1.00
362	5	11	6	10	1.40
363	5	11	6	10	1.40
364	5	11	6	10	1.40
365	5	11	6	10	1.40
366	5	11	6	10	1.40
367	5	11	6	10	1.40
368	5	11	7	10	2.21
369	5	11	7	10	2.21
370	5	11	7	10	2.21
371	5	11	7	10	2.21
372	5	12	7	10	2.80
373	4	12	7	10	3.56
374	4	11	7	10	3.11
375	4	12	7	10	3.56
376	4	12	7	10	3.56
377	4	12	7	10	3.56
378	4	12	7	10	3.56
379	4	12	7	10	3.56
380	4	12	7	10	3.56
381	4	12	7	10	3.56
382	4	11	7	10	3.11
383	4	11	7	10	3.11
384	4	11	8	12	4.05
385	4	11	8	12	4.05
386	4	11	8	12	4.05
387	4	11	8	12	4.05
388	4	11	8	12	4.05
389	4	11	8	12	4.05
390	4	11	8	12	4.05
391	4	11	8	12	4.05
392	4	11	8	12	4.05
393	5	11	8	12	3.11
394	4	11	8	12	4.05
395	4	11	8	12	4.05
396	5	11	8	12	3.11
397	5	11	8	12	3.11
398	5	11	8	12	3.11
399	4	11	8	12	4.05
400	4	11	9	12	5.00
401	4	11	9	12	5.00
402	4	11	9	12	5.00
403	4	11	9	12	5.00
404	4	11	9	12	5.00
405	4	11	9	12	5.00
406	4	11	9	12	5.00
407	4	11	9	12	5.00
408	4	11	9	12	5.00
409	4	11	9	12	5.00
410	4	11	9	12	5.00
411	4	11	9	12	5.00
412	4	11	9	12	5.00
413	4	11	9	12	5.00
414	4	11	9	12	5.00
415	4	11	9	12	5.00
416	4	11	2	11	1.96
417	4	12	1	11	3.11
418	4	12	1	11	3.11
419	4	12	1	11	3.11
420	4	12	1	11	3.11
421	4	12	1	11	3.11
422	4	12	1	11	3.11
423	4	12	1	11	3.11
424	4	12	1	11	3.11
425	4	12	1	11	3.11
426	4	12	1	11	3.11
427	3	12	1	11	2.20
428	3	12	1	11	2.20
429	3	12	1	11	2.20
430	2	12	1	11	1.40
431	2	13	1	11	2.23
432	1	13	1	11	2.00
433	1	13	0	11	2.23
434	0	13	0	11	2.00
435	0	13	0	11	2.00
436	0	13	0	11	2.00
437	-1	13	0	11	2.23
438	-1	13	0	11	2.23
439	-1	13	0	11	2.23
440	0	13	0	11	2.00
441	0	13	0	11	2.00
442	0	12	0	11	1.00
443	0	12	0	11	1.00
444	0	12	0	11	1.00
445	0	12	0	11	1.00
446	0	12	0	11	1.00
447	2	12	0	11	2.20
448	3	11	4	11	0.98
449	5	11	4	11	0.98
450	8	11	4	11	3.93
451	10	11	4	11	5.89
452	13	11	4	11	8.83
453	15	10	4	11	10.86
454	18	10	4	11	13.80
455	20	9	4	11	15.88
456	23	9	4	11	18.81
457	26	9	4	11	21.75
458	28	8	4	11	23.85
459	31	8	4	11	26.79
460	33	7	4	11	28.91
461	36	6	4	11	32.02
462	40	5	4	11	36.12
463	43	4	4	11	39.26
464	45	4	4	11	41.21
465	48	3	4	11	44.35
466	50	3	4	11	46.29
467	52	2	4	11	48.46
468	54	2	4	11	50.41
469	55	2	4	11	51.39
470	56	2	4	11	52.36
471	56	2	4	11	52.36
472	57	2	4	11	53.34
473	58	2	4	11	54.32
474	58	2	4	11	54.32
475	59	2	4	11	55.29
476	59	2	4	11	55.29
477	60	2	4	11	56.27
478	60	2	4	11	56.27
479	61	2	4	11	57.25
480	61	2	2	11	59.21
481	61	2	1	11	60.19
482	61	1	1	11	60.39
483	61	1	1	11	60.39
484	61	1	1	11	60.39
485	61	1	1	11	60.39
486	61	1	1	11	60.39
487	61	1	1	11	60.39
488	61	1	1	11	60.39
489	61	2	1	11	60.19
490	62	2	1	11	61.17
491	62	3	1	11	60.97
492	63	4	1	11	61.77
493	64	5	1	11	62.58
494	65	6	1	11	63.39
495	66	7	1	11	64.21
496	67	8	1	11	65.04
497	68	8	1	11	66.02
498	69	8	1	11	67.00
499	69	9	1	11	66.86
500	69	10	1	11	66.72
501	70	10	1	11	67.69
502	70	11	1	11	67.56
503	69	11	1	11	66.59
504	69	12	1	11	66.46
505	69	12	1	11	66.46
506	69	12	1	11	66.46
507	69	12	1	11	66.46
508	69	12	1	11	66.46
509	69	11	1	11	66.59
510	69	11	1	11	66.59
511	69	11	1	11	66.59
512	69	10	119	-7	52.62
513	69	10	120	-7	53.56
514	69	9	122	-7	55.19
515	68	8	124	-7	57.81
516	68	7	126	-8	59.74
517	67	7	128	-8	62.64
518	67	7	129	-8	63.61
519	67	7	131	-8	65.55
520	67	7	133	-9	67.69
521	67	7	135	-9	69.62
522	67	7	137	-9	71.57
523	67	7	138	-10	72.72
524	67	7	140	-10	74.66
525	67	7	142	-10	76.60
526	67	7	144	-10	78.54
527	66	6	146	-11	81.40
528	67	6	148	-11	82.37
529	66	6	149	-11	84.32
530	66	6	151	-12	86.39
531	66	6	153	-12	88.33
532	66	6	155	-12	90.27
533	66	6	157	-12	92.22
534	66	6	158	-13	93.29
535	66	6	160	-13	95.23
536	66	6	162	-13	97.17
537	66	6	164	-14	99.18
538	66	6	166	-14	101.12
539	65	6	167	-14	103.06
540	64	6	169	-14	105.96
541	62	6	171	-15	109.87
542	57	6	173	-15	116.63
543	50	6	175	-15	125.31
544	42	7	77	18	35.81
545	34	7	77	18	43.28
546	28	7	77	18	48.93
547	22	8	77	18	54.32
548	16	8	78	19	61.00
549	11	9	78	19	65.43
550	7	9	78	19	69.21
551	3	9	78	19	72.98
552	1	10	79	20	75.42
553	0	10	79	20	76.35
554	-1	10	79	20	77.29
555	-1	10	79	20	77.29
556	0	9	80	21	77.52
557	0	9	80	21	77.52
558	0	9	80	21	77.52
559	1	9	80	21	76.58
560	0	9	81	22	78.35
561	0	9	81	22	78.35
562	-1	9	81	22	79.28
563	-2	9	81	22	80.20
564	-3	9	82	23	81.93
565	-4	9	82	23	82.85
566	-4	8	82	23	83.23
567	-5	8	82	23	84.14
568	-5	7	83	24	85.34
569	-5	6	83	24	85.74
570	-5	5	83	24	86.15
571	-5	4	83	24	86.55
572	-5	2	84	25	88.25
573	-4	0	84	25	88.19
574	-5	-1	84	25	89.52
575	-5	-3	84	25	90.36
576	-6	-4	15	4	22.46
577	-6	-6	14	3	21.91
578	-6	-6	13	3	21.00
579	-6	-7	12	3	20.56
580	-6	-7	11	3	19.70
581	-6	-7	10	3	18.84
582	-5	-7	9	3	17.18
583	-5	-8	9	3	17.78
584	-5	-8	8	3	17.00
585	-4	-8	7	3	15.54
586	-4	-9	6	3	15.60
587	-4	-9	5	2	14.19
588	-5	-9	4	2	14.19
589	-5	-9	4	2	14.19
590	-5	-8	3	2	12.79
591	-5	-8	2	2	12.20
592	-5	-8	1	2	11.65
593	-6	-7	0	2	10.81
594	-5	-6	0	2	9.43
595	-6	-5	-1	2	8.60
596	-5	-3	-1	2	6.40
597	-6	-2	-2	2	5.66
598	-5	-1	-3	1	2.83
599	-5	0	-4	1	1.41
600	-5	0	-5	1	1.00
601	-5	1	-6	1	1.00
602	-5	2	-6	1	1.41
603	-5	3	-7	1	2.83
604	-5	3	-8	1	3.60
605	-5	3	-9	1	4.47
606	-5	4	-10	1	5.83
607	-5	4	-11	1	6.70
608	-5	5	-54	-15	52.50
609	-5	6	-55	-15	53.81
610	-5	6	-57	-15	55.64
611	-4	7	-58	-16	58.18
612	-4	7	-60	-16	60.00
613	-3	7	-61	-16	61.84
614	-3	8	-63	-17	64.35
615	-3	8	-64	-17	65.26
616	-3	9	-66	-17	67.48
617	-3	9	-67	-18	68.69
618	-2	10	-69	-18	71.80
619	-2	10	-70	-18	72.71
620	-2	11	-72	-19	75.21
621	-2	11	-73	-19	76.11
622	-2	11	-75	-19	77.92
623	-2	12	-76	-20	79.50
624	-2	12	-78	-20	81.30
625	-2	12	-79	-20	82.20
626	-2	12	-81	-21	84.28
627	-2	13	-82	-21	85.56
628	-2	14	-84	-21	87.74
629	-2	14	-85	-22	88.91
630	-2	15	-87	-22	91.08
631	-2	15	-88	-22	91.98
632	-2	15	-90	-23	94.02
633	-2	14	-91	-23	94.53
634	-2	13	-93	-23	95.94
635	-2	13	-94	-24	97.04
636	-2	13	-96	-24	98.83
637	-2	13	-97	-24	99.73
638	-2	13	-99	-25	101.69
639	-2	13	-100	-25	102.59
640	-2	14	-4	14	1.94
641	-2	14	-3	14	0.97
642	-2	14	-3	14	0.97
643	-2	14	-3	14	0.97
644	-2	14	-3	15	1.39
645	-2	14	-3	15	1.39
646	-2	14	-3	15	1.39
647	-2	14	-3	15	1.39
648	-2	14	-3	16	2.22
649	-2	14	-3	16	2.22
650	-1	14	-3	16	2.78
651	-2	14	-3	17	3.15
652	-2	13	-3	17	4.11
653	-2	13	-3	17	4.11
654	-2	12	-3	17	5.09
655	-2	12	-3	18	6.08
656	-2	12	-3	18	6.08
657	-2	11	-3	18	7.07
658	-2	11	-3	19	8.06
659	-2	10	-3	19	9.05
660	-2	9	-3	19	10.05
661	-2	9	-3	19	10.05
662	-2	8	-3	20	12.04
663	-2	8	-3	20	12.04
664	-2	9	-3	20	11.04
665	-2	9	-3	21	12.04
666	-2	9	-3	21	12.04
667	-2	9	-3	21	12.04
668	-2	10	-3	21	11.04
669	-3	10	-3	22	12.00
670	-2	11	-3	22	11.04
671	-2	11	-3	22	11.04
672	-2	11	1	23	12.34
673	-2	11	1	23	12.34
674	-2	11	1	23	12.34
675	-2	11	1	23	12.34
676	-3	11	1	24	13.55
677	-3	11	1	24	13.55
678	-3	11	1	24	13.55
679	-3	11	1	24	13.55
680	-3	11	1	25	14.50
681	-3	11	1	25	14.50
682	-3	11	1	25	14.50
683	-2	11	2	26	15.47
684	-2	11	2	26	15.47
685	-2	11	2	26	15.47
686	-2	11	2	26	15.47
687	-2	11	2	27	16.44
688	-2	11	2	27	16.44
689	-2	11	2	27	16.44
690	-2	11	2	28	17.41
691	-2	11	2	28	17.41
692	-2	11	2	28	17.41
693	-2	11	2	28	17.41
694	-2	11	3	29	18.60
695	-2	11	3	29	18.60
696	-2	11	3	29	18.60
697	-2	11	3	30	19.56
698	-2	11	3	30	19.56
699	-2	11	3	30	19.56
700	-2	11	3	30	19.56
701	-2	11	3	31	20.53
702	-2	11	3	31	20.53
703	-2	11	3	31	20.53
704	-2	11	-2	8	3.00
705	-2	11	-2	7	4.00
706	-2	11	-2	7	4.00
707	-2	11	-2	7	4.00
708	-2	11	-2	7	4.00
709	-2	11	-2	7	4.00
710	-2	11	-2	7	4.00
711	-2	11	-2	7	4.00
712	-2	11	-2	7	4.00
713	-2	11	-2	7	4.00
714	-2	11	-2	7	4.00
715	-2	11	-2	6	5.00
716	-2	11	-2	6	5.00
717	-2	11	-2	6	5.00
718	-2	11	-2	6	5.00
719	-2	11	-2	6	5.00
720	-2	11	-2	6	5.00
721	-2	11	-2	6	5.00
722	-2	11	-2	6	5.00
723	-2	11	-2	6	5.00
724	-2	11	-2	6	5.00
725	-2	11	-2	6	5.00
726	-2	11	-2	5	6.00
727	-2	11	-2	5	6.00
728	-2	11	-2	5	6.00
729	-2	11	-2	5	6.00
730	-2	11	-2	5	6.00
731	-2	11	-2	5	6.00
732	-2	11	-2	5	6.00
733	-2	11	-2	5	6.00
734	-2	11	-2	5	6.00
735	-2	11	-2	5	6.00
736	-2	11	-2	11	0.00
737	-2	11	-2	11	0.00
738	-2	11	-2	11	0.00
739	-2	11	-2	11	0.00
740	-2	11	-2	11	0.00
741	-2	11	-2	11	0.00
742	-2	11	-2	11	0.00
743	-2	11	-2	11	0.00
744	-2	11	-2	11	0.00
745	-2	11	-2	11	0.00
746	-2	11	-2	11	0.00
747	-2	11	-2	11	0.00
748	-2	11	-2	11	0.00
749	-2	11	-2	11	0.00
750	-2	11	-2	11	0.00
751	-3	11	-2	11	0.98
752	-2	11	-2	11	0.00
753	-2	11	-2	11	0.00
754	-3	11	-2	11	0.98
755	-3	11	-2	11	0.98
756	-3	11	-2	11	0.98
757	-3	11	-2	11	0.98
758	-3	11	-2	11	0.98
759	-3	11	-2	11	0.98
760	-3	11	-2	11	0.98
761	-3	11	-2	11	0.98
762	-3	11	-2	11	0.98
763	-2	11	-2	11	0.00
764	-3	11	-2	11	0.98
765	-3	11	-2	11	0.98
766	-3	11	-2	11	0.98
767	-3	11	-2	11	0.98
768	-3	12	-2	11	1.40
769	-3	11	-2	11	0.98
770	-3	12	-2	11	1.40
771	-3	12	-2	11	1.40
772	-3	12	-2	11	1.40
773	-3	12	-2	11	1.40
774	-3	12	-2	11	1.40
775	-2	12	-2	11	1.00
776	-3	12	-2	11	1.40
777	-2	12	-2	11	1.00
778	-2	12	-2	11	1.00
779	-2	12	-2	11	1.00
780	-2	12	-2	11	1.00
781	-2	12	-2	11	1.00
782	-2	12	-2	11	1.00
783	-2	12	-2	11	1.00
784	-2	12	-2	11	1.00
785	-2	12	-2	11	1.00
786	-2	12	-2	11	1.00
787	-2	12	-2	11	1.00
788	-2	12	-2	11	1.00
789	-2	12	-2	11	1.00
790	-2	12	-2	11	1.00
791	-2	12	-2	11	1.00
792	-2	12	-2	11	1.00
793	-2	12	-2	11	1.00
794	-2	12	-2	11	1.00
795	-2	12	-2	11	1.00
796	-2	12	-2	11	1.00
797	-2	12	-2	11	1.00
798	-2	12	-2	11	1.00
799	-2	12	-2	11	1.00
800	-2	12	-4	13	2.19
801	-2	12	-4	13	2.19
802	-2	12	-4	13	2.19
803	-2	12	-4	13	2.19
804	-2	12	-4	13	2.19
805	-2	12	-4	13	2.19
806	-3	12	-4	13	1.40
807	-3	12	-4	13	1.40
808	-3	12	-4	13	1.40
809	-3	12	-4	13	1.40
810	-3	12	-4	13	1.40
811	-3	12	-4	13	1.40
812	-3	12	-4	13	1.40
813	-3	12	-4	13	1.40
814	-3	12	-4	13	1.40
815	-3	12	-4	13	1.40
816	-3	12	-4	13	1.40
817	-3	12	-4	13	1.40
818	-3	12	-4	13	1.40
819	-3	12	-4	13	1.40
820	-3	12	-4	13	1.40
821	-3	12	-4	13	1.40
822	-3	12	-4	13	1.40
823	-3	12	-4	13	1.40
824	-3	12	-4	13	1.40
825	-3	12	-4	13	1.40
826	-3	12	-4	13	1.40
827	-3	12	-4	13	1.40
828	-3	12	-4	13	1.40
829	-3	12	-4	13	1.40
830	-3	12	-4	13	1.40
831	-3	12	-4	13	1.40
832	-3	12	-1	12	1.96
833	-3	12	0	12	2.93
834	-3	12	0	12	2.93
835	-3	12	0	12	2.93
836	-3	12	0	12	2.93
837	-3	12	0	12	2.93
838	-3	12	0	12	2.93
839	-3	12	0	12	2.93
840	-2	12	0	12	1.96
841	-3	12	0	12	2.93
842	-3	12	0	12	2.93
843	-3	12	0	12	2.93
844	-3	12	0	12	2.93
845	-2	12	0	12	1.96
846	-3	12	0	12	2.93
847	-2	12	0	12	1.96
848	-3	12	0	12	2.93
849	-3	12	0	12	2.93
850	-3	12	0	12	2.93
851	-3	12	0	12	2.93
852	-2	12	0	12	1.96
853	-3	12	0	12	2.93
854	-3	12	0	12	2.93
855	-3	12	0	12	2.93
856	-3	12	0	12	2.93
857	-3	12	0	12	2.93
858	-3	12	0	12	2.93
859	-3	12	0	12	2.93
860	-3	12	0	12	2.93
861	-3	12	0	12	2.93
862	-3	12	0	12	2.93
863	-3	12	0	12	2.93
864	-3	12	-4	12	0.98
865	-3	12	-4	12	0.98
866	-3	11	-4	12	1.40
867	-4	10	-4	12	2.00
868	-5	9	-4	12	3.16
869	-5	8	-4	12	4.12
870	-6	7	-4	12	5.37
871	-6	6	-4	12	6.32
872	-7	6	-4	12	6.69
873	-7	5	-4	12	7.60
874	-7	5	-4	12	7.60
875	-8	5	-4	12	8.04
876	-8	5	-4	12	8.04
877	-8	4	-4	12	8.93
878	-8	4	-4	12	8.93
879	-8	4	-4	12	8.93
880	-8	3	-4	12	9.83
881	-7	4	-4	12	8.53
882	-7	4	-4	12	8.53
883	-7	4	-4	12	8.53
884	-8	4	-4	12	8.93
885	-8	3	-4	12	9.83
886	-8	3	-4	12	9.83
887	-8	4	-4	12	8.93
888	-8	4	-4	12	8.93
889	-8	4	-4	12	8.93
890	-8	4	-4	12	8.93
891	-8	4	-4	12	8.93
892	-8	4	-4	12	8.93
893	-8	4	-4	12	8.93
894	-8	5	-4	12	8.04
895	-7	5	-4	12	7.60
896	-7	5	-3	12	8.04
897	-8	6	-3	12	7.77
898	-8	6	-3	12	7.77
899	-8	6	-3	12	7.77
900	-8	6	-3	12	7.77
901	-9	7	-3	12	7.75
902	-10	7	-3	12	8.52
903	-10	7	-3	12	8.52
904	-11	8	-3	12	8.83
905	-12	8	-3	12	9.72
906	-13	9	-3	12	10.28
907	-15	10	-3	12	11.95
908	-16	11	-3	12	12.78
909	-16	12	-3	12	12.71
910	-17	13	-3	12	13.70
911	-17	14	-3	12	13.78
912	-18	15	-3	12	14.89
913	-18	16	-3	12	15.09
914	-18	17	-3	12	15.35
915	-19	18	-3	12	16.57
916	-20	18	-3	12	17.47
917	-20	18	-3	12	17.47
918	-22	17	-3	12	19.05
919	-24	16	-3	12	20.75
920	-28	15	-3	12	24.48
921	-32	13	-3	12	28.32
922	-37	11	-3	12	33.31
923	-42	10	-3	12	38.31
924	-47	8	-3	12	43.47
925	-52	7	-3	12	48.53
926	-58	7	-3	12	54.39
927	-62	5	-3	12	58.67
928	-66	4	-11	-2	55.29
929	-70	4	-11	-2	59.27
930	-72	4	-11	-2	61.26
931	-75	4	-11	-2	64.24
932	-77	3	-11	-2	66.16
933	-80	3	-11	-3	69.23
934	-82	2	-11	-3	71.15
935	-84	1	-11	-3	73.08
936	-86	0	-12	-3	74.02
937	-87	0	-12	-3	75.02
938	-88	0	-12	-4	76.03
939	-89	0	-12	-4	77.03
940	-90	0	-12	-4	78.03
941	-90	0	-12	-4	78.03
942	-90	0	-12	-5	78.05
943	-90	0	-12	-5	78.05
944	-90	0	-13	-5	77.05
945	-90	0	-13	-5	77.05
946	-89	0	-13	-5	76.05
947	-89	1	-13	-6	76.19
948	-87	1	-13	-6	74.20
949	-84	2	-13	-6	71.34
950	-80	2	-13	-6	67.37
951	-74	3	-13	-7	61.70
952	-67	3	-14	-7	53.83
953	-60	2	-14	-7	46.78
954	-54	2	-14	-7	40.92
955	-48	2	-14	-7	35.10
956	-42	2	-14	-8	29.66
957	-36	1	-14	-8	23.71
958	-31	1	-14	-8	19.19
959	-25	0	-14	-8	13.57
960	-20	0	-125	3	104.98
961	-15	0	-126	2	110.99
962	-11	0	-128	2	116.98
963	-7	0	-130	2	122.98
964	-4	0	-132	2	127.97
965	-2	0	-134	2	131.97
966	-1	1	-136	2	134.91
967	-1	1	-137	2	135.90
968	-1	2	-139	2	137.82
969	0	2	-141	2	140.80
970	-1	3	-143	2	141.69
971	-1	4	-145	2	143.53
972	-1	4	-147	2	145.50
973	0	4	-148	2	147.46
974	0	5	-150	2	149.22
975	0	5	-152	2	151.16
976	0	5	-154	2	153.10
977	0	5	-156	2	155.02
978	0	5	-158	2	156.93
979	0	5	-160	2	158.83
980	0	5	-161	2	159.77
981	0	5	-163	2	161.63
982	0	5	-165	2	163.46
983	0	6	-167	2	164.75
984	0	6	-169	2	166.41
985	0	6	-171	2	167.97
986	0	6	-172	2	168.69
987	0	6	-174	2	170.01
988	0	5	-176	2	171.94
989	0	5	-178	2	172.72
990	0	6	-180	2	172.00
991	0	5	178	2	172.72
992	0	6	26	-4	27.82
993	0	6	27	-4	28.76
994	0	6	28	-4	29.69
995	1	6	30	-4	30.64
996	1	6	31	-4	31.58
997	1	6	33	-4	33.48
998	1	5	34	-4	34.17
999	1	5	36	-4	36.10
1000	1	4	37	-5	37.07
1001	1	4	38	-5	38.04
1002	2	4	40	-5	39.01
1003	2	4	41	-5	39.98
1004	2	3	43	-5	41.73
1005	3	3	44	-5	41.73
1006	3	3	46	-5	43.70
1007	4	1	47	-5	43.37
1008	4	0	49	-6	45.31
1009	5	-3	50	-6	44.95
1010	5	-6	51	-6	45.73
1011	5	-9	53	-6	47.65
1012	5	-11	54	-6	48.67
1013	6	-12	56	-6	49.68
1014	6	-14	57	-6	50.76
1015	6	-15	59	-6	52.76
1016	6	-16	60	-7	53.53
1017	6	-16	61	-7	54.49
1018	6	-16	63	-7	56.41
1019	7	-16	64	-7	56.41
1020	8	-17	66	-7	57.41
1021	9	-17	67	-7	57.41
1022	11	-19	69	-7	57.52
1023	14	-19	70	-7	55.63
1024	17	-20	20	12	32.14
1025	20	-22	20	12	34.00
1026	25	-22	21	12	34.23
1027	31	-22	21	12	35.39
1028	37	-23	22	12	37.96
1029	44	-23	23	12	40.59
1030	49	-24	23	13	44.88
1031	54	-26	24	13	48.71
1032	58	-26	25	13	50.52
1033	59	-26	25	13	51.14
1034	62	-25	26	13	51.73
1035	64	-25	26	14	53.79
1036	66	-25	27	14	54.47
1037	68	-24	28	14	54.51
1038	70	-24	28	14	55.92
1039	72	-23	29	14	56.03
1040	74	-22	30	15	56.82
1041	75	-22	30	15	57.57
1042	76	-21	31	15	56.98
1043	78	-21	31	15	58.52
1044	78	-21	32	15	57.75
1045	79	-21	33	15	57.75
1046	80	-21	33	16	59.12
1047	81	-21	34	16	59.12
1048	82	-20	35	16	58.55
1049	83	-19	35	16	58.77
1050	83	-17	36	16	56.88
1051	84	-17	36	17	58.23
1052	85	-16	37	17	57.69
1053	86	-15	38	17	57.15
1054	88	-15	38	17	58.80
1055	88	-14	39	17	57.45
1056	88	-13	34	-46	55.97
1057	88	-13	34	-46	55.97
1058	88	-12	35	-47	56.39
1059	89	-12	35	-48	57.37
1060	90	-12	36	-49	57.72
1061	92	-11	36	-50	60.07
1062	94	-11	37	-50	60.67
1063	96	-10	37	-51	62.99
1064	99	-10	38	-52	64.48
1065	102	-9	38	-53	67.32
1066	104	-9	39	-54	68.17
1067	105	-9	39	-54	68.73
1068	107	-9	40	-55	69.54
1069	109	-9	40	-56	70.88
1070	110	-9	41	-57	71.10
1071	111	-8	41	-58	72.69
1072	111	-9	42	-59	71.56
1073	111	-9	43	-59	71.06
1074	111	-9	43	-60	71.31
1075	110	-8	44	-61	71.52
1076	110	-9	44	-62	70.93
1077	108	-8	45	-63	70.85
1078	104	-8	45	-63	69.17
1079	99	-7	46	-64	68.20
1080	95	-7	46	-65	67.32
1081	92	-6	47	-66	67.57
1082	90	-6	47	-67	67.64
1083	89	-5	48	-67	68.04
1084	88	-4	48	-68	69.45
1085	88	-4	49	-69	69.94
1086	87	-3	49	-70	71.44
1087	86	-3	50	-71	71.79
1088	84	-2	159	-6	74.88
1089	83	-1	161	-5	77.96
1090	81	0	163	-5	82.03
1091	79	0	165	-5	86.02
1092	77	0	167	-5	90.00
1093	75	0	170	-4	94.99
1094	73	1	172	-4	99.05
1095	72	1	174	-4	102.04
1096	70	2	176	-4	106.10
1097	68	2	178	-4	110.08
1098	66	3	-179	-3	115.10
1099	64	3	-177	-3	119.09
1100	62	4	-175	-3	123.11
1101	60	4	-173	-3	127.10
1102	58	4	-170	-2	132.03
1103	56	4	-168	-2	136.02
1104	54	4	-166	-2	140.01
1105	52	5	-164	-2	143.95
1106	51	5	-162	-2	146.93
1107	50	5	-159	-1	150.77
1108	49	6	-157	-1	153.58
1109	50	6	-155	-1	154.56
1110	50	6	-153	-1	156.51
1111	50	6	-150	0	159.15
1112	50	6	-148	0	161.06
1113	49	6	-146	0	163.87
1114	48	7	-144	0	166.13
1115	47	7	-142	0	168.62
1116	46	7	-139	0	171.40
1117	46	7	-137	0	172.39
1118	45	7	-135	0	173.00
1119	45	7	-133	0	172.72
1120	44	8	80	9	35.60
1121	44	8	79	9	34.62
1122	43	8	79	9	35.60
1123	42	8	79	10	36.58
1124	40	8	79	10	38.55
1125	35	9	79	10	43.38
1126	29	9	79	11	49.23
1127	23	10	79	11	54.99
1128	19	10	79	11	58.90
1129	15	10	78	12	61.74
1130	13	10	78	12	63.69
1131	10	10	78	12	66.61
1132	8	10	78	13	68.45
1133	7	10	78	13	69.42
1134	7	10	78	13	69.42
1135	7	10	78	14	69.32
1136	7	10	78	14	69.32
1137	6	11	77	14	69.13
1138	6	11	77	15	69.02
1139	5	11	77	15	69.98
1140	5	11	77	15	69.98
1141	5	12	77	16	69.64
1142	4	12	77	16	70.60
1143	4	12	77	16	70.60
1144	4	12	77	17	70.47
1145	4	12	76	17	69.52
1146	3	12	76	17	70.47
1147	3	12	76	18	70.35
1148	3	12	76	18	70.35
1149	3	12	76	18	70.35
1150	3	12	76	19	70.24
1151	3	12	76	19	70.24
1152	3	12	4	18	6.08
1153	3	12	2	18	6.08
1154	3	12	1	18	6.30
1155	4	13	0	18	6.31
1156	4	13	-1	19	7.69
1157	4	13	-2	19	8.32
1158	4	13	-3	19	9.01
1159	4	13	-4	20	10.38
1160	5	13	-6	20	12.65
1161	6	13	-7	20	14.29
1162	8	12	-8	21	17.77
1163	10	12	-9	21	20.29
1164	12	12	-11	21	23.78
1165	13	12	-12	22	25.86
1166	12	12	-13	22	25.86
1167	12	12	-14	22	26.74
1168	11	11	-16	23	28.40
1169	11	11	-17	23	29.26
1170	11	11	-18	23	30.13
1171	11	11	-19	23	31.01
1172	11	11	-21	24	33.06
1173	11	11	-22	24	33.93
1174	11	11	-23	24	34.81
1175	11	11	-24	25	35.96
1176	11	11	-26	25	37.71
1177	11	11	-27	25	38.58
1178	11	11	-28	26	39.71
1179	11	11	-29	26	40.58
1180	11	11	-31	26	42.33
1181	11	11	-32	27	43.42
1182	10	11	-33	27	43.42
1183	10	11	-34	27	44.29
1184	10	12	-38	16	46.65
1185	9	12	-39	16	46.65
1186	9	13	-40	16	47.43
1187	9	13	-41	16	48.39
1188	8	13	-43	16	49.35
1189	8	14	-44	16	50.14
1190	7	13	-45	16	50.31
1191	7	13	-46	16	51.27
1192	7	12	-48	17	53.32
1193	7	11	-49	17	54.50
1194	8	10	-50	17	56.64
1195	9	9	-52	17	59.76
1196	9	8	-53	17	60.97
1197	9	6	-54	17	62.46
1198	9	4	-55	17	63.99
1199	10	2	-57	17	67.44
1200	10	1	-58	18	68.80
1201	10	1	-59	18	69.75
1202	11	0	-61	18	72.91
1203	11	0	-62	18	73.86
1204	10	0	-63	18	73.86
1205	10	0	-64	18	74.80
1206	10	0	-66	18	76.70
1207	10	-1	-67	18	77.96
1208	10	-1	-68	19	79.00
1209	11	-2	-70	19	82.16
1210	11	-1	-71	19	82.77
1211	11	-1	-72	19	83.71
1212	10	-1	-73	19	83.71
1213	10	-1	-75	19	85.60
1214	10	-1	-76	19	86.55
1215	10	-1	-77	19	87.49
1216	9	-1	17	12	15.24
1217	9	-1	17	12	15.24
1218	8	-1	17	12	15.78
1219	8	-1	17	12	15.78
1220	7	-1	17	12	16.36
1221	6	-1	18	12	17.64
1222	6	0	18	12	16.91
1223	6	0	18	12	16.91
1224	5	1	18	12	16.95
1225	5	2	18	12	16.31
1226	5	3	19	12	16.53
1227	5	4	19	12	16.00
1228	4	6	19	12	15.98
1229	4	8	19	12	15.30
1230	4	9	20	12	16.01
1231	4	8	20	12	16.25
1232	3	8	20	12	17.21
1233	2	7	20	12	18.44
1234	2	6	20	12	18.75
1235	1	5	21	12	20.97
1236	0	4	21	12	22.26
1237	0	3	21	12	22.66
1238	0	3	21	12	22.66
1239	-1	3	22	12	24.49
1240	-1	4	22	12	24.12
1241	-2	4	22	12	25.05
1242	-2	5	22	12	24.73
1243	-4	6	22	12	26.35
1244	-4	6	23	12	27.32
1245	-5	6	23	12	28.28
1246	-6	6	23	12	29.24
1247	-7	5	23	12	30.46
1248	-8	6	8	-14	25.54
1249	-9	5	7	-14	24.76
1250	-9	5	7	-14	24.76
1251	-10	6	7	-15	26.92
1252	-10	5	7	-15	26.15
1253	-10	5	7	-16	26.91
1254	-10	6	7	-16	27.70
1255	-10	6	7	-16	27.70
1256	-10	6	7	-17	28.48
1257	-9	7	7	-17	28.74
1258	-9	7	7	-18	29.57
1259	-8	7	7	-18	29.06
1260	-6	7	7	-18	28.10
1261	-5	7	7	-19	28.56
1262	-3	7	7	-19	27.81
1263	-2	7	7	-20	28.42
1264	-1	8	7	-20	29.09
1265	0	7	7	-20	27.86
1266	0	7	7	-21	28.83
1267	1	7	7	-21	28.61
1268	2	7	7	-22	29.41
1269	3	8	7	-22	30.26
1270	4	8	7	-22	30.14
1271	5	8	7	-23	31.06
1272	6	8	7	-23	31.02
1273	6	8	7	-24	32.01
1274	7	7	7	-24	31.00
1275	8	7	7	-24	31.02
1276	9	6	7	-25	31.06
1277	9	6	7	-25	31.06
1278	11	5	7	-26	31.24
1279	11	4	7	-26	30.25
1280	12	3	-25	13	37.92
1281	13	3	-25	13	38.87
1282	14	3	-26	13	40.79
1283	15	3	-26	13	41.74
1284	16	3	-27	13	43.66
1285	17	3	-27	14	44.79
1286	18	3	-28	14	46.70
1287	18	3	-28	14	46.70
1288	19	4	-29	14	48.35
1289	19	4	-29	14	48.35
1290	20	5	-30	15	50.13
1291	21	6	-30	15	50.83
1292	21	6	-31	15	51.79
1293	22	7	-31	15	52.52
1294	23	7	-32	16	54.49
1295	23	8	-32	16	54.24
1296	24	8	-33	16	56.16
1297	24	9	-34	16	56.89
1298	23	9	-34	16	55.93
1299	22	10	-35	17	55.69
1300	22	11	-35	17	55.45
1301	21	11	-36	17	55.45
1302	20	11	-36	17	54.50
1303	19	12	-37	18	54.24
1304	17	12	-37	18	52.33
1305	16	13	-38	18	52.11
1306	14	13	-38	18	50.21
1307	11	14	-39	18	48.09
1308	8	15	-39	19	45.00
1309	6	15	-40	19	44.05
1310	3	16	-40	19	41.02
1311	0	16	-41	19	39.13
1312	-1	16	32	0	36.28
1313	-3	17	32	0	38.43
1314	-4	17	33	0	40.21
1315	-6	17	33	0	42.00
1316	-7	18	34	0	44.13
1317	-8	18	35	0	45.93
1318	-9	18	35	0	46.83
1319	-10	19	36	0	48.94
1320	-10	19	37	0	49.85
1321	-11	20	37	0	51.04
1322	-11	21	38	0	52.23
1323	-12	21	38	-1	53.58
1324	-14	22	39	-1	56.54
1325	-15	22	40	-1	58.32
1326	-18	23	40	-1	61.26
1327	-21	24	41	-1	65.06
1328	-25	25	42	-1	69.71
1329	-30	25	42	-1	74.18
1330	-35	26	43	-1	79.68
1331	-39	26	43	-1	83.26
1332	-44	25	44	-1	88.61
1333	-48	24	45	-1	93.15
1334	-52	22	45	-2	97.24
1335	-54	21	46	-2	100.05
1336	-56	20	47	-2	102.90
1337	-58	19	47	-2	104.83
1338	-61	17	48	-2	108.74
1339	-64	16	48	-2	111.68
1340	-68	15	49	-2	116.57
1341	-71	14	50	-2	120.52
1342	-74	13	50	-2	123.53
1343	-77	13	51	-2	127.40
1344	-81	11	-14	29	64.66
1345	-85	10	-14	29	68.62
1346	-87	9	-14	29	70.83
1347	-88	7	-15	30	71.81
1348	-89	5	-15	30	73.66
1349	-90	3	-16	31	74.76
1350	-90	1	-16	31	75.81
1351	-90	1	-16	31	75.81
1352	-90	0	-17	32	75.64
1353	-91	0	-17	32	76.48
1354	-92	0	-18	33	76.63
1355	-94	0	-18	33	78.29
1356	-96	0	-18	33	79.96
1357	-97	0	-19	34	80.07
1358	-97	1	-19	34	79.51
1359	-97	1	-20	35	78.80
1360	-97	1	-20	35	78.80
1361	-96	2	-20	35	77.40
1362	-95	3	-21	36	75.32
1363	-95	4	-21	36	74.72
1364	-95	5	-22	37	73.44
1365	-94	6	-22	37	72.04
1366	-93	8	-22	37	70.05
1367	-92	10	-23	38	67.36
1368	-91	12	-23	38	65.37
1369	-91	13	-24	39	64.06
1370	-93	14	-24	39	65.01
1371	-95	13	-24	39	67.16
1372	-96	12	-25	40	67.82
1373	-97	12	-25	40	68.58
1374	-96	11	-26	41	67.76
1375	-94	11	-26	41	66.25
1376	-92	12	-161	6	68.26
1377	-91	14	-163	5	71.35
1378	-89	15	-166	5	76.17
1379	-88	17	-168	5	78.99
1380	-85	18	-171	5	84.66
1381	-81	20	-173	5	90.16
1382	-72	22	-176	5	101.00
1383	-65	24	-178	4	109.13
1384	-60	26	179	4	115.54
1385	-52	27	177	4	123.47
1386	-46	27	174	4	130.48
1387	-39	28	172	4	136.24
1388	-32	28	169	4	142.14
1389	-28	28	167	3	145.80
1390	-24	27	164	3	149.02
1391	-20	26	162	3	150.94
1392	-17	25	159	3	151.73
1393	-15	24	157	3	151.90
1394	-14	23	154	3	151.49
1395	-14	23	152	3	150.63
1396	-14	23	149	2	150.01
1397	-14	23	147	2	148.89
1398	-14	24	144	2	146.34
1399	-14	24	142	2	145.07
1400	-15	24	139	2	143.75
1401	-16	24	137	2	143.06
1402	-17	25	134	1	141.74
1403	-22	26	132	1	143.14
1404	-29	28	129	1	144.13
1405	-39	29	127	1	147.15
1406	-51	29	124	1	149.62
1407	-65	28	122	1	150.23
1408	-75	25	-103	13	28.98
1409	-85	22	-103	13	19.36
1410	-91	19	-103	13	13.00
1411	-95	16	-104	13	9.21
1412	-98	14	-104	13	5.92
1413	-99	12	-104	13	4.98
1414	-99	10	-105	13	6.60
1415	-99	9	-105	13	7.12
1416	-101	8	-105	13	6.36
1417	-103	7	-106	13	6.69
1418	-106	5	-106	13	8.00
1419	-107	4	-106	13	9.05
1420	-109	3	-107	13	10.19
1421	-109	2	-107	13	11.18
1422	-109	1	-107	13	12.16
1423	-109	0	-108	13	13.04
1424	-109	0	-108	13	13.04
1425	-110	0	-108	13	13.15
1426	-110	0	-109	13	13.04
1427	-110	0	-109	13	13.04
1428	-110	0	-109	13	13.04
1429	-111	0	-110	13	13.04
1430	-111	-1	-110	13	14.04
1431	-111	-2	-110	13	15.03
1432	-111	-3	-111	13	16.00
1433	-111	-4	-111	13	17.00
1434	-111	-5	-111	13	18.00
1435	-110	-6	-112	13	19.10
1436	-108	-8	-112	13	21.37
1437	-106	-10	-112	13	23.76
1438	39	-45	-113	13	140.12
1439	39	-45	-113	13	140.12
1440	39	-45	-58	38	120.21
1441	39	-45	-57	38	119.58
1442	40	-45	-56	38	119.58
1443	40	-45	-56	39	120.16
1444	40	-46	-55	39	119.98
1445	40	-45	-55	40	120.11
1446	40	-45	-54	40	119.49
1447	40	-45	-54	40	119.49
1448	40	-45	-53	41	119.46
1449	40	-45	-53	41	119.46
1450	40	-45	-52	42	119.44
1451	40	-45	-52	42	119.44
1452	40	-45	-51	42	118.84
1453	40	-45	-51	43	119.42
1454	40	-45	-50	43	118.83
1455	40	-44	-50	44	118.85
1456	40	-44	-49	44	118.26
1457	40	-44	-48	44	117.68
1458	40	-44	-48	45	118.26
1459	40	-43	-47	45	117.08
1460	40	-43	-47	46	117.65
1461	40	-43	-46	46	117.07
1462	40	-43	-46	46	117.07
1463	40	-43	-45	47	117.08
1464	40	-42	-45	47	116.44
1465	40	-42	-44	48	116.44
1466	40	-42	-44	48	116.44
1467	40	-42	-43	48	115.89
1468	40	-42	-43	49	116.46
1469	39	-42	-42	49	115.39
1470	39	-41	-42	50	115.26
1471	39	-41	-41	50	114.73
1472	39	-41	153	-90	49.00
1473	39	-41	156	-90	49.00
1474	39	-41	160	-90	49.00
1475	39	-41	163	-90	49.00
1476	39	-41	167	-90	49.00
1477	39	-41	170	-90	49.00
1478	39	-41	174	-90	49.00
1479	39	-41	177	-90	49.00
1480	39	-41	-179	-90	49.00
1481	39	-41	-175	-90	49.00
1482	39	-41	-172	-90	49.00
1483	38	-41	-168	-90	49.00
1484	38	-41	-165	-90	49.00
1485	38	-41	-161	-90	49.00
1486	38	-41	-158	-90	49.00
1487	37	-41	-154	-90	49.00
1488	37	-41	-150	-90	49.00
1489	37	-41	-147	-90	49.00
1490	37	-41	-143	-90	49.00
1491	37	-41	-140	-90	49.00
1492	37	-41	-136	-90	49.00
1493	37	-41	-133	-90	49.00
1494	37	-40	-129	-90	50.00
1495	37	-40	-126	-90	50.00
1496	37	-40	-122	-90	50.00
1497	36	-40	-118	-90	50.00
1498	36	-40	-115	-90	50.00
1499	36	-40	-111	-90	50.00
1500	36	-40	-108	-90	50.00
1501	36	-40	-104	-90	50.00
1502	36	-40	-101	-90	50.00
1503	36	-40	-97	-90	50.00
1504	35	-40	39	-37	4.33
1505	35	-40	39	-36	5.09
1506	35	-40	39	-36	5.09
1507	35	-40	39	-36	5.09
1508	35	-39	39	-36	4.37
1509	35	-39	39	-36	4.37
1510	35	-39	39	-36	4.37
1511	35	-39	39	-36	4.37
1512	35	-39	39	-36	4.37
1513	35	-39	39	-35	5.12
1514	35	-39	39	-35	5.12
1515	35	-39	39	-35	5.12
1516	35	-39	39	-35	5.12
1517	35	-39	39	-35	5.12
1518	35	-39	39	-35	5.12
1519	35	-39	39	-35	5.12
1520	35	-39	39	-35	5.12
1521	35	-39	39	-34	5.94
1522	35	-39	39	-34	5.94
1523	35	-39	39	-34	5.94
1524	35	-39	39	-34	5.94
1525	35	-39	39	-34	5.94
1526	35	-39	39	-34	5.94
1527	35	-39	39	-34	5.94
1528	35	-39	39	-34	5.94
1529	35	-39	39	-33	6.82
1530	35	-39	39	-33	6.82
1531	35	-39	39	-33	6.82
1532	35	-39	39	-33	6.82
1533	35	-39	39	-33	6.82
1534	35	-39	39	-33	6.82
1535	35	-39	39	-33	6.82
1536	35	-39	31	-39	3.11
1537	35	-39	30	-38	4.04
1538	35	-39	30	-38	4.04
1539	35	-39	30	-38	4.04
1540	35	-39	30	-38	4.04
1541	35	-39	30	-38	4.04
1542	35	-39	30	-38	4.04
1543	35	-39	30	-38	4.04
1544	35	-39	30	-38	4.04
1545	35	-39	29	-38	4.80
1546	35	-39	29	-38	4.80
1547	34	-39	29	-38	4.04
1548	34	-39	29	-38	4.04
1549	33	-39	29	-38	3.29
1550	33	-39	29	-38	3.29
1551	33	-39	29	-38	3.29
1552	32	-39	29	-38	2.55
1553	32	-39	28	-38	3.29
1554	32	-39	28	-38	3.29
1555	32	-39	28	-38	3.29
1556	32	-39	28	-38	3.29
1557	31	-39	28	-38	2.55
1558	31	-39	28	-38	2.55
1559	30	-39	28	-38	1.86
1560	30	-39	28	-38	1.86
1561	30	-39	27	-38	2.55
1562	30	-39	27	-38	2.55
1563	29	-39	27	-38	1.86
1564	29	-39	27	-38	1.86
1565	29	-39	27	-38	1.86
1566	29	-39	27	-38	1.86
1567	29	-39	27	-38	1.86
1568	29	-39	35	-38	4.80
1569	28	-39	35	-37	5.87
1570	27	-40	35	-37	6.94
1571	27	-40	35	-37	6.94
1572	26	-40	35	-37	7.65
1573	26	-40	35	-37	7.65
1574	26	-40	35	-37	7.65
1575	25	-40	35	-37	8.38
1576	24	-40	35	-37	9.11
1577	24	-40	35	-37	9.11
1578	23	-40	35	-37	9.85
1579	23	-40	35	-37	9.85
1580	23	-40	35	-37	9.85
1581	23	-40	35	-37	9.85
1582	22	-40	35	-37	10.60
1583	22	-40	35	-37	10.60
1584	22	-40	35	-37	10.60
1585	22	-40	35	-37	10.60
1586	21	-40	35	-37	11.35
1587	21	-40	35	-37	11.35
1588	21	-39	35	-37	11.20
1589	20	-39	35	-37	11.97
1590	20	-39	35	-37	11.97
1591	18	-38	35	-37	13.51
1592	16	-37	35	-37	15.15
1593	14	-36	35	-37	16.88
1594	14	-36	35	-37	16.88
1595	12	-35	35	-37	18.67
1596	9	-34	35	-37	21.31
1597	7	-33	35	-37	23.20
1598	7	-33	35	-37	23.20
1599	6	-32	35	-37	24.32
1600	4	-31	23	-39	17.45
1601	4	-31	22	-39	16.73
1602	3	-29	22	-39	18.60
1603	0	-26	22	-39	22.56
1604	0	-26	22	-39	22.56
1605	-2	-22	22	-39	26.62
1606	-4	-19	21	-39	29.44
1607	-6	-17	21	-39	32.20
1608	-6	-17	21	-39	32.20
1609	-7	-15	21	-39	34.34
1610	-7	-13	21	-39	35.89
1611	-7	-13	20	-39	35.29
1612	-8	-12	20	-39	36.68
1613	-8	-11	20	-39	37.47
1614	-8	-10	20	-39	38.28
1615	-8	-10	20	-39	38.28
1616	-8	-10	20	-39	38.28
1617	-9	-8	19	-39	39.91
1618	-10	-8	19	-39	40.48
1619	-10	-8	19	-39	40.48
1620	-11	-7	19	-39	41.87
1621	-12	-7	19	-39	42.45
1622	-12	-7	18	-39	41.87
1623	-13	-7	18	-39	42.45
1624	-15	-7	18	-39	43.65
1625	-17	-6	18	-39	45.66
1626	-17	-6	18	-39	45.66
1627	-21	-7	17	-39	46.80
1628	-25	-8	17	-39	48.74
1629	-25	-8	17	-39	48.74
1630	-29	-8	17	-39	51.52
1631	-29	-8	17	-39	51.52
1632	-32	-8	-21	-23	18.35
1633	-35	-9	-21	-22	18.71
1634	-37	-9	-22	-22	19.41
1635	-39	-9	-23	-22	20.13
1636	-39	-9	-24	-22	19.41
1637	-40	-10	-24	-21	18.91
1638	-42	-10	-25	-21	19.70
1639	-42	-10	-26	-21	18.91
1640	-44	-11	-27	-21	19.13
1641	-44	-11	-28	-20	17.83
1642	-48	-12	-28	-20	20.80
1643	-52	-13	-29	-20	23.11
1644	-55	-14	-30	-20	24.62
1645	-57	-14	-31	-19	25.40
1646	-57	-14	-31	-19	25.40
1647	-59	-15	-32	-19	26.10
1648	-62	-17	-33	-19	27.62
1649	-62	-17	-34	-18	26.70
1650	-64	-18	-35	-18	27.55
1651	-67	-20	-35	-18	30.28
1652	-67	-20	-36	-18	29.34
1653	-70	-21	-37	-17	31.40
1654	-70	-21	-38	-17	30.47
1655	-75	-22	-38	-17	35.15
1656	-75	-22	-39	-17	34.22
1657	-77	-22	-40	-16	35.41
1658	-79	-23	-41	-16	36.39
1659	-79	-23	-42	-16	35.47
1660	-80	-23	-42	-16	36.39
1661	-82	-24	-43	-15	37.72
1662	-83	-24	-44	-15	37.72
1663	-83	-24	-45	-15	36.81
1664	-85	-25	-68	15	43.30
1665	-87	-26	-69	15	44.58
1666	-87	-26	-70	16	45.14
1667	-88	-26	-71	17	46.07
1668	-89	-27	-72	17	46.99
1669	-89	-27	-73	18	47.60
1670	-90	-28	-74	19	49.48
1671	-92	-29	-75	20	51.67
1672	-92	-29	-77	20	51.09
1673	-93	-29	-78	21	52.05
1674	-95	-30	-79	22	54.23
1675	-96	-31	-80	22	55.18
1676	-96	-31	-81	23	55.88
1677	-97	-31	-82	24	56.85
1678	-98	-32	-83	25	58.77
1679	-98	-32	-84	25	58.55
1680	-98	-33	-86	26	60.09
1681	-99	-34	-87	27	62.05
1682	-99	-34	-88	27	61.89
1683	-100	-34	-89	28	62.87
1684	-101	-35	-90	29	64.84
1685	-102	-35	-91	30	65.82
1686	-102	-35	-92	30	65.68
1687	-102	-35	-93	31	66.54
1688	-104	-36	-95	32	68.52
1689	-104	-36	-96	32	68.41
1690	-105	-36	-97	33	69.40
1691	-106	-36	-98	34	70.40
1692	-106	-36	-99	35	71.30
1693	-107	-36	-100	35	71.30
1694	-107	-37	-101	36	73.21
1695	-107	-37	-102	37	74.14
1696	-107	-37	-138	-42	24.30
1697	-107	-37	-139	-42	25.04
1698	-108	-37	-141	-43	25.80
1699	-108	-37	-142	-43	26.53
1700	-108	-37	-144	-44	28.01
1701	-108	-37	-146	-44	29.45
1702	-108	-37	-147	-45	30.18
1703	-108	-37	-149	-45	31.60
1704	-107	-37	-151	-46	33.70
1705	-107	-37	-152	-46	34.39
1706	-107	-37	-154	-47	35.75
1707	-107	-37	-156	-47	37.11
1708	-106	-37	-157	-48	38.41
1709	-106	-37	-159	-48	39.75
1710	-106	-37	-161	-49	41.00
1711	-106	-37	-162	-49	41.65
1712	-106	-37	-164	-50	42.86
1713	-105	-37	-166	-51	44.65
1714	-105	-37	-167	-51	45.28
1715	-105	-37	-169	-52	46.39
1716	-105	-37	-171	-52	47.61
1717	-105	-37	-172	-53	48.05
1718	-104	-37	-174	-53	49.83
1719	-104	-37	-176	-54	50.81
1720	-104	-37	-177	-54	51.38
1721	-104	-36	-179	-55	53.02
1722	-104	-36	179	-55	54.14
1723	-104	-36	178	-56	54.45
1724	-104	-36	176	-56	55.54
1725	-103	-36	174	-57	56.86
1726	-103	-36	173	-57	57.38
1727	-103	-36	171	-58	58.10
1728	-103	-36	-129	-49	22.98
1729	-103	-36	-129	-49	22.98
1730	-103	-36	-130	-49	23.58
1731	-102	-36	-131	-50	25.16
1732	-102	-36	-131	-50	25.16
1733	-102	-36	-132	-50	25.76
1734	-102	-36	-133	-51	26.72
1735	-102	-36	-133	-51	26.72
1736	-101	-36	-134	-52	28.25
1737	-101	-36	-135	-52	28.82
1738	-101	-36	-135	-52	28.82
1739	-101	-36	-136	-53	29.74
1740	-101	-36	-137	-53	30.31
1741	-101	-36	-137	-53	30.31
1742	-101	-36	-138	-54	31.21
1743	-100	-36	-139	-54	32.32
1744	-100	-36	-140	-55	33.18
1745	-100	-36	-140	-55	33.18
1746	-100	-36	-141	-55	33.73
1747	-99	-36	-142	-56	35.10
1748	-99	-36	-142	-56	35.10
1749	-99	-36	-143	-56	35.64
1750	-99	-36	-144	-57	36.44
1751	-99	-36	-144	-57	36.44
1752	-99	-36	-145	-58	37.22
1753	-99	-36	-146	-58	37.73
1754	-98	-36	-146	-58	38.25
1755	-98	-36	-147	-59	39.00
1756	-98	-36	-148	-59	39.50
1757	-98	-35	-148	-59	40.28
1758	-98	-35	-149	-60	41.02
1759	-98	-35	-150	-60	41.51
1760	-98	-35	-99	-35	0.82
1761	-98	-35	-98	-34	1.00
1762	-98	-35	-98	-34	1.00
1763	-98	-35	-98	-34	1.00
1764	-98	-35	-98	-34	1.00
1765	-98	-35	-98	-34	1.00
1766	-97	-35	-98	-34	1.30
1767	-97	-35	-98	-34	1.30
1768	-97	-35	-98	-34	1.30
1769	-96	-35	-97	-34	1.30
1770	-95	-34	-97	-34	1.66
1771	-95	-34	-97	-34	1.66
1772	-95	-34	-97	-34	1.66
1773	-94	-34	-97	-34	2.49
1774	-93	-33	-97	-34	3.48
1775	-93	-33	-97	-34	3.48
1776	-92	-33	-97	-34	4.29
1777	-92	-32	-96	-34	3.91
1778	-92	-32	-96	-34	3.91
1779	-91	-32	-96	-34	4.65
1780	-91	-32	-96	-34	4.65
1781	-90	-32	-96	-34	5.41
1782	-90	-32	-96	-34	5.41
1783	-89	-32	-96	-34	6.20
1784	-89	-31	-96	-34	6.62
1785	-89	-31	-95	-34	5.88
1786	-89	-31	-95	-34	5.88
1787	-88	-31	-95	-34	6.62
1788	-88	-31	-95	-34	6.62
1789	-88	-31	-95	-34	6.62
1790	-88	-31	-95	-34	6.62
1791	-88	-31	-95	-34	6.62
