frame_id	phi	theta	est_phi	est_theta	err_phi	err_theta	speed
0	-1	12	0	0	-1	12
1	-1	12	0	0	-1	12
2	-2	13	0	0	-2	13
3	-2	13	0	0	-2	13
4	-3	12	0	0	-3	12
5	-3	12	0	0	-3	12
6	-3	10	0	0	-3	10
7	-4	9	0	0	-4	9
8	-5	8	0	0	-5	8
9	-5	8	0	0	-5	8
10	-5	8	0	0	-5	8
11	-5	6	0	0	-5	6
12	-5	4	0	0	-5	4
13	-5	4	0	0	-5	4
14	-6	2	0	0	-6	2
15	-6	2	0	0	-6	2
16	-6	1	0	0	-6	1
17	-5	0	0	0	-5	0
18	-5	0	0	0	-5	0
19	-5	1	0	0	-5	1
20	-5	1	0	0	-5	1
21	-4	1	0	0	-4	1
22	-4	1	0	0	-4	1
23	-4	1	0	0	-4	1
24	-4	0	0	0	-4	0
25	-4	0	0	0	-4	0
26	-4	0	0	0	-4	0
27	-4	0	0	0	-4	0
28	-4	0	0	0	-4	0
29	-4	0	0	0	-4	0
30	-4	0	0	0	-4	0
31	-4	0	0	0	-4	0
32	-4	0	0	0	-4	0
33	-4	0	0	0	-4	0
34	-3	0	0	0	-3	0
35	-3	0	0	0	-3	0
36	-2	0	0	0	-2	0
37	-1	0	0	0	-1	0
38	-1	0	0	0	-1	0
39	1	2	0	0	1	2
40	1	2	0	0	1	2
41	2	5	0	0	2	5
42	3	8	0	0	3	8
43	3	8	0	0	3	8
44	4	12	0	0	4	12
45	4	12	0	0	4	12
46	5	20	0	0	5	20
47	5	20	0	0	5	20
48	5	25	-7	-12	12	37
49	6	27	-7	-12	13	39
50	6	27	-7	-13	13	40
51	7	28	-7	-13	14	41
52	7	29	-7	-14	14	43
53	7	29	-7	-14	14	43
54	8	31	-7	-15	15	46
55	8	31	-7	-15	15	46
56	9	32	-8	-16	17	48
57	9	33	-8	-16	17	49
58	9	33	-8	-17	17	50
59	10	34	-8	-17	18	51
60	10	34	-8	-18	18	52
61	11	34	-8	-18	19	52
62	11	34	-8	-19	19	53
63	11	34	-8	-19	19	53
64	11	34	-9	-20	20	54
65	12	33	-9	-20	21	53
66	13	33	-9	-21	22	54
67	14	32	-9	-21	23	53
68	14	32	-9	-22	23	54
69	15	31	-9	-22	24	53
70	17	30	-9	-23	26	53
71	17	30	-9	-23	26	53
72	19	28	14	50	5	-22
73	19	28	14	51	5	-23
74	23	25	14	52	9	-27
75	27	20	15	53	12	-33
76	32	16	15	54	17	-38
77	37	12	15	55	22	-43
78	37	12	16	56	21	-44
79	43	8	16	57	27	-49
80	51	4	17	58	34	-54
81	51	4	17	59	34	-55
82	57	2	17	60	40	-58
83	63	0	18	61	45	-61
84	63	0	18	62	45	-62
85	68	-1	18	63	50	-64
86	75	-2	19	64	56	-66
87	80	-3	19	65	61	-68
88	80	-3	20	66	60	-69
89	85	-4	20	67	65	-71
90	89	-5	20	68	69	-73
91	89	-5	21	69	68	-74
92	93	-5	21	70	72	-75
93	93	-5	21	71	72	-76
94	96	-6	22	72	74	-78
95	99	-6	22	73	77	-79
96	100	-7	33	31	67	-38
97	102	-7	33	31	69	-38
98	102	-7	34	31	68	-38
99	102	-8	34	31	68	-39
100	104	-8	35	31	69	-39
101	104	-8	35	31	69	-39
102	105	-8	36	31	69	-39
103	105	-8	37	31	68	-39
104	107	-8	37	32	70	-40
105	109	-8	38	32	71	-40
106	109	-8	38	32	71	-40
107	115	-8	39	32	76	-40
108	115	-8	40	32	75	-40
109	119	-8	40	32	79	-40
110	124	-8	41	32	83	-40
111	124	-8	41	32	83	-40
112	128	-8	42	33	86	-41
113	128	-8	42	33	86	-41
114	132	-8	43	33	89	-41
115	134	-8	44	33	90	-41
116	134	-8	44	33	90	-41
117	138	-9	45	33	93	-42
118	138	-9	45	33	93	-42
119	139	-9	46	33	93	-42
120	139	-8	-179	-42	-42	34
121	139	-8	-176	-43	-45	35
122	140	-8	-173	-44	-47	36
123	140	-8	-169	-46	-51	38
124	140	-8	-166	-47	-54	39
125	140	-8	-163	-49	-57	41
126	140	-8	-159	-50	-61	42
127	141	-9	-156	-52	-63	43
128	141	-9	-152	-53	-67	44
129	142	-9	-149	-55	-69	46
130	142	-9	-146	-56	-72	47
131	142	-9	-142	-58	-76	49
132	142	-9	-139	-59	-79	50
133	142	-9	-136	-60	-82	51
134	143	-9	-132	-62	-85	53
135	143	-10	-129	-63	-88	53
136	143	-10	-125	-65	-92	55
137	143	-10	-122	-66	-95	56
138	143	-10	-119	-68	-98	58
139	143	-10	-115	-69	-102	59
140	143	-10	-112	-71	-105	61
141	143	-10	-109	-72	-108	62
142	142	-10	-105	-74	-113	64
143	142	-10	-102	-75	-116	65
144	142	-10	178	-9	-36	-1
145	142	-10	179	-9	-37	-1
146	142	-10	-179	-9	-39	-1
147	142	-10	-178	-9	-40	-1
148	142	-10	-176	-9	-42	-1
149	142	-10	-174	-9	-44	-1
150	142	-10	-173	-9	-45	-1
151	142	-10	-171	-9	-47	-1
152	142	-10	-169	-9	-49	-1
153	142	-10	-168	-9	-50	-1
154	142	-10	-166	-9	-52	-1
155	142	-10	-165	-9	-53	-1
156	142	-10	-163	-9	-55	-1
157	142	-10	-161	-9	-57	-1
158	142	-10	-160	-9	-58	-1
159	142	-10	-158	-9	-60	-1
160	141	-10	-156	-9	-63	-1
161	141	-10	-155	-9	-64	-1
162	141	-9	-153	-9	-66	0
163	141	-9	-152	-9	-67	0
164	141	-10	-150	-9	-69	-1
165	141	-10	-148	-9	-71	-1
166	141	-10	-147	-9	-72	-1
167	141	-10	-145	-9	-74	-1
168	141	-10	145	-12	-4	2
169	141	-10	145	-12	-4	2
170	140	-10	145	-12	-5	2
171	140	-10	145	-12	-5	2
172	140	-10	145	-12	-5	2
173	140	-10	145	-12	-5	2
174	139	-10	145	-12	-6	2
175	139	-10	145	-12	-6	2
176	139	-10	146	-12	-7	2
177	139	-10	146	-12	-7	2
178	139	-10	146	-12	-7	2
179	138	-10	146	-12	-8	2
180	138	-10	146	-13	-8	3
181	138	-10	146	-13	-8	3
182	137	-10	146	-13	-9	3
183	137	-10	146	-13	-9	3
184	137	-10	147	-13	-10	3
185	136	-10	147	-13	-11	3
186	136	-10	147	-13	-11	3
187	136	-10	147	-13	-11	3
188	136	-10	147	-13	-11	3
189	135	-10	147	-13	-12	3
190	135	-10	147	-13	-12	3
191	135	-10	147	-13	-12	3
192	135	-11	140	-10	-5	-1
193	134	-11	139	-10	-5	-1
194	134	-11	139	-10	-5	-1
195	134	-11	139	-10	-5	-1
196	134	-11	139	-10	-5	-1
197	135	-11	139	-10	-4	-1
198	135	-11	139	-10	-4	-1
199	135	-11	139	-10	-4	-1
200	135	-11	139	-10	-4	-1
201	135	-11	139	-10	-4	-1
202	135	-11	139	-10	-4	-1
203	135	-11	139	-10	-4	-1
204	135	-11	139	-10	-4	-1
205	135	-11	139	-10	-4	-1
206	135	-11	139	-10	-4	-1
207	135	-11	139	-10	-4	-1
208	135	-11	139	-10	-4	-1
209	135	-11	139	-10	-4	-1
210	135	-11	139	-10	-4	-1
211	135	-11	139	-10	-4	-1
212	135	-11	139	-10	-4	-1
213	135	-11	139	-10	-4	-1
214	135	-11	139	-10	-4	-1
215	134	-11	139	-10	-5	-1
216	134	-11	129	-12	5	1
217	133	-11	128	-12	5	1
218	131	-12	128	-12	3	0
219	131	-12	128	-12	3	0
220	125	-12	128	-12	-3	0
221	125	-12	127	-12	-2	0
222	105	-12	127	-12	-22	0
223	92	-13	127	-12	-35	-1
224	92	-13	127	-12	-35	-1
225	77	-14	126	-12	-49	-2
226	77	-14	126	-12	-49	-2
227	61	-15	126	-12	-65	-3
228	44	-17	126	-12	-82	-5
229	44	-17	125	-12	-81	-5
230	11	-20	125	-12	-114	-8
231	11	-20	125	-12	-114	-8
232	-4	-19	125	-12	-129	-7
233	-19	-19	124	-12	-143	-7
234	-19	-19	124	-12	-143	-7
235	-36	-18	124	-12	-160	-6
236	-36	-18	124	-12	-160	-6
237	-52	-16	123	-12	-175	-4
238	-68	-15	123	-12	169	-3
239	-68	-15	123	-12	169	-3
240	-94	-11	133	-11	133	0
241	-94	-11	132	-11	134	0
242	-105	-10	132	-11	123	1
243	-114	-9	132	-11	114	2
244	-114	-9	132	-11	114	2
245	-123	-8	132	-11	105	3
246	-123	-8	132	-11	105	3
247	-129	-8	132	-11	99	3
248	-135	-8	132	-11	93	3
249	-135	-8	132	-11	93	3
250	-140	-7	132	-11	88	4
251	-140	-7	132	-11	88	4
252	-141	-7	132	-11	87	4
253	-142	-7	132	-11	86	4
254	-142	-7	132	-11	86	4
255	-143	-7	132	-11	85	4
256	-143	-7	132	-11	85	4
257	-144	-7	132	-11	84	4
258	-144	-7	132	-11	84	4
259	-144	-7	132	-11	84	4
260	-146	-6	132	-11	82	5
261	-146	-6	132	-11	82	5
262	-146	-6	132	-11	82	5
263	-146	-6	132	-11	82	5
264	-146	-6	38	-11	176	5
265	-146	-6	43	-11	171	5
266	-146	-6	49	-11	165	5
267	-146	-6	54	-11	160	5
268	-145	-6	60	-11	155	5
269	-145	-6	65	-11	150	5
270	-145	-6	71	-11	144	5
271	-145	-6	76	-11	139	5
272	-145	-5	82	-11	133	6
273	-145	-5	87	-11	128	6
274	-145	-5	93	-11	122	6
275	-145	-5	98	-11	117	6
276	-145	-5	104	-11	111	6
277	-145	-6	109	-11	106	5
278	-145	-6	115	-11	100	5
279	-145	-6	120	-11	95	5
280	-145	-6	126	-11	89	5
281	-145	-6	131	-11	84	5
282	-144	-6	137	-11	79	5
283	-145	-6	142	-11	73	5
284	-145	-6	148	-11	67	5
285	-145	-6	153	-11	62	5
286	-145	-6	159	-11	56	5
287	-145	-6	164	-11	51	5
288	-145	-6	162	-1	53	-5
289	-145	-6	160	0	55	-6
290	-145	-6	158	0	57	-6
291	-145	-6	156	0	59	-6
292	-145	-6	154	0	61	-6
293	-146	-6	152	0	62	-6
294	-146	-6	149	0	65	-6
295	-146	-6	147	0	67	-6
296	-146	-6	145	0	69	-6
297	-146	-6	143	0	71	-6
298	-146	-6	141	1	73	-7
299	-146	-6	139	1	75	-7
300	-146	-6	136	1	78	-7
301	-146	-6	134	1	80	-7
302	-146	-6	132	1	82	-7
303	-146	-6	130	2	84	-8
304	-146	-6	128	2	86	-8
305	-146	-6	126	2	88	-8
306	-146	-6	123	2	91	-8
307	-146	-6	121	2	93	-8
308	-146	-6	119	3	95	-9
309	-146	-6	117	3	97	-9
310	-146	-6	115	3	99	-9
311	-146	-6	113	3	101	-9
312	-146	-6	-144	-6	-2	0
313	-145	-6	-143	-6	-2	0
314	-145	-6	-143	-6	-2	0
315	-145	-6	-143	-6	-2	0
316	-145	-6	-143	-6	-2	0
317	-145	-6	-143	-6	-2	0
318	-145	-5	-143	-6	-2	1
319	-145	-5	-143	-6	-2	1
320	-145	-6	-143	-6	-2	0
321	-144	-6	-143	-6	-1	0
322	-144	-6	-143	-6	-1	0
323	-143	-6	-143	-6	0	0
324	-143	-6	-143	-6	0	0
325	-143	-5	-143	-6	0	1
326	-143	-5	-143	-6	0	1
327	-143	-5	-143	-6	0	1
328	-143	-5	-143	-6	0	1
329	-143	-5	-143	-6	0	1
330	-142	-5	-143	-6	1	1
331	-142	-5	-143	-6	1	1
332	-141	-5	-143	-6	2	1
333	-139	-3	-143	-6	4	3
334	-139	-3	-143	-6	4	3
335	-137	-1	-143	-6	6	5
336	-134	0	-147	-6	13	6
337	-134	0	-147	-6	13	6
338	-131	4	-147	-6	16	10
339	-131	4	-147	-6	16	10
340	-127	6	-147	-6	20	12
341	-123	9	-147	-6	24	15
342	-123	9	-147	-6	24	15
343	-117	12	-147	-6	30	18
344	-117	12	-147	-6	30	18
345	-113	12	-147	-6	34	18
346	-110	12	-147	-6	37	18
347	-110	12	-147	-6	37	18
348	-108	12	-147	-6	39	18
349	-108	12	-147	-6	39	18
350	-107	12	-147	-6	40	18
351	-106	12	-147	-6	41	18
352	-106	12	-147	-6	41	18
353	-103	12	-147	-6	44	18
354	-103	12	-147	-6	44	18
355	-101	11	-147	-6	46	17
356	-98	9	-147	-6	49	15
357	-98	9	-147	-6	49	15
358	-95	7	-147	-6	52	13
359	-95	7	-147	-6	52	13
360	-91	5	-122	6	31	-1
361	-86	1	-121	6	35	-5
362	-86	1	-121	6	35	-5
363	-77	-3	-120	6	43	-9
364	-77	-3	-120	7	43	-10
365	-73	-5	-119	7	46	-12
366	-71	-7	-119	7	48	-14
367	-71	-7	-118	7	47	-14
368	-68	-7	-118	8	50	-15
369	-68	-7	-117	8	49	-15
370	-67	-7	-117	8	50	-15
371	-67	-8	-116	8	49	-16
372	-67	-8	-116	9	49	-17
373	-66	-9	-115	9	49	-18
374	-66	-9	-115	9	49	-18
375	-65	-9	-114	9	49	-18
376	-65	-9	-114	10	49	-19
377	-65	-9	-113	10	48	-19
378	-65	-9	-113	10	48	-19
379	-65	-9	-112	10	47	-19
380	-65	-10	-112	11	47	-21
381	-65	-10	-111	11	46	-21
382	-65	-10	-111	11	46	-21
383	-63	-10	-110	11	47	-21
384	-63	-10	-48	10	-15	-20
385	-61	-10	-46	10	-15	-20
386	-57	-11	-44	10	-13	-21
387	-57	-11	-42	10	-15	-21
388	-51	-13	-40	10	-11	-23
389	-51	-13	-39	11	-12	-24
390	-39	-16	-37	11	-2	-27
391	-39	-16	-35	11	-4	-27
392	-39	-16	-33	11	-6	-27
393	-27	-17	-31	11	4	-28
394	-27	-17	-30	12	3	-29
395	-21	-17	-28	12	7	-29
396	-17	-17	-26	12	9	-29
397	-13	-17	-24	12	11	-29
398	-13	-17	-22	12	9	-29
399	-10	-17	-21	13	11	-30
400	-6	-17	-19	13	13	-30
401	-6	-17	-17	13	11	-30
402	-4	-17	-15	13	11	-30
403	-4	-17	-13	13	9	-30
404	-2	-17	-12	14	10	-31
405	0	-17	-10	14	10	-31
406	1	-17	-8	14	9	-31
407	1	-17	-6	14	7	-31
408	3	-17	-35	-25	38	8
409	3	-17	-33	-25	36	8
410	5	-17	-32	-26	37	9
411	5	-17	-31	-26	36	9
412	5	-17	-30	-27	35	10
413	7	-16	-29	-28	36	12
414	7	-16	-28	-28	35	12
415	7	-16	-26	-29	33	13
416	8	-16	-25	-30	33	14
417	8	-16	-24	-30	32	14
418	9	-15	-23	-31	32	16
419	10	-15	-22	-31	32	16
420	10	-15	-21	-32	31	17
421	10	-15	-19	-33	29	18
422	10	-15	-18	-33	28	18
423	14	-15	-17	-34	31	19
424	14	-15	-16	-35	30	20
425	14	-15	-15	-35	29	20
426	18	-16	-14	-36	32	20
427	18	-16	-12	-36	30	20
428	19	-16	-11	-37	30	21
429	21	-16	-10	-38	31	22
430	21	-16	-9	-38	30	22
431	22	-16	-8	-39	30	23
432	22	-16	69	-24	-47	8
433	24	-16	71	-24	-47	8
434	24	-16	74	-24	-50	8
435	26	-16	77	-24	-51	8
436	28	-16	80	-25	-52	9
437	28	-16	82	-25	-54	9
438	29	-16	85	-25	-56	9
439	31	-16	88	-26	-57	10
440	31	-16	91	-26	-60	10
441	33	-16	93	-26	-60	10
442	33	-16	96	-26	-63	10
443	35	-16	99	-27	-64	11
444	35	-16	102	-27	-67	11
445	35	-16	104	-27	-69	11
446	38	-16	107	-28	-69	12
447	38	-16	110	-28	-72	12
448	39	-16	113	-28	-74	12
449	40	-16	115	-28	-75	12
450	40	-16	118	-29	-78	13
451	42	-16	121	-29	-79	13
452	42	-16	124	-29	-82	13
453	43	-14	126	-30	-83	16
454	44	-13	129	-30	-85	17
455	44	-13	132	-30	-88	17
456	46	-12	41	-15	5	3
457	46	-12	41	-14	5	2
458	47	-11	42	-14	5	3
459	49	-11	43	-14	6	3
460	49	-11	44	-14	5	3
461	49	-13	44	-14	5	1
462	49	-13	45	-14	4	1
463	50	-11	46	-14	4	3
464	50	-9	47	-14	3	5
465	50	-9	48	-14	2	5
466	49	-7	48	-14	1	7
467	49	-7	49	-14	0	7
468	48	-5	50	-14	-2	9
469	46	-4	51	-14	-5	10
470	46	-4	52	-14	-6	10
471	43	-5	52	-14	-9	9
472	43	-5	53	-14	-10	9
473	42	-4	54	-14	-12	10
474	41	-4	55	-14	-14	10
475	41	-4	56	-14	-15	10
476	40	-2	56	-14	-16	12
477	40	-2	57	-14	-17	12
478	39	0	58	-14	-19	14
479	39	1	59	-14	-20	15
480	39	1	70	-8	-31	9
481	36	5	71	-7	-35	12
482	36	5	72	-7	-36	12
483	35	7	73	-7	-38	14
484	34	10	74	-7	-40	17
485	34	10	75	-7	-41	17
486	34	12	76	-7	-42	19
487	34	12	77	-6	-43	18
488	35	14	78	-6	-43	20
489	35	17	79	-6	-44	23
490	35	17	80	-6	-45	23
491	38	25	81	-6	-43	31
492	38	25	82	-6	-44	31
493	39	29	83	-5	-44	34
494	41	34	84	-5	-43	39
495	41	34	85	-5	-44	39
496	43	37	86	-5	-43	42
497	43	37	87	-5	-44	42
498	44	38	88	-5	-44	43
499	43	37	89	-4	-46	41
500	42	36	90	-4	-48	40
501	42	36	91	-4	-49	40
502	41	34	92	-4	-51	38
503	41	33	93	-4	-52	37
504	41	32	32	14	9	18
505	41	32	31	14	10	18
506	40	32	31	15	9	17
507	40	32	31	15	9	17
508	40	32	30	16	10	16
509	40	32	30	16	10	16
510	40	32	30	17	10	15
511	39	28	29	17	10	11
512	39	28	29	18	10	10
513	37	22	29	18	8	4
514	36	17	29	19	7	-2
515	36	17	28	19	8	-2
516	35	11	28	20	7	-9
517	35	11	28	21	7	-10
518	32	2	27	21	5	-19
519	32	2	27	22	5	-20
520	32	2	27	22	5	-20
521	31	0	27	23	4	-23
522	31	0	26	23	5	-23
523	31	0	26	24	5	-24
524	31	0	26	24	5	-24
525	31	0	25	25	6	-25
526	30	0	25	25	5	-25
527	30	0	25	26	5	-26
528	30	0	43	63	-13	-63
529	30	0	43	64	-13	-64
530	30	0	43	65	-13	-65
531	29	0	43	66	-14	-66
532	29	0	43	68	-14	-68
533	29	0	43	69	-14	-69
534	28	0	43	70	-15	-70
535	28	0	43	72	-15	-72
536	27	0	43	73	-16	-73
537	25	0	43	74	-18	-74
538	25	0	43	75	-18	-75
539	21	0	43	77	-22	-77
540	21	0	44	78	-23	-78
541	18	-1	44	79	-26	-80
542	16	-1	44	81	-28	-82
543	16	-1	44	82	-28	-83
544	13	-1	44	83	-31	-84
545	13	-1	44	84	-31	-85
546	9	-1	44	86	-35	-87
547	9	-1	44	87	-35	-88
548	9	-1	44	88	-35	-89
549	4	-1	44	90	-40	-91
550	4	-1	44	90	-40	-91
551	1	-1	44	90	-43	-91
552	0	-1	19	-32	-19	31
553	0	-1	18	-33	-18	32
554	-3	-2	18	-34	-21	32
555	-3	-2	17	-36	-20	34
556	-4	-2	17	-37	-21	35
557	-5	-2	16	-38	-21	36
558	-5	-2	16	-40	-21	38
559	-7	-1	15	-41	-22	40
560	-7	-1	15	-42	-22	41
561	-8	-1	14	-44	-22	43
562	-10	-1	14	-45	-24	44
563	-10	-1	13	-46	-23	45
564	-12	-1	13	-48	-25	47
565	-12	-1	13	-49	-25	48
566	-14	-1	12	-50	-26	49
567	-15	0	12	-52	-27	52
568	-15	0	11	-53	-26	53
569	-16	0	11	-54	-27	54
570	-16	0	10	-56	-26	56
571	-18	0	10	-57	-28	57
572	-18	0	9	-58	-27	58
573	-18	0	9	-60	-27	60
574	-20	0	8	-61	-28	61
575	-20	0	8	-62	-28	62
576	-21	0	-30	-2	9	2
577	-21	0	-31	-2	10	2
578	-21	0	-32	-2	11	2
579	-21	0	-33	-2	12	2
580	-21	0	-35	-2	14	2
581	-22	0	-36	-2	14	2
582	-22	0	-37	-2	15	2
583	-22	0	-38	-2	16	2
584	-22	-1	-40	-2	18	1
585	-22	-1	-41	-2	19	1
586	-22	-1	-42	-2	20	1
587	-22	-2	-43	-2	21	0
588	-22	-2	-45	-2	23	0
589	-21	-4	-46	-2	25	-2
590	-21	-4	-47	-2	26	-2
591	-21	-4	-48	-2	27	-2
592	-21	-5	-50	-2	29	-3
593	-21	-5	-51	-2	30	-3
594	-20	-6	-52	-2	32	-4
595	-20	-6	-53	-2	33	-4
596	-20	-8	-55	-2	35	-6
597	-18	-11	-56	-2	38	-9
598	-16	-16	-57	-2	41	-14
599	-13	-21	-58	-2	45	-19
600	-13	-21	-42	1	29	-22
601	-9	-25	-42	1	33	-26
602	-8	-27	-43	1	35	-28
603	-8	-27	-44	1	36	-28
604	-6	-28	-45	1	39	-29
605	-6	-28	-46	1	40	-29
606	-6	-28	-47	1	41	-29
607	-6	-28	-48	1	42	-29
608	-6	-28	-49	1	43	-29
609	-7	-28	-49	1	42	-29
610	-7	-28	-50	1	43	-29
611	-7	-28	-51	1	44	-29
612	-7	-28	-52	1	45	-29
613	-7	-28	-53	1	46	-29
614	-7	-28	-54	1	47	-29
615	-7	-28	-55	1	48	-29
616	-7	-28	-56	1	49	-29
617	-7	-28	-56	1	49	-29
618	-7	-28	-57	1	50	-29
619	-7	-28	-58	1	51	-29
620	-7	-28	-59	1	52	-29
621	-7	-28	-60	1	53	-29
622	-7	-28	-61	1	54	-29
623	-7	-28	-62	1	55	-29
624	-7	-28	-5	-42	-2	14
625	-7	-28	-4	-42	-3	14
626	-7	-28	-4	-43	-3	15
627	-7	-28	-4	-44	-3	16
628	-7	-28	-3	-45	-4	17
629	-7	-28	-3	-46	-4	18
630	-7	-28	-3	-47	-4	19
631	-7	-28	-2	-48	-5	20
632	-7	-28	-2	-49	-5	21
633	-7	-28	-2	-49	-5	21
634	-7	-28	-1	-50	-6	22
635	-7	-28	-1	-51	-6	23
636	-7	-27	-1	-52	-6	25
637	-7	-27	0	-53	-7	26
638	-7	-27	0	-54	-7	27
639	-7	-27	0	-55	-7	28
640	-7	-27	0	-56	-7	29
641	-7	-27	0	-56	-7	29
642	-7	-27	1	-57	-8	30
643	-7	-27	1	-58	-8	31
644	-7	-27	1	-59	-8	32
645	-7	-27	2	-60	-9	33
646	-7	-27	2	-61	-9	34
647	-7	-27	2	-62	-9	35
648	-7	-27	-1	-35	-6	8
649	-7	-28	0	-35	-7	7
650	-7	-27	0	-35	-7	8
651	-7	-27	0	-35	-7	8
652	-7	-28	0	-36	-7	8
653	-7	-28	0	-36	-7	8
654	-7	-28	0	-36	-7	8
655	-7	-27	0	-37	-7	10
656	-7	-27	1	-37	-8	10
657	-7	-27	1	-37	-8	10
658	-7	-27	1	-37	-8	10
659	-7	-27	1	-38	-8	11
660	-7	-27	2	-38	-9	11
661	-7	-27	2	-38	-9	11
662	-7	-27	2	-39	-9	12
663	-7	-27	2	-39	-9	12
664	-7	-27	3	-39	-10	12
665	-7	-27	3	-39	-10	12
666	-7	-27	3	-40	-10	13
667	-7	-27	3	-40	-10	13
668	-7	-27	4	-40	-11	13
669	-6	-27	4	-41	-10	14
670	-7	-27	4	-41	-11	14
671	-7	-27	4	-41	-11	14
672	-6	-27	-7	-26	1	-1
673	-6	-27	-7	-25	1	-2
674	-6	-28	-7	-25	1	-3
675	-6	-28	-7	-25	1	-3
676	-6	-27	-7	-25	1	-2
677	-6	-27	-7	-25	1	-2
678	-6	-27	-7	-25	1	-2
679	-6	-27	-7	-25	1	-2
680	-6	-27	-7	-25	1	-2
681	-6	-27	-7	-25	1	-2
682	-6	-27	-7	-25	1	-2
683	-6	-27	-7	-25	1	-2
684	-6	-27	-7	-25	1	-2
685	-6	-27	-7	-25	1	-2
686	-6	-27	-7	-25	1	-2
687	-6	-26	-7	-25	1	-1
688	-6	-26	-7	-25	1	-1
689	-7	-26	-7	-25	0	-1
690	-6	-26	-7	-25	1	-1
691	-6	-26	-7	-25	1	-1
692	-6	-25	-7	-25	1	0
693	-6	-25	-7	-25	1	0
694	-5	-26	-7	-25	2	-1
695	-3	-26	-7	-25	4	-1
696	-3	-26	-5	-27	2	1
697	-1	-27	-4	-27	3	0
698	-1	-27	-4	-27	3	0
699	-1	-26	-4	-27	3	1
700	-1	-27	-4	-27	3	0
701	-1	-27	-4	-27	3	0
702	-1	-27	-4	-27	3	0
703	-1	-27	-4	-27	3	0
704	-1	-26	-4	-27	3	1
705	-1	-26	-4	-27	3	1
706	-1	-26	-4	-27	3	1
707	0	-26	-4	-27	4	1
708	0	-26	-4	-27	4	1
709	0	-26	-4	-27	4	1
710	0	-26	-4	-27	4	1
711	0	-26	-4	-27	4	1
712	-1	-26	-4	-27	3	1
713	-1	-26	-4	-27	3	1
714	-1	-24	-4	-27	3	3
715	-1	-23	-4	-27	3	4
716	-1	-23	-4	-27	3	4
717	-1	-21	-4	-27	3	6
718	-1	-21	-4	-27	3	6
719	-2	-19	-4	-27	2	8
720	-2	-16	0	-25	-2	9
721	-2	-16	0	-24	-2	8
722	-1	-11	0	-24	-1	13
723	-1	-11	0	-24	-1	13
724	-1	-10	0	-24	-1	14
725	-1	-10	0	-24	-1	14
726	-1	-10	0	-24	-1	14
727	-1	-11	0	-24	-1	13
728	-1	-11	1	-24	-2	13
729	-1	-11	1	-24	-2	13
730	-2	-11	1	-24	-3	13
731	-2	-11	1	-24	-3	13
732	-1	-11	1	-24	-2	13
733	-1	-11	1	-24	-2	13
734	-1	-10	1	-24	-2	14
735	-1	-10	1	-24	-2	14
736	-1	-10	2	-24	-3	14
737	-1	-10	2	-24	-3	14
738	-1	-10	2	-24	-3	14
739	-1	-11	2	-24	-3	13
740	-1	-10	2	-24	-3	14
741	-1	-10	2	-24	-3	14
742	-1	-9	2	-24	-3	15
743	-1	-9	2	-24	-3	15
744	-2	-8	-1	-6	-1	-2
745	-2	-7	0	-5	-2	-2
746	-2	-7	0	-5	-2	-2
747	-1	-7	0	-4	-1	-3
748	-1	-7	0	-4	-1	-3
749	-1	-7	0	-3	-1	-4
750	-1	-7	0	-3	-1	-4
751	-1	-7	0	-3	-1	-4
752	-2	-7	0	-2	-2	-5
753	-2	-7	0	-2	-2	-5
754	-2	-7	0	-1	-2	-6
755	-2	-7	0	-1	-2	-6
756	-2	-7	0	-1	-2	-6
757	-1	-7	0	0	-1	-7
758	-1	-8	0	0	-1	-8
759	-1	-8	0	0	-1	-8
760	-1	-9	0	0	-1	-9
761	-1	-9	0	1	-1	-10
762	-1	-10	0	1	-1	-11
763	0	-12	0	1	0	-13
764	0	-12	0	2	0	-14
765	-1	-12	0	2	-1	-14
766	-1	-12	0	3	-1	-15
767	-1	-12	0	3	-1	-15
768	0	-12	-2	0	2	-12
769	0	-12	-2	0	2	-12
770	0	-12	-2	0	2	-12
771	0	-12	-2	1	2	-13
772	0	-12	-2	1	2	-13
773	0	-12	-2	1	2	-13
774	0	-12	-2	2	2	-14
775	0	-12	-2	2	2	-14
776	0	-12	-2	2	2	-14
777	0	-12	-2	3	2	-15
778	0	-12	-2	3	2	-15
779	0	-12	-2	3	2	-15
780	0	-12	-2	4	2	-16
781	0	-12	-2	4	2	-16
782	6	-11	-2	4	8	-15
783	15	-12	-2	5	17	-17
784	22	-14	-2	5	24	-19
785	26	-16	-2	5	28	-21
786	26	-16	-2	6	28	-22
787	28	-17	-2	6	30	-23
788	28	-18	-2	6	30	-24
789	28	-18	-2	7	30	-25
790	28	-18	-2	7	30	-25
791	28	-18	-2	7	30	-25
792	28	-18	2	-16	26	-2
793	28	-19	2	-16	26	-3
794	28	-19	2	-16	26	-3
795	28	-19	2	-16	26	-3
796	28	-20	2	-16	26	-4
797	28	-20	2	-16	26	-4
798	29	-20	2	-17	27	-3
799	29	-20	2	-17	27	-3
800	30	-20	2	-17	28	-3
801	31	-19	2	-17	29	-2
802	31	-19	2	-17	29	-2
803	32	-18	2	-17	30	-1
804	32	-17	3	-18	29	1
805	33	-16	3	-18	30	2
806	33	-16	3	-18	30	2
807	33	-16	3	-18	30	2
808	33	-16	3	-18	30	2
809	32	-16	3	-18	29	2
810	32	-16	3	-19	29	3
811	32	-17	3	-19	29	2
812	32	-17	3	-19	29	2
813	32	-16	3	-19	29	3
814	32	-16	3	-19	29	3
815	33	-17	3	-19	30	2
816	33	-17	56	-24	-23	7
817	34	-17	57	-24	-23	7
818	34	-17	58	-24	-24	7
819	36	-18	59	-24	-23	6
820	39	-21	60	-25	-21	4
821	39	-21	61	-25	-22	4
822	43	-22	63	-25	-20	3
823	46	-23	64	-25	-18	2
824	46	-23	65	-26	-19	3
825	49	-26	66	-26	-17	0
826	49	-26	67	-26	-18	0
827	50	-27	68	-26	-18	-1
828	52	-27	70	-27	-18	0
829	52	-27	71	-27	-19	0
830	53	-27	72	-27	-19	0
831	53	-27	73	-27	-20	0
832	54	-27	74	-28	-20	1
833	55	-27	75	-28	-20	1
834	55	-27	77	-28	-22	1
835	57	-27	78	-28	-21	1
836	57	-27	79	-29	-22	2
837	59	-27	80	-29	-21	2
838	61	-28	81	-29	-20	1
839	61	-28	82	-29	-21	1
840	63	-28	38	-16	25	-12
841	65	-28	38	-15	27	-13
842	65	-28	38	-15	27	-13
843	67	-28	38	-15	29	-13
844	67	-28	38	-15	29	-13
845	70	-29	39	-15	31	-14
846	70	-29	39	-15	31	-14
847	71	-29	39	-15	32	-14
848	73	-29	39	-15	34	-14
849	73	-29	39	-15	34	-14
850	74	-29	40	-15	34	-14
851	75	-30	40	-15	35	-15
852	75	-30	40	-15	35	-15
853	76	-30	40	-15	36	-15
854	76	-30	40	-15	36	-15
855	76	-31	41	-15	35	-16
856	77	-31	41	-15	36	-16
857	77	-31	41	-15	36	-16
858	77	-31	41	-15	36	-16
859	77	-31	41	-15	36	-16
860	77	-31	42	-15	35	-16
861	77	-31	42	-15	35	-16
862	77	-31	42	-15	35	-16
863	77	-31	42	-15	35	-16
