frame_id	phi	theta	est_phi	est_theta	err_phi	err_theta	speed	err_ang
0	-138	-7	0	0	137.53
1	-138	-6	0	0	137.65
2	-138	-6	0	0	137.65
3	-138	-6	0	0	137.65
4	-138	-7	0	0	137.53
5	-138	-7	0	0	137.53
6	-138	-6	0	0	137.65
7	-138	-6	0	0	137.65
8	-139	-6	0	0	138.64
9	-139	-6	0	0	138.64
10	-141	-5	0	0	140.73
11	-141	-5	0	0	140.73
12	-143	-4	0	0	142.82
13	-143	-4	0	0	142.82
14	-146	-4	0	0	145.79
15	-148	-6	0	0	147.50
16	-148	-6	0	0	147.50
17	-153	-8	0	0	151.93
18	-154	-8	0	0	152.88
19	-154	-8	0	0	152.88
20	-156	-8	0	0	154.78
21	-156	-8	0	0	154.78
22	-156	-8	0	0	154.78
23	-157	-8	0	0	155.72
24	-157	-8	0	0	155.72
25	-158	-8	0	0	156.66
26	-158	-8	0	0	156.66
27	-158	-8	0	0	156.66
28	-159	-9	0	0	157.23
29	-159	-9	0	0	157.23
30	-159	-8	0	0	157.59
31	-160	-9	0	0	158.14
32	-160	-9	-138	-7	21.87
33	-162	-9	-138	-7	23.85
34	-163	-8	-138	-7	24.80
35	-163	-8	-138	-7	24.80
36	-167	-9	-138	-7	28.78
37	-167	-9	-138	-7	28.78
38	-172	-10	-138	-7	33.74
39	-172	-10	-138	-7	33.74
40	-177	-11	-138	-7	38.70
41	-177	-11	-138	-7	38.70
42	-179	-10	-138	-7	40.64
43	-179	-10	-138	-7	40.64
44	179	-10	-138	-7	42.61
45	179	-10	-138	-7	42.61
46	178	-11	-138	-7	43.60
47	178	-11	-138	-7	43.60
48	176	-11	-138	-7	45.57
49	176	-11	-138	-7	45.57
50	175	-11	-138	-7	46.55
51	175	-11	-138	-7	46.55
52	174	-11	-138	-7	47.53
53	174	-11	-138	-7	47.53
54	174	-11	-138	-7	47.53
55	174	-12	-138	-7	47.55
56	174	-11	-138	-7	47.53
57	174	-11	-138	-7	47.53
58	174	-11	-138	-7	47.53
59	174	-11	-138	-7	47.53
60	174	-10	-138	-7	47.53
61	174	-10	-138	-7	47.53
62	174	-9	-138	-7	47.54
63	174	-9	-138	-7	47.54
64	174	-8	178	-11	4.96
65	174	-7	178	-11	5.62
66	174	-7	177	-11	4.98
67	174	-7	176	-11	4.46
68	174	-7	176	-11	4.46
69	175	-8	175	-11	3.00
70	175	-8	174	-11	3.16
71	175	-8	174	-11	3.16
72	175	-8	173	-11	3.59
73	175	-8	172	-11	4.21
74	176	-8	172	-11	4.96
75	176	-8	171	-11	5.77
76	176	-8	170	-11	6.63
77	176	-8	170	-11	6.63
78	177	-9	169	-11	8.13
79	177	-9	168	-11	9.09
80	179	-10	167	-12	11.95
81	179	-10	167	-12	11.95
82	-179	-11	166	-12	14.73
83	-179	-11	165	-12	15.71
84	-178	-11	165	-12	16.69
85	-178	-11	164	-12	17.66
86	-177	-11	163	-12	19.62
87	-177	-11	163	-12	19.62
88	-177	-11	162	-12	20.60
89	-177	-11	161	-12	21.58
90	-177	-11	161	-12	21.58
91	-177	-11	160	-12	22.55
92	-177	-11	159	-12	23.53
93	-176	-11	159	-12	24.51
94	-176	-11	158	-12	25.49
95	-176	-11	157	-12	26.47
96	-176	-11	148	-7	35.76
97	-175	-11	147	-6	37.89
98	-175	-11	146	-6	38.86
99	-175	-11	145	-6	39.84
100	-174	-11	144	-6	41.80
101	-174	-11	143	-6	42.78
102	-174	-11	143	-6	42.78
103	-174	-11	142	-6	43.76
104	-173	-11	141	-6	45.72
105	-173	-11	140	-6	46.71
106	-173	-11	139	-6	47.69
107	-173	-11	139	-6	47.69
108	-173	-11	138	-6	48.67
109	-173	-11	137	-6	49.65
110	-173	-11	136	-6	50.63
111	-173	-11	135	-6	51.61
112	-173	-11	135	-6	51.61
113	-173	-11	134	-6	52.59
114	-173	-11	133	-6	53.57
115	-173	-11	132	-6	54.56
116	-173	-11	131	-6	55.54
117	-173	-11	130	-6	56.52
118	-172	-11	130	-6	57.50
119	-172	-11	129	-6	58.48
120	-172	-11	128	-6	59.46
121	-172	-11	127	-6	60.45
122	-172	-11	126	-6	61.43
123	-172	-11	126	-6	61.43
124	-172	-11	125	-6	62.41
125	-171	-11	124	-6	64.37
126	-171	-11	123	-6	65.35
127	-171	-11	122	-6	66.33
128	-171	-11	-166	-14	5.73
129	-171	-11	-165	-14	6.58
130	-171	-11	-165	-14	6.58
131	-171	-11	-165	-14	6.58
132	-172	-11	-164	-14	8.37
133	-172	-11	-164	-14	8.37
134	-174	-12	-164	-14	9.95
135	-175	-12	-163	-14	11.86
136	-175	-12	-163	-14	11.86
137	-178	-12	-163	-14	14.75
138	-179	-11	-162	-14	16.86
139	-179	-11	-162	-15	17.03
140	179	-11	-162	-15	18.93
141	178	-11	-161	-15	20.84
142	178	-11	-161	-15	20.84
143	176	-11	-161	-15	22.75
144	175	-11	-161	-15	23.71
145	175	-11	-160	-15	24.67
146	174	-11	-160	-15	25.63
147	174	-11	-160	-15	25.63
148	174	-11	-159	-15	26.59
149	174	-11	-159	-15	26.59
150	173	-11	-159	-16	27.66
151	173	-11	-158	-16	28.61
152	173	-11	-158	-16	28.61
153	172	-11	-158	-16	29.57
154	172	-11	-157	-16	30.52
155	172	-11	-157	-16	30.52
156	171	-11	-157	-16	31.48
157	171	-11	-156	-16	32.44
158	171	-11	-156	-16	32.44
159	171	-11	-156	-16	32.44
160	171	-11	-166	-11	22.57
161	171	-11	-165	-11	23.55
162	170	-11	-165	-11	24.53
163	170	-11	-165	-11	24.53
164	170	-11	-165	-11	24.53
165	171	-11	-165	-11	23.55
166	171	-11	-165	-11	23.55
167	171	-10	-164	-11	24.59
168	172	-10	-164	-11	23.61
169	172	-10	-164	-11	23.61
170	173	-10	-164	-11	22.63
171	174	-10	-164	-11	21.65
172	174	-10	-164	-11	21.65
173	174	-9	-163	-11	22.73
174	174	-9	-163	-11	22.73
175	175	-8	-163	-11	21.90
176	174	-8	-163	-11	22.88
177	174	-8	-163	-11	22.88
178	172	-7	-163	-11	25.00
179	170	-6	-163	-11	27.15
180	170	-6	-162	-11	28.12
181	167	-5	-162	-11	31.26
182	165	-4	-162	-11	33.43
183	165	-4	-162	-11	33.43
184	165	-4	-162	-11	33.43
185	165	-4	-162	-11	33.43
186	165	-4	-161	-11	34.40
187	165	-5	-161	-11	34.17
188	165	-6	-161	-11	33.97
189	165	-6	-161	-11	33.97
190	166	-6	-161	-11	33.00
191	167	-6	-161	-11	32.02
192	167	-6	153	-11	14.72
193	168	-6	152	-11	16.59
194	169	-6	151	-11	18.48
195	169	-6	151	-11	18.48
196	170	-6	150	-11	20.39
197	171	-6	150	-11	21.35
198	171	-6	149	-11	22.32
199	172	-6	149	-11	23.28
200	172	-6	148	-11	24.25
201	172	-6	147	-11	25.21
202	172	-6	147	-11	25.21
203	172	-6	146	-11	26.18
204	172	-6	146	-11	26.18
205	172	-6	145	-11	27.15
206	172	-6	145	-11	27.15
207	172	-6	144	-11	28.12
208	172	-6	144	-11	28.12
209	173	-6	143	-11	30.07
210	173	-6	142	-11	31.05
211	173	-6	142	-11	31.05
212	174	-6	141	-11	33.00
213	174	-6	141	-11	33.00
214	174	-7	140	-11	33.80
215	175	-7	140	-11	34.78
216	175	-7	139	-11	35.76
217	175	-7	138	-11	36.74
218	175	-8	138	-11	36.59
219	175	-8	137	-11	37.57
220	176	-8	137	-11	38.56
221	177	-9	136	-11	40.40
222	177	-9	136	-11	40.40
223	178	-9	135	-11	42.36
224	178	-9	163	-1	16.94
225	178	-9	162	0	18.30
226	179	-10	162	0	19.65
227	179	-10	162	0	19.65
228	-179	-10	162	0	21.38
229	-179	-10	162	0	21.38
230	179	-9	162	0	19.17
231	175	-6	162	0	14.30
232	175	-6	162	0	14.30
233	165	-3	161	0	5.00
234	158	-1	161	0	3.16
235	158	-1	161	0	3.16
236	150	0	161	0	11.00
237	147	0	161	1	14.03
238	147	0	161	1	14.03
239	145	0	161	1	16.03
240	144	0	161	1	17.03
241	144	0	160	1	16.03
242	143	0	160	1	17.03
243	143	0	160	1	17.03
244	140	0	160	2	20.10
245	140	0	160	2	20.10
246	136	1	160	2	24.01
247	131	1	160	2	29.01
248	131	1	160	2	29.01
249	124	0	159	2	35.05
250	119	-2	159	3	40.30
251	119	-2	159	3	40.30
252	115	-6	159	3	44.85
253	112	-8	159	3	48.15
254	112	-8	159	3	48.15
255	109	-6	159	3	50.73
256	106	-5	-171	-12	82.13
257	106	-5	-171	-12	82.13
258	102	-5	-171	-12	86.04
259	102	-5	-170	-12	87.01
260	98	-6	-170	-12	90.70
261	98	-6	-170	-12	90.70
262	96	-6	-169	-12	93.61
263	96	-6	-169	-12	93.61
264	95	-7	-169	-12	94.37
265	94	-8	-168	-12	96.08
266	94	-8	-168	-12	96.08
267	94	-10	-168	-13	95.42
268	93	-12	-167	-13	96.82
269	93	-12	-167	-13	96.82
270	92	-13	-167	-13	97.50
271	92	-13	-166	-13	98.44
272	90	-14	-166	-13	100.04
273	90	-14	-166	-13	100.04
274	86	-14	-165	-13	104.68
275	83	-14	-165	-13	107.44
276	83	-14	-165	-13	107.44
277	76	-16	-164	-13	113.97
278	72	-17	-164	-14	116.62
279	72	-17	-164	-14	116.62
280	68	-18	-163	-14	120.40
281	66	-18	-163	-14	122.05
282	64	-18	-163	-14	123.68
283	64	-18	-162	-14	124.49
284	61	-19	-162	-14	126.31
285	60	-20	-162	-14	126.50
286	60	-20	-161	-14	127.26
287	57	-21	-161	-14	128.84
288	57	-21	34	-1	30.06
289	52	-24	31	0	31.47
290	52	-24	29	0	32.76
291	47	-26	27	0	32.37
292	47	-26	25	0	33.56
293	41	-28	22	0	33.40
294	41	-28	20	0	34.48
295	38	-28	18	0	33.93
296	36	-28	16	0	33.93
297	36	-28	13	0	35.63
298	34	-27	11	0	34.90
299	34	-28	9	0	36.85
300	34	-28	7	0	38.12
301	32	-27	4	0	38.12
302	32	-27	2	0	39.50
303	31	-27	0	0	40.20
304	31	-27	-2	1	42.33
305	30	-27	-4	1	43.06
306	30	-26	-6	1	44.00
307	30	-26	-8	1	45.53
308	27	-25	-11	1	45.03
309	25	-23	-13	1	44.07
310	25	-23	-15	1	45.72
311	22	-21	-17	1	44.01
312	22	-21	-20	2	47.09
313	20	-18	-22	2	45.93
314	20	-18	-24	2	47.71
315	17	-17	-26	2	46.47
316	17	-17	-29	2	49.18
317	15	-15	-31	2	48.58
318	15	-15	-33	2	50.44
319	14	-15	-35	2	51.37
320	14	-15	8	-37	22.64
321	12	-15	6	-37	22.64
322	12	-15	4	-38	24.06
323	11	-14	3	-38	25.03
324	11	-14	1	-39	26.51
325	9	-14	0	-39	26.23
326	9	-14	-1	-40	27.44
327	8	-13	-2	-40	28.40
328	8	-13	-4	-41	29.90
329	7	-12	-5	-41	30.85
330	7	-12	-7	-42	32.39
331	7	-12	-8	-42	32.73
332	7	-12	-10	-43	34.32
333	6	-10	-11	-43	36.18
334	6	-10	-13	-44	37.77
335	6	-9	-14	-44	39.08
336	6	-9	-16	-45	40.70
337	5	-8	-18	-45	42.01
338	4	-8	-19	-46	42.83
339	4	-8	-21	-46	43.65
340	4	-8	-22	-47	44.86
341	4	-8	-24	-47	45.73
342	3	-8	-25	-48	46.49
343	3	-8	-27	-48	47.37
344	3	-8	-28	-49	48.55
345	3	-8	-30	-49	49.47
346	2	-8	-31	-50	50.17
347	2	-8	-33	-50	51.10
348	2	-8	-34	-51	52.24
349	2	-8	-36	-51	53.18
350	2	-8	-37	-52	54.30
351	2	-8	-39	-52	55.26
352	1	-8	-29	-9	29.68
353	1	-8	-30	-8	30.69
354	1	-7	-31	-8	31.73
355	1	-7	-33	-8	33.71
356	0	-7	-34	-8	33.71
357	0	-8	-35	-8	34.65
358	0	-8	-37	-7	36.69
359	0	-7	-38	-7	37.71
360	0	-8	-39	-7	38.67
361	0	-8	-41	-7	40.65
362	0	-8	-42	-7	41.64
363	0	-8	-43	-6	42.71
364	0	-8	-45	-6	44.69
365	0	-8	-46	-6	45.68
366	0	-8	-47	-6	46.67
367	0	-8	-49	-6	48.65
368	0	-8	-50	-6	49.64
369	0	-8	-51	-5	50.73
370	0	-8	-53	-5	52.71
371	0	-8	-54	-5	53.70
372	0	-8	-55	-5	54.69
373	0	-8	-57	-5	56.67
374	0	-8	-58	-4	57.78
375	0	-8	-59	-4	58.77
376	0	-8	-61	-4	60.75
377	0	-8	-62	-4	61.74
378	0	-8	-63	-4	62.73
379	-1	-8	-65	-3	63.85
380	-1	-8	-66	-3	64.84
381	-1	-8	-67	-3	65.83
382	-1	-8	-69	-3	67.81
383	-1	-8	-70	-3	68.80
384	-1	-8	-12	-1	13.00
385	-1	-8	-12	0	13.57
386	-1	-8	-12	0	13.57
387	-1	-8	-13	0	14.39
388	-1	-8	-13	0	14.39
389	-1	-8	-14	0	15.23
390	-2	-8	-14	0	14.39
391	-2	-8	-14	0	14.39
392	-7	-8	-15	0	11.30
393	-7	-8	-15	0	11.30
394	-16	-7	-16	1	8.00
395	-16	-7	-16	1	8.00
396	-23	-8	-16	1	11.39
397	-27	-8	-17	1	13.43
398	-27	-8	-17	2	14.12
399	-28	-8	-18	2	14.12
400	-28	-8	-18	2	14.12
401	-27	-8	-18	2	13.44
402	-27	-8	-19	2	12.79
403	-26	-8	-19	3	13.03
404	-26	-8	-20	3	12.52
405	-26	-8	-20	3	12.52
406	-26	-8	-20	3	12.52
407	-27	-9	-21	4	14.31
408	-27	-9	-21	4	14.31
409	-26	-9	-22	4	13.60
410	-26	-9	-22	4	13.60
411	-26	-9	-22	4	13.60
412	-26	-9	-23	5	14.32
413	-26	-9	-23	5	14.32
414	-26	-9	-24	5	14.14
415	-25	-9	-24	5	14.04
416	-25	-9	-3	-8	21.78
417	-24	-9	-3	-8	20.79
418	-24	-9	-3	-8	20.79
419	-21	-9	-3	-8	17.83
420	-21	-9	-3	-8	17.83
421	-15	-10	-3	-8	12.02
422	-15	-10	-3	-8	12.02
423	-6	-11	-3	-8	4.21
424	-6	-11	-3	-8	4.21
425	0	-12	-3	-8	4.97
426	0	-12	-3	-8	4.97
427	4	-12	-3	-8	7.97
428	4	-12	-3	-8	7.97
429	7	-14	-3	-8	11.50
430	7	-14	-3	-8	11.50
431	12	-15	-3	-8	16.27
432	12	-15	-4	-8	17.16
433	15	-16	-4	-8	20.21
434	17	-16	-4	-8	22.02
435	17	-16	-4	-8	22.02
436	19	-17	-4	-8	24.16
437	20	-17	-4	-8	25.07
438	20	-17	-4	-8	25.07
439	21	-17	-4	-8	25.98
440	21	-17	-4	-8	25.98
441	22	-17	-4	-8	26.89
442	22	-17	-4	-8	26.89
443	22	-18	-4	-8	27.19
444	22	-18	-4	-8	27.19
445	23	-18	-4	-8	28.10
446	23	-18	-4	-8	28.10
447	25	-20	-4	-8	30.52
448	25	-20	-49	-10	71.67
449	28	-21	-49	-10	74.39
450	28	-21	-50	-10	75.32
451	30	-21	-51	-10	78.11
452	30	-21	-52	-10	79.04
453	31	-21	-52	-10	79.96
454	31	-21	-53	-10	80.89
455	30	-20	-54	-10	81.02
456	30	-20	-55	-10	81.95
457	28	-21	-55	-10	79.96
458	28	-21	-56	-10	80.89
459	26	-21	-57	-10	79.96
460	26	-21	-58	-10	80.89
461	24	-21	-58	-10	79.04
462	24	-21	-59	-10	79.96
463	23	-21	-60	-10	79.96
464	23	-21	-61	-10	80.89
465	23	-21	-61	-10	80.89
466	23	-21	-62	-10	81.82
467	23	-21	-63	-10	82.74
468	23	-21	-64	-10	83.66
469	23	-21	-64	-10	83.66
470	23	-21	-65	-10	84.59
471	22	-21	-66	-10	84.59
472	22	-21	-67	-10	85.51
473	22	-21	-67	-10	85.51
474	22	-21	-68	-10	86.43
475	22	-21	-69	-10	87.35
476	22	-21	-70	-10	88.27
477	21	-20	-70	-10	87.52
478	20	-18	-71	-10	87.86
479	20	-18	-72	-10	88.80
480	18	-15	75	-31	54.25
481	18	-14	76	-31	55.57
482	18	-14	78	-31	57.29
483	16	-14	79	-32	59.88
484	16	-14	81	-32	61.58
485	16	-14	82	-32	62.43
486	14	-14	84	-33	65.79
487	13	-14	85	-33	67.47
488	13	-14	87	-33	69.14
489	11	-14	89	-34	72.39
490	11	-14	90	-34	73.22
491	9	-13	92	-34	77.04
492	8	-13	93	-35	78.55
493	8	-13	95	-35	80.17
494	7	-13	96	-35	81.78
495	7	-13	98	-36	83.20
496	7	-12	100	-36	85.37
497	7	-13	101	-36	85.57
498	7	-13	103	-37	86.90
499	7	-13	104	-37	87.68
500	7	-13	106	-37	89.22
501	7	-13	107	-38	89.70
502	7	-13	109	-38	91.21
503	7	-13	110	-38	91.96
504	7	-13	112	-39	93.12
505	7	-13	114	-39	94.58
506	7	-13	115	-39	95.30
507	7	-13	117	-40	96.36
508	7	-13	118	-40	97.06
509	7	-13	120	-40	98.46
510	7	-14	121	-41	98.00
511	7	-14	123	-41	99.34
512	7	-14	11	-10	5.59
513	7	-14	10	-9	5.80
514	7	-14	10	-9	5.80
515	7	-14	10	-9	5.80
516	7	-14	10	-9	5.80
517	6	-14	9	-9	5.80
518	6	-14	9	-9	5.80
519	6	-14	9	-8	6.68
520	6	-14	9	-8	6.68
521	6	-14	9	-8	6.68
522	6	-14	8	-8	6.31
523	6	-14	8	-8	6.31
524	6	-14	8	-8	6.31
525	7	-15	8	-7	8.06
526	7	-15	7	-7	8.00
527	7	-15	7	-7	8.00
528	7	-15	7	-7	8.00
529	7	-15	7	-7	8.00
530	7	-15	7	-7	8.00
531	7	-15	6	-7	8.06
532	7	-15	6	-6	9.05
533	7	-15	6	-6	9.05
534	7	-15	6	-6	9.05
535	7	-15	5	-6	9.21
536	7	-15	5	-6	9.21
537	7	-15	5	-6	9.21
538	7	-16	5	-5	11.17
539	7	-16	5	-5	11.17
540	7	-16	4	-5	11.39
541	7	-16	4	-5	11.39
542	7	-16	4	-5	11.39
543	7	-16	4	-5	11.39
544	7	-16	-4	-13	11.06
545	7	-16	-4	-12	11.39
546	7	-16	-4	-12	11.39
547	7	-16	-5	-12	12.31
548	8	-16	-5	-12	13.23
549	8	-16	-5	-12	13.23
550	8	-16	-6	-12	14.16
551	8	-16	-6	-12	14.16
552	8	-16	-6	-12	14.16
553	8	-16	-7	-12	15.09
554	8	-16	-7	-12	15.09
555	8	-16	-7	-12	15.09
556	8	-16	-8	-12	16.03
557	8	-16	-8	-12	16.03
558	8	-16	-8	-12	16.03
559	8	-16	-9	-12	16.97
560	8	-16	-9	-12	16.97
561	8	-16	-9	-12	16.97
562	8	-16	-10	-12	17.91
563	8	-16	-10	-12	17.91
564	8	-16	-10	-12	17.91
565	8	-16	-11	-12	18.86
566	8	-16	-11	-12	18.86
567	8	-16	-11	-12	18.86
568	8	-16	-12	-12	19.80
569	8	-16	-12	-12	19.80
570	8	-16	-12	-12	19.80
571	8	-16	-13	-12	20.75
572	8	-16	-13	-12	20.75
573	8	-16	-13	-12	20.75
574	8	-16	-14	-12	21.71
575	8	-16	-14	-12	21.71
576	8	-16	7	-18	2.22
577	8	-16	7	-18	2.22
578	8	-16	7	-18	2.22
579	8	-16	7	-18	2.22
580	8	-16	7	-18	2.22
581	8	-16	7	-18	2.22
582	8	-16	7	-18	2.22
583	8	-16	7	-18	2.22
584	8	-17	7	-18	1.38
585	8	-17	7	-18	1.38
586	8	-17	7	-18	1.38
587	8	-17	7	-18	1.38
588	8	-17	7	-18	1.38
589	8	-17	7	-18	1.38
590	8	-17	7	-18	1.38
591	8	-17	7	-18	1.38
592	8	-17	7	-19	2.21
593	8	-17	7	-19	2.21
594	8	-17	7	-19	2.21
595	8	-18	7	-19	1.38
596	8	-18	7	-19	1.38
597	9	-18	7	-19	2.14
598	9	-18	7	-19	2.14
599	9	-18	7	-19	2.14
600	9	-18	7	-19	2.14
601	9	-18	7	-19	2.14
602	9	-18	7	-19	2.14
603	8	-18	7	-19	1.38
604	8	-18	7	-19	1.38
605	8	-19	7	-19	0.95
606	8	-19	7	-19	0.95
607	8	-18	7	-19	1.38
608	8	-18	9	-16	2.22
609	8	-18	9	-16	2.22
610	8	-18	9	-16	2.22
611	7	-19	9	-16	3.55
612	7	-19	9	-16	3.55
613	7	-19	9	-16	3.55
614	7	-19	9	-16	3.55
615	6	-19	9	-16	4.15
616	6	-19	9	-16	4.15
617	5	-19	9	-16	4.85
618	5	-19	9	-16	4.85
619	5	-19	9	-16	4.85
620	5	-19	9	-16	4.85
621	4	-19	9	-16	5.63
622	4	-19	9	-16	5.63
623	3	-19	9	-16	6.46
624	3	-19	9	-16	6.46
625	3	-19	9	-16	6.46
626	3	-20	9	-16	6.97
627	3	-20	9	-16	6.97
628	2	-20	9	-16	7.76
629	2	-20	9	-16	7.76
630	2	-20	9	-16	7.76
631	2	-20	9	-16	7.76
632	2	-21	9	-16	8.31
633	2	-21	9	-16	8.31
634	2	-22	9	-16	8.93
635	2	-22	9	-16	8.93
636	2	-22	9	-16	8.93
637	1	-23	9	-16	10.28
638	1	-23	9	-16	10.28
639	1	-23	9	-16	10.28
640	2	-25	8	-20	7.46
641	2	-25	8	-20	7.46
642	2	-26	8	-20	8.15
643	2	-26	8	-20	8.15
644	1	-26	8	-20	8.80
645	0	-26	8	-20	9.49
646	0	-26	8	-20	9.49
647	0	-25	8	-20	8.92
648	-1	-25	8	-20	9.70
649	-1	-25	8	-20	9.70
650	-1	-25	8	-20	9.70
651	-2	-25	8	-20	10.50
652	-2	-25	8	-20	10.50
653	-1	-26	8	-20	10.22
654	-1	-26	8	-20	10.22
655	-1	-25	8	-20	9.70
656	-1	-25	8	-21	9.20
657	-1	-25	8	-21	9.20
658	-1	-25	8	-21	9.20
659	-1	-25	8	-21	9.20
660	0	-25	8	-21	8.38
661	0	-25	8	-21	8.38
662	0	-25	8	-21	8.38
663	0	-26	8	-21	8.87
664	0	-26	8	-21	8.87
665	0	-26	8	-21	8.87
666	0	-27	8	-21	9.45
667	0	-27	8	-21	9.45
668	1	-27	8	-21	8.77
669	1	-27	8	-21	8.77
670	2	-26	8	-21	7.43
671	2	-26	8	-21	7.43
672	3	-27	-4	-32	7.88
673	3	-27	-4	-32	7.88
674	3	-26	-4	-32	8.57
675	3	-26	-4	-32	8.57
676	3	-26	-4	-32	8.57
677	3	-26	-4	-33	9.27
678	3	-26	-5	-33	9.87
679	4	-26	-5	-33	10.50
680	4	-26	-5	-33	10.50
681	4	-26	-5	-33	10.50
682	4	-26	-5	-34	11.16
683	4	-26	-6	-34	11.78
684	4	-26	-6	-34	11.78
685	4	-26	-6	-34	11.78
686	4	-25	-6	-35	13.21
687	4	-25	-6	-35	13.21
688	4	-25	-7	-35	13.79
689	4	-25	-7	-35	13.79
690	4	-25	-7	-35	13.79
691	4	-25	-7	-36	14.50
692	4	-25	-7	-36	14.50
693	4	-25	-7	-36	14.50
694	4	-24	-8	-36	15.85
695	4	-24	-8	-37	16.58
696	4	-24	-8	-37	16.58
697	4	-24	-8	-37	16.58
698	4	-24	-8	-37	16.58
699	4	-24	-9	-37	17.12
700	4	-24	-9	-38	17.85
701	4	-24	-9	-38	17.85
702	4	-23	-9	-38	18.68
703	4	-23	-9	-38	18.68
704	5	-22	4	-29	7.06
705	5	-22	4	-29	7.06
706	5	-21	4	-29	8.05
707	5	-21	4	-29	8.05
708	4	-22	4	-29	7.00
709	4	-22	4	-29	7.00
710	5	-22	4	-29	7.06
711	5	-22	4	-29	7.06
712	5	-22	4	-29	7.06
713	5	-22	4	-29	7.06
714	6	-23	4	-29	6.26
715	6	-23	4	-29	6.26
716	6	-23	4	-29	6.26
717	6	-23	4	-29	6.26
718	6	-23	4	-29	6.26
719	6	-23	4	-29	6.26
720	6	-23	4	-30	7.22
721	6	-23	4	-30	7.22
722	6	-23	4	-30	7.22
723	6	-23	4	-30	7.22
724	7	-22	4	-30	8.44
725	7	-22	4	-30	8.44
726	6	-22	4	-30	8.20
727	6	-22	4	-30	8.20
728	6	-22	4	-30	8.20
729	6	-22	4	-30	8.20
730	6	-22	4	-30	8.20
731	6	-22	4	-30	8.20
732	6	-23	4	-30	7.22
733	6	-23	4	-30	7.22
734	7	-22	4	-30	8.44
735	7	-22	4	-30	8.44
736	7	-22	7	-17	5.00
737	7	-22	7	-16	6.00
738	7	-22	7	-16	6.00
739	7	-22	7	-16	6.00
740	7	-22	7	-16	6.00
741	7	-22	7	-16	6.00
742	7	-22	7	-16	6.00
743	7	-22	7	-15	7.00
744	7	-22	7	-15	7.00
745	7	-22	7	-15	7.00
746	7	-22	7	-15	7.00
747	7	-22	7	-15	7.00
748	7	-22	7	-15	7.00
749	7	-22	7	-14	8.00
750	8	-22	7	-14	8.06
751	8	-22	7	-14	8.06
752	8	-23	8	-14	9.00
753	8	-23	8	-14	9.00
754	8	-22	8	-14	8.00
755	8	-22	8	-14	8.00
756	8	-22	8	-13	9.00
757	8	-22	8	-13	9.00
758	9	-22	8	-13	9.05
759	9	-22	8	-13	9.05
760	9	-23	8	-13	10.04
761	9	-23	8	-13	10.04
762	9	-22	8	-12	10.05
763	9	-22	8	-12	10.05
764	9	-22	8	-12	10.05
765	9	-22	8	-12	10.05
766	9	-22	8	-12	10.05
767	9	-22	8	-12	10.05
768	9	-23	9	-22	1.00
769	9	-23	9	-22	1.00
770	8	-22	9	-22	0.93
771	8	-22	9	-22	0.93
772	9	-22	9	-22	0.00
773	9	-22	9	-22	0.00
774	9	-22	9	-22	0.00
775	9	-23	9	-22	1.00
776	9	-22	9	-22	0.00
777	9	-22	9	-22	0.00
778	9	-22	9	-22	0.00
779	9	-22	9	-22	0.00
780	9	-22	9	-22	0.00
781	9	-22	9	-22	0.00
782	9	-22	9	-22	0.00
783	9	-22	9	-22	0.00
784	9	-22	10	-22	0.93
785	9	-22	10	-22	0.93
786	9	-22	10	-22	0.93
787	9	-22	10	-22	0.93
788	9	-22	10	-22	0.93
789	9	-22	10	-22	0.93
790	9	-22	10	-22	0.93
791	9	-22	10	-22	0.93
792	9	-22	10	-22	0.93
793	9	-22	10	-22	0.93
794	9	-23	10	-22	1.36
795	9	-23	10	-22	1.36
796	9	-23	10	-22	1.36
797	9	-23	10	-22	1.36
798	9	-22	10	-22	0.93
799	9	-22	10	-22	0.93
800	9	-22	11	-24	2.72
801	9	-22	11	-24	2.72
802	10	-22	11	-24	2.20
803	10	-22	11	-24	2.20
804	10	-22	11	-24	2.20
805	10	-22	11	-24	2.20
806	10	-22	11	-24	2.20
807	10	-22	11	-24	2.20
808	10	-23	11	-24	1.36
809	10	-23	11	-24	1.36
810	10	-23	11	-24	1.36
811	10	-23	11	-24	1.36
812	10	-22	11	-24	2.20
813	10	-22	11	-24	2.20
814	9	-22	11	-24	2.72
815	9	-22	11	-24	2.72
816	10	-22	12	-24	2.72
817	10	-22	12	-24	2.72
818	10	-22	12	-24	2.72
819	10	-22	12	-24	2.72
820	10	-22	12	-24	2.72
821	10	-22	12	-24	2.72
822	10	-22	12	-24	2.72
823	10	-22	12	-24	2.72
824	10	-22	12	-24	2.72
825	10	-22	12	-24	2.72
826	10	-22	12	-24	2.72
827	10	-22	12	-24	2.72
828	10	-22	12	-24	2.72
829	10	-22	12	-24	2.72
830	10	-22	12	-24	2.72
831	10	-22	12	-24	2.72
832	10	-22	9	-21	1.37
833	10	-22	9	-20	2.21
834	10	-22	9	-20	2.21
835	10	-22	9	-20	2.21
836	10	-22	9	-20	2.21
837	10	-22	9	-20	2.21
838	10	-22	9	-20	2.21
839	10	-22	9	-20	2.21
840	10	-22	9	-20	2.21
841	10	-22	9	-20	2.21
842	10	-22	9	-20	2.21
843	10	-22	9	-20	2.21
844	10	-22	9	-20	2.21
845	10	-22	9	-20	2.21
846	10	-22	9	-20	2.21
847	10	-22	9	-20	2.21
848	10	-22	9	-20	2.21
849	10	-22	9	-20	2.21
850	10	-22	9	-20	2.21
851	10	-22	9	-20	2.21
852	10	-22	9	-20	2.21
853	10	-22	9	-20	2.21
854	10	-22	9	-20	2.21
855	10	-22	9	-20	2.21
856	10	-22	9	-20	2.21
857	10	-22	9	-20	2.21
858	10	-22	9	-20	2.21
859	10	-22	9	-20	2.21
860	10	-22	9	-20	2.21
861	10	-22	9	-20	2.21
862	10	-22	9	-20	2.21
863	10	-22	9	-20	2.21
864	10	-22	11	-22	0.93
865	10	-22	11	-22	0.93
866	10	-22	11	-22	0.93
867	10	-22	11	-22	0.93
868	11	-22	11	-22	0.00
869	11	-22	11	-22	0.00
870	11	-22	11	-22	0.00
871	11	-22	11	-22	0.00
872	11	-22	11	-22	0.00
873	11	-22	11	-22	0.00
874	11	-22	11	-22	0.00
875	11	-22	11	-22	0.00
876	11	-22	11	-22	0.00
877	11	-22	11	-22	0.00
878	10	-21	11	-22	1.37
879	11	-21	11	-22	1.00
880	11	-21	11	-22	1.00
881	11	-21	11	-22	1.00
882	10	-16	11	-22	6.07
883	10	-16	11	-22	6.07
884	8	-7	11	-22	15.28
885	8	-6	11	-22	16.26
886	7	-6	11	-22	16.46
887	7	-6	11	-22	16.46
888	7	-7	11	-22	15.49
889	7	-7	11	-22	15.49
890	7	-7	11	-22	15.49
891	7	-8	11	-22	14.52
892	7	-8	11	-22	14.52
893	7	-8	11	-22	14.52
894	8	-8	11	-22	14.29
895	8	-8	11	-22	14.29
896	8	-8	10	-22	14.13
897	8	-8	10	-22	14.13
898	8	-8	10	-22	14.13
899	8	-8	10	-22	14.13
900	8	-8	10	-22	14.13
901	8	-8	10	-22	14.13
902	8	-8	10	-22	14.13
903	8	-8	10	-22	14.13
904	8	-8	10	-22	14.13
905	8	-8	10	-22	14.13
906	8	-8	10	-22	14.13
907	8	-8	10	-22	14.13
908	9	-8	10	-22	14.03
909	9	-8	10	-22	14.03
910	9	-8	10	-22	14.03
911	9	-8	10	-22	14.03
912	9	-7	10	-22	15.03
913	10	-7	10	-22	15.00
914	12	-7	10	-22	15.12
915	13	-7	10	-22	15.28
916	17	-6	10	-22	17.37
917	17	-6	10	-22	17.37
918	28	-5	10	-22	24.34
919	28	-5	10	-22	24.34
920	40	-5	10	-22	33.64
921	45	-5	10	-22	37.88
922	51	-6	10	-22	42.69
923	56	-6	10	-22	47.18
924	63	-6	10	-22	53.55
925	68	-6	10	-22	58.14
926	75	-7	10	-22	64.24
927	80	-8	10	-22	68.52
928	84	-8	6	6	79.03
929	87	-9	5	6	83.09
930	89	-9	5	6	85.05
931	91	-10	5	7	87.30
932	91	-10	5	7	87.30
933	94	-10	5	8	90.41
934	95	-10	5	8	91.38
935	96	-10	5	9	92.53
936	96	-10	5	9	92.53
937	97	-11	5	9	93.65
938	97	-11	5	10	93.83
939	98	-11	5	10	94.80
940	98	-11	5	11	94.98
941	98	-11	5	11	94.98
942	98	-12	5	12	95.35
943	98	-12	5	12	95.35
944	99	-12	5	13	96.50
945	99	-12	4	13	97.46
946	100	-12	4	13	98.42
947	100	-12	4	14	98.60
948	102	-13	4	14	100.72
949	103	-15	4	15	102.29
950	106	-17	4	15	105.53
951	109	-20	4	16	109.15
952	112	-21	4	16	112.09
953	113	-22	4	16	113.17
954	115	-22	4	17	115.29
955	115	-21	4	17	115.13
956	115	-21	4	18	115.40
957	115	-21	4	18	115.40
958	115	-20	4	19	115.45
959	115	-20	4	19	115.45
960	115	-20	160	-8	45.12
961	115	-20	162	-8	46.98
962	115	-20	164	-8	48.85
963	114	-20	167	-8	52.58
964	113	-19	169	-8	55.33
965	110	-19	171	-8	60.05
966	106	-18	174	-8	66.68
967	100	-17	176	-8	74.35
968	94	-16	179	-8	83.03
969	83	-15	-179	-8	95.57
970	74	-14	-177	-8	106.21
971	64	-13	-174	-8	118.69
972	54	-12	-172	-8	130.09
973	46	-12	-170	-8	139.00
974	39	-12	-167	-8	147.32
975	34	-12	-165	-8	152.49
976	30	-13	-162	-8	155.85
977	26	-14	-160	-8	157.21
978	24	-14	-158	-8	157.91
979	22	-14	-155	-8	157.80
980	21	-15	-153	-8	156.24
981	20	-15	-151	-8	155.33
982	19	-15	-148	-8	153.64
983	18	-15	-146	-8	152.06
984	18	-15	-143	-8	150.27
985	17	-15	-141	-8	148.30
986	17	-15	-139	-8	146.91
987	17	-15	-136	-8	144.71
988	17	-15	-134	-8	143.19
989	16	-15	-132	-8	140.82
990	16	-15	-129	-8	138.38
991	16	-14	-127	-8	137.20
992	16	-14	146	-32	113.62
993	15	-14	146	-32	114.31
994	15	-14	147	-32	114.99
995	14	-13	148	-33	116.43
996	14	-13	149	-33	117.09
997	13	-13	150	-33	118.37
998	13	-13	151	-34	118.33
999	13	-13	152	-34	118.94
1000	13	-13	153	-35	118.84
1001	13	-13	154	-35	119.42
1002	13	-13	155	-35	120.00
1003	13	-13	156	-36	119.82
1004	13	-13	157	-36	120.37
1005	14	-13	158	-36	120.37
1006	14	-13	159	-37	120.14
1007	14	-12	160	-37	121.50
1008	14	-12	161	-38	121.23
1009	14	-12	162	-38	121.71
1010	14	-12	163	-38	122.19
1011	15	-12	164	-39	121.38
1012	15	-12	165	-39	121.84
1013	16	-12	166	-39	121.84
1014	16	-12	167	-40	121.45
1015	17	-12	168	-40	121.45
1016	17	-13	169	-41	120.11
1017	18	-13	170	-41	120.11
1018	18	-14	171	-41	119.59
1019	19	-14	172	-42	118.72
1020	19	-14	173	-42	119.09
1021	20	-14	174	-42	119.09
1022	21	-14	175	-43	118.22
1023	21	-14	176	-43	118.56
1024	21	-14	-83	-8	101.47
1025	22	-14	-86	-7	105.55
1026	22	-14	-89	-7	108.40
1027	23	-15	-92	-7	111.94
1028	24	-15	-95	-7	115.67
1029	24	-15	-98	-7	118.46
1030	25	-15	-101	-6	122.52
1031	25	-15	-104	-6	125.27
1032	27	-15	-107	-6	129.81
1033	28	-15	-110	-6	133.38
1034	29	-15	-113	-6	136.88
1035	29	-15	-117	-5	140.82
1036	30	-16	-120	-5	143.64
1037	30	-16	-123	-5	146.02
1038	30	-16	-126	-5	148.30
1039	30	-16	-129	-5	150.46
1040	30	-16	-132	-5	152.46
1041	30	-16	-135	-4	155.10
1042	30	-16	-138	-4	156.74
1043	30	-16	-141	-4	158.11
1044	30	-16	-144	-4	159.14
1045	30	-15	-147	-4	160.77
1046	30	-15	-151	-3	161.97
1047	30	-15	-154	-3	161.57
1048	30	-15	-157	-3	160.71
1049	30	-15	-160	-3	159.46
1050	31	-15	-163	-3	157.28
1051	31	-15	-166	-2	156.08
1052	31	-15	-169	-2	153.91
1053	31	-15	-172	-2	151.59
1054	31	-15	-175	-2	149.16
1055	31	-15	-178	-2	146.64
1056	31	-15	26	-14	4.94
1057	31	-15	26	-14	4.94
1058	31	-15	26	-14	4.94
1059	31	-15	26	-14	4.94
1060	31	-15	26	-14	4.94
1061	31	-15	26	-14	4.94
1062	31	-15	26	-14	4.94
1063	31	-15	27	-14	4.00
1064	31	-15	27	-14	4.00
1065	31	-15	27	-14	4.00
1066	31	-15	27	-14	4.00
1067	31	-15	27	-14	4.00
1068	31	-15	27	-14	4.00
1069	31	-15	28	-14	3.07
1070	30	-15	28	-14	2.18
1071	30	-15	28	-14	2.18
1072	30	-15	28	-14	2.18
1073	29	-15	28	-14	1.39
1074	28	-15	28	-14	1.00
1075	28	-16	28	-14	2.00
1076	27	-16	29	-14	2.78
1077	26	-16	29	-14	3.52
1078	25	-17	29	-14	4.88
1079	24	-17	29	-14	5.68
1080	24	-17	29	-14	5.68
1081	22	-17	29	-14	7.38
1082	20	-17	30	-14	10.09
1083	19	-17	30	-14	11.01
1084	19	-17	30	-14	11.01
1085	18	-16	30	-14	11.76
1086	17	-16	30	-14	12.71
1087	17	-17	30	-14	12.88
1088	17	-17	41	-16	23.02
1089	17	-17	41	-16	23.02
1090	17	-17	41	-16	23.02
1091	17	-17	41	-16	23.02
1092	17	-17	42	-16	23.98
1093	18	-17	42	-16	23.02
1094	18	-17	42	-16	23.02
1095	18	-16	43	-16	24.02
1096	18	-16	43	-16	24.02
1097	18	-16	43	-16	24.02
1098	18	-16	44	-16	24.98
1099	18	-16	44	-16	24.98
1100	18	-16	44	-16	24.98
1101	18	-16	45	-16	25.94
1102	19	-16	45	-16	24.98
1103	19	-16	45	-16	24.98
1104	19	-16	46	-16	25.94
1105	19	-16	46	-16	25.94
1106	20	-16	46	-16	24.98
1107	20	-16	46	-16	24.98
1108	20	-16	47	-16	25.94
1109	21	-16	47	-16	24.98
1110	21	-16	47	-16	24.98
1111	21	-16	48	-16	25.94
1112	21	-16	48	-16	25.94
1113	22	-17	48	-16	24.93
1114	22	-17	49	-16	25.89
1115	22	-17	49	-16	25.89
1116	22	-17	49	-16	25.89
1117	22	-17	50	-16	26.84
1118	22	-16	50	-16	26.89
1119	21	-17	50	-16	27.80
1120	21	-17	3	-19	17.23
1121	21	-16	2	-19	18.36
1122	21	-16	2	-19	18.36
1123	21	-16	1	-19	19.30
1124	21	-16	1	-19	19.30
1125	20	-16	0	-19	19.30
1126	20	-15	0	-19	19.53
1127	19	-14	0	-19	18.88
1128	18	-12	0	-19	18.69
1129	18	-11	0	-19	19.12
1130	17	-10	-1	-19	19.59
1131	17	-10	-1	-19	19.59
1132	16	-10	-2	-19	19.59
1133	16	-10	-2	-19	19.59
1134	15	-10	-3	-19	19.59
1135	15	-10	-3	-19	19.59
1136	15	-10	-4	-20	20.87
1137	15	-10	-4	-20	20.87
1138	15	-11	-4	-20	20.38
1139	15	-11	-5	-20	21.24
1140	15	-11	-5	-20	21.24
1141	15	-11	-6	-20	22.12
1142	15	-11	-6	-20	22.12
1143	15	-11	-7	-20	23.00
1144	15	-11	-7	-20	23.00
1145	14	-11	-7	-20	22.12
1146	14	-10	-8	-20	23.45
1147	14	-10	-8	-20	23.45
1148	13	-10	-9	-20	23.45
1149	11	-10	-9	-20	21.72
1150	8	-9	-10	-20	20.58
1151	3	-9	-10	-20	16.70
1152	-2	-9	25	-17	27.46
1153	-6	-9	25	-17	31.20
1154	-10	-9	25	-17	34.97
1155	-13	-10	25	-17	37.54
1156	-14	-10	25	-17	38.49
1157	-16	-11	25	-17	40.16
1158	-17	-11	25	-17	41.11
1159	-17	-11	25	-17	41.11
1160	-16	-11	26	-17	41.11
1161	-15	-11	26	-17	40.16
1162	-14	-11	26	-17	39.20
1163	-12	-11	26	-17	37.30
1164	-9	-11	26	-17	34.44
1165	-6	-11	26	-17	31.58
1166	-6	-11	26	-17	31.58
1167	2	-11	26	-17	24.03
1168	6	-11	27	-17	21.22
1169	10	-12	27	-17	17.19
1170	13	-12	27	-17	14.44
1171	15	-11	27	-17	13.09
1172	18	-11	27	-17	10.59
1173	19	-11	27	-17	9.81
1174	21	-11	27	-17	8.36
1175	23	-12	27	-17	6.32
1176	24	-11	28	-17	7.14
1177	24	-11	28	-17	7.14
1178	23	-11	28	-17	7.71
1179	23	-11	28	-17	7.71
1180	22	-11	28	-17	8.36
1181	21	-11	28	-17	9.06
1182	20	-12	28	-17	9.22
1183	20	-12	28	-17	9.22
1184	20	-12	-25	-1	45.96
1185	19	-12	-25	0	45.28
1186	20	-12	-26	0	47.20
1187	20	-12	-27	0	48.16
1188	20	-12	-27	0	48.16
1189	21	-12	-28	0	50.08
1190	21	-12	-29	0	51.04
1191	22	-12	-30	0	52.97
1192	22	-11	-30	1	53.06
1193	23	-11	-31	1	55.00
1194	23	-11	-32	1	55.97
1195	24	-11	-32	1	56.94
1196	24	-12	-33	2	58.32
1197	24	-12	-34	2	59.29
1198	24	-12	-35	2	60.25
1199	24	-12	-35	2	60.25
1200	25	-12	-36	3	62.44
1201	25	-12	-37	3	63.40
1202	26	-11	-37	3	64.21
1203	27	-11	-38	3	66.15
1204	29	-11	-39	4	69.30
1205	31	-11	-40	4	72.21
1206	33	-11	-40	4	74.16
1207	35	-11	-41	4	77.08
1208	37	-10	-42	5	80.09
1209	38	-10	-42	5	81.07
1210	39	-10	-43	5	83.03
1211	39	-10	-44	5	84.01
1212	39	-10	-45	6	85.17
1213	39	-10	-45	6	85.17
1214	38	-10	-46	6	85.17
1215	37	-10	-47	6	85.17
1216	37	-10	42	-15	6.99
1217	35	-10	42	-15	8.47
1218	35	-10	43	-15	9.27
1219	34	-10	44	-15	10.97
1220	34	-10	44	-15	10.97
1221	32	-10	45	-15	13.64
1222	32	-10	46	-15	14.55
1223	31	-10	46	-15	15.47
1224	31	-10	47	-15	16.39
1225	30	-10	48	-15	18.26
1226	30	-10	48	-15	18.26
1227	30	-10	49	-16	19.45
1228	30	-10	50	-16	20.38
1229	30	-10	50	-16	20.38
1230	30	-10	51	-16	21.31
1231	29	-10	52	-16	23.18
1232	29	-10	53	-16	24.12
1233	29	-10	53	-16	24.12
1234	29	-10	54	-16	25.07
1235	29	-11	55	-16	25.75
1236	29	-11	55	-16	25.75
1237	28	-11	56	-16	27.66
1238	28	-11	57	-17	28.74
1239	28	-11	57	-17	28.74
1240	28	-11	58	-17	29.69
1241	27	-11	59	-17	31.58
1242	26	-11	59	-17	32.53
1243	26	-11	60	-17	33.48
1244	26	-10	61	-17	34.69
1245	25	-11	61	-17	35.39
1246	25	-11	62	-17	36.34
1247	25	-11	63	-17	37.30
1248	24	-11	54	-8	29.73
1249	24	-11	54	-7	29.88
1250	24	-11	55	-7	30.86
1251	23	-11	55	-7	31.84
1252	23	-11	56	-7	32.82
1253	23	-11	56	-7	32.82
1254	22	-11	57	-7	34.78
1255	22	-11	57	-7	34.78
1256	21	-12	58	-7	36.80
1257	21	-12	58	-7	36.80
1258	20	-12	59	-7	38.75
1259	19	-12	59	-7	39.73
1260	19	-12	60	-7	40.71
1261	18	-12	60	-7	41.68
1262	18	-12	61	-7	42.66
1263	17	-13	61	-7	43.69
1264	16	-13	62	-7	45.64
1265	15	-13	63	-6	47.78
1266	14	-13	63	-6	48.76
1267	12	-14	64	-6	51.73
1268	10	-14	64	-6	53.67
1269	9	-14	65	-6	55.60
1270	7	-15	65	-6	57.58
1271	6	-15	66	-6	59.51
1272	6	-15	66	-6	59.51
1273	5	-15	67	-6	61.44
1274	5	-15	67	-6	61.44
1275	4	-15	68	-6	63.37
1276	4	-16	68	-6	63.39
1277	3	-16	69	-6	65.31
1278	3	-16	69	-6	65.31
1279	3	-16	70	-6	66.27
1280	3	-16	11	-12	8.73
1281	3	-16	10	-12	7.88
1282	3	-16	10	-12	7.88
1283	3	-16	9	-12	7.06
1284	4	-16	9	-12	6.29
1285	4	-16	8	-12	5.57
1286	4	-16	8	-12	5.57
1287	4	-16	8	-12	5.57
1288	4	-16	7	-12	4.95
1289	4	-16	7	-12	4.95
1290	4	-16	6	-12	4.45
1291	4	-16	6	-12	4.45
1292	5	-16	6	-12	4.12
1293	5	-16	5	-12	4.00
1294	5	-16	5	-12	4.00
1295	5	-16	4	-12	4.12
1296	5	-16	4	-12	4.12
1297	5	-16	4	-12	4.12
1298	5	-16	3	-12	4.45
1299	6	-16	3	-12	4.95
1300	6	-16	2	-12	5.57
1301	6	-16	2	-12	5.57
1302	6	-16	2	-12	5.57
1303	6	-16	1	-12	6.29
1304	6	-16	1	-12	6.29
1305	6	-16	0	-12	7.06
1306	6	-16	0	-12	7.06
1307	7	-16	0	-12	7.88
1308	7	-16	0	-12	7.88
1309	7	-16	0	-12	7.88
1310	7	-16	-1	-12	8.73
1311	7	-16	-1	-12	8.73
1312	6	-16	-18	-21	23.28
1313	6	-15	-18	-21	23.57
1314	7	-15	-19	-21	25.41
1315	7	-15	-19	-21	25.41
1316	7	-15	-20	-21	26.33
1317	8	-15	-21	-21	28.18
1318	8	-15	-21	-21	28.18
1319	8	-15	-22	-22	29.24
1320	8	-15	-23	-22	30.16
1321	8	-15	-23	-22	30.16
1322	8	-15	-24	-22	31.08
1323	8	-15	-25	-22	32.00
1324	8	-15	-25	-22	32.00
1325	8	-15	-26	-23	33.04
1326	8	-15	-27	-23	33.96
1327	8	-15	-27	-23	33.96
1328	9	-15	-28	-23	35.78
1329	9	-15	-29	-23	36.70
1330	9	-15	-29	-23	36.70
1331	9	-15	-30	-23	37.62
1332	9	-14	-31	-24	38.97
1333	9	-14	-31	-24	38.97
1334	9	-14	-32	-24	39.88
1335	10	-14	-33	-24	41.70
1336	10	-14	-33	-24	41.70
1337	10	-14	-34	-24	42.61
1338	10	-14	-35	-25	43.61
1339	10	-13	-35	-25	43.99
1340	10	-13	-36	-25	44.89
1341	10	-13	-37	-25	45.79
1342	9	-13	-37	-25	44.89
1343	9	-13	-38	-25	45.79
1344	9	-13	9	-16	3.00
1345	9	-12	9	-16	4.00
1346	9	-13	9	-16	3.00
1347	9	-12	9	-16	4.00
1348	9	-12	9	-16	4.00
1349	9	-12	9	-16	4.00
1350	9	-13	9	-16	3.00
1351	10	-13	9	-16	3.15
1352	10	-12	9	-16	4.12
1353	10	-12	9	-16	4.12
1354	10	-12	9	-16	4.12
1355	10	-12	10	-16	4.00
1356	10	-12	10	-16	4.00
1357	10	-12	10	-16	4.00
1358	10	-12	10	-16	4.00
1359	10	-12	10	-16	4.00
1360	10	-12	10	-16	4.00
1361	10	-12	10	-16	4.00
1362	11	-11	10	-16	5.09
1363	10	-11	10	-16	5.00
1364	10	-11	10	-16	5.00
1365	10	-12	10	-16	4.00
1366	10	-11	11	-16	5.09
1367	10	-10	11	-16	6.08
1368	10	-10	11	-16	6.08
1369	10	-10	11	-16	6.08
1370	10	-10	11	-16	6.08
1371	10	-10	11	-16	6.08
1372	10	-10	11	-16	6.08
1373	10	-10	11	-16	6.08
1374	10	-10	11	-16	6.08
1375	10	-10	11	-16	6.08
1376	11	-10	12	-10	0.98
1377	11	-10	12	-9	1.40
1378	11	-10	12	-9	1.40
1379	10	-10	12	-9	2.21
1380	10	-10	12	-9	2.21
1381	10	-9	12	-9	1.98
1382	10	-10	12	-9	2.21
1383	10	-10	12	-9	2.21
1384	10	-10	12	-9	2.21
1385	10	-9	12	-9	1.98
1386	10	-9	12	-9	1.98
1387	10	-9	13	-8	3.13
1388	9	-9	13	-8	4.08
1389	9	-9	13	-8	4.08
1390	9	-8	13	-8	3.96
1391	9	-8	13	-8	3.96
1392	9	-7	13	-8	4.09
1393	9	-6	13	-8	4.45
1394	9	-5	13	-8	4.98
1395	9	-4	13	-8	5.64
1396	9	-4	13	-8	5.64
1397	9	-4	13	-8	5.64
1398	9	-3	14	-7	6.39
1399	9	-3	14	-7	6.39
1400	10	-3	14	-7	5.65
1401	9	-3	14	-7	6.39
1402	9	-3	14	-7	6.39
1403	9	-2	14	-7	7.06
1404	9	-1	14	-7	7.80
1405	9	-1	14	-7	7.80
1406	10	-2	14	-7	6.39
1407	10	-2	14	-7	6.39
1408	9	-2	13	-7	6.39
1409	9	-2	13	-6	5.65
1410	9	-2	13	-6	5.65
1411	9	-3	13	-6	4.99
1412	9	-2	13	-6	5.65
1413	9	-3	13	-6	4.99
1414	9	-2	13	-6	5.65
1415	9	-2	13	-6	5.65
1416	9	-3	13	-6	4.99
1417	9	-3	13	-6	4.99
1418	9	-3	13	-6	4.99
1419	9	-3	13	-5	4.46
1420	8	-4	13	-5	5.08
1421	8	-4	13	-5	5.08
1422	8	-4	13	-5	5.08
1423	8	-4	13	-5	5.08
1424	8	-4	14	-5	6.06
1425	9	-5	14	-5	4.98
1426	9	-5	14	-5	4.98
1427	9	-5	14	-5	4.98
1428	9	-5	14	-5	4.98
1429	9	-5	14	-5	4.98
1430	9	-5	14	-4	5.08
1431	9	-5	14	-4	5.08
1432	9	-6	14	-4	5.37
1433	9	-6	14	-4	5.37
1434	9	-6	14	-4	5.37
1435	9	-6	14	-4	5.37
1436	9	-7	14	-4	5.81
1437	10	-7	14	-4	4.98
1438	10	-7	14	-4	4.98
1439	10	-7	14	-4	4.98
1440	10	-8	7	6	14.32
1441	10	-8	6	6	14.56
1442	10	-8	6	6	14.56
1443	10	-8	6	6	14.56
1444	10	-8	6	7	15.52
1445	10	-8	6	7	15.52
1446	10	-8	6	7	15.52
1447	10	-8	6	7	15.52
1448	10	-8	6	8	16.49
1449	10	-8	6	8	16.49
1450	10	-8	6	8	16.49
1451	10	-8	6	8	16.49
1452	11	-8	6	9	17.71
1453	11	-8	6	9	17.71
1454	10	-8	6	9	17.46
1455	10	-8	6	9	17.46
1456	10	-8	6	10	18.44
1457	10	-8	5	10	18.68
1458	10	-8	5	10	18.68
1459	10	-8	5	10	18.68
1460	10	-8	5	11	19.64
1461	10	-8	5	11	19.64
1462	10	-8	5	11	19.64
1463	9	-8	5	11	19.41
1464	10	-8	5	12	20.61
1465	9	-8	5	12	20.39
1466	9	-8	5	12	20.39
1467	9	-8	5	12	20.39
1468	9	-8	5	13	21.37
1469	9	-8	5	13	21.37
1470	9	-8	5	13	21.37
1471	9	-8	5	13	21.37
1472	9	-8	11	-14	6.31
1473	9	-8	11	-14	6.31
1474	9	-8	11	-14	6.31
1475	9	-8	11	-14	6.31
1476	8	-8	11	-14	6.68
1477	8	-8	11	-14	6.68
1478	8	-8	11	-15	7.59
1479	8	-8	11	-15	7.59
1480	8	-8	11	-15	7.59
1481	8	-8	11	-15	7.59
1482	8	-8	11	-15	7.59
1483	7	-8	11	-16	8.90
1484	7	-8	11	-16	8.90
1485	7	-9	11	-16	8.01
1486	8	-9	11	-16	7.59
1487	8	-9	11	-16	7.59
1488	8	-9	11	-17	8.52
1489	8	-9	11	-17	8.52
1490	8	-9	11	-17	8.52
1491	8	-9	11	-17	8.52
1492	8	-9	11	-17	8.52
1493	7	-9	11	-17	8.90
1494	7	-9	11	-18	9.80
1495	7	-9	11	-18	9.80
1496	7	-9	11	-18	9.80
1497	7	-9	11	-18	9.80
1498	7	-9	11	-18	9.80
1499	7	-10	11	-19	9.80
1500	7	-10	11	-19	9.80
1501	7	-10	11	-19	9.80
1502	7	-10	11	-19	9.80
1503	7	-10	11	-19	9.80
1504	7	-10	8	-8	2.23
1505	7	-10	7	-8	2.00
1506	7	-10	7	-8	2.00
1507	7	-10	7	-8	2.00
1508	7	-10	7	-8	2.00
1509	7	-10	7	-8	2.00
1510	7	-10	7	-8	2.00
1511	7	-10	7	-8	2.00
1512	7	-10	7	-8	2.00
1513	7	-9	7	-8	1.00
1514	7	-10	7	-8	2.00
1515	7	-9	7	-8	1.00
1516	7	-9	7	-8	1.00
1517	7	-9	7	-8	1.00
1518	7	-9	7	-8	1.00
1519	7	-10	7	-8	2.00
1520	7	-9	7	-8	1.00
1521	7	-10	7	-8	2.00
1522	8	-10	7	-8	2.23
1523	8	-10	7	-8	2.23
1524	8	-10	7	-8	2.23
1525	8	-9	7	-8	1.41
1526	8	-9	7	-8	1.41
1527	8	-9	7	-8	1.41
1528	8	-9	7	-8	1.41
1529	8	-9	7	-8	1.41
1530	8	-10	7	-8	2.23
1531	8	-10	7	-8	2.23
1532	9	-10	7	-8	2.81
1533	9	-9	7	-8	2.22
1534	9	-9	7	-8	2.22
1535	9	-9	7	-8	2.22
1536	9	-9	5	-12	4.95
1537	9	-9	4	-12	5.76
1538	9	-9	4	-12	5.76
1539	9	-9	4	-12	5.76
1540	9	-9	4	-12	5.76
1541	9	-9	4	-12	5.76
1542	9	-9	4	-12	5.76
1543	9	-9	4	-12	5.76
1544	9	-9	4	-12	5.76
1545	9	-9	4	-12	5.76
1546	9	-9	4	-12	5.76
1547	9	-9	4	-12	5.76
1548	9	-9	4	-12	5.76
1549	9	-8	4	-12	6.34
1550	9	-8	4	-12	6.34
1551	9	-8	4	-12	6.34
1552	9	-8	4	-13	7.01
1553	9	-8	3	-13	7.73
1554	10	-8	3	-13	8.51
1555	10	-8	3	-13	8.51
1556	10	-8	3	-13	8.51
1557	10	-8	3	-13	8.51
1558	10	-8	3	-13	8.51
1559	10	-8	3	-13	8.51
1560	10	-8	3	-13	8.51
1561	10	-8	3	-13	8.51
1562	11	-8	3	-13	9.32
1563	11	-8	3	-13	9.32
1564	11	-8	3	-13	9.32
1565	11	-8	3	-13	9.32
1566	11	-8	3	-13	9.32
1567	11	-8	3	-13	9.32
1568	11	-8	11	-8	nan
1569	11	-8	11	-7	1.00
1570	11	-8	11	-7	1.00
1571	11	-8	11	-7	1.00
1572	11	-7	11	-7	0.00
1573	11	-7	11	-7	0.00
1574	12	-7	11	-7	0.99
1575	12	-7	11	-7	0.99
1576	12	-7	11	-7	0.99
1577	12	-7	11	-7	0.99
1578	12	-7	11	-7	0.99
1579	12	-7	11	-7	0.99
1580	12	-7	11	-7	0.99
1581	12	-7	11	-7	0.99
1582	12	-7	11	-7	0.99
1583	11	-8	11	-7	1.00
1584	11	-8	12	-7	1.41
1585	12	-8	12	-7	1.00
1586	12	-8	12	-7	1.00
1587	12	-7	12	-7	0.00
1588	12	-7	12	-7	0.00
1589	12	-7	12	-7	0.00
1590	12	-7	12	-7	0.00
1591	12	-7	12	-7	0.00
1592	12	-7	12	-7	0.00
1593	12	-7	12	-7	0.00
1594	12	-8	12	-7	1.00
1595	12	-8	12	-7	1.00
1596	12	-8	12	-7	1.00
1597	12	-8	12	-7	1.00
1598	12	-8	12	-7	1.00
1599	12	-8	12	-7	1.00
1600	12	-8	13	-7	1.41
1601	12	-7	13	-6	1.41
1602	12	-8	13	-6	2.23
1603	12	-8	13	-6	2.23
1604	12	-7	13	-6	1.41
1605	12	-7	13	-6	1.41
1606	12	-8	13	-6	2.23
1607	12	-8	13	-6	2.23
1608	12	-7	13	-6	1.41
1609	12	-7	13	-6	1.41
1610	12	-7	13	-6	1.41
1611	12	-7	13	-6	1.41
1612	12	-7	13	-6	1.41
1613	12	-7	13	-6	1.41
1614	12	-7	13	-6	1.41
1615	11	-8	13	-6	2.82
1616	11	-8	14	-6	3.59
1617	11	-8	14	-6	3.59
1618	11	-8	14	-6	3.59
1619	11	-9	14	-6	4.22
1620	11	-9	14	-6	4.22
1621	11	-9	14	-6	4.22
1622	11	-9	14	-6	4.22
1623	11	-9	14	-6	4.22
1624	11	-9	14	-6	4.22
1625	11	-9	14	-6	4.22
1626	11	-9	14	-6	4.22
1627	11	-9	14	-6	4.22
1628	11	-9	14	-6	4.22
1629	11	-9	14	-6	4.22
1630	11	-9	14	-6	4.22
1631	11	-10	14	-6	4.98
1632	11	-10	13	-8	2.81
1633	11	-10	13	-8	2.81
1634	10	-10	13	-8	3.57
1635	10	-10	13	-8	3.57
1636	10	-10	13	-8	3.57
1637	9	-10	13	-8	4.43
1638	9	-10	13	-8	4.43
1639	9	-10	13	-8	4.43
1640	8	-10	13	-8	5.33
1641	8	-10	13	-8	5.33
1642	8	-10	13	-8	5.33
1643	8	-10	13	-8	5.33
1644	7	-11	13	-8	6.63
1645	7	-11	13	-8	6.63
1646	7	-11	13	-8	6.63
1647	7	-11	13	-8	6.63
1648	7	-11	13	-8	6.63
1649	7	-11	13	-8	6.63
1650	8	-11	13	-8	5.77
1651	8	-11	13	-8	5.77
1652	7	-11	13	-8	6.63
1653	7	-11	13	-8	6.63
1654	7	-11	13	-8	6.63
1655	7	-11	13	-8	6.63
1656	7	-11	13	-8	6.63
1657	7	-11	13	-8	6.63
1658	7	-11	13	-8	6.63
1659	7	-11	13	-8	6.63
1660	6	-11	13	-8	7.53
1661	6	-11	13	-8	7.53
1662	6	-11	13	-8	7.53
1663	6	-11	13	-8	7.53
1664	5	-11	10	-12	5.00
1665	5	-11	9	-12	4.05
1666	4	-10	9	-12	5.30
1667	4	-10	9	-12	5.30
1668	2	-10	9	-12	7.16
1669	2	-10	9	-12	7.16
1670	0	-10	9	-12	9.06
1671	0	-10	9	-12	9.06
1672	-4	-9	9	-12	13.13
1673	-4	-9	9	-12	13.13
1674	-10	-8	9	-12	19.13
1675	-10	-8	9	-12	19.13
1676	-13	-7	9	-12	22.26
1677	-13	-7	9	-12	22.26
1678	-13	-7	9	-12	22.26
1679	-13	-6	9	-12	22.53
1680	-13	-6	9	-13	22.78
1681	-12	-6	9	-13	21.85
1682	-12	-6	9	-13	21.85
1683	-12	-6	9	-13	21.85
1684	-11	-6	9	-13	20.92
1685	-11	-6	9	-13	20.92
1686	-11	-6	9	-13	20.92
1687	-10	-7	9	-13	19.64
1688	-10	-6	9	-13	19.99
1689	-10	-6	9	-13	19.99
1690	-9	-6	9	-13	19.07
1691	-9	-6	9	-13	19.07
1692	-9	-6	9	-13	19.07
1693	-9	-5	9	-13	19.48
1694	-8	-5	9	-13	18.58
1695	-8	-5	9	-13	18.58
1696	-8	-5	-1	-12	9.84
1697	-8	-4	-1	-12	10.58
1698	-8	-4	-1	-12	10.58
1699	-8	-4	-1	-12	10.58
1700	-7	-4	-1	-12	9.96
1701	-7	-4	-1	-12	9.96
1702	-7	-3	-2	-12	10.27
1703	-7	-3	-2	-12	10.27
1704	-6	-2	-2	-12	10.76
1705	-6	-2	-2	-12	10.76
1706	-6	-2	-2	-12	10.76
1707	-6	-2	-3	-12	10.43
1708	-5	0	-3	-12	12.16
1709	-5	0	-3	-12	12.16
1710	-5	0	-3	-12	12.16
1711	-5	0	-3	-12	12.16
1712	-6	1	-4	-12	13.15
1713	-6	1	-4	-12	13.15
1714	-6	2	-4	-12	14.14
1715	-6	2	-4	-12	14.14
1716	-6	2	-4	-12	14.14
1717	-6	2	-4	-12	14.14
1718	-5	2	-5	-12	14.00
1719	-5	2	-5	-12	14.00
1720	-3	1	-5	-12	13.15
1721	-3	1	-5	-12	13.15
1722	-2	1	-5	-12	13.34
1723	-1	1	-6	-12	13.92
1724	-1	1	-6	-12	13.92
1725	0	1	-6	-12	14.30
1726	1	1	-6	-12	14.74
1727	1	1	-6	-12	14.74
1728	2	1	-21	1	23.00
1729	2	1	-21	1	23.00
1730	2	1	-21	1	23.00
1731	2	1	-22	1	24.00
1732	3	1	-22	1	25.00
1733	3	1	-23	1	26.00
1734	4	2	-23	2	26.98
1735	4	2	-23	2	26.98
1736	5	2	-24	2	28.98
1737	5	2	-24	2	28.98
1738	7	2	-25	2	31.98
1739	7	2	-25	3	31.98
1740	8	2	-25	3	32.98
1741	8	2	-26	3	33.98
1742	8	2	-26	3	33.98
1743	9	2	-27	3	35.98
1744	9	2	-27	4	36.00
1745	9	2	-27	4	36.00
1746	9	2	-28	4	37.00
1747	9	1	-28	4	37.08
1748	9	1	-29	4	38.08
1749	9	1	-29	4	38.08
1750	9	1	-29	5	38.15
1751	9	1	-30	5	39.14
1752	9	1	-30	5	39.14
1753	9	1	-31	5	40.13
1754	9	1	-31	5	40.13
1755	9	1	-31	6	40.22
1756	9	1	-32	6	41.21
1757	9	1	-32	6	41.21
1758	9	1	-33	6	42.20
1759	9	1	-33	6	42.20
1760	9	1	12	7	6.70
1761	9	1	12	7	6.70
1762	9	1	12	7	6.70
1763	9	1	12	7	6.70
1764	9	1	13	7	7.20
1765	9	1	13	7	7.20
1766	9	1	13	8	8.05
1767	10	1	14	8	8.05
1768	10	1	14	8	8.05
1769	11	2	14	8	6.70
1770	11	2	15	8	7.20
1771	13	4	15	9	5.38
1772	13	4	15	9	5.38
1773	15	6	16	9	3.16
1774	17	7	16	9	2.23
1775	17	7	16	9	2.23
1776	18	9	17	10	1.40
1777	19	10	17	10	1.97
1778	19	10	17	10	1.97
1779	20	13	17	10	4.20
1780	20	14	18	10	4.45
1781	21	16	18	10	6.67
1782	21	16	18	11	5.79
1783	20	18	19	11	7.07
1784	20	20	19	11	9.05
1785	20	20	19	11	9.05
1786	20	22	20	11	11.00
1787	19	24	20	12	12.04
1788	19	24	20	12	12.04
1789	19	25	21	12	13.14
1790	19	25	21	12	13.14
1791	18	27	21	12	15.26
