frame_id	phi	theta	est_phi	est_theta	err_phi	err_theta	speed	err_ang
0	22	0	0	0	22.00
1	22	0	0	0	22.00
2	22	0	0	0	22.00
3	22	0	0	0	22.00
4	22	0	0	0	22.00
5	22	0	0	0	22.00
6	22	0	0	0	22.00
7	22	0	0	0	22.00
8	21	0	0	0	21.00
9	20	0	0	0	20.00
10	20	0	0	0	20.00
11	17	-1	0	0	17.03
12	14	-2	0	0	14.14
13	14	-2	0	0	14.14
14	12	-3	0	0	12.36
15	11	-3	0	0	11.40
16	11	-3	0	0	11.40
17	9	-4	0	0	9.84
18	9	-4	0	0	9.84
19	7	-4	0	0	8.06
20	7	-4	0	0	8.06
21	5	-5	0	0	7.07
22	5	-5	0	0	7.07
23	3	-5	0	0	5.83
24	3	-5	0	0	5.83
25	2	-6	0	0	6.32
26	1	-6	0	0	6.08
27	1	-6	0	0	6.08
28	1	-6	0	0	6.08
29	1	-7	0	0	7.07
30	1	-7	0	0	7.07
31	1	-7	0	0	7.07
32	1	-7	22	0	22.09
33	1	-7	22	0	22.09
34	1	-7	22	0	22.09
35	2	-7	22	0	21.14
36	2	-7	22	0	21.14
37	2	-7	22	0	21.14
38	2	-7	22	0	21.14
39	2	-7	22	0	21.14
40	1	-7	22	0	22.09
41	1	-7	22	0	22.09
42	1	-8	22	0	22.41
43	1	-8	22	0	22.41
44	0	-8	22	0	23.34
45	0	-8	22	0	23.34
46	0	-8	22	0	23.34
47	-1	-9	22	0	24.61
48	-1	-9	22	0	24.61
49	-2	-10	22	0	25.89
50	-2	-10	22	0	25.89
51	-3	-11	22	0	27.17
52	-3	-11	22	0	27.17
53	-3	-11	22	0	27.17
54	-3	-11	22	0	27.17
55	-2	-10	22	0	25.89
56	-2	-10	22	0	25.89
57	-2	-10	22	0	25.89
58	-2	-9	22	0	25.54
59	-2	-9	22	0	25.54
60	-2	-9	22	0	25.54
61	-2	-9	22	0	25.54
62	-3	-9	22	0	26.47
63	-3	-9	22	0	26.47
64	-7	-10	-20	-14	13.33
65	-7	-10	-20	-14	13.33
66	-14	-11	-21	-14	7.46
67	-14	-11	-21	-14	7.46
68	-19	-11	-22	-14	4.19
69	-19	-11	-23	-15	5.58
70	-21	-11	-23	-15	4.45
71	-21	-11	-24	-15	4.95
72	-22	-10	-25	-15	5.79
73	-22	-10	-25	-15	5.79
74	-22	-10	-26	-16	7.15
75	-22	-10	-27	-16	7.73
76	-21	-10	-27	-16	8.37
77	-22	-10	-28	-16	8.37
78	-22	-10	-29	-17	9.76
79	-23	-10	-29	-17	9.11
80	-24	-10	-30	-17	9.11
81	-24	-10	-31	-17	9.76
82	-24	-10	-31	-17	9.76
83	-25	-10	-32	-18	10.49
84	-25	-10	-33	-18	11.14
85	-25	-9	-33	-18	11.89
86	-26	-9	-34	-18	11.89
87	-26	-9	-35	-19	13.27
88	-27	-9	-35	-19	12.65
89	-27	-9	-36	-19	13.27
90	-28	-9	-37	-19	13.27
91	-28	-9	-37	-19	13.27
92	-28	-9	-38	-20	14.64
93	-28	-9	-39	-20	15.30
94	-28	-9	-39	-20	15.30
95	-28	-9	-40	-20	15.98
96	-29	-9	-15	-13	14.31
97	-29	-9	-15	-13	14.31
98	-29	-9	-15	-13	14.31
99	-29	-9	-15	-13	14.31
100	-29	-9	-16	-13	13.37
101	-30	-9	-16	-13	14.31
102	-30	-9	-16	-13	14.31
103	-31	-9	-16	-13	15.25
104	-31	-9	-17	-13	14.31
105	-31	-9	-17	-13	14.31
106	-31	-9	-17	-13	14.31
107	-32	-9	-17	-14	15.52
108	-32	-9	-18	-14	14.60
109	-35	-10	-18	-14	17.10
110	-35	-10	-18	-14	17.10
111	-40	-12	-18	-14	21.52
112	-43	-12	-19	-14	23.46
113	-43	-12	-19	-14	23.46
114	-47	-12	-19	-14	27.34
115	-47	-12	-19	-14	27.34
116	-49	-13	-20	-14	28.20
117	-51	-13	-20	-14	30.14
118	-51	-13	-20	-15	30.12
119	-52	-13	-20	-15	31.09
120	-52	-13	-21	-15	30.12
121	-53	-12	-21	-15	31.23
122	-53	-12	-21	-15	31.23
123	-53	-12	-21	-15	31.23
124	-54	-12	-22	-15	31.23
125	-54	-12	-22	-15	31.23
126	-56	-13	-22	-15	33.02
127	-56	-13	-22	-15	33.02
128	-57	-13	-51	-8	7.73
129	-57	-13	-51	-7	8.42
130	-57	-13	-52	-7	7.76
131	-57	-13	-53	-7	7.18
132	-57	-13	-53	-7	7.18
133	-57	-13	-54	-7	6.69
134	-56	-13	-55	-7	6.08
135	-56	-13	-55	-7	6.08
136	-55	-13	-56	-7	6.08
137	-55	-13	-57	-7	6.31
138	-55	-13	-57	-7	6.31
139	-54	-13	-58	-7	7.18
140	-54	-13	-59	-7	7.76
141	-54	-13	-59	-7	7.76
142	-55	-13	-60	-7	7.76
143	-55	-13	-61	-7	8.42
144	-55	-13	-62	-7	9.14
145	-55	-13	-62	-7	9.14
146	-55	-13	-63	-7	9.90
147	-54	-13	-64	-7	11.53
148	-53	-13	-64	-7	12.38
149	-53	-13	-65	-7	13.25
150	-49	-13	-66	-7	17.77
151	-49	-13	-66	-7	17.77
152	-44	-13	-67	-7	23.42
153	-44	-13	-68	-7	24.37
154	-39	-12	-68	-7	29.02
155	-39	-12	-69	-7	29.99
156	-35	-12	-70	-7	34.85
157	-35	-12	-70	-7	34.85
158	-31	-12	-71	-7	39.73
159	-29	-12	-72	-7	42.66
160	-29	-12	-85	-17	54.28
161	-26	-12	-85	-17	57.14
162	-24	-12	-86	-17	60.00
163	-24	-12	-87	-17	60.96
164	-20	-13	-88	-17	65.49
165	-20	-13	-89	-17	66.44
166	-16	-13	-90	-17	71.18
167	-13	-13	-91	-17	74.96
168	-13	-13	-92	-18	75.74
169	-11	-13	-92	-18	77.62
170	-11	-13	-93	-18	78.55
171	-9	-13	-94	-18	81.36
172	-7	-13	-95	-18	84.15
173	-6	-13	-96	-18	86.01
174	-6	-13	-97	-18	86.94
175	-5	-13	-98	-18	88.80
176	-5	-13	-99	-19	89.49
177	-3	-13	-99	-19	91.32
178	-3	-13	-100	-19	92.24
179	0	-13	-101	-19	95.89
180	0	-13	-102	-19	96.79
181	3	-13	-103	-19	100.41
182	3	-13	-104	-19	101.31
183	7	-13	-105	-19	105.78
184	7	-13	-106	-20	106.31
185	10	-13	-106	-20	108.93
186	10	-13	-107	-20	109.80
187	14	-13	-108	-20	114.10
188	14	-13	-109	-20	114.94
189	19	-14	-110	-20	119.41
190	19	-14	-111	-20	120.22
191	24	-14	-112	-20	124.97
192	26	-15	-1	-11	26.59
193	29	-14	0	-10	28.63
194	29	-14	0	-10	28.63
195	32	-14	1	-10	30.56
196	32	-14	2	-10	29.59
197	35	-13	3	-10	31.48
198	35	-13	4	-10	30.51
199	37	-14	5	-10	31.53
200	37	-14	6	-10	30.56
201	40	-15	6	-10	33.53
202	42	-15	7	-10	34.50
203	42	-15	8	-10	33.53
204	45	-14	9	-10	35.41
205	45	-14	10	-10	34.44
206	46	-13	11	-10	34.40
207	47	-13	12	-10	34.40
208	47	-13	13	-10	33.43
209	49	-14	13	-10	35.41
210	49	-14	14	-10	34.44
211	52	-15	15	-10	36.42
212	52	-15	16	-10	35.46
213	54	-15	17	-10	36.42
214	54	-15	18	-10	35.46
215	54	-15	19	-10	34.50
216	55	-14	20	-10	34.44
217	55	-14	20	-10	34.44
218	55	-14	21	-10	33.47
219	55	-15	22	-10	32.57
220	55	-15	23	-10	31.61
221	58	-16	24	-10	33.63
222	58	-16	25	-10	32.67
223	61	-18	26	-10	34.83
224	61	-18	81	-18	19.01
225	65	-19	82	-18	16.15
226	65	-19	84	-18	18.04
227	67	-21	86	-18	18.15
228	67	-21	87	-18	19.08
229	69	-24	89	-18	19.59
230	69	-24	91	-18	21.37
231	70	-26	93	-18	22.73
232	70	-26	94	-18	23.60
233	70	-28	96	-18	25.87
234	70	-28	98	-18	27.56
235	71	-30	99	-19	27.65
236	71	-30	101	-19	29.32
237	71	-32	103	-19	31.51
238	71	-32	105	-19	33.15
239	72	-33	106	-19	33.41
240	72	-33	108	-19	35.03
241	74	-35	110	-19	35.58
242	74	-35	111	-19	36.36
243	75	-36	113	-19	37.43
244	75	-36	115	-19	38.98
245	75	-37	117	-19	40.79
246	76	-37	118	-20	40.22
247	76	-37	120	-20	41.78
248	76	-37	122	-20	43.35
249	76	-37	123	-20	44.14
250	76	-37	125	-20	45.72
251	77	-36	127	-20	46.39
252	77	-36	129	-20	48.00
253	77	-36	130	-20	48.81
254	77	-37	132	-20	50.48
255	77	-37	134	-20	52.08
256	75	-39	96	-21	25.46
257	75	-39	97	-21	26.07
258	74	-42	98	-21	29.12
259	74	-42	99	-21	29.71
260	73	-44	100	-21	32.08
261	73	-45	101	-21	33.25
262	73	-45	102	-21	33.82
263	72	-45	103	-21	34.99
264	73	-45	104	-21	34.99
265	73	-45	105	-21	35.59
266	74	-46	106	-21	36.12
267	74	-46	108	-22	36.54
268	74	-46	109	-22	37.15
269	74	-46	110	-22	37.76
270	75	-46	111	-22	37.76
271	75	-46	112	-22	38.39
272	74	-46	113	-22	39.65
273	74	-46	114	-22	40.28
274	74	-45	115	-22	40.56
275	74	-45	116	-22	41.23
276	75	-44	117	-22	40.90
277	75	-44	118	-22	41.58
278	75	-44	120	-23	42.30
279	75	-43	121	-23	42.77
280	75	-43	122	-23	43.48
281	77	-43	123	-23	42.77
282	77	-43	124	-23	43.48
283	82	-41	125	-23	40.14
284	82	-41	126	-23	40.88
285	86	-39	127	-23	38.21
286	86	-39	128	-23	38.97
287	86	-36	129	-23	39.26
288	86	-36	89	-60	24.08
289	82	-34	89	-60	26.40
290	82	-34	89	-61	27.38
291	81	-32	90	-61	29.59
292	81	-32	90	-62	30.56
293	82	-31	91	-63	32.51
294	83	-31	91	-63	32.41
295	83	-31	92	-64	33.48
296	84	-31	92	-65	34.36
297	84	-32	92	-65	33.37
298	84	-31	93	-66	35.43
299	84	-31	93	-67	36.40
300	85	-31	94	-67	36.40
301	85	-31	94	-68	37.37
302	85	-31	95	-69	38.43
303	87	-33	95	-69	36.28
304	87	-33	96	-70	37.33
305	91	-35	96	-71	36.10
306	94	-36	96	-71	35.02
307	95	-36	97	-72	36.01
308	95	-36	97	-73	37.01
309	95	-36	98	-73	37.03
310	95	-36	98	-74	38.03
311	97	-36	99	-75	39.01
312	98	-36	99	-75	39.00
313	98	-36	99	-76	40.00
314	101	-37	100	-77	40.00
315	101	-37	100	-77	40.00
316	104	-38	101	-78	40.02
317	104	-38	101	-79	41.02
318	104	-38	102	-79	41.01
319	105	-39	102	-80	41.02
320	106	-39	97	-33	9.43
321	106	-39	97	-32	10.12
322	106	-40	97	-32	10.81
323	106	-40	98	-32	10.28
324	106	-39	98	-32	9.55
325	106	-39	98	-32	9.55
326	107	-39	99	-32	9.55
327	107	-39	99	-32	9.55
328	106	-38	99	-32	8.29
329	106	-38	100	-32	7.75
330	106	-38	100	-32	7.75
331	106	-38	100	-31	8.57
332	106	-38	101	-31	8.12
333	106	-38	101	-31	8.12
334	106	-38	101	-31	8.12
335	106	-38	102	-31	7.74
336	106	-37	102	-31	6.85
337	106	-37	102	-31	6.85
338	104	-37	103	-31	6.06
339	104	-37	103	-31	6.06
340	100	-37	103	-31	6.49
341	100	-37	104	-31	6.85
342	97	-37	104	-30	9.11
343	97	-37	104	-30	9.11
344	97	-37	105	-30	9.66
345	97	-37	105	-30	9.66
346	97	-37	105	-30	9.66
347	97	-37	106	-30	10.25
348	97	-37	106	-30	10.25
349	97	-37	106	-30	10.25
350	96	-37	107	-30	11.52
351	96	-37	107	-30	11.52
352	95	-37	126	-42	24.30
353	95	-37	126	-42	24.30
354	94	-37	127	-42	25.78
355	94	-37	127	-42	25.78
356	93	-37	128	-42	27.27
357	93	-37	129	-42	28.01
358	90	-37	129	-42	30.24
359	90	-37	130	-42	30.98
360	82	-37	131	-42	37.62
361	82	-37	131	-42	37.62
362	73	-35	132	-42	45.79
363	73	-35	132	-43	45.59
364	67	-33	133	-43	51.62
365	67	-33	134	-43	52.33
366	60	-31	134	-43	58.40
367	60	-31	135	-43	59.10
368	55	-29	136	-43	64.49
369	55	-29	136	-43	64.49
370	52	-28	137	-43	67.89
371	52	-28	137	-43	67.89
372	49	-27	138	-43	71.28
373	49	-27	139	-43	71.96
374	46	-26	139	-44	74.30
375	46	-26	140	-44	74.96
376	43	-25	141	-44	78.30
377	43	-25	141	-44	78.30
378	41	-25	142	-44	80.26
379	41	-25	142	-44	80.26
380	37	-24	143	-44	84.18
381	37	-24	144	-44	84.81
382	33	-22	144	-44	88.78
383	33	-22	145	-44	89.41
384	29	-21	84	-35	49.89
385	29	-21	83	-34	49.06
386	25	-20	83	-34	52.84
387	25	-20	82	-34	52.01
388	21	-19	82	-34	55.80
389	21	-19	82	-34	55.80
390	18	-18	81	-34	57.94
391	18	-18	81	-34	57.94
392	15	-18	81	-34	60.43
393	15	-18	80	-34	59.60
394	11	-17	80	-34	63.41
395	11	-17	80	-34	63.41
396	8	-16	79	-34	65.57
397	8	-16	79	-34	65.57
398	6	-15	79	-34	67.74
399	6	-15	78	-34	66.91
400	4	-14	78	-34	69.08
401	4	-14	78	-33	69.14
402	4	-14	77	-33	68.30
403	4	-14	77	-33	68.30
404	3	-14	77	-33	69.14
405	3	-14	76	-33	68.30
406	3	-14	76	-33	68.30
407	3	-14	76	-33	68.30
408	2	-14	75	-33	68.30
409	2	-14	75	-33	68.30
410	2	-14	75	-33	68.30
411	2	-14	74	-33	67.47
412	2	-13	74	-33	67.97
413	2	-13	74	-33	67.97
414	1	-13	73	-33	67.97
415	1	-13	73	-33	67.97
416	1	-12	-37	-5	38.19
417	1	-12	-39	-4	40.36
418	1	-12	-41	-4	42.30
419	1	-12	-43	-3	44.48
420	0	-12	-45	-3	45.45
421	0	-12	-47	-2	47.63
422	0	-12	-49	-2	49.56
423	0	-12	-51	-1	51.75
424	0	-11	-53	-1	53.56
425	0	-11	-55	0	55.73
426	0	-11	-57	0	57.68
427	0	-11	-59	0	59.63
428	0	-11	-61	1	61.80
429	0	-11	-63	1	63.75
430	0	-11	-65	2	65.92
431	0	-11	-67	2	67.87
432	0	-11	-70	3	71.02
433	0	-11	-72	3	72.97
434	0	-11	-74	4	75.13
435	0	-11	-76	4	77.08
436	0	-11	-78	5	79.24
437	0	-11	-80	5	81.19
438	1	-11	-82	6	84.32
439	1	-11	-84	6	86.27
440	1	-11	-86	7	88.41
441	1	-11	-88	7	90.36
442	1	-12	-90	8	92.63
443	1	-12	-92	8	94.57
444	2	-14	-94	9	97.93
445	2	-14	-96	9	99.86
446	2	-15	-98	10	102.13
447	2	-15	-100	10	104.05
448	3	-17	-27	-3	32.61
449	3	-17	-27	-2	33.08
450	4	-19	-28	-2	35.64
451	4	-19	-29	-2	36.50
452	6	-20	-30	-1	40.00
453	6	-20	-31	-1	40.86
454	7	-21	-32	-1	42.97
455	7	-21	-33	-1	43.84
456	7	-23	-34	0	46.00
457	7	-23	-34	0	46.00
458	7	-23	-35	0	46.84
459	7	-23	-36	0	47.68
460	7	-23	-37	0	48.54
461	7	-23	-38	0	49.39
462	7	-22	-39	0	49.90
463	7	-22	-40	1	51.27
464	8	-22	-41	1	53.01
465	8	-22	-41	1	53.01
466	8	-22	-42	2	54.37
467	8	-22	-43	2	55.25
468	8	-22	-44	2	56.12
469	8	-22	-45	2	57.00
470	8	-21	-46	3	58.05
471	8	-21	-47	3	58.94
472	8	-21	-48	3	59.83
473	10	-21	-48	4	62.06
474	10	-21	-49	4	62.96
475	13	-21	-50	4	66.56
476	13	-21	-51	4	67.46
477	16	-21	-52	5	71.51
478	16	-21	-53	5	72.42
479	19	-21	-54	5	76.07
480	19	-21	5	-22	13.06
481	22	-20	5	-22	15.99
482	22	-20	5	-22	15.99
483	24	-20	5	-22	17.84
484	24	-20	5	-22	17.84
485	25	-19	5	-22	18.96
486	25	-19	5	-22	18.96
487	26	-19	5	-23	19.99
488	26	-19	5	-23	19.99
489	25	-19	5	-23	19.08
490	25	-19	5	-23	19.08
491	25	-19	5	-23	19.08
492	25	-19	5	-23	19.08
493	25	-19	5	-24	19.25
494	24	-19	5	-24	18.35
495	24	-19	5	-24	18.35
496	24	-18	6	-24	17.82
497	24	-18	6	-24	17.82
498	24	-18	6	-24	17.82
499	24	-18	6	-24	17.82
500	24	-17	6	-25	18.59
501	24	-17	6	-25	18.59
502	23	-16	6	-25	18.26
503	23	-16	6	-25	18.26
504	22	-15	6	-25	18.03
505	22	-15	6	-25	18.03
506	20	-14	6	-26	17.78
507	20	-14	6	-26	17.78
508	19	-14	6	-26	17.10
509	19	-14	6	-26	17.10
510	17	-13	6	-26	16.61
511	17	-13	6	-26	16.61
512	14	-13	35	-25	23.15
513	14	-13	35	-25	23.15
514	12	-13	36	-25	25.60
515	12	-13	36	-25	25.60
516	11	-13	37	-25	27.28
517	11	-13	37	-25	27.28
518	10	-13	38	-25	28.98
519	10	-13	38	-25	28.98
520	9	-13	39	-26	31.01
521	9	-13	39	-26	31.01
522	8	-13	40	-26	32.72
523	8	-13	40	-26	32.72
524	7	-13	41	-26	34.45
525	7	-13	41	-26	34.45
526	7	-13	42	-26	35.31
527	7	-13	42	-26	35.31
528	6	-12	43	-27	37.77
529	6	-12	43	-27	37.77
530	5	-12	44	-27	39.49
531	5	-12	44	-27	39.49
532	5	-12	45	-27	40.36
533	5	-12	45	-27	40.36
534	5	-12	46	-27	41.22
535	4	-11	46	-27	42.56
536	4	-11	47	-28	43.66
537	4	-9	47	-28	44.66
538	4	-9	48	-28	45.51
539	3	-8	48	-28	46.87
540	3	-8	49	-28	47.72
541	3	-7	49	-28	48.24
542	3	-7	50	-28	49.09
543	2	-6	50	-28	50.46
544	2	-6	9	-5	7.04
545	2	-5	8	-4	6.06
546	2	-5	8	-4	6.06
547	2	-4	8	-4	5.99
548	2	-4	8	-4	5.99
549	2	-4	8	-3	6.07
550	2	-4	8	-3	6.07
551	2	-2	7	-3	5.09
552	2	-2	7	-3	5.09
553	2	-1	7	-2	5.10
554	2	-1	7	-2	5.10
555	2	0	7	-2	5.38
556	2	0	7	-2	5.38
557	2	0	6	-1	4.12
558	2	0	6	-1	4.12
559	2	1	6	-1	4.47
560	2	1	6	-1	4.47
561	2	1	6	0	4.12
562	2	1	6	0	4.12
563	2	1	6	0	4.12
564	2	1	5	0	3.16
565	2	0	5	0	3.00
566	2	0	5	0	3.00
567	2	1	5	0	3.16
568	2	1	5	1	3.00
569	2	1	5	1	3.00
570	2	1	4	1	2.00
571	2	1	4	1	2.00
572	2	0	4	2	2.83
573	2	0	4	2	2.83
574	2	0	4	2	2.83
575	2	0	4	2	2.83
576	2	0	-10	1	12.04
577	2	0	-10	1	12.04
578	2	0	-10	1	12.04
579	2	0	-11	1	13.04
580	2	0	-11	1	13.04
581	3	0	-11	2	14.14
582	3	0	-12	2	15.13
583	3	0	-12	2	15.13
584	3	0	-13	2	16.12
585	3	-1	-13	2	16.28
586	3	-1	-13	3	16.49
587	3	-2	-14	3	17.71
588	3	-2	-14	3	17.71
589	3	-3	-14	3	18.02
590	3	-3	-15	4	19.30
591	3	-4	-15	4	19.68
592	3	-4	-16	4	20.60
593	3	-5	-16	4	21.01
594	3	-5	-16	4	21.01
595	3	-8	-17	5	23.81
596	3	-8	-17	5	23.81
597	3	-15	-17	5	28.16
598	3	-17	-18	5	30.24
599	3	-18	-18	6	31.71
600	4	-18	-19	6	33.03
601	4	-19	-19	6	33.74
602	4	-19	-19	6	33.74
603	4	-22	-20	6	36.56
604	4	-23	-20	7	38.09
605	4	-23	-20	7	38.09
606	5	-24	-21	7	40.06
607	5	-25	-21	7	40.80
608	5	-25	2	6	31.14
609	5	-25	2	6	31.14
610	5	-25	2	6	31.14
611	5	-25	2	6	31.14
612	5	-25	2	6	31.14
613	5	-25	2	6	31.14
614	5	-25	2	7	32.13
615	5	-25	2	7	32.13
616	5	-25	2	7	32.13
617	5	-25	2	7	32.13
618	5	-25	2	7	32.13
619	5	-25	2	8	33.13
620	5	-25	2	8	33.13
621	5	-25	2	8	33.13
622	5	-24	2	8	32.13
623	5	-24	2	8	32.13
624	5	-24	2	9	33.13
625	5	-24	2	9	33.13
626	5	-24	2	9	33.13
627	5	-24	2	9	33.13
628	4	-24	2	9	33.06
629	4	-24	2	9	33.06
630	4	-23	2	10	33.06
631	4	-23	2	10	33.06
632	4	-23	2	10	33.06
633	4	-23	2	10	33.06
634	4	-22	2	10	32.06
635	4	-22	2	11	33.06
636	4	-21	2	11	32.06
637	4	-21	2	11	32.06
638	4	-20	2	11	31.06
639	4	-20	2	11	31.06
640	3	-19	8	-50	31.26
641	3	-19	8	-50	31.26
642	3	-18	8	-51	33.24
643	3	-18	8	-52	34.23
644	3	-16	8	-53	37.21
645	3	-16	8	-53	37.21
646	3	-11	8	-54	43.18
647	3	-11	8	-55	44.18
648	4	-9	8	-56	47.11
649	4	-9	8	-57	48.10
650	3	-9	8	-57	48.16
651	3	-9	9	-58	49.22
652	3	-9	9	-59	50.21
653	3	-9	9	-60	51.20
654	3	-9	9	-60	51.20
655	3	-9	9	-61	52.19
656	3	-9	9	-62	53.18
657	3	-9	9	-63	54.17
658	3	-9	9	-64	55.17
659	3	-9	9	-64	55.17
660	3	-9	9	-65	56.16
661	3	-9	9	-66	57.15
662	3	-9	10	-67	58.19
663	3	-9	10	-67	58.19
664	3	-10	10	-68	58.19
665	3	-10	10	-69	59.18
666	3	-10	10	-70	60.17
667	3	-10	10	-71	61.16
668	3	-10	10	-71	61.16
669	3	-10	10	-72	62.15
670	3	-10	10	-73	63.14
671	3	-10	10	-74	64.13
672	3	-10	1	-13	3.58
673	3	-10	0	-12	3.56
674	3	-11	0	-12	3.11
675	3	-11	0	-12	3.11
676	3	-11	0	-12	3.11
677	3	-11	0	-12	3.11
678	3	-11	0	-11	2.94
679	3	-11	0	-11	2.94
680	3	-11	0	-11	2.94
681	3	-11	0	-11	2.94
682	3	-11	0	-11	2.94
683	3	-11	0	-10	3.11
684	3	-11	0	-10	3.11
685	3	-11	0	-10	3.11
686	3	-11	0	-10	3.11
687	3	-11	0	-10	3.11
688	3	-11	0	-10	3.11
689	3	-11	0	-9	3.57
690	3	-11	0	-9	3.57
691	3	-11	0	-9	3.57
692	3	-11	0	-9	3.57
693	3	-11	0	-9	3.57
694	3	-11	0	-8	4.21
695	3	-11	0	-8	4.21
696	3	-11	0	-8	4.21
697	3	-11	0	-8	4.21
698	3	-11	0	-8	4.21
699	3	-11	0	-7	4.98
700	3	-11	0	-7	4.98
701	3	-11	0	-7	4.98
702	3	-11	0	-7	4.98
703	3	-12	0	-7	5.81
704	3	-12	3	-1	11.00
705	3	-12	3	0	12.00
706	3	-12	3	0	12.00
707	3	-12	3	0	12.00
708	3	-12	3	0	12.00
709	3	-12	3	0	12.00
710	3	-12	3	0	12.00
711	3	-12	3	0	12.00
712	3	-12	3	1	13.00
713	3	-13	3	1	14.00
714	3	-13	3	1	14.00
715	3	-13	3	2	15.00
716	3	-13	3	2	15.00
717	3	-13	3	2	15.00
718	3	-13	3	2	15.00
719	3	-13	3	3	16.00
720	3	-13	3	3	16.00
721	3	-14	3	3	17.00
722	3	-14	3	4	18.00
723	3	-14	3	4	18.00
724	3	-14	3	4	18.00
725	3	-15	3	4	19.00
726	3	-15	3	5	20.00
727	3	-15	3	5	20.00
728	3	-15	3	5	20.00
729	3	-15	3	6	21.00
730	3	-15	3	6	21.00
731	3	-15	3	6	21.00
732	3	-15	3	6	21.00
733	3	-16	3	7	23.00
734	3	-16	3	7	23.00
735	3	-17	3	7	24.00
736	3	-17	3	-14	3.00
737	3	-17	3	-14	3.00
738	3	-17	3	-14	3.00
739	3	-17	3	-14	3.00
740	3	-17	3	-14	3.00
741	3	-18	3	-14	4.00
742	3	-18	3	-14	4.00
743	3	-18	3	-14	4.00
744	3	-18	3	-14	4.00
745	3	-18	3	-14	4.00
746	3	-19	3	-14	5.00
747	3	-19	3	-14	5.00
748	3	-19	3	-14	5.00
749	4	-20	3	-14	6.08
750	4	-20	3	-14	6.08
751	4	-20	3	-14	6.08
752	4	-21	3	-15	6.07
753	4	-21	3	-15	6.07
754	4	-21	3	-15	6.07
755	5	-21	3	-15	6.29
756	5	-22	3	-15	7.25
757	5	-22	3	-15	7.25
758	5	-22	3	-15	7.25
759	5	-22	3	-15	7.25
760	5	-22	3	-15	7.25
761	5	-22	3	-15	7.25
762	5	-22	3	-15	7.25
763	5	-22	3	-15	7.25
764	5	-22	3	-15	7.25
765	6	-22	3	-15	7.56
766	6	-22	3	-15	7.56
767	6	-22	3	-15	7.56
768	6	-22	3	-22	2.78
769	6	-22	3	-22	2.78
770	6	-22	3	-22	2.78
771	5	-22	3	-22	1.85
772	5	-22	3	-22	1.85
773	5	-21	3	-22	2.11
774	5	-21	3	-22	2.11
775	5	-21	3	-23	2.73
776	5	-21	3	-23	2.73
777	5	-21	3	-23	2.73
778	5	-21	3	-23	2.73
779	6	-21	3	-23	3.43
780	6	-21	3	-23	3.43
781	6	-21	3	-24	4.08
782	6	-21	3	-24	4.08
783	6	-21	3	-24	4.08
784	6	-21	3	-24	4.08
785	6	-21	3	-24	4.08
786	6	-21	3	-24	4.08
787	6	-21	3	-24	4.08
788	6	-21	3	-25	4.86
789	6	-21	3	-25	4.86
790	6	-21	3	-25	4.86
791	6	-21	3	-25	4.86
792	7	-21	3	-25	5.44
793	7	-21	3	-25	5.44
794	7	-21	3	-26	6.20
795	7	-21	3	-26	6.20
796	7	-21	3	-26	6.20
797	7	-21	3	-26	6.20
798	7	-21	3	-26	6.20
799	7	-21	3	-26	6.20
800	7	-21	9	-27	6.27
801	7	-21	9	-27	6.27
802	7	-20	9	-27	7.24
803	7	-20	9	-27	7.24
804	7	-20	9	-27	7.24
805	7	-20	9	-27	7.24
806	7	-20	9	-27	7.24
807	6	-20	9	-28	8.46
808	6	-19	9	-28	9.41
809	6	-20	9	-28	8.46
810	6	-20	9	-28	8.46
811	5	-20	10	-28	9.21
812	5	-20	10	-28	9.21
813	5	-20	10	-29	10.08
814	5	-20	10	-29	10.08
815	5	-20	10	-29	10.08
816	5	-20	10	-29	10.08
817	5	-20	10	-29	10.08
818	5	-19	10	-29	10.99
819	5	-19	10	-29	10.99
820	5	-19	10	-30	11.90
821	5	-20	10	-30	10.97
822	5	-20	11	-30	11.38
823	5	-20	11	-30	11.38
824	5	-20	11	-30	11.38
825	5	-20	11	-30	11.38
826	5	-20	11	-31	12.25
827	5	-20	11	-31	12.25
828	5	-20	11	-31	12.25
829	5	-19	11	-31	13.17
830	5	-19	11	-31	13.17
831	5	-19	11	-31	13.17
832	5	-19	8	-20	3.00
833	5	-19	8	-19	2.84
834	5	-19	8	-19	2.84
835	5	-18	8	-19	3.02
836	5	-18	8	-19	3.02
837	4	-18	8	-19	3.92
838	4	-18	8	-19	3.92
839	4	-17	8	-19	4.30
840	4	-17	8	-19	4.30
841	4	-17	8	-19	4.30
842	5	-17	8	-19	3.48
843	5	-17	8	-19	3.48
844	5	-17	8	-19	3.48
845	5	-16	8	-19	4.15
846	5	-16	8	-19	4.15
847	5	-16	8	-19	4.15
848	5	-16	8	-19	4.15
849	5	-16	8	-19	4.15
850	6	-15	8	-19	4.43
851	6	-15	8	-19	4.43
852	6	-15	8	-19	4.43
853	6	-15	8	-19	4.43
854	6	-15	8	-19	4.43
855	6	-15	8	-19	4.43
856	6	-15	8	-19	4.43
857	6	-15	8	-19	4.43
858	6	-16	8	-19	3.55
859	6	-16	8	-19	3.55
860	6	-16	8	-19	3.55
861	6	-16	8	-19	3.55
862	6	-16	8	-19	3.55
863	7	-16	8	-19	3.15
864	7	-16	3	-17	3.96
865	7	-16	2	-16	4.81
866	7	-16	2	-16	4.81
867	7	-16	2	-16	4.81
868	7	-16	2	-16	4.81
869	6	-16	2	-16	3.84
870	6	-16	2	-16	3.84
871	6	-16	2	-16	3.84
872	6	-17	2	-16	3.96
873	6	-17	2	-16	3.96
874	6	-17	2	-16	3.96
875	7	-17	2	-16	4.90
876	7	-17	2	-16	4.90
877	7	-17	2	-16	4.90
878	7	-17	2	-16	4.90
879	6	-17	2	-16	3.96
880	6	-17	2	-16	3.96
881	6	-17	1	-15	5.21
882	6	-17	1	-15	5.21
883	6	-17	1	-15	5.21
884	6	-16	1	-15	4.92
885	6	-16	1	-15	4.92
886	6	-16	1	-15	4.92
887	6	-16	1	-15	4.92
888	6	-16	1	-15	4.92
889	6	-16	1	-15	4.92
890	6	-16	1	-15	4.92
891	6	-16	1	-15	4.92
892	6	-16	1	-15	4.92
893	6	-16	1	-15	4.92
894	6	-16	1	-15	4.92
895	6	-16	1	-15	4.92
896	6	-16	9	-13	4.18
897	6	-16	9	-12	4.95
898	6	-16	9	-12	4.95
899	6	-16	9	-12	4.95
900	6	-16	9	-12	4.95
901	6	-16	9	-12	4.95
902	6	-15	9	-12	4.18
903	6	-15	9	-12	4.18
904	6	-15	9	-12	4.18
905	6	-15	9	-12	4.18
906	6	-15	9	-12	4.18
907	6	-14	9	-11	4.19
908	6	-14	9	-11	4.19
909	6	-14	9	-11	4.19
910	6	-14	9	-11	4.19
911	6	-14	9	-11	4.19
912	6	-14	10	-11	4.92
913	6	-14	10	-11	4.92
914	6	-14	10	-11	4.92
915	6	-14	10	-11	4.92
916	6	-14	10	-11	4.92
917	6	-13	10	-11	4.39
918	6	-13	10	-10	4.94
919	6	-13	10	-10	4.94
920	6	-13	10	-10	4.94
921	6	-13	10	-10	4.94
922	6	-12	10	-10	4.41
923	6	-12	10	-10	4.41
924	6	-12	10	-10	4.41
925	6	-12	10	-10	4.41
926	6	-11	10	-10	4.06
927	6	-11	10	-10	4.06
928	6	-11	5	-16	5.09
929	6	-10	4	-16	6.31
930	6	-10	4	-16	6.31
931	6	-10	4	-16	6.31
932	6	-10	4	-16	6.31
933	6	-10	4	-16	6.31
934	6	-10	4	-16	6.31
935	6	-9	4	-16	7.27
936	6	-9	4	-16	7.27
937	6	-9	4	-16	7.27
938	6	-9	4	-16	7.27
939	6	-9	4	-16	7.27
940	6	-9	4	-16	7.27
941	6	-9	4	-16	7.27
942	6	-9	4	-16	7.27
943	6	-9	4	-16	7.27
944	6	-9	4	-16	7.27
945	6	-9	4	-16	7.27
946	6	-9	4	-16	7.27
947	6	-9	4	-16	7.27
948	6	-9	4	-16	7.27
949	6	-9	4	-16	7.27
950	6	-9	4	-16	7.27
951	6	-9	4	-16	7.27
952	7	-10	4	-16	6.67
953	7	-10	4	-16	6.67
954	7	-10	4	-16	6.67
955	7	-10	4	-16	6.67
956	7	-11	4	-16	5.79
957	7	-11	4	-16	5.79
958	8	-11	4	-16	6.33
959	9	-12	4	-16	6.29
960	9	-12	6	-6	6.69
961	9	-12	6	-5	7.60
962	10	-13	6	-5	8.92
963	10	-13	6	-5	8.92
964	10	-13	6	-5	8.92
965	10	-14	6	-5	9.82
966	11	-14	6	-5	10.26
967	11	-14	6	-4	11.15
968	11	-15	6	-4	12.05
969	11	-15	6	-4	12.05
970	11	-15	6	-4	12.05
971	11	-15	6	-4	12.05
972	11	-16	6	-4	12.97
973	11	-16	6	-3	13.90
974	11	-16	6	-3	13.90
975	11	-16	6	-3	13.90
976	12	-16	6	-3	14.28
977	12	-16	6	-3	14.28
978	12	-16	6	-3	14.28
979	12	-16	6	-3	14.28
980	12	-16	6	-2	15.20
981	12	-16	6	-2	15.20
982	12	-16	6	-2	15.20
983	13	-16	6	-2	15.61
984	13	-16	6	-2	15.61
985	13	-16	6	-2	15.61
986	13	-16	6	-1	16.51
987	14	-15	6	-1	16.08
988	14	-15	6	-1	16.08
989	14	-15	6	-1	16.08
990	15	-15	6	-1	16.58
991	15	-15	6	-1	16.58
992	15	-15	12	-13	3.53
993	15	-15	12	-13	3.53
994	15	-15	12	-13	3.53
995	14	-14	12	-13	2.19
996	14	-14	12	-13	2.19
997	14	-14	12	-13	2.19
998	14	-14	12	-13	2.19
999	13	-13	12	-13	0.97
1000	13	-13	12	-13	0.97
1001	12	-13	12	-13	0.00
1002	12	-12	12	-13	1.00
1003	11	-12	13	-13	2.19
1004	11	-12	13	-13	2.19
1005	11	-12	13	-13	2.19
1006	11	-12	13	-13	2.19
1007	11	-11	13	-13	2.80
1008	11	-11	13	-13	2.80
1009	11	-11	13	-13	2.80
1010	11	-11	13	-13	2.80
1011	11	-11	13	-13	2.80
1012	11	-10	13	-13	3.58
1013	11	-10	13	-13	3.58
1014	11	-10	14	-13	4.20
1015	11	-10	14	-13	4.20
1016	12	-10	14	-13	3.58
1017	12	-10	14	-13	3.58
1018	12	-10	14	-13	3.58
1019	12	-10	14	-13	3.58
1020	12	-10	14	-13	3.58
1021	12	-10	14	-13	3.58
1022	12	-10	14	-13	3.58
1023	13	-10	14	-13	3.16
1024	14	-10	21	-18	10.49
1025	14	-10	21	-18	10.49
1026	15	-10	21	-18	9.89
1027	15	-10	21	-18	9.89
1028	15	-10	21	-18	9.89
1029	16	-10	21	-18	9.35
1030	16	-10	22	-18	9.89
1031	16	-10	22	-18	9.89
1032	16	-10	22	-18	9.89
1033	16	-10	22	-18	9.89
1034	17	-10	22	-18	9.35
1035	17	-10	23	-19	10.71
1036	17	-10	23	-19	10.71
1037	17	-10	23	-19	10.71
1038	16	-9	23	-19	12.08
1039	16	-9	23	-19	12.08
1040	14	-8	24	-19	14.67
1041	14	-8	24	-19	14.67
1042	13	-7	24	-19	16.07
1043	13	-7	24	-19	16.07
1044	13	-7	24	-19	16.07
1045	14	-7	24	-19	15.44
1046	14	-7	25	-20	16.82
1047	14	-7	25	-20	16.82
1048	15	-7	25	-20	16.22
1049	15	-7	25	-20	16.22
1050	15	-7	25	-20	16.22
1051	16	-8	26	-20	15.42
1052	16	-8	26	-20	15.42
1053	16	-8	26	-20	15.42
1054	17	-8	26	-20	14.83
1055	17	-8	26	-20	14.83
1056	17	-8	13	-5	4.98
1057	17	-8	12	-4	6.38
1058	16	-7	12	-4	4.98
1059	16	-7	12	-4	4.98
1060	16	-7	12	-4	4.98
1061	16	-7	12	-4	4.98
1062	16	-7	12	-4	4.98
1063	16	-7	12	-3	5.65
1064	16	-8	12	-3	6.39
1065	16	-8	12	-3	6.39
1066	16	-8	12	-3	6.39
1067	15	-8	12	-3	5.82
1068	15	-8	12	-3	5.82
1069	15	-8	12	-2	6.70
1070	15	-8	12	-2	6.70
1071	15	-8	12	-2	6.70
1072	15	-8	12	-2	6.70
1073	15	-8	12	-2	6.70
1074	15	-8	12	-2	6.70
1075	14	-8	12	-2	6.32
1076	14	-8	12	-1	7.28
1077	14	-8	12	-1	7.28
1078	14	-8	12	-1	7.28
1079	15	-8	12	-1	7.61
1080	15	-9	12	-1	8.54
1081	15	-9	12	-1	8.54
1082	15	-9	12	0	9.48
1083	15	-9	12	0	9.48
1084	15	-9	12	0	9.48
1085	15	-9	12	0	9.48
1086	15	-9	12	0	9.48
1087	16	-9	12	0	9.84
1088	16	-9	20	-6	4.97
1089	16	-9	20	-5	5.64
1090	16	-9	20	-5	5.64
1091	16	-8	20	-5	4.98
1092	17	-8	20	-5	4.23
1093	17	-8	20	-5	4.23
1094	18	-8	20	-5	3.60
1095	18	-8	20	-5	3.60
1096	18	-8	20	-5	3.60
1097	19	-8	20	-5	3.16
1098	20	-8	20	-5	3.00
1099	20	-8	21	-5	3.16
1100	20	-8	21	-5	3.16
1101	20	-8	21	-5	3.16
1102	20	-8	21	-5	3.16
1103	21	-8	21	-5	3.00
1104	21	-8	21	-5	3.00
1105	21	-9	21	-4	5.00
1106	22	-9	21	-4	5.10
1107	22	-9	21	-4	5.10
1108	22	-9	21	-4	5.10
1109	22	-9	21	-4	5.10
1110	22	-9	22	-4	5.00
1111	22	-9	22	-4	5.00
1112	22	-9	22	-4	5.00
1113	22	-8	22	-4	4.00
1114	21	-8	22	-4	4.12
1115	21	-8	22	-4	4.12
1116	21	-8	22	-4	4.12
1117	21	-8	22	-4	4.12
1118	21	-8	22	-4	4.12
1119	21	-9	22	-4	5.10
1120	21	-9	15	-10	6.00
1121	21	-9	14	-10	6.98
1122	21	-9	14	-10	6.98
1123	21	-9	14	-10	6.98
1124	21	-9	14	-10	6.98
1125	21	-9	14	-10	6.98
1126	21	-9	14	-10	6.98
1127	20	-9	14	-10	6.00
1128	20	-9	14	-10	6.00
1129	20	-9	14	-10	6.00
1130	19	-9	14	-10	5.03
1131	19	-9	14	-10	5.03
1132	18	-9	14	-10	4.07
1133	18	-10	14	-10	3.94
1134	18	-10	14	-10	3.94
1135	17	-10	14	-10	2.95
1136	17	-10	14	-10	2.95
1137	17	-10	14	-10	2.95
1138	17	-10	14	-10	2.95
1139	16	-10	14	-10	1.97
1140	16	-10	14	-10	1.97
1141	16	-10	14	-10	1.97
1142	16	-10	14	-10	1.97
1143	16	-10	14	-10	1.97
1144	16	-9	14	-10	2.21
1145	16	-9	14	-10	2.21
1146	16	-9	14	-10	2.21
1147	16	-9	14	-10	2.21
1148	16	-9	14	-10	2.21
1149	17	-9	14	-10	3.12
1150	17	-9	14	-10	3.12
1151	17	-8	14	-10	3.57
1152	17	-8	26	-9	8.96
1153	18	-7	26	-9	8.17
1154	18	-7	26	-9	8.17
1155	18	-7	26	-9	8.17
1156	18	-6	26	-9	8.48
1157	18	-6	26	-9	8.48
1158	18	-6	26	-9	8.48
1159	18	-5	27	-9	9.79
1160	18	-5	27	-9	9.79
1161	17	-5	27	-9	10.70
1162	17	-5	27	-9	10.70
1163	17	-5	27	-9	10.70
1164	16	-5	27	-9	11.63
1165	16	-5	28	-9	12.56
1166	15	-5	28	-9	13.51
1167	14	-5	28	-9	14.46
1168	13	-6	28	-9	15.17
1169	12	-6	28	-9	16.14
1170	10	-6	28	-9	18.09
1171	9	-6	28	-9	19.07
1172	8	-6	29	-9	21.03
1173	7	-6	29	-9	22.01
1174	6	-6	29	-9	22.99
1175	5	-6	29	-9	23.98
1176	5	-6	29	-9	23.98
1177	5	-6	29	-9	23.98
1178	5	-6	30	-9	24.96
1179	5	-6	30	-9	24.96
1180	5	-6	30	-9	24.96
1181	5	-6	30	-9	24.96
1182	5	-6	30	-9	24.96
1183	5	-6	30	-9	24.96
1184	5	-6	13	-7	8.01
1185	5	-6	12	-6	6.96
1186	5	-6	12	-6	6.96
1187	5	-6	12	-6	6.96
1188	4	-6	12	-6	7.96
1189	4	-6	12	-6	7.96
1190	3	-7	12	-6	9.00
1191	2	-7	12	-6	9.99
1192	1	-7	12	-6	10.97
1193	0	-7	11	-6	10.97
1194	0	-7	11	-6	10.97
1195	-2	-7	11	-6	12.95
1196	-3	-8	11	-6	14.04
1197	-4	-8	11	-6	15.02
1198	-6	-8	11	-6	16.99
1199	-7	-8	11	-6	17.98
1200	-9	-8	11	-6	19.95
1201	-10	-8	10	-6	19.95
1202	-11	-8	10	-6	20.94
1203	-12	-8	10	-6	21.92
1204	-13	-8	10	-6	22.91
1205	-14	-8	10	-6	23.90
1206	-16	-8	10	-6	25.88
1207	-17	-8	10	-6	26.87
1208	-18	-8	10	-6	27.86
1209	-20	-8	9	-6	28.85
1210	-21	-9	9	-6	29.88
1211	-22	-9	9	-6	30.87
1212	-23	-9	9	-6	31.86
1213	-24	-9	9	-6	32.84
1214	-24	-9	9	-6	32.84
1215	-24	-9	9	-6	32.84
1216	-24	-9	-7	-4	17.61
1217	-24	-9	-7	-3	17.93
1218	-24	-9	-7	-3	17.93
1219	-24	-9	-8	-3	17.00
1220	-23	-9	-8	-3	16.07
1221	-24	-9	-8	-3	17.00
1222	-23	-9	-9	-3	15.15
1223	-23	-9	-9	-3	15.15
1224	-23	-8	-10	-3	13.87
1225	-23	-8	-10	-3	13.87
1226	-22	-8	-10	-3	12.95
1227	-22	-8	-11	-3	12.03
1228	-21	-8	-11	-3	11.14
1229	-20	-8	-11	-3	10.26
1230	-19	-8	-12	-3	8.57
1231	-18	-7	-12	-3	7.19
1232	-17	-8	-13	-3	6.39
1233	-16	-8	-13	-2	6.70
1234	-15	-8	-13	-2	6.32
1235	-14	-7	-14	-2	5.00
1236	-13	-7	-14	-2	5.10
1237	-12	-7	-14	-2	5.38
1238	-11	-7	-15	-2	6.39
1239	-10	-7	-15	-2	7.06
1240	-9	-7	-16	-2	8.58
1241	-7	-7	-16	-2	10.27
1242	-6	-7	-16	-2	11.15
1243	-4	-8	-17	-2	14.27
1244	-2	-8	-17	-2	16.10
1245	-1	-8	-17	-2	17.02
1246	0	-8	-18	-2	18.90
1247	1	-8	-18	-2	19.85
1248	2	-8	-53	-12	54.23
1249	3	-8	-53	-12	55.21
1250	4	-8	-54	-12	57.16
1251	5	-8	-55	-12	59.12
1252	5	-8	-56	-12	60.10
1253	6	-8	-57	-12	62.05
1254	6	-8	-58	-12	63.03
1255	7	-8	-59	-12	64.98
1256	7	-8	-60	-12	65.96
1257	7	-8	-61	-12	66.93
1258	7	-8	-62	-12	67.91
1259	7	-8	-62	-13	67.85
1260	7	-8	-63	-13	68.82
1261	7	-8	-64	-13	69.79
1262	6	-8	-65	-13	69.79
1263	6	-8	-66	-13	70.76
1264	6	-8	-67	-13	71.73
1265	5	-9	-68	-13	71.54
1266	5	-9	-69	-13	72.51
1267	5	-9	-70	-13	73.48
1268	5	-9	-71	-13	74.45
1269	4	-9	-72	-13	74.45
1270	4	-9	-72	-14	74.35
1271	3	-10	-73	-14	74.15
1272	3	-10	-74	-14	75.11
1273	2	-10	-75	-14	75.11
1274	2	-10	-76	-14	76.07
1275	1	-10	-77	-14	76.07
1276	1	-10	-78	-14	77.04
1277	0	-10	-79	-14	77.04
1278	0	-10	-80	-14	78.00
1279	0	-10	-81	-14	78.96
1280	0	-10	28	-7	27.84
1281	0	-10	28	-6	28.00
1282	0	-10	29	-6	28.98
1283	0	-10	30	-6	29.96
1284	0	-10	31	-6	30.94
1285	-1	-10	32	-6	32.91
1286	-1	-10	32	-6	32.91
1287	-1	-9	33	-6	33.83
1288	-1	-9	34	-6	34.82
1289	-1	-9	35	-6	35.80
1290	0	-9	36	-6	35.80
1291	0	-9	36	-6	35.80
1292	0	-9	37	-6	36.79
1293	0	-9	38	-6	37.78
1294	0	-9	39	-6	38.76
1295	0	-9	40	-6	39.75
1296	0	-9	41	-6	40.74
1297	0	-9	41	-6	40.74
1298	0	-9	42	-6	41.73
1299	0	-8	43	-6	42.71
1300	0	-8	44	-6	43.70
1301	0	-8	45	-6	44.69
1302	0	-8	45	-6	44.69
1303	0	-8	46	-6	45.68
1304	1	-8	47	-6	45.68
1305	1	-8	48	-6	46.67
1306	1	-8	49	-6	47.66
1307	1	-8	49	-6	47.66
1308	1	-8	50	-6	48.65
1309	1	-7	51	-6	49.67
1310	1	-7	52	-6	50.66
1311	1	-7	53	-6	51.65
1312	1	-6	-2	-12	6.69
1313	1	-6	-2	-12	6.69
1314	1	-6	-2	-12	6.69
1315	0	-6	-2	-12	6.32
1316	1	-5	-2	-12	7.60
1317	1	-6	-2	-12	6.69
1318	1	-6	-2	-12	6.69
1319	1	-6	-2	-12	6.69
1320	1	-6	-2	-12	6.69
1321	1	-7	-2	-12	5.81
1322	1	-7	-2	-12	5.81
1323	1	-7	-2	-12	5.81
1324	1	-7	-2	-12	5.81
1325	1	-7	-2	-12	5.81
1326	1	-7	-2	-12	5.81
1327	1	-7	-2	-12	5.81
1328	1	-7	-3	-13	7.18
1329	1	-8	-3	-13	6.36
1330	1	-8	-3	-13	6.36
1331	1	-8	-3	-13	6.36
1332	1	-8	-3	-13	6.36
1333	1	-8	-3	-13	6.36
1334	2	-8	-3	-13	7.01
1335	2	-8	-3	-13	7.01
1336	2	-8	-3	-13	7.01
1337	2	-8	-3	-13	7.01
1338	2	-8	-3	-13	7.01
1339	2	-8	-3	-13	7.01
1340	2	-8	-3	-13	7.01
1341	3	-8	-3	-13	7.73
1342	3	-8	-3	-13	7.73
1343	3	-8	-3	-13	7.73
1344	4	-8	2	-2	6.32
1345	4	-8	2	-1	7.28
1346	4	-8	2	-1	7.28
1347	4	-8	2	-1	7.28
1348	4	-8	2	-1	7.28
1349	5	-8	2	-1	7.61
1350	5	-8	2	-1	7.61
1351	5	-8	2	-1	7.61
1352	5	-8	2	-1	7.61
1353	5	-8	2	0	8.54
1354	5	-8	2	0	8.54
1355	5	-8	2	0	8.54
1356	5	-8	2	0	8.54
1357	5	-8	2	0	8.54
1358	5	-8	2	0	8.54
1359	5	-8	2	0	8.54
1360	5	-8	2	0	8.54
1361	5	-8	2	0	8.54
1362	5	-8	2	0	8.54
1363	5	-8	2	0	8.54
1364	6	-8	2	0	8.94
1365	6	-8	2	0	8.94
1366	6	-7	2	0	8.06
1367	5	-7	2	0	7.61
1368	5	-7	2	1	8.54
1369	4	-7	2	1	8.25
1370	4	-7	2	1	8.25
1371	4	-7	2	1	8.25
1372	4	-7	2	1	8.25
1373	3	-7	2	1	8.06
1374	3	-7	2	1	8.06
1375	3	-7	2	1	8.06
1376	3	-7	7	-10	4.96
1377	3	-7	7	-10	4.96
1378	3	-7	7	-10	4.96
1379	3	-7	7	-10	4.96
1380	3	-7	7	-10	4.96
1381	3	-7	7	-10	4.96
1382	3	-7	7	-10	4.96
1383	3	-7	7	-10	4.96
1384	4	-7	7	-10	4.22
1385	4	-7	7	-10	4.22
1386	4	-7	7	-10	4.22
1387	4	-7	8	-10	4.96
1388	4	-6	8	-10	5.63
1389	4	-6	8	-10	5.63
1390	4	-6	8	-10	5.63
1391	4	-6	8	-10	5.63
1392	4	-6	8	-11	6.37
1393	4	-6	8	-11	6.37
1394	4	-6	8	-11	6.37
1395	4	-5	8	-11	7.19
1396	4	-5	8	-11	7.19
1397	4	-5	8	-11	7.19
1398	4	-5	9	-11	7.78
1399	4	-4	9	-11	8.58
1400	4	-4	9	-11	8.58
1401	4	-5	9	-11	7.78
1402	4	-5	9	-11	7.78
1403	4	-5	9	-11	7.78
1404	4	-5	9	-11	7.78
1405	3	-5	9	-11	8.44
1406	3	-5	9	-11	8.44
1407	3	-5	9	-11	8.44
1408	3	-5	2	-6	1.41
1409	3	-4	1	-5	2.23
1410	2	-4	1	-5	1.41
1411	2	-4	1	-5	1.41
1412	2	-4	1	-5	1.41
1413	2	-4	1	-5	1.41
1414	2	-4	1	-5	1.41
1415	2	-4	1	-5	1.41
1416	1	-3	1	-5	2.00
1417	1	-3	1	-5	2.00
1418	1	-3	1	-5	2.00
1419	1	-3	1	-5	2.00
1420	0	-3	1	-5	2.23
1421	0	-2	1	-5	3.16
1422	0	-2	1	-5	3.16
1423	0	-2	1	-5	3.16
1424	0	-2	1	-5	3.16
1425	0	-2	1	-5	3.16
1426	0	-2	1	-5	3.16
1427	0	-2	1	-5	3.16
1428	0	-2	1	-5	3.16
1429	0	-2	1	-5	3.16
1430	-1	-3	1	-5	2.82
1431	-1	-3	1	-5	2.82
1432	-2	-3	1	-5	3.60
1433	-2	-3	1	-5	3.60
1434	-3	-4	1	-5	4.11
1435	-3	-4	1	-5	4.11
1436	-4	-4	1	-5	5.08
1437	-4	-4	1	-5	5.08
1438	-5	-4	1	-5	6.06
1439	-5	-4	1	-5	6.06
1440	-6	-4	3	-3	9.04
1441	-6	-4	3	-2	9.21
1442	-7	-4	3	-2	10.18
1443	-7	-4	3	-2	10.18
1444	-7	-4	3	-2	10.18
1445	-7	-4	3	-2	10.18
1446	-7	-4	3	-2	10.18
1447	-7	-4	3	-2	10.18
1448	-7	-4	3	-2	10.18
1449	-7	-3	3	-2	10.04
1450	-7	-3	3	-2	10.04
1451	-6	-3	3	-2	9.05
1452	-6	-3	3	-2	9.05
1453	-4	-2	3	-2	7.00
1454	-3	-1	3	-2	6.08
1455	-3	-1	3	-2	6.08
1456	-3	0	3	-2	6.32
1457	-3	0	3	-1	6.08
1458	-5	0	3	-1	8.06
1459	-7	0	3	-1	10.05
1460	-7	0	3	-1	10.05
1461	-9	0	3	-1	12.04
1462	-9	0	3	-1	12.04
1463	-9	-1	3	-1	12.00
1464	-9	-1	3	-1	12.00
1465	-9	-1	3	-1	12.00
1466	-9	-1	3	-1	12.00
1467	-9	-1	3	-1	12.00
1468	-10	-1	3	-1	13.00
1469	-11	-1	3	-1	14.00
1470	-11	-1	3	-1	14.00
1471	-11	-1	3	-1	14.00
1472	-11	-1	-15	-3	4.47
1473	-12	0	-15	-2	3.61
1474	-12	0	-15	-2	3.61
1475	-13	0	-15	-2	2.83
1476	-13	0	-16	-2	3.61
1477	-13	0	-16	-2	3.61
1478	-13	0	-16	-2	3.61
1479	-13	-1	-16	-2	3.16
1480	-13	-1	-17	-2	4.12
1481	-14	-1	-17	-2	3.16
1482	-14	-1	-17	-2	3.16
1483	-14	-1	-18	-2	4.12
1484	-14	-1	-18	-2	4.12
1485	-14	-1	-18	-2	4.12
1486	-15	-1	-18	-2	3.16
1487	-16	-1	-19	-2	3.16
1488	-16	-1	-19	-2	3.16
1489	-16	-1	-19	-2	3.16
1490	-16	-1	-20	-2	4.12
1491	-16	-1	-20	-2	4.12
1492	-16	-1	-20	-2	4.12
1493	-16	-1	-20	-2	4.12
1494	-16	-1	-21	-2	5.10
1495	-16	-1	-21	-2	5.10
1496	-16	-2	-21	-2	5.00
1497	-16	-2	-22	-2	6.00
1498	-16	-2	-22	-2	6.00
1499	-16	-2	-22	-2	6.00
1500	-16	-2	-22	-2	6.00
1501	-16	-2	-23	-2	7.00
1502	-16	-2	-23	-2	7.00
1503	-16	-3	-23	-2	7.06
1504	-16	-3	-16	2	5.00
1505	-16	-4	-16	2	6.00
1506	-16	-4	-16	2	6.00
1507	-15	-4	-16	2	6.08
1508	-15	-4	-16	2	6.08
1509	-15	-5	-16	2	7.07
1510	-15	-5	-16	2	7.07
1511	-14	-5	-17	2	7.61
1512	-14	-5	-17	2	7.61
1513	-13	-5	-17	2	8.06
1514	-13	-5	-17	2	8.06
1515	-12	-6	-17	3	10.29
1516	-12	-6	-17	3	10.29
1517	-11	-7	-18	3	12.20
1518	-11	-7	-18	3	12.20
1519	-9	-8	-18	3	14.20
1520	-9	-8	-18	3	14.20
1521	-8	-8	-18	3	14.85
1522	-8	-8	-18	3	14.85
1523	-7	-8	-18	3	15.54
1524	-7	-8	-19	3	16.26
1525	-6	-8	-19	3	17.00
1526	-6	-8	-19	4	17.67
1527	-6	-8	-19	4	17.67
1528	-6	-8	-19	4	17.67
1529	-6	-8	-19	4	17.67
1530	-6	-8	-20	4	18.41
1531	-6	-9	-20	4	19.07
1532	-6	-9	-20	4	19.07
1533	-5	-10	-20	4	20.48
1534	-5	-10	-20	4	20.48
1535	-5	-10	-20	4	20.48
1536	-5	-10	-21	-5	16.63
1537	-5	-10	-21	-5	16.63
1538	-5	-10	-21	-5	16.63
1539	-4	-10	-21	-5	17.57
1540	-4	-10	-21	-5	17.57
1541	-4	-9	-21	-5	17.34
1542	-4	-9	-21	-5	17.34
1543	-4	-9	-22	-5	18.30
1544	-4	-9	-22	-5	18.30
1545	-3	-8	-22	-5	19.11
1546	-3	-8	-22	-5	19.11
1547	-3	-7	-22	-5	19.00
1548	-3	-7	-22	-5	19.00
1549	-3	-6	-23	-5	19.93
1550	-3	-6	-23	-5	19.93
1551	-4	-5	-23	-5	18.93
1552	-4	-5	-23	-6	18.94
1553	-3	-5	-23	-6	19.93
1554	-3	-5	-23	-6	19.93
1555	-2	-5	-23	-6	20.93
1556	-2	-5	-24	-6	21.92
1557	0	-6	-24	-6	23.87
1558	0	-6	-24	-6	23.87
1559	0	-6	-24	-6	23.87
1560	0	-6	-24	-6	23.87
1561	0	-5	-24	-6	23.91
1562	0	-5	-25	-6	24.90
1563	1	-4	-25	-6	25.98
1564	1	-4	-25	-6	25.98
1565	1	-4	-25	-6	25.98
1566	0	-4	-25	-6	24.98
1567	0	-4	-25	-6	24.98
1568	0	-5	6	-17	13.36
1569	0	-5	6	-17	13.36
1570	0	-4	6	-17	14.27
1571	0	-4	7	-17	14.70
1572	1	-3	7	-17	15.19
1573	1	-3	7	-18	16.11
1574	0	-1	8	-18	18.73
1575	0	-1	8	-18	18.73
1576	0	0	8	-18	19.64
1577	0	0	9	-18	20.06
1578	0	0	9	-19	20.95
1579	0	0	9	-19	20.95
1580	0	0	10	-19	21.38
1581	0	0	10	-19	21.38
1582	0	0	10	-20	22.27
1583	0	0	11	-20	22.72
1584	0	0	11	-20	22.72
1585	0	0	11	-20	22.72
1586	0	0	12	-20	23.20
1587	0	1	12	-21	24.94
1588	0	1	12	-21	24.94
1589	0	2	13	-21	26.29
1590	0	2	13	-21	26.29
1591	0	3	13	-22	28.05
1592	0	4	14	-22	29.39
1593	0	4	14	-22	29.39
1594	0	4	14	-22	29.39
1595	0	4	15	-22	29.86
1596	0	4	15	-23	30.72
1597	0	5	15	-23	31.60
1598	0	5	16	-23	32.07
1599	-1	5	16	-23	32.55
1600	-1	5	5	0	7.80
1601	0	6	5	0	7.80
1602	0	6	5	0	7.80
1603	0	6	5	0	7.80
1604	0	8	5	0	9.43
1605	0	8	5	0	9.43
1606	0	9	5	0	10.29
1607	-1	10	6	1	11.38
1608	-1	10	6	1	11.38
1609	-1	9	6	1	10.61
1610	-1	9	6	1	10.61
1611	-1	9	6	1	10.61
1612	-1	9	6	1	10.61
1613	-1	8	7	2	9.97
1614	-1	8	7	2	9.97
1615	-1	7	7	2	9.41
1616	-1	7	7	2	9.41
1617	-2	5	7	2	9.47
1618	-2	5	7	2	9.47
1619	-3	3	7	2	10.04
1620	-3	3	8	3	10.98
1621	-4	0	8	3	12.36
1622	-4	0	8	3	12.36
1623	-4	-4	8	3	13.89
1624	-4	-4	8	3	13.89
1625	-5	-8	8	3	17.00
1626	-5	-11	9	4	20.47
1627	-5	-11	9	4	20.47
1628	-5	-12	9	4	21.21
1629	-5	-12	9	4	21.21
1630	-6	-13	9	4	22.60
1631	-6	-13	9	4	22.60
1632	-6	-14	-2	15	29.27
1633	-6	-14	-2	15	29.27
1634	-7	-15	-2	15	30.40
1635	-7	-15	-2	15	30.40
1636	-7	-16	-2	16	32.38
1637	-7	-16	-2	16	32.38
1638	-7	-18	-2	16	34.35
1639	-7	-18	-2	17	35.34
1640	-7	-18	-2	17	35.34
1641	-8	-19	-2	17	36.48
1642	-8	-19	-2	18	37.47
1643	-8	-20	-2	18	38.45
1644	-8	-20	-2	18	38.45
1645	-8	-21	-2	19	40.43
1646	-8	-21	-2	19	40.43
1647	-9	-20	-2	19	39.60
1648	-9	-20	-2	20	40.58
1649	-9	-19	-2	20	39.60
1650	-9	-19	-2	20	39.60
1651	-10	-18	-2	20	38.80
1652	-10	-18	-2	21	39.78
1653	-11	-17	-2	21	39.01
1654	-11	-17	-2	21	39.01
1655	-12	-16	-2	22	39.24
1656	-12	-16	-2	22	39.24
1657	-12	-15	-2	22	38.28
1658	-12	-15	-2	23	39.24
1659	-13	-14	-2	23	38.54
1660	-13	-14	-2	23	38.54
1661	-14	-14	-2	24	39.77
1662	-15	-13	-2	24	39.12
1663	-16	-13	-2	24	39.45
1664	-16	-13	-11	-33	20.51
1665	-17	-12	-11	-33	21.71
1666	-17	-12	-11	-34	22.67
1667	-18	-11	-11	-34	23.87
1668	-19	-11	-11	-35	25.08
1669	-19	-11	-11	-35	25.08
1670	-20	-10	-11	-36	27.25
1671	-20	-10	-12	-37	27.95
1672	-21	-9	-12	-37	29.16
1673	-22	-8	-12	-38	31.33
1674	-22	-8	-12	-38	31.33
1675	-23	-7	-12	-39	33.50
1676	-23	-7	-12	-40	34.44
1677	-23	-7	-13	-40	34.20
1678	-23	-7	-13	-41	35.15
1679	-23	-7	-13	-41	35.15
1680	-23	-7	-13	-42	36.10
1681	-23	-7	-13	-43	37.06
1682	-23	-6	-13	-43	38.04
1683	-23	-6	-13	-44	39.00
1684	-23	-5	-14	-44	39.80
1685	-23	-5	-14	-45	40.77
1686	-23	-5	-14	-46	41.74
1687	-23	-5	-14	-46	41.74
1688	-23	-4	-14	-47	43.70
1689	-23	-4	-14	-47	43.70
1690	-22	-4	-15	-48	44.41
1691	-22	-4	-15	-49	45.39
1692	-22	-4	-15	-49	45.39
1693	-22	-4	-15	-50	46.38
1694	-22	-4	-15	-50	46.38
1695	-22	-4	-15	-51	47.37
1696	-22	-4	-26	-12	8.93
1697	-22	-4	-26	-11	8.04
1698	-21	-3	-26	-11	9.41
1699	-21	-3	-26	-11	9.41
1700	-21	-4	-27	-11	9.18
1701	-21	-4	-27	-11	9.18
1702	-21	-4	-27	-11	9.18
1703	-21	-4	-28	-11	9.85
1704	-21	-4	-28	-11	9.85
1705	-21	-4	-28	-11	9.85
1706	-21	-3	-29	-11	11.27
1707	-21	-3	-29	-11	11.27
1708	-21	-3	-29	-11	11.27
1709	-21	-3	-30	-11	11.99
1710	-20	-2	-30	-11	13.40
1711	-20	-2	-30	-11	13.40
1712	-20	-2	-31	-11	14.15
1713	-19	-1	-31	-11	15.56
1714	-19	-1	-31	-11	15.56
1715	-17	-1	-31	-11	17.13
1716	-17	-1	-32	-11	17.94
1717	-17	-1	-32	-11	17.94
1718	-16	0	-32	-11	19.33
1719	-15	0	-33	-11	21.00
1720	-15	0	-33	-11	21.00
1721	-14	0	-33	-11	21.85
1722	-14	0	-34	-11	22.72
1723	-14	0	-34	-11	22.72
1724	-13	1	-34	-11	24.08
1725	-12	1	-35	-11	25.83
1726	-12	1	-35	-11	25.83
1727	-12	1	-35	-11	25.83
1728	-11	1	-28	5	17.44
1729	-11	1	-28	5	17.44
1730	-11	1	-28	5	17.44
1731	-10	1	-28	5	18.41
1732	-10	1	-28	6	18.64
1733	-10	2	-28	6	18.39
1734	-10	2	-29	6	19.37
1735	-9	2	-29	6	20.34
1736	-8	3	-29	7	21.29
1737	-8	3	-29	7	21.29
1738	-7	4	-29	7	22.10
1739	-6	5	-30	8	24.03
1740	-6	5	-30	8	24.03
1741	-5	6	-30	8	24.89
1742	-4	6	-30	8	25.88
1743	-3	7	-30	9	26.81
1744	-3	7	-31	9	27.79
1745	-1	7	-31	9	29.77
1746	-1	8	-31	10	29.69
1747	-1	8	-31	10	29.69
1748	0	8	-31	10	30.67
1749	0	9	-31	10	30.58
1750	0	9	-32	11	31.56
1751	0	10	-32	11	31.47
1752	0	10	-32	11	31.47
1753	0	10	-32	12	31.46
1754	0	10	-32	12	31.46
1755	0	10	-33	12	32.44
1756	0	11	-33	12	32.33
1757	0	11	-33	13	32.32
1758	0	12	-33	13	32.21
1759	0	13	-33	13	32.13
1760	0	14	0	6	8.00
1761	0	14	0	6	8.00
1762	-1	15	0	6	9.05
1763	-1	15	1	6	9.21
1764	-1	15	1	6	9.21
1765	-1	15	1	6	9.21
1766	-2	15	2	6	9.82
1767	-3	16	2	7	10.24
1768	-3	16	2	7	10.24
1769	-3	16	3	7	10.75
1770	-4	16	3	7	11.31
1771	-4	16	3	7	11.31
1772	-4	16	4	7	11.93
1773	-4	16	4	8	11.19
1774	-4	16	4	8	11.19
1775	-5	16	5	8	12.63
1776	-5	16	5	8	12.63
1777	-5	16	5	8	12.63
1778	-5	16	6	8	13.40
1779	-6	16	6	8	14.20
1780	-6	16	6	9	13.64
1781	-6	15	7	9	14.05
1782	-6	15	7	9	14.05
1783	-6	15	7	9	14.05
1784	-6	15	8	9	14.94
1785	-6	15	8	9	14.94
1786	-6	15	8	10	14.55
1787	-7	15	9	10	16.39
1788	-7	15	9	10	16.39
1789	-8	14	9	10	17.10
1790	-8	14	10	10	18.05
1791	-8	14	10	10	18.05
