frame_id	phi	theta	est_phi	est_theta	err_phi	err_theta	speed	err_ang
0	-141	7	0	0	140.48
1	-141	7	0	0	140.48
2	-141	7	0	0	140.48
3	-141	7	0	0	140.48
4	-141	7	0	0	140.48
5	-141	7	0	0	140.48
6	-140	7	0	0	139.49
7	-140	7	0	0	139.49
8	-140	7	0	0	139.49
9	-140	7	0	0	139.49
10	-141	6	0	0	140.61
11	-141	6	0	0	140.61
12	-141	6	0	0	140.61
13	-141	6	0	0	140.61
14	-141	6	0	0	140.61
15	-141	5	0	0	140.73
16	-141	5	0	0	140.73
17	-141	4	0	0	140.83
18	-142	3	0	0	141.90
19	-142	3	0	0	141.90
20	-142	2	0	0	141.96
21	-142	2	0	0	141.96
22	-144	1	0	0	143.99
23	-144	1	0	0	143.99
24	-145	0	0	0	145.00
25	-147	0	0	0	147.00
26	-147	0	0	0	147.00
27	-148	0	0	0	148.00
28	-148	0	0	0	148.00
29	-150	0	0	0	150.00
30	-150	0	0	0	150.00
31	-152	0	0	0	152.00
32	-153	-1	-141	7	14.40
33	-153	-1	-141	7	14.40
34	-156	-2	-141	7	17.47
35	-156	-2	-141	7	17.47
36	-159	-3	-141	7	20.56
37	-162	-4	-141	7	23.67
38	-162	-4	-141	7	23.67
39	-165	-4	-141	7	26.36
40	-165	-4	-141	7	26.36
41	-167	-4	-141	7	28.19
42	-167	-4	-141	7	28.19
43	-169	-5	-141	7	30.41
44	-171	-5	-141	7	32.26
45	-171	-5	-141	7	32.26
46	-173	-6	-141	7	34.47
47	-173	-6	-141	7	34.47
48	-174	-7	-141	7	35.77
49	-175	-8	-141	7	37.07
50	-175	-8	-141	7	37.07
51	-176	-9	-141	7	38.37
52	-176	-9	-141	7	38.37
53	-177	-9	-141	7	39.28
54	-177	-9	-141	7	39.28
55	-177	-10	-141	7	39.68
56	-178	-10	-141	7	40.58
57	-178	-10	-141	7	40.58
58	-179	-10	-141	7	41.49
59	-179	-10	-141	7	41.49
60	-179	-10	-141	7	41.49
61	-179	-9	-141	7	41.11
62	-179	-9	-141	7	41.11
63	-179	-9	-141	7	41.11
64	-179	-9	-165	-9	13.83
65	-179	-9	-165	-9	13.83
66	-179	-9	-165	-9	13.83
67	-179	-9	-166	-9	12.84
68	-179	-9	-166	-10	12.86
69	-179	-9	-166	-10	12.86
70	179	-10	-167	-10	13.79
71	179	-10	-167	-10	13.79
72	177	-10	-168	-11	14.78
73	175	-10	-168	-11	16.74
74	175	-10	-168	-11	16.74
75	174	-10	-169	-11	16.74
76	174	-10	-169	-12	16.80
77	173	-9	-169	-12	17.95
78	173	-9	-170	-12	16.98
79	171	-9	-170	-12	18.92
80	167	-8	-171	-13	22.19
81	167	-8	-171	-13	22.19
82	162	-8	-171	-13	27.00
83	162	-8	-172	-13	26.03
84	155	-7	-172	-14	33.16
85	149	-8	-172	-14	38.70
86	149	-8	-173	-14	37.74
87	144	-9	-173	-14	42.38
88	144	-9	-174	-15	41.46
89	137	-9	-174	-15	48.21
90	137	-9	-174	-15	48.21
91	131	-8	-175	-15	53.26
92	125	-8	-175	-16	59.05
93	125	-8	-175	-16	59.05
94	117	-7	-176	-16	66.02
95	117	-7	-176	-16	66.02
96	110	-8	155	-17	44.74
97	103	-9	155	-17	51.15
98	103	-9	154	-17	50.20
99	96	-9	153	-17	55.93
100	96	-9	152	-18	55.00
101	90	-10	151	-18	59.49
102	90	-10	151	-18	59.49
103	84	-10	150	-18	64.24
104	78	-10	149	-19	68.92
105	78	-10	148	-19	67.98
106	73	-11	147	-19	71.46
107	73	-11	147	-19	71.46
108	69	-11	146	-20	74.17
109	64	-11	145	-20	77.90
110	64	-11	144	-20	76.97
111	59	-11	143	-20	80.70
112	59	-11	142	-21	79.63
113	55	-11	142	-21	83.32
114	51	-11	141	-21	86.08
115	51	-11	140	-21	85.16
116	47	-12	139	-22	87.35
117	47	-12	138	-22	86.44
118	43	-14	138	-22	89.30
119	41	-15	137	-22	89.81
120	41	-15	136	-23	88.65
121	38	-16	135	-23	90.01
122	38	-16	134	-23	89.13
123	36	-15	134	-23	91.30
124	33	-15	133	-24	92.75
125	33	-15	132	-24	91.88
126	30	-15	131	-24	93.62
127	30	-15	130	-24	92.75
128	28	-15	39	-7	13.43
129	25	-15	36	-6	14.06
130	25	-15	34	-6	12.61
131	22	-14	32	-6	12.68
132	22	-14	30	-6	11.22
133	19	-13	27	-6	10.54
134	19	-13	25	-6	9.16
135	17	-13	23	-6	9.16
136	13	-12	21	-6	9.92
137	13	-12	19	-6	8.43
138	11	-13	16	-6	8.56
139	11	-13	14	-6	7.60
140	8	-13	12	-6	8.03
141	6	-13	10	-6	8.03
142	6	-13	7	-6	7.07
143	5	-12	5	-6	6.00
144	5	-12	3	-6	6.32
145	4	-12	1	-6	6.69
146	2	-13	0	-6	7.27
147	2	-13	-3	-6	8.56
148	2	-13	-5	-6	9.83
149	2	-13	-7	-6	11.30
150	2	-12	-9	-6	12.41
151	2	-11	-12	-6	14.72
152	2	-11	-14	-6	16.59
153	3	-11	-16	-6	19.44
154	3	-11	-18	-6	21.35
155	4	-11	-20	-6	24.25
156	4	-11	-23	-6	27.15
157	4	-11	-25	-6	29.10
158	4	-11	-27	-6	31.05
159	4	-11	-29	-6	33.00
160	4	-11	-54	-22	56.37
161	4	-11	-56	-22	58.23
162	4	-11	-59	-22	61.01
163	4	-11	-61	-22	62.86
164	4	-11	-64	-22	65.64
165	3	-12	-66	-23	66.18
166	3	-12	-69	-23	68.93
167	3	-12	-71	-23	70.77
168	2	-13	-74	-23	72.25
169	2	-13	-77	-23	74.99
170	2	-14	-79	-24	76.29
171	2	-14	-82	-24	78.99
172	2	-13	-84	-24	81.17
173	1	-12	-87	-24	83.35
174	1	-12	-89	-25	84.96
175	1	-11	-92	-25	88.05
176	1	-11	-95	-25	90.71
177	1	-11	-97	-25	92.47
178	1	-11	-100	-25	95.11
179	1	-11	-102	-26	96.59
180	0	-11	-105	-26	98.32
181	0	-11	-107	-26	100.04
182	0	-10	-110	-26	103.10
183	0	-10	-112	-27	104.47
184	-1	-9	-115	-27	106.67
185	-2	-8	-118	-27	108.88
186	-2	-8	-120	-27	110.55
187	-2	-7	-123	-27	113.59
188	-2	-7	-125	-28	114.84
189	-3	-8	-128	-28	115.86
190	-3	-8	-130	-28	117.44
191	-2	-9	-133	-28	119.91
192	-1	-8	-20	-7	18.86
193	-1	-8	-20	-6	18.96
194	0	-8	-21	-6	20.94
195	0	-8	-22	-6	21.92
196	0	-9	-23	-6	22.99
197	0	-9	-23	-6	22.99
198	0	-9	-24	-6	23.98
199	0	-7	-25	-6	24.86
200	0	-7	-26	-6	25.85
201	1	-7	-26	-5	26.92
202	1	-7	-27	-5	27.91
203	2	-8	-28	-5	29.95
204	3	-9	-29	-5	32.00
205	3	-9	-29	-5	32.00
206	3	-9	-30	-5	32.98
207	3	-9	-31	-5	33.97
208	2	-8	-32	-5	33.90
209	2	-8	-32	-4	34.04
210	2	-7	-33	-4	34.96
211	2	-6	-34	-4	35.91
212	2	-6	-35	-4	36.91
213	1	-6	-35	-4	35.91
214	1	-6	-36	-4	36.91
215	0	-6	-37	-4	36.91
216	0	-6	-38	-4	37.90
217	0	-6	-38	-3	37.99
218	0	-6	-39	-3	38.99
219	0	-6	-40	-3	39.98
220	0	-5	-41	-3	40.94
221	-1	-6	-41	-3	39.98
222	-1	-6	-42	-3	40.97
223	-1	-6	-43	-3	41.97
224	-1	-6	-6	-5	5.08
225	-2	-7	-6	-4	4.98
226	-3	-7	-6	-4	4.23
227	-3	-7	-6	-4	4.23
228	-4	-6	-6	-4	2.82
229	-4	-6	-6	-4	2.82
230	-4	-6	-6	-4	2.82
231	-4	-7	-7	-4	4.23
232	-4	-7	-7	-4	4.23
233	-5	-9	-7	-4	5.38
234	-5	-9	-7	-4	5.38
235	-5	-10	-7	-3	7.28
236	-5	-10	-7	-3	7.28
237	-5	-10	-8	-3	7.61
238	-5	-9	-8	-3	6.70
239	-5	-9	-8	-3	6.70
240	-4	-9	-8	-3	7.20
241	-3	-9	-8	-3	7.79
242	-3	-9	-8	-3	7.79
243	-3	-8	-8	-3	7.05
244	-3	-8	-9	-3	7.79
245	-3	-8	-9	-3	7.79
246	-2	-8	-9	-2	9.20
247	-2	-8	-9	-2	9.20
248	-1	-9	-9	-2	10.60
249	-1	-9	-9	-2	10.60
250	0	-10	-10	-2	12.76
251	0	-9	-10	-2	12.16
252	0	-9	-10	-2	12.16
253	1	-8	-10	-2	12.49
254	1	-8	-10	-2	12.49
255	1	-7	-10	-2	12.05
256	2	-7	-1	-4	4.23
257	2	-7	-1	-3	4.99
258	2	-9	-1	-3	6.70
259	2	-9	-1	-3	6.70
260	2	-9	-1	-3	6.70
261	2	-8	-1	-3	5.82
262	2	-8	-1	-3	5.82
263	2	-7	-1	-3	4.99
264	2	-7	-1	-3	4.99
265	3	-7	-1	-3	5.65
266	3	-9	-1	-3	7.20
267	3	-9	-1	-3	7.20
268	3	-10	-1	-3	8.05
269	3	-10	-1	-3	8.05
270	3	-10	-1	-3	8.05
271	2	-9	-1	-3	6.70
272	2	-9	-1	-3	6.70
273	2	-8	-1	-2	6.70
274	2	-8	-1	-2	6.70
275	0	-6	-1	-2	4.12
276	0	-6	-1	-2	4.12
277	0	-6	-1	-2	4.12
278	-1	-6	-1	-2	4.00
279	-1	-6	-1	-2	4.00
280	-2	-6	-1	-2	4.12
281	-2	-6	-1	-2	4.12
282	-2	-7	-1	-2	5.10
283	-2	-7	-1	-2	5.10
284	-2	-7	-1	-2	5.10
285	-2	-7	-1	-2	5.10
286	-2	-7	-1	-2	5.10
287	-1	-7	-1	-2	5.00
288	-1	-7	5	-8	6.03
289	-1	-7	5	-8	6.03
290	0	-9	5	-8	5.05
291	0	-9	5	-8	5.05
292	0	-10	5	-8	5.33
293	0	-10	5	-8	5.33
294	0	-10	5	-8	5.33
295	0	-8	5	-8	4.95
296	0	-8	5	-8	4.95
297	0	-6	5	-8	5.35
298	-1	-5	5	-8	6.67
299	-1	-5	6	-8	7.57
300	-1	-4	6	-8	8.03
301	-1	-4	6	-8	8.03
302	-2	-6	6	-8	8.19
303	-2	-6	6	-8	8.19
304	-3	-6	6	-8	9.15
305	-4	-7	6	-8	9.96
306	-4	-7	6	-8	9.96
307	-5	-7	6	-8	10.95
308	-5	-7	6	-8	10.95
309	-6	-6	6	-8	12.08
310	-6	-4	7	-8	13.53
311	-6	-4	7	-8	13.53
312	-7	-1	7	-8	15.61
313	-7	-1	7	-8	15.61
314	-7	0	7	-8	16.08
315	-7	0	7	-8	16.08
316	-8	0	7	-8	16.96
317	-10	-1	7	-8	18.33
318	-10	-1	7	-8	18.33
319	-12	-4	7	-8	19.31
320	-12	-4	-4	-7	8.51
321	-13	-5	-4	-7	9.17
322	-13	-6	-4	-7	9.00
323	-13	-6	-4	-7	9.00
324	-12	-6	-4	-7	8.01
325	-12	-6	-4	-7	8.01
326	-10	-4	-4	-7	6.68
327	-8	-4	-4	-7	4.98
328	-8	-4	-4	-7	4.98
329	-8	-4	-4	-7	4.98
330	-8	-4	-4	-7	4.98
331	-8	-5	-5	-7	3.59
332	-9	-7	-5	-7	3.97
333	-9	-7	-5	-7	3.97
334	-8	-7	-5	-7	2.98
335	-8	-7	-5	-7	2.98
336	-7	-7	-5	-7	1.99
337	-7	-7	-5	-7	1.99
338	-7	-5	-5	-7	2.82
339	-8	-6	-5	-7	3.14
340	-8	-6	-5	-7	3.14
341	-9	-8	-5	-7	4.09
342	-9	-8	-6	-7	3.14
343	-11	-9	-6	-7	5.34
344	-10	-8	-6	-7	4.09
345	-10	-8	-6	-7	4.09
346	-9	-7	-6	-7	2.98
347	-9	-7	-6	-7	2.98
348	-8	-6	-6	-7	2.22
349	-8	-7	-6	-7	1.99
350	-8	-7	-6	-7	1.99
351	-7	-7	-6	-7	0.99
352	-7	-7	-23	-1	17.04
353	-7	-8	-23	0	17.84
354	-8	-9	-23	0	17.44
355	-8	-9	-24	0	18.30
356	-8	-9	-24	0	18.30
357	-8	-9	-24	0	18.30
358	-8	-8	-25	0	18.74
359	-8	-8	-25	0	18.74
360	-7	-9	-25	0	20.06
361	-7	-9	-26	0	20.95
362	-7	-9	-26	0	20.95
363	-6	-9	-26	0	21.86
364	-6	-9	-27	0	22.77
365	-6	-9	-27	0	22.77
366	-6	-9	-27	0	22.77
367	-6	-9	-28	0	23.68
368	-6	-8	-28	0	23.34
369	-6	-8	-28	0	23.34
370	-6	-8	-29	0	24.28
371	-6	-8	-29	0	24.28
372	-6	-8	-29	0	24.28
373	-6	-9	-30	0	25.54
374	-6	-9	-30	1	25.92
375	-6	-9	-30	1	25.92
376	-6	-8	-31	1	26.50
377	-6	-8	-31	1	26.50
378	-6	-8	-31	1	26.50
379	-6	-8	-32	1	27.44
380	-5	-8	-32	1	28.39
381	-5	-8	-32	1	28.39
382	-5	-7	-33	1	29.06
383	-5	-7	-33	1	29.06
384	-5	-7	-2	-10	4.22
385	-4	-7	-1	-10	4.22
386	-4	-7	-1	-10	4.22
387	-4	-7	-1	-10	4.22
388	-4	-8	-1	-10	3.57
389	-4	-8	-1	-10	3.57
390	-3	-8	-1	-10	2.81
391	-3	-8	0	-10	3.57
392	-3	-8	0	-10	3.57
393	-2	-8	0	-10	2.81
394	-2	-8	0	-10	2.81
395	-2	-8	0	-11	3.59
396	-2	-8	0	-11	3.59
397	-2	-8	0	-11	3.59
398	-2	-8	0	-11	3.59
399	-2	-8	0	-11	3.59
400	-3	-8	0	-11	4.21
401	-3	-8	0	-11	4.21
402	-3	-8	0	-11	4.21
403	-3	-8	0	-11	4.21
404	-3	-8	1	-11	4.96
405	-3	-8	1	-11	4.96
406	-3	-8	1	-12	5.61
407	-3	-8	1	-12	5.61
408	-3	-8	1	-12	5.61
409	-3	-8	1	-12	5.61
410	-3	-8	2	-12	6.34
411	-3	-8	2	-12	6.34
412	-4	-8	2	-12	7.13
413	-4	-8	2	-12	7.13
414	-4	-8	2	-12	7.13
415	-4	-8	2	-12	7.13
416	-4	-8	-3	-7	1.41
417	-4	-8	-2	-7	2.22
418	-4	-8	-2	-7	2.22
419	-4	-8	-2	-7	2.22
420	-4	-8	-2	-7	2.22
421	-4	-8	-2	-7	2.22
422	-4	-8	-2	-7	2.22
423	-4	-8	-2	-7	2.22
424	-4	-8	-2	-7	2.22
425	-3	-8	-2	-7	1.41
426	-3	-8	-2	-7	1.41
427	-4	-8	-2	-7	2.22
428	-4	-8	-2	-7	2.22
429	-4	-8	-2	-7	2.22
430	-4	-8	-2	-7	2.22
431	-4	-8	-2	-7	2.22
432	-4	-8	-2	-7	2.22
433	-4	-8	-1	-7	3.14
434	-4	-8	-1	-7	3.14
435	-4	-8	-1	-7	3.14
436	-4	-9	-1	-7	3.58
437	-4	-9	-1	-7	3.58
438	-4	-9	-1	-7	3.58
439	-4	-9	-1	-7	3.58
440	-4	-9	-1	-7	3.58
441	-4	-9	-1	-7	3.58
442	-3	-9	-1	-7	2.81
443	-3	-9	-1	-7	2.81
444	-3	-9	-1	-7	2.81
445	-3	-9	-1	-7	2.81
446	-3	-9	-1	-7	2.81
447	-2	-9	-1	-7	2.23
448	-2	-9	-3	-9	0.99
449	-2	-9	-2	-9	0.00
450	-2	-9	-2	-9	0.00
451	-2	-10	-2	-9	1.00
452	-2	-10	-2	-9	1.00
453	-2	-10	-2	-9	1.00
454	-2	-10	-2	-9	1.00
455	-2	-10	-2	-9	1.00
456	-2	-10	-2	-9	1.00
457	-2	-10	-2	-9	1.00
458	-1	-11	-2	-9	2.23
459	0	-12	-2	-9	3.59
460	0	-12	-2	-9	3.59
461	5	-15	-2	-9	9.10
462	5	-15	-2	-9	9.10
463	11	-17	-2	-9	14.97
464	16	-17	-2	-9	19.26
465	16	-17	-2	-9	19.26
466	20	-18	-2	-9	23.18
467	20	-18	-2	-9	23.18
468	22	-19	-2	-9	25.30
469	23	-19	-2	-9	26.19
470	23	-19	-2	-9	26.19
471	23	-19	-2	-9	26.19
472	23	-19	-2	-9	26.19
473	22	-19	-2	-9	25.30
474	22	-19	-2	-9	25.30
475	21	-20	-2	-9	24.79
476	21	-20	-2	-9	24.79
477	21	-20	-2	-9	24.79
478	22	-20	-2	-9	25.66
479	22	-20	-2	-9	25.66
480	22	-20	0	-10	23.45
481	25	-21	0	-10	26.43
482	25	-21	0	-10	26.43
483	30	-21	0	-10	30.86
484	30	-21	0	-10	30.86
485	36	-21	0	-10	36.29
486	36	-21	0	-10	36.29
487	42	-21	0	-10	41.80
488	46	-21	0	-10	45.50
489	46	-21	0	-10	45.50
490	48	-20	0	-10	47.26
491	48	-20	0	-10	47.26
492	51	-20	0	-10	50.08
493	54	-18	0	-10	52.83
494	54	-18	0	-10	52.83
495	58	-18	0	-10	56.63
496	58	-18	1	-10	55.68
497	61	-17	1	-10	58.56
498	63	-17	1	-10	60.47
499	63	-17	1	-10	60.47
500	64	-18	1	-10	61.39
501	64	-18	1	-10	61.39
502	66	-19	1	-10	63.25
503	66	-19	1	-10	63.25
504	69	-19	1	-10	66.09
505	72	-18	1	-10	68.99
506	72	-18	1	-10	68.99
507	73	-18	1	-10	69.93
508	73	-18	1	-10	69.93
509	74	-18	1	-10	70.88
510	73	-18	1	-10	69.93
511	73	-18	1	-10	69.93
512	71	-18	46	-31	26.10
513	71	-18	46	-31	26.10
514	67	-18	47	-31	22.30
515	61	-18	48	-32	18.26
516	61	-18	49	-32	17.70
517	53	-18	49	-32	14.46
518	53	-18	50	-33	15.24
519	44	-17	51	-33	17.20
520	33	-17	52	-33	23.43
521	33	-17	52	-34	24.06
522	23	-17	53	-34	31.78
523	23	-17	54	-34	32.53
524	15	-17	55	-35	39.84
525	9	-17	55	-35	44.61
526	9	-17	56	-35	45.42
527	5	-17	57	-36	49.60
528	5	-17	58	-36	50.40
529	3	-17	58	-36	52.00
530	3	-17	59	-37	52.91
531	3	-16	60	-37	54.27
532	1	-15	61	-37	57.22
533	1	-15	61	-38	57.32
534	1	-14	62	-38	58.69
535	1	-14	63	-38	59.48
536	0	-14	64	-39	61.13
537	0	-14	64	-39	61.13
538	0	-14	65	-39	61.91
539	0	-15	66	-40	62.14
540	0	-15	67	-40	62.90
541	1	-14	67	-40	62.75
542	1	-13	68	-41	64.22
543	1	-13	69	-41	64.97
544	1	-13	120	-16	113.08
545	1	-13	121	-15	114.35
546	1	-14	123	-15	115.72
547	1	-16	124	-15	115.74
548	1	-16	126	-15	117.47
549	0	-15	127	-15	119.64
550	0	-15	129	-15	121.34
551	0	-15	130	-15	122.19
552	0	-15	132	-15	123.87
553	0	-14	133	-15	125.21
554	0	-14	135	-15	126.88
555	0	-14	136	-15	127.70
556	0	-15	138	-15	128.78
557	0	-15	139	-15	129.58
558	0	-15	141	-15	131.16
559	0	-16	142	-15	131.33
560	0	-16	144	-15	132.83
561	0	-18	146	-14	133.65
562	0	-18	147	-14	134.36
563	0	-20	149	-14	134.33
564	0	-20	150	-14	134.98
565	0	-20	152	-14	136.25
566	-2	-18	153	-14	139.60
567	-2	-18	155	-14	140.78
568	-3	-18	156	-14	141.88
569	-3	-19	158	-14	142.06
570	-3	-19	159	-14	142.54
571	-4	-20	161	-14	142.94
572	-4	-20	162	-14	143.32
573	-5	-19	164	-14	145.27
574	-5	-19	165	-14	145.56
575	-8	-18	167	-14	147.62
576	-8	-18	-69	-8	60.03
577	-10	-18	-71	-7	60.31
578	-12	-19	-73	-7	60.35
579	-12	-19	-75	-7	62.24
580	-13	-20	-77	-7	63.22
581	-13	-19	-79	-7	65.08
582	-13	-19	-82	-7	67.91
583	-15	-18	-84	-6	68.21
584	-17	-18	-86	-6	68.21
585	-17	-18	-88	-6	70.11
586	-19	-19	-90	-6	70.11
587	-19	-19	-93	-6	72.95
588	-21	-20	-95	-6	72.94
589	-21	-20	-97	-5	75.15
590	-22	-19	-99	-5	76.10
591	-22	-19	-101	-5	77.99
592	-24	-19	-104	-5	78.93
593	-26	-19	-106	-5	78.93
594	-26	-19	-108	-5	80.82
595	-28	-18	-110	-5	80.86
596	-28	-18	-112	-4	83.07
597	-29	-18	-114	-4	84.02
598	-30	-19	-117	-4	85.87
599	-30	-19	-119	-4	87.76
600	-30	-19	-121	-4	89.64
601	-30	-19	-123	-4	91.53
602	-32	-19	-125	-3	91.86
603	-33	-19	-128	-3	93.74
604	-33	-19	-130	-3	95.63
605	-33	-20	-132	-3	97.41
606	-33	-20	-134	-3	99.27
607	-32	-19	-136	-3	102.20
608	-32	-19	-17	-23	14.55
609	-30	-19	-17	-23	12.77
610	-30	-19	-17	-23	12.77
611	-28	-19	-17	-23	11.02
612	-26	-19	-18	-23	8.47
613	-26	-19	-18	-23	8.47
614	-23	-19	-18	-23	6.15
615	-20	-19	-18	-24	5.33
616	-20	-19	-19	-24	5.09
617	-17	-19	-19	-24	5.33
618	-17	-19	-19	-24	5.33
619	-15	-19	-20	-24	6.83
620	-12	-20	-20	-24	8.42
621	-12	-20	-20	-25	8.92
622	-11	-20	-20	-25	9.70
623	-10	-20	-21	-25	11.32
624	-8	-19	-21	-25	13.45
625	-8	-19	-21	-25	13.45
626	-8	-19	-22	-25	14.29
627	-7	-19	-22	-25	15.13
628	-5	-19	-22	-26	17.17
629	-5	-19	-22	-26	17.17
630	-3	-19	-23	-26	19.73
631	-3	-19	-23	-26	19.73
632	-2	-18	-23	-26	21.01
633	-2	-18	-24	-26	21.87
634	-2	-18	-24	-27	22.18
635	-1	-17	-24	-27	23.50
636	-1	-17	-24	-27	23.50
637	-1	-17	-25	-27	24.34
638	0	-18	-25	-27	24.73
639	0	-18	-25	-27	24.73
640	0	-18	-56	-20	52.74
641	0	-18	-56	-20	52.74
642	0	-18	-57	-20	53.67
643	0	-18	-58	-20	54.60
644	0	-17	-59	-20	55.75
645	0	-18	-59	-20	55.53
646	0	-18	-60	-20	56.46
647	1	-18	-61	-20	58.31
648	1	-18	-62	-20	59.24
649	1	-18	-62	-20	59.24
650	1	-18	-63	-20	60.17
651	1	-19	-64	-20	60.87
652	1	-19	-65	-20	61.79
653	1	-19	-65	-20	61.79
654	1	-19	-66	-20	62.71
655	1	-19	-67	-20	63.63
656	1	-19	-68	-20	64.55
657	1	-19	-68	-20	64.55
658	1	-19	-69	-20	65.47
659	1	-20	-70	-20	66.14
660	1	-20	-71	-20	67.06
661	2	-20	-71	-20	67.97
662	2	-20	-72	-20	68.88
663	2	-19	-73	-20	70.04
664	2	-20	-74	-20	70.69
665	2	-20	-74	-20	70.69
666	3	-20	-75	-20	72.51
667	4	-19	-76	-20	74.60
668	4	-19	-77	-20	75.50
669	3	-21	-77	-20	74.04
670	3	-15	-78	-20	76.67
671	3	-15	-79	-20	77.59
672	3	-15	32	-17	27.92
673	3	-16	33	-16	28.81
674	3	-16	34	-16	29.77
675	4	-16	35	-16	29.77
676	4	-17	36	-16	30.66
677	4	-17	37	-16	31.62
678	5	-19	38	-16	31.57
679	4	-20	39	-16	33.47
680	4	-20	40	-16	34.41
681	4	-19	41	-16	35.35
682	4	-19	42	-16	36.30
683	4	-19	43	-16	37.24
684	4	-19	44	-16	38.19
685	4	-19	45	-16	39.13
686	4	-19	46	-16	40.08
687	4	-22	47	-16	40.97
688	5	-24	48	-16	41.03
689	5	-24	49	-16	41.94
690	6	-24	50	-16	41.94
691	7	-26	51	-16	42.07
692	7	-26	52	-16	42.97
693	8	-28	53	-16	43.15
694	8	-28	54	-16	44.03
695	8	-28	55	-16	44.91
696	8	-28	56	-16	45.79
697	7	-28	57	-16	47.55
698	7	-28	58	-16	48.43
699	7	-29	59	-16	49.36
700	7	-29	60	-16	50.24
701	7	-31	61	-16	51.22
702	7	-33	62	-16	52.23
703	7	-33	63	-16	53.06
704	7	-34	6	-12	22.02
705	7	-34	6	-11	23.02
706	6	-36	6	-11	25.00
707	6	-36	6	-11	25.00
708	5	-37	6	-11	26.02
709	5	-37	6	-11	26.02
710	5	-37	6	-11	26.02
711	5	-36	6	-11	25.02
712	5	-36	6	-11	25.02
713	5	-36	6	-11	25.02
714	5	-36	6	-11	25.02
715	5	-37	7	-10	27.06
716	5	-37	7	-10	27.06
717	5	-37	7	-10	27.06
718	5	-36	7	-10	26.06
719	5	-36	7	-10	26.06
720	5	-36	7	-10	26.06
721	5	-36	7	-10	26.06
722	5	-36	7	-10	26.06
723	5	-37	7	-10	27.06
724	5	-37	7	-10	27.06
725	5	-38	7	-10	28.06
726	5	-38	8	-9	29.13
727	5	-38	8	-9	29.13
728	5	-38	8	-9	29.13
729	5	-38	8	-9	29.13
730	5	-38	8	-9	29.13
731	5	-39	8	-9	30.12
732	5	-39	8	-9	30.12
733	5	-39	8	-9	30.12
734	5	-39	8	-9	30.12
735	5	-39	8	-9	30.12
736	5	-39	11	-53	14.59
737	5	-40	11	-53	13.63
738	5	-40	11	-54	14.57
739	6	-40	11	-54	14.40
740	6	-40	11	-55	15.37
741	6	-40	11	-55	15.37
742	6	-39	11	-56	17.32
743	5	-39	11	-57	18.43
744	5	-39	12	-57	18.58
745	5	-39	12	-58	19.53
746	5	-39	12	-58	19.53
747	5	-39	12	-59	20.49
748	5	-39	12	-60	21.46
749	5	-39	12	-60	21.46
750	5	-39	12	-61	22.43
751	5	-39	12	-61	22.43
752	5	-39	13	-62	23.52
753	5	-39	13	-63	24.48
754	5	-39	13	-63	24.48
755	5	-39	13	-64	25.45
756	5	-39	13	-64	25.45
757	5	-40	13	-65	25.42
758	5	-40	13	-66	26.39
759	5	-40	13	-66	26.39
760	4	-40	14	-67	27.57
761	4	-40	14	-67	27.57
762	4	-40	14	-68	28.53
763	4	-40	14	-69	29.49
764	4	-40	14	-69	29.49
765	4	-40	14	-70	30.45
766	4	-40	14	-70	30.45
767	3	-40	14	-71	31.51
768	3	-40	3	-44	4.00
769	3	-40	2	-44	4.07
770	3	-40	2	-44	4.07
771	3	-40	2	-44	4.07
772	3	-40	2	-44	4.07
773	3	-40	2	-44	4.07
774	3	-40	2	-44	4.07
775	3	-40	2	-45	5.05
776	3	-40	2	-45	5.05
777	3	-40	2	-45	5.05
778	3	-40	2	-45	5.05
779	3	-40	2	-45	5.05
780	3	-40	2	-45	5.05
781	3	-39	2	-46	7.04
782	3	-39	2	-46	7.04
783	3	-39	2	-46	7.04
784	3	-39	2	-46	7.04
785	3	-39	1	-46	7.15
786	3	-38	1	-46	8.14
787	3	-38	1	-46	8.14
788	3	-39	1	-47	8.13
789	3	-39	1	-47	8.13
790	3	-39	1	-47	8.13
791	3	-39	1	-47	8.13
792	3	-39	1	-47	8.13
793	3	-39	1	-47	8.13
794	3	-39	1	-48	9.12
795	3	-39	1	-48	9.12
796	3	-39	1	-48	9.12
797	3	-39	1	-48	9.12
798	3	-39	1	-48	9.12
799	2	-39	1	-48	9.03
800	2	-39	1	-41	2.14
801	2	-39	0	-41	2.52
802	2	-39	0	-41	2.52
803	2	-39	0	-41	2.52
804	2	-39	0	-41	2.52
805	2	-39	0	-41	2.52
806	2	-39	0	-41	2.52
807	2	-39	0	-41	2.52
808	2	-39	0	-41	2.52
809	2	-39	0	-41	2.52
810	2	-39	0	-41	2.52
811	1	-39	0	-41	2.14
812	1	-39	0	-41	2.14
813	1	-38	0	-41	3.10
814	1	-38	0	-41	3.10
815	1	-38	0	-41	3.10
816	0	-38	0	-41	3.00
817	0	-38	0	-41	3.00
818	0	-38	0	-41	3.00
819	0	-38	0	-41	3.00
820	0	-38	0	-41	3.00
821	0	-38	0	-41	3.00
822	0	-38	0	-41	3.00
823	0	-38	0	-41	3.00
824	0	-38	0	-41	3.00
825	0	-38	0	-41	3.00
826	0	-38	0	-41	3.00
827	-1	-38	0	-41	3.10
828	-1	-38	0	-41	3.10
829	-1	-38	0	-41	3.10
830	-1	-39	0	-41	2.14
831	-1	-39	0	-41	2.14
832	0	-39	1	-38	1.27
833	0	-39	0	-37	2.00
834	0	-39	0	-37	2.00
835	0	-39	0	-37	2.00
836	0	-38	0	-37	1.00
837	0	-38	0	-37	1.00
838	0	-38	0	-37	1.00
839	0	-38	0	-37	1.00
840	0	-38	0	-37	1.00
841	0	-38	0	-37	1.00
842	0	-38	0	-37	1.00
843	0	-38	0	-37	1.00
844	0	-38	0	-37	1.00
845	0	-38	0	-37	1.00
846	0	-38	0	-37	1.00
847	0	-38	0	-37	1.00
848	0	-38	0	-37	1.00
849	0	-38	0	-37	1.00
850	0	-38	0	-37	1.00
851	1	-38	0	-37	1.28
852	1	-37	0	-37	0.80
853	1	-37	0	-37	0.80
854	1	-37	0	-37	0.80
855	1	-36	0	-37	1.28
856	1	-36	0	-37	1.28
857	1	-35	0	-37	2.16
858	1	-35	0	-37	2.16
859	1	-35	0	-37	2.16
860	1	-34	0	-37	3.11
861	1	-33	0	-37	4.08
862	1	-33	0	-37	4.08
863	0	-32	0	-37	5.00
864	0	-31	-2	-39	8.17
865	0	-31	-2	-39	8.17
866	0	-31	-2	-39	8.17
867	0	-30	-2	-39	9.15
868	0	-30	-2	-39	9.15
869	0	-30	-2	-39	9.15
870	0	-30	-2	-39	9.15
871	0	-30	-2	-39	9.15
872	0	-29	-2	-39	10.14
873	0	-29	-2	-39	10.14
874	0	-29	-2	-39	10.14
875	0	-28	-2	-39	11.12
876	1	-28	-2	-39	11.28
877	1	-28	-2	-39	11.28
878	1	-27	-2	-39	12.26
879	1	-27	-2	-39	12.26
880	1	-27	-3	-39	12.46
881	1	-26	-3	-39	13.43
882	2	-25	-3	-39	14.62
883	2	-25	-3	-39	14.62
884	2	-25	-3	-39	14.62
885	2	-25	-3	-39	14.62
886	2	-25	-3	-39	14.62
887	2	-24	-3	-39	15.59
888	2	-24	-3	-39	15.59
889	2	-23	-3	-39	16.56
890	2	-23	-3	-39	16.56
891	2	-23	-3	-39	16.56
892	2	-23	-3	-39	16.56
893	2	-22	-3	-39	17.53
894	2	-22	-3	-39	17.53
895	2	-22	-3	-39	17.53
896	2	-22	0	-23	2.10
897	3	-21	0	-22	2.96
898	3	-21	0	-22	2.96
899	3	-20	0	-22	3.44
900	4	-20	0	-22	4.24
901	4	-20	0	-21	3.88
902	5	-19	0	-21	5.11
903	5	-19	0	-21	5.11
904	6	-16	0	-21	7.57
905	6	-16	0	-20	6.97
906	7	-15	0	-20	8.34
907	7	-15	0	-20	8.34
908	8	-13	0	-20	10.38
909	8	-13	0	-19	9.75
910	9	-12	0	-19	11.14
911	9	-12	0	-19	11.14
912	10	-12	0	-19	11.90
913	10	-12	0	-18	11.37
914	11	-11	0	-18	12.74
915	11	-11	0	-18	12.74
916	12	-10	0	-18	14.12
917	12	-10	0	-17	13.60
918	12	-10	0	-17	13.60
919	13	-9	0	-17	14.97
920	14	-9	0	-17	15.80
921	14	-9	0	-16	15.35
922	15	-9	0	-16	16.22
923	15	-8	0	-16	16.70
924	15	-8	0	-16	16.70
925	16	-8	0	-15	17.16
926	16	-8	0	-15	17.16
927	16	-9	0	-15	16.75
928	17	-9	4	-13	13.37
929	17	-9	4	-12	13.13
930	17	-9	4	-12	13.13
931	18	-9	4	-12	14.09
932	18	-9	4	-11	13.93
933	18	-9	4	-11	13.93
934	18	-9	4	-11	13.93
935	18	-9	4	-11	13.93
936	19	-8	4	-10	14.95
937	19	-8	4	-10	14.95
938	20	-7	4	-10	16.10
939	20	-7	4	-9	15.97
940	21	-6	4	-9	17.12
941	21	-6	4	-9	17.12
942	21	-6	4	-9	17.12
943	21	-6	4	-8	16.99
944	22	-6	5	-8	16.99
945	22	-6	5	-8	16.99
946	23	-6	5	-7	17.91
947	23	-6	5	-7	17.91
948	24	-5	5	-7	19.00
949	24	-5	5	-7	19.00
950	25	-4	5	-6	20.02
951	25	-4	5	-6	20.02
952	27	-4	5	-6	22.01
953	28	-4	5	-5	22.95
954	28	-4	5	-5	22.95
955	29	-5	5	-5	23.91
956	29	-5	5	-5	23.91
957	29	-5	5	-4	23.95
958	31	-5	5	-4	25.94
959	32	-5	5	-4	26.93
960	32	-5	32	4	9.00
961	32	-5	32	4	9.00
962	32	-5	32	4	9.00
963	35	-5	33	5	10.20
964	35	-5	33	5	10.20
965	37	-5	34	6	11.40
966	37	-5	34	6	11.40
967	39	-5	35	6	11.70
968	39	-5	35	7	12.65
969	39	-5	36	7	12.37
970	40	-6	36	8	14.56
971	41	-6	37	8	14.56
972	41	-6	37	8	14.56
973	42	-8	38	9	17.46
974	42	-8	38	9	17.46
975	45	-9	39	10	19.92
976	45	-9	39	10	19.92
977	45	-9	39	10	19.92
978	45	-9	40	11	20.61
979	45	-9	40	11	20.61
980	45	-9	41	12	21.37
981	44	-10	41	12	22.20
982	44	-10	42	12	22.09
983	44	-10	42	13	23.09
984	44	-10	43	13	23.02
985	44	-10	43	14	24.02
986	43	-10	44	14	24.02
987	43	-10	44	14	24.02
988	43	-10	45	15	25.08
989	42	-10	45	15	25.18
990	42	-10	46	16	26.30
991	42	-10	46	16	26.30
992	42	-10	47	-1	10.28
993	41	-10	47	0	11.65
994	41	-10	47	0	11.65
995	41	-10	48	0	12.19
996	41	-10	48	0	12.19
997	41	-10	49	0	12.78
998	41	-10	49	0	12.78
999	40	-11	50	0	14.82
1000	40	-11	50	0	14.82
1001	40	-11	51	0	15.51
1002	39	-11	51	0	16.22
1003	39	-11	52	0	16.97
1004	39	-9	52	0	15.77
1005	39	-9	53	0	16.59
1006	40	-8	53	0	15.23
1007	41	-7	54	0	14.74
1008	41	-7	54	1	15.24
1009	40	-7	54	1	16.10
1010	40	-7	55	1	16.97
1011	40	-7	55	1	16.97
1012	39	-6	56	1	18.36
1013	37	-5	56	1	19.91
1014	37	-5	57	1	20.86
1015	35	-4	57	1	22.55
1016	34	-4	58	2	24.72
1017	34	-4	58	2	24.72
1018	32	-3	59	2	27.45
1019	31	-3	59	2	28.43
1020	31	-3	60	2	29.42
1021	30	-4	60	2	30.58
1022	30	-4	61	2	31.56
1023	30	-4	61	2	31.56
1024	29	-4	52	-15	25.17
1025	29	-4	52	-15	25.17
1026	29	-4	52	-15	25.17
1027	29	-4	52	-15	25.17
1028	29	-4	53	-15	26.06
1029	29	-4	53	-15	26.06
1030	28	-5	53	-15	26.54
1031	28	-5	54	-16	27.78
1032	28	-5	54	-16	27.78
1033	28	-5	54	-16	27.78
1034	27	-6	55	-16	29.20
1035	27	-6	55	-16	29.20
1036	24	-7	55	-16	31.63
1037	24	-7	56	-17	32.80
1038	23	-7	56	-17	33.73
1039	23	-7	56	-17	33.73
1040	22	-7	57	-17	35.60
1041	22	-7	57	-17	35.60
1042	21	-8	57	-17	36.21
1043	21	-8	57	-17	36.21
1044	21	-8	58	-18	37.33
1045	21	-8	58	-18	37.33
1046	21	-9	58	-18	37.01
1047	21	-9	59	-18	37.95
1048	20	-9	59	-18	38.89
1049	20	-9	59	-18	38.89
1050	20	-10	60	-19	39.66
1051	20	-10	60	-19	39.66
1052	20	-10	60	-19	39.66
1053	21	-10	61	-19	39.66
1054	21	-10	61	-19	39.66
1055	21	-10	61	-19	39.66
1056	21	-10	16	2	12.99
1057	21	-11	15	2	14.30
1058	21	-11	15	2	14.30
1059	21	-10	14	2	13.88
1060	21	-10	14	2	13.88
1061	21	-10	13	2	14.40
1062	21	-10	13	3	15.25
1063	21	-10	13	3	15.25
1064	21	-10	12	3	15.79
1065	22	-10	12	3	16.38
1066	22	-10	11	3	17.00
1067	22	-10	11	4	17.78
1068	22	-10	11	4	17.78
1069	24	-8	10	4	18.41
1070	24	-8	10	4	18.41
1071	25	-7	9	4	19.39
1072	26	-7	9	5	20.78
1073	26	-7	9	5	20.78
1074	27	-7	8	5	22.44
1075	27	-7	8	5	22.44
1076	27	-8	7	5	23.81
1077	27	-8	7	5	23.81
1078	29	-8	7	6	26.03
1079	29	-8	6	6	26.87
1080	30	-9	6	6	28.24
1081	30	-9	5	6	29.09
1082	30	-8	5	6	28.60
1083	30	-8	5	7	29.09
1084	30	-8	4	7	29.95
1085	30	-8	4	7	29.95
1086	30	-8	3	7	30.82
1087	30	-8	3	7	30.82
1088	31	-7	13	-16	19.78
1089	31	-7	12	-16	20.66
1090	32	-7	12	-16	21.54
1091	32	-7	12	-16	21.54
1092	32	-8	12	-16	21.11
1093	32	-8	11	-16	22.02
1094	32	-8	11	-17	22.36
1095	32	-8	11	-17	22.36
1096	33	-7	11	-17	23.70
1097	34	-7	10	-17	25.48
1098	34	-7	10	-17	25.48
1099	34	-8	10	-18	25.39
1100	34	-8	10	-18	25.39
1101	34	-8	9	-18	26.29
1102	34	-8	9	-18	26.29
1103	34	-8	9	-18	26.29
1104	34	-8	9	-19	26.63
1105	35	-8	8	-19	28.41
1106	35	-8	8	-19	28.41
1107	35	-7	8	-19	28.85
1108	35	-7	8	-19	28.85
1109	35	-8	7	-19	29.30
1110	35	-8	7	-20	29.63
1111	35	-8	7	-20	29.63
1112	35	-7	7	-20	30.09
1113	35	-7	6	-20	30.97
1114	35	-6	6	-20	31.45
1115	35	-6	6	-21	31.84
1116	35	-6	6	-21	31.84
1117	35	-6	5	-21	32.70
1118	35	-6	5	-21	32.70
1119	35	-6	5	-21	32.70
1120	35	-6	41	-4	6.30
1121	35	-6	41	-3	6.69
1122	35	-6	41	-3	6.69
1123	35	-6	41	-3	6.69
1124	36	-6	42	-3	6.69
1125	36	-6	42	-3	6.69
1126	36	-6	42	-3	6.69
1127	36	-6	43	-3	7.60
1128	36	-6	43	-3	7.60
1129	37	-6	43	-3	6.69
1130	37	-6	44	-3	7.60
1131	37	-6	44	-2	8.05
1132	37	-6	44	-2	8.05
1133	37	-6	45	-2	8.93
1134	37	-6	45	-2	8.93
1135	38	-5	45	-2	7.60
1136	38	-5	46	-2	8.53
1137	38	-5	46	-2	8.53
1138	39	-5	46	-2	7.60
1139	39	-5	46	-2	7.60
1140	39	-5	47	-2	8.53
1141	40	-4	47	-2	7.27
1142	40	-4	47	-1	7.61
1143	40	-4	48	-1	8.54
1144	40	-4	48	-1	8.54
1145	40	-4	48	-1	8.54
1146	40	-4	49	-1	9.48
1147	40	-4	49	-1	9.48
1148	40	-4	49	-1	9.48
1149	41	-4	50	-1	9.48
1150	41	-4	50	-1	9.48
1151	41	-3	50	-1	9.21
1152	41	-3	39	-5	2.82
1153	41	-3	39	-4	2.23
1154	41	-3	39	-4	2.23
1155	41	-4	39	-4	2.00
1156	41	-4	39	-4	2.00
1157	40	-4	39	-4	1.00
1158	40	-4	39	-4	1.00
1159	40	-4	39	-4	1.00
1160	40	-4	40	-4	0.00
1161	40	-4	40	-4	0.00
1162	40	-4	40	-4	0.00
1163	39	-4	40	-4	1.00
1164	39	-4	40	-4	1.00
1165	39	-3	40	-4	1.41
1166	39	-3	40	-4	1.41
1167	39	-3	40	-4	1.41
1168	39	-3	41	-4	2.23
1169	38	-4	41	-4	2.99
1170	38	-4	41	-4	2.99
1171	38	-5	41	-4	3.15
1172	38	-5	41	-4	3.15
1173	38	-5	41	-4	3.15
1174	38	-5	41	-4	3.15
1175	39	-4	41	-4	2.00
1176	39	-4	42	-4	2.99
1177	39	-4	42	-4	2.99
1178	39	-4	42	-4	2.99
1179	40	-4	42	-4	2.00
1180	40	-4	42	-4	2.00
1181	40	-4	42	-4	2.00
1182	40	-4	42	-4	2.00
1183	40	-4	42	-4	2.00
1184	40	-4	47	0	8.06
1185	40	-4	47	0	8.06
1186	40	-4	47	0	8.06
1187	40	-3	47	0	7.61
1188	40	-3	47	0	7.61
1189	40	-3	47	0	7.61
1190	40	-3	48	0	8.54
1191	40	-3	48	0	8.54
1192	40	-3	48	0	8.54
1193	39	-2	48	0	9.22
1194	39	-2	48	0	9.22
1195	38	-2	49	1	11.40
1196	38	-2	49	1	11.40
1197	38	-2	49	1	11.40
1198	38	-2	49	1	11.40
1199	38	-3	49	1	11.70
1200	38	-3	50	1	12.65
1201	38	-3	50	1	12.65
1202	38	-3	50	1	12.65
1203	38	-3	50	1	12.65
1204	38	-3	50	1	12.65
1205	37	-3	50	1	13.60
1206	37	-3	51	2	14.86
1207	36	-3	51	2	15.81
1208	36	-3	51	2	15.81
1209	36	-3	51	2	15.81
1210	36	-4	51	2	16.15
1211	36	-4	52	2	17.08
1212	35	-5	52	2	18.37
1213	35	-5	52	2	18.37
1214	35	-5	52	2	18.37
1215	35	-5	52	2	18.37
1216	35	-7	39	-5	4.45
1217	35	-7	38	-5	3.59
1218	35	-8	38	-5	4.23
1219	36	-9	38	-5	4.47
1220	36	-9	38	-5	4.47
1221	36	-9	38	-5	4.47
1222	35	-7	38	-5	3.59
1223	35	-7	38	-5	3.59
1224	35	-7	38	-5	3.59
1225	34	-7	38	-5	4.45
1226	34	-7	38	-5	4.45
1227	33	-7	38	-5	5.36
1228	33	-7	38	-5	5.36
1229	32	-7	38	-5	6.29
1230	32	-7	38	-5	6.29
1231	31	-7	38	-5	7.24
1232	31	-7	38	-5	7.24
1233	30	-8	38	-5	8.49
1234	30	-8	38	-5	8.49
1235	30	-9	38	-5	8.89
1236	30	-9	38	-5	8.89
1237	29	-9	38	-5	9.79
1238	29	-9	38	-5	9.79
1239	29	-8	38	-5	9.43
1240	29	-8	38	-5	9.43
1241	28	-8	38	-5	10.38
1242	28	-8	38	-5	10.38
1243	28	-8	38	-5	10.38
1244	28	-9	38	-5	10.70
1245	28	-9	38	-5	10.70
1246	27	-9	38	-5	11.63
1247	26	-9	38	-5	12.56
1248	26	-9	30	-10	4.07
1249	26	-9	29	-10	3.12
1250	25	-9	29	-10	4.07
1251	25	-9	29	-10	4.07
1252	25	-9	29	-10	4.07
1253	25	-9	29	-10	4.07
1254	24	-9	29	-10	5.03
1255	24	-9	28	-10	4.07
1256	24	-8	28	-10	4.43
1257	24	-8	28	-10	4.43
1258	22	-8	28	-10	6.25
1259	22	-8	28	-11	6.63
1260	22	-8	28	-11	6.63
1261	22	-8	27	-11	5.77
1262	22	-8	27	-11	5.77
1263	20	-9	27	-11	7.18
1264	20	-9	27	-11	7.18
1265	19	-9	27	-11	8.13
1266	19	-9	27	-11	8.13
1267	18	-9	27	-11	9.09
1268	18	-9	26	-11	8.13
1269	17	-10	26	-11	8.91
1270	17	-10	26	-12	9.06
1271	16	-10	26	-12	10.02
1272	16	-10	26	-12	10.02
1273	14	-11	26	-12	11.80
1274	14	-11	25	-12	10.82
1275	13	-12	25	-12	11.74
1276	13	-12	25	-12	11.74
1277	11	-13	25	-12	13.70
1278	11	-13	25	-12	13.70
1279	10	-13	25	-12	14.68
1280	10	-13	17	-11	7.13
1281	8	-14	16	-11	8.37
1282	8	-14	16	-11	8.37
1283	6	-15	16	-11	10.53
1284	6	-15	15	-11	9.64
1285	5	-15	15	-11	10.53
1286	5	-15	15	-11	10.53
1287	4	-15	15	-11	11.44
1288	3	-15	14	-11	11.44
1289	3	-15	14	-11	11.44
1290	3	-15	14	-11	11.44
1291	3	-15	13	-11	10.53
1292	3	-15	13	-11	10.53
1293	2	-14	13	-11	11.15
1294	2	-14	13	-11	11.15
1295	2	-14	12	-11	10.21
1296	2	-14	12	-12	9.95
1297	2	-14	12	-12	9.95
1298	2	-13	11	-12	8.84
1299	2	-13	11	-12	8.84
1300	2	-12	11	-12	8.80
1301	2	-12	11	-12	8.80
1302	3	-11	10	-12	6.93
1303	3	-11	10	-12	6.93
1304	3	-12	10	-12	6.85
1305	3	-12	9	-12	5.87
1306	3	-12	9	-12	5.87
1307	3	-12	9	-12	5.87
1308	5	-12	9	-12	3.91
1309	5	-12	8	-12	2.93
1310	5	-12	8	-12	2.93
1311	5	-12	8	-12	2.93
1312	5	-10	-6	-17	12.78
1313	5	-10	-6	-17	12.78
1314	5	-10	-7	-17	13.60
1315	2	-6	-7	-17	14.09
1316	2	-6	-8	-17	14.72
1317	0	-3	-8	-17	16.05
1318	0	-3	-9	-17	16.56
1319	0	-3	-9	-17	16.56
1320	0	-3	-10	-18	17.92
1321	0	-3	-10	-18	17.92
1322	1	-5	-11	-18	17.51
1323	1	-5	-11	-18	17.51
1324	0	-7	-12	-18	16.05
1325	0	-8	-12	-18	15.37
1326	0	-8	-13	-18	16.12
1327	0	-8	-13	-18	16.12
1328	0	-8	-14	-19	17.48
1329	0	-8	-14	-19	17.48
1330	0	-8	-15	-19	18.25
1331	0	-9	-15	-19	17.64
1332	0	-9	-16	-19	18.44
1333	0	-9	-16	-19	18.44
1334	1	-9	-17	-19	20.10
1335	1	-9	-17	-19	20.10
1336	2	-9	-18	-20	22.23
1337	3	-9	-18	-20	23.08
1338	3	-9	-19	-20	23.93
1339	2	-11	-19	-20	22.12
1340	2	-10	-20	-20	23.45
1341	2	-10	-20	-20	23.45
1342	2	-9	-21	-20	24.79
1343	2	-9	-21	-20	24.79
1344	2	-9	0	-7	2.81
1345	2	-10	0	-6	4.46
1346	2	-10	0	-6	4.46
1347	2	-11	0	-6	5.38
1348	2	-11	0	-6	5.38
1349	2	-11	0	-6	5.38
1350	2	-10	0	-6	4.46
1351	2	-10	-1	-6	4.98
1352	2	-9	-1	-6	4.22
1353	2	-9	-1	-6	4.22
1354	3	-8	-1	-6	4.45
1355	3	-8	-1	-5	4.98
1356	3	-8	-1	-5	4.98
1357	3	-9	-2	-5	6.37
1358	3	-9	-2	-5	6.37
1359	3	-9	-2	-5	6.37
1360	3	-8	-2	-5	5.80
1361	3	-8	-2	-5	5.80
1362	3	-7	-2	-5	5.36
1363	3	-7	-2	-5	5.36
1364	3	-7	-3	-5	6.29
1365	3	-7	-3	-5	6.29
1366	3	-7	-3	-4	6.68
1367	3	-7	-3	-4	6.68
1368	3	-6	-3	-4	6.30
1369	3	-6	-3	-4	6.30
1370	3	-6	-4	-4	7.25
1371	3	-6	-4	-4	7.25
1372	4	-6	-4	-4	8.22
1373	4	-6	-4	-4	8.22
1374	4	-8	-4	-4	8.90
1375	4	-8	-4	-4	8.90
1376	3	-9	-1	-8	4.08
1377	3	-9	-1	-7	4.44
1378	4	-8	-1	-7	5.06
1379	4	-8	-1	-7	5.06
1380	4	-7	-1	-7	4.96
1381	4	-7	-1	-7	4.96
1382	3	-9	-1	-7	4.44
1383	3	-9	-1	-7	4.44
1384	3	-9	-1	-7	4.44
1385	3	-9	-1	-7	4.44
1386	2	-9	-1	-7	3.58
1387	2	-9	-2	-7	4.44
1388	3	-8	-2	-7	5.06
1389	3	-8	-2	-7	5.06
1390	3	-8	-2	-7	5.06
1391	3	-8	-2	-7	5.06
1392	3	-6	-2	-7	5.07
1393	3	-6	-2	-7	5.07
1394	3	-5	-2	-7	5.36
1395	3	-5	-2	-7	5.36
1396	4	-5	-2	-7	6.29
1397	4	-5	-2	-7	6.29
1398	4	-5	-3	-7	7.24
1399	4	-5	-3	-7	7.24
1400	4	-4	-3	-7	7.59
1401	4	-4	-3	-7	7.59
1402	4	0	-3	-7	9.89
1403	4	0	-3	-7	9.89
1404	5	-1	-3	-7	9.98
1405	5	-1	-3	-7	9.98
1406	4	-1	-3	-7	9.20
1407	4	-1	-3	-7	9.20
1408	4	-1	4	-9	8.00
1409	4	-1	4	-9	8.00
1410	4	0	4	-9	9.00
1411	4	0	4	-9	9.00
1412	4	-1	4	-9	8.00
1413	4	-1	4	-9	8.00
1414	4	-2	4	-9	7.00
1415	4	-2	4	-9	7.00
1416	4	-2	4	-9	7.00
1417	4	-2	4	-9	7.00
1418	3	-3	4	-9	6.08
1419	3	-3	4	-9	6.08
1420	3	-3	4	-9	6.08
1421	3	-3	4	-9	6.08
1422	1	-2	4	-9	7.61
1423	1	-2	4	-9	7.61
1424	0	0	4	-9	9.84
1425	0	0	4	-9	9.84
1426	-1	-1	4	-9	9.42
1427	-1	-1	4	-9	9.42
1428	-2	-2	4	-9	9.20
1429	-2	-2	4	-9	9.20
1430	-3	-3	4	-9	9.19
1431	-3	-3	4	-9	9.19
1432	-4	-4	4	-9	9.39
1433	-5	-5	4	-9	9.79
1434	-5	-5	4	-9	9.79
1435	-7	-6	4	-9	11.31
1436	-7	-6	4	-9	11.31
1437	-7	-7	4	-9	11.07
1438	-7	-7	4	-9	11.07
1439	-8	-7	4	-9	12.05
1440	-8	-7	5	7	19.08
1441	-8	-7	5	7	19.08
1442	-9	-6	5	7	19.08
1443	-10	-7	5	7	20.49
1444	-10	-7	5	8	21.18
1445	-10	-7	5	8	21.18
1446	-10	-7	5	8	21.18
1447	-11	-6	5	8	21.23
1448	-11	-6	5	9	21.89
1449	-13	-5	5	9	22.76
1450	-13	-5	5	9	22.76
1451	-14	-4	5	9	22.97
1452	-14	-4	5	10	23.54
1453	-15	-3	5	10	23.79
1454	-15	-3	5	10	23.79
1455	-17	-1	5	10	24.50
1456	-17	-1	5	11	24.95
1457	-19	0	5	11	26.26
1458	-19	0	5	11	26.26
1459	-21	2	5	11	27.33
1460	-21	2	5	12	27.64
1461	-21	2	5	12	27.64
1462	-21	2	5	12	27.64
1463	-22	3	5	12	28.21
1464	-22	3	5	13	28.51
1465	-22	4	5	13	28.15
1466	-22	4	5	13	28.15
1467	-23	4	5	13	29.08
1468	-23	4	5	14	29.37
1469	-24	5	5	14	29.95
1470	-24	5	5	14	29.95
1471	-26	5	5	14	31.83
1472	-26	5	-20	-13	18.96
1473	-27	5	-20	-13	19.30
1474	-27	5	-20	-13	19.30
1475	-29	5	-21	-13	19.68
1476	-29	5	-21	-13	19.68
1477	-29	5	-21	-13	19.68
1478	-29	5	-22	-14	20.23
1479	-30	5	-22	-14	20.59
1480	-30	5	-23	-14	20.23
1481	-31	5	-23	-14	20.59
1482	-31	5	-23	-14	20.59
1483	-31	4	-24	-15	20.23
1484	-31	4	-24	-15	20.23
1485	-31	4	-24	-15	20.23
1486	-31	4	-25	-15	19.91
1487	-31	4	-25	-15	19.91
1488	-31	4	-26	-16	20.60
1489	-31	3	-26	-16	19.63
1490	-31	3	-26	-16	19.63
1491	-31	3	-27	-16	19.41
1492	-30	2	-27	-16	18.24
1493	-30	2	-27	-16	18.24
1494	-30	2	-28	-17	19.10
1495	-29	2	-28	-17	19.03
1496	-29	2	-29	-17	19.00
1497	-27	2	-29	-17	19.10
1498	-27	2	-29	-17	19.10
1499	-26	3	-30	-18	21.37
1500	-24	2	-30	-18	20.85
1501	-24	2	-30	-18	20.85
1502	-23	0	-31	-18	19.64
1503	-21	-1	-31	-18	19.63
1504	-21	-1	-44	17	28.95
1505	-20	-1	-44	17	29.73
1506	-19	-1	-45	17	31.32
1507	-19	-1	-45	18	31.87
1508	-19	0	-46	18	32.07
1509	-19	0	-46	18	32.07
1510	-19	0	-47	19	33.40
1511	-18	0	-47	19	34.21
1512	-17	0	-48	20	36.34
1513	-17	0	-49	20	37.16
1514	-16	0	-49	20	37.99
1515	-16	0	-50	21	39.29
1516	-14	-3	-50	21	42.65
1517	-14	-3	-51	21	43.46
1518	-12	-3	-51	22	45.58
1519	-12	-3	-52	22	46.39
1520	-11	-3	-53	23	48.50
1521	-11	-3	-53	23	48.50
1522	-9	-3	-54	23	50.98
1523	-9	-3	-54	24	51.41
1524	-8	-4	-55	24	53.62
1525	-6	-4	-55	24	55.28
1526	-6	-4	-56	25	56.52
1527	-6	-3	-56	25	55.97
1528	-5	-3	-57	26	58.02
1529	-5	-3	-58	26	58.85
1530	-5	-5	-58	26	59.96
1531	-5	-6	-59	27	61.74
1532	-5	-6	-59	27	61.74
1533	-4	-5	-60	27	62.82
1534	-4	-5	-60	28	63.20
1535	-4	-4	-61	28	63.45
1536	-4	-4	-16	-7	12.31
1537	-4	-4	-15	-7	11.35
1538	-4	-4	-15	-7	11.35
1539	-4	-5	-15	-7	11.12
1540	-4	-5	-15	-7	11.12
1541	-4	-3	-15	-7	11.66
1542	-4	-2	-15	-8	12.49
1543	-4	-2	-14	-8	11.63
1544	-4	-2	-14	-8	11.63
1545	-4	-2	-14	-8	11.63
1546	-4	-2	-14	-8	11.63
1547	-3	-3	-14	-9	12.47
1548	-3	-3	-14	-9	12.47
1549	-3	-2	-13	-9	12.16
1550	-3	-2	-13	-9	12.16
1551	-1	0	-13	-9	14.96
1552	-1	0	-13	-10	15.57
1553	0	2	-13	-10	17.65
1554	0	2	-13	-10	17.65
1555	0	3	-13	-10	18.35
1556	0	3	-12	-10	17.66
1557	1	5	-12	-10	19.82
1558	1	5	-12	-11	20.58
1559	1	7	-12	-11	22.17
1560	1	7	-12	-11	22.17
1561	2	8	-12	-11	23.56
1562	2	8	-11	-11	22.99
1563	2	9	-11	-12	24.66
1564	2	9	-11	-12	24.66
1565	2	10	-11	-12	25.51
1566	2	10	-11	-12	25.51
1567	3	11	-11	-12	26.88
1568	3	11	13	-7	20.57
1569	3	12	13	-7	21.44
1570	3	12	14	-7	21.92
1571	3	12	14	-7	21.92
1572	3	12	15	-7	22.44
1573	3	12	15	-7	22.44
1574	3	12	16	-7	22.98
1575	3	12	16	-7	22.98
1576	2	14	17	-7	25.74
1577	2	14	17	-7	25.74
1578	1	14	18	-7	26.94
1579	1	14	18	-8	27.72
1580	1	13	19	-8	27.58
1581	1	13	19	-8	27.58
1582	1	13	20	-8	28.24
1583	1	13	20	-8	28.24
1584	0	12	21	-8	28.91
1585	0	12	22	-8	29.64
1586	1	12	22	-8	28.91
1587	1	12	23	-8	29.64
1588	1	11	23	-8	28.99
1589	1	11	24	-8	29.74
1590	1	10	24	-9	29.75
1591	1	10	25	-9	30.52
1592	0	10	25	-9	31.31
1593	0	10	26	-9	32.10
1594	0	9	26	-9	31.53
1595	0	9	27	-9	32.36
1596	0	8	27	-9	31.82
1597	0	8	28	-9	32.67
1598	0	4	28	-9	30.79
1599	0	4	29	-9	31.70
1600	1	1	10	26	26.46
1601	1	1	10	26	26.46
1602	1	1	10	26	26.46
1603	1	0	10	27	28.35
1604	1	-2	10	27	30.27
1605	1	-2	11	28	31.50
1606	1	-3	11	28	32.46
1607	1	-3	11	29	33.41
1608	2	-5	11	29	35.08
1609	2	-5	11	30	36.05
1610	3	-7	12	30	38.00
1611	3	-7	12	31	38.96
1612	3	-8	12	31	39.94
1613	3	-8	12	32	40.91
1614	2	-9	13	32	42.33
1615	2	-9	13	33	43.29
1616	1	-10	13	33	44.50
1617	1	-10	13	33	44.50
1618	0	-12	13	34	47.63
1619	0	-12	14	34	47.89
1620	0	-14	14	35	50.77
1621	0	-14	14	35	50.77
1622	0	-14	14	36	51.72
1623	-2	-15	15	36	53.47
1624	-2	-15	15	37	54.41
1625	-2	-15	15	37	54.41
1626	-2	-15	15	38	55.35
1627	-2	-15	15	38	55.35
1628	-2	-15	16	39	56.56
1629	-3	-15	16	39	56.85
1630	-3	-15	16	40	57.77
1631	-3	-16	16	40	58.73
1632	-3	-16	-1	-9	7.27
1633	-4	-17	-1	-9	8.52
1634	-4	-17	-1	-9	8.52
1635	-4	-17	-1	-9	8.52
1636	-4	-17	-1	-10	7.58
1637	-5	-16	-1	-10	7.15
1638	-5	-16	-1	-10	7.15
1639	-6	-16	-1	-11	6.97
1640	-7	-15	-1	-11	7.08
1641	-7	-15	-1	-11	7.08
1642	-9	-15	-1	-12	8.34
1643	-9	-15	-1	-12	8.34
1644	-11	-16	-1	-12	10.49
1645	-11	-16	-1	-13	10.13
1646	-13	-16	-1	-13	12.00
1647	-14	-16	-1	-13	12.94
1648	-14	-16	-2	-14	11.76
1649	-15	-17	-2	-14	12.88
1650	-15	-17	-2	-14	12.88
1651	-15	-17	-2	-14	12.88
1652	-15	-16	-2	-15	12.56
1653	-15	-16	-2	-15	12.56
1654	-15	-16	-2	-15	12.56
1655	-16	-15	-2	-16	13.53
1656	-16	-15	-2	-16	13.53
1657	-16	-15	-2	-16	13.53
1658	-17	-12	-2	-17	15.35
1659	-17	-12	-2	-17	15.35
1660	-19	-11	-2	-17	17.54
1661	-19	-11	-2	-18	17.87
1662	-20	-9	-2	-18	19.66
1663	-20	-9	-2	-18	19.66
1664	-21	-9	-7	-33	27.26
1665	-21	-9	-7	-33	27.26
1666	-23	-7	-7	-34	30.78
1667	-23	-7	-7	-34	30.78
1668	-24	-4	-7	-35	34.77
1669	-24	-4	-7	-35	34.77
1670	-24	-3	-7	-36	36.55
1671	-24	-3	-7	-36	36.55
1672	-24	-3	-8	-37	37.05
1673	-24	-3	-8	-37	37.05
1674	-24	-3	-8	-38	37.94
1675	-24	-3	-8	-38	37.94
1676	-23	-2	-8	-39	39.45
1677	-23	-2	-8	-39	39.45
1678	-23	-1	-8	-40	41.32
1679	-23	-1	-8	-40	41.32
1680	-22	0	-9	-41	42.66
1681	-22	0	-9	-42	43.61
1682	-22	1	-9	-42	44.58
1683	-22	1	-9	-43	45.52
1684	-22	1	-9	-43	45.52
1685	-22	1	-9	-44	46.47
1686	-22	2	-9	-44	47.45
1687	-22	2	-9	-45	48.40
1688	-21	3	-10	-45	48.99
1689	-21	3	-10	-46	49.96
1690	-19	3	-10	-46	49.65
1691	-19	3	-10	-47	50.62
1692	-18	4	-10	-47	51.49
1693	-18	4	-10	-48	52.47
1694	-17	3	-10	-48	51.37
1695	-17	3	-10	-49	52.35
1696	-17	3	-39	-2	22.55
1697	-16	4	-39	-1	23.52
1698	-16	4	-40	-1	24.50
1699	-16	5	-40	-1	24.71
1700	-15	6	-41	-1	26.89
1701	-15	6	-41	0	26.64
1702	-14	6	-42	0	28.58
1703	-14	6	-42	0	28.58
1704	-14	6	-43	0	29.56
1705	-14	4	-44	0	30.24
1706	-13	4	-44	0	31.23
1707	-12	5	-45	0	33.33
1708	-12	5	-45	0	33.33
1709	-11	5	-46	0	35.31
1710	-11	5	-46	1	35.17
1711	-11	4	-47	1	36.09
1712	-11	4	-48	1	37.08
1713	-9	4	-48	1	39.07
1714	-9	4	-49	1	40.07
1715	-8	5	-49	2	41.03
1716	-6	6	-50	2	44.06
1717	-6	6	-50	2	44.06
1718	-4	6	-51	2	47.04
1719	-2	7	-51	3	48.95
1720	-2	7	-52	3	49.95
1721	0	8	-53	3	52.96
1722	0	8	-53	3	52.96
1723	2	9	-54	3	55.96
1724	2	9	-54	4	55.81
1725	2	9	-55	4	56.80
1726	5	8	-55	4	59.76
1727	5	8	-56	4	60.75
1728	11	7	-13	15	24.85
1729	11	7	-12	15	23.93
1730	15	8	-12	15	27.34
1731	15	8	-12	16	27.56
1732	18	8	-12	16	30.37
1733	18	8	-12	16	30.37
1734	20	10	-12	17	31.85
1735	22	12	-12	17	33.25
1736	22	12	-12	18	33.33
1737	24	13	-11	18	34.04
1738	24	13	-11	18	34.04
1739	27	15	-11	19	36.49
1740	28	19	-11	19	36.80
1741	28	19	-11	19	36.80
1742	27	23	-11	20	35.39
1743	27	23	-11	20	35.39
1744	24	25	-11	21	32.38
1745	24	25	-10	21	31.47
1746	21	26	-10	21	28.80
1747	17	24	-10	22	24.90
1748	17	24	-10	22	24.90
1749	14	22	-10	22	22.23
1750	14	22	-10	23	22.17
1751	12	19	-10	23	20.90
1752	12	19	-10	24	21.05
1753	11	16	-9	24	20.40
1754	11	13	-9	24	21.88
1755	11	13	-9	25	22.35
1756	10	11	-9	25	22.81
1757	10	11	-9	25	22.81
1758	10	11	-9	26	23.39
1759	9	8	-9	26	24.84
1760	9	8	39	11	29.73
1761	8	7	39	11	30.86
1762	8	7	40	11	31.84
1763	8	7	41	11	32.82
1764	8	6	42	11	33.97
1765	7	5	43	11	36.12
1766	6	4	44	11	38.28
1767	6	4	45	11	39.26
1768	5	2	46	12	41.84
1769	5	2	46	12	41.84
1770	5	2	47	12	42.80
1771	4	1	48	12	45.00
1772	2	1	49	12	47.88
1773	1	2	50	12	49.56
1774	1	2	51	12	50.53
1775	0	2	52	12	52.48
1776	0	2	53	13	53.57
1777	0	2	53	13	53.57
1778	0	1	54	13	54.79
1779	0	1	55	13	55.76
1780	-1	1	56	13	57.69
1781	-1	1	57	13	58.66
1782	0	1	58	13	58.66
1783	0	1	59	13	59.62
1784	0	2	60	14	60.44
1785	0	2	60	14	60.44
1786	0	2	61	14	61.41
1787	0	3	62	14	62.12
1788	0	3	63	14	63.09
1789	0	4	64	14	63.82
1790	0	4	65	14	64.79
1791	0	4	66	14	65.76
