frame_id	phi	theta	est_phi	est_theta	err_phi	err_theta	speed	err_ang
0	162	-18	0	0	154.76
1	162	-18	0	0	154.76
2	162	-18	0	0	154.76
3	162	-18	0	0	154.76
4	162	-18	0	0	154.76
5	162	-18	0	0	154.76
6	162	-18	0	0	154.76
7	162	-18	0	0	154.76
8	162	-18	0	0	154.76
9	162	-18	0	0	154.76
10	162	-18	0	0	154.76
11	162	-18	0	0	154.76
12	162	-18	0	0	154.76
13	162	-18	0	0	154.76
14	162	-18	0	0	154.76
15	162	-17	0	0	155.44
16	162	-17	0	0	155.44
17	163	-17	0	0	156.14
18	162	-16	0	0	156.09
19	162	-16	0	0	156.09
20	163	-15	0	0	157.48
21	162	-14	0	0	157.34
22	162	-13	0	0	157.92
23	162	-13	0	0	157.92
24	162	-12	0	0	158.48
25	162	-12	0	0	158.48
26	162	-11	0	0	159.00
27	162	-11	0	0	159.00
28	162	-11	0	0	159.00
29	163	-11	0	0	159.84
30	163	-11	0	0	159.84
31	163	-11	0	0	159.84
32	163	-11	162	-18	7.07
33	163	-11	162	-18	7.07
34	163	-11	162	-18	7.07
35	163	-11	162	-18	7.07
36	163	-11	162	-18	7.07
37	163	-11	162	-18	7.07
38	163	-11	162	-18	7.07
39	163	-11	162	-18	7.07
40	163	-10	162	-18	8.06
41	163	-8	162	-18	10.05
42	163	-6	162	-18	12.04
43	163	-4	162	-18	14.03
44	163	-2	162	-18	16.03
45	163	0	162	-18	18.03
46	163	1	162	-18	19.03
47	163	2	162	-18	20.02
48	164	3	162	-18	21.09
49	164	5	162	-18	23.08
50	164	6	162	-18	24.08
51	165	7	162	-18	25.17
52	165	9	162	-18	27.16
53	165	9	162	-18	27.16
54	165	9	162	-18	27.16
55	166	10	162	-18	28.28
56	166	10	162	-18	28.28
57	166	10	162	-18	28.28
58	166	10	162	-18	28.28
59	167	10	162	-18	28.43
60	167	10	162	-18	28.43
61	168	10	162	-18	28.62
62	168	11	162	-18	29.60
63	168	11	162	-18	29.60
64	169	11	164	-4	15.80
65	169	10	164	-3	13.92
66	170	11	164	-3	15.22
67	170	11	164	-3	15.22
68	170	10	164	-3	14.31
69	170	9	164	-2	12.52
70	171	8	164	-2	12.20
71	172	6	164	-2	11.31
72	173	4	164	-2	10.81
73	174	3	164	-2	11.18
74	176	2	164	-1	12.37
75	177	2	164	-1	13.34
76	178	2	164	-1	14.32
77	179	2	164	-1	15.29
78	179	2	164	0	15.13
79	-179	2	164	0	17.11
80	-179	3	164	0	17.25
81	-179	3	164	0	17.25
82	-179	4	164	0	17.45
83	-179	4	164	0	17.45
84	-178	5	164	0	18.66
85	-177	5	164	0	19.62
86	-177	6	164	0	19.89
87	-176	7	164	1	20.82
88	-176	9	164	1	21.45
89	-177	11	164	1	21.36
90	-176	12	164	1	22.68
91	-176	14	164	1	23.67
92	-176	15	164	2	23.63
93	-176	16	164	2	24.17
94	-176	16	164	2	24.17
95	-175	16	164	2	24.98
96	-175	17	175	33	18.36
97	-175	18	175	33	17.48
98	-175	18	175	34	18.33
99	-175	19	175	35	18.29
100	-176	19	175	35	17.88
101	-176	19	175	36	18.76
102	-176	19	176	37	19.32
103	-177	19	176	37	19.02
104	-177	20	176	38	19.00
105	-177	20	176	39	19.94
106	-177	20	176	39	19.94
107	-178	21	177	40	19.47
108	-178	21	177	41	20.44
109	-178	21	177	41	20.44
110	-177	21	177	42	21.60
111	-177	21	177	43	22.57
112	-177	21	178	44	23.37
113	-177	21	178	44	23.37
114	-177	21	178	45	24.35
115	-176	21	178	46	25.48
116	-176	21	178	46	25.48
117	-176	21	178	47	26.45
118	-176	20	179	48	28.29
119	-176	21	179	48	27.30
120	-176	21	179	49	28.28
121	-176	21	179	50	29.27
122	-176	21	179	50	29.27
123	-177	21	-180	51	30.09
124	-177	21	-180	52	31.09
125	-176	20	-180	52	32.15
126	-177	21	-180	53	32.08
127	-176	20	-180	54	34.14
128	-177	19	-159	23	17.26
129	-177	19	-158	23	18.17
130	-177	19	-158	23	18.17
131	-178	19	-157	23	19.99
132	-179	19	-157	23	20.90
133	-179	18	-156	23	22.09
134	-179	18	-156	24	22.26
135	-178	18	-155	24	22.26
136	-177	19	-155	24	21.05
137	-177	18	-154	24	22.26
138	-177	18	-154	24	22.26
139	-177	17	-153	25	23.75
140	-177	17	-153	25	23.75
141	-178	17	-152	25	25.50
142	-178	17	-152	25	25.50
143	-178	18	-151	25	26.03
144	-178	18	-151	26	26.22
145	-179	18	-150	26	27.98
146	-179	17	-150	26	28.37
147	-179	17	-149	26	29.25
148	-179	18	-149	26	28.87
149	-179	18	-148	26	29.75
150	-179	18	-148	27	29.93
151	179	18	-147	27	32.56
152	179	18	-147	27	32.56
153	179	18	-146	27	33.44
154	179	18	-146	27	33.44
155	179	18	-145	28	34.47
156	179	18	-145	28	34.47
157	179	18	-144	28	35.34
158	179	18	-144	28	35.34
159	179	17	-143	28	36.62
160	179	18	-179	21	3.54
161	179	17	-179	21	4.42
162	178	18	-179	21	4.12
163	178	18	-179	21	4.12
164	178	18	-179	21	4.12
165	179	18	-179	21	3.54
166	178	18	-179	21	4.12
167	178	18	-179	21	4.12
168	179	18	-179	21	3.54
169	179	18	-179	21	3.54
170	179	18	-179	21	3.54
171	179	18	-179	21	3.54
172	178	18	-179	21	4.12
173	178	18	-179	21	4.12
174	178	18	-179	21	4.12
175	178	18	-179	21	4.12
176	178	18	-180	22	4.42
177	178	18	-180	22	4.42
178	178	18	-180	22	4.42
179	178	18	-180	22	4.42
180	178	18	-180	22	4.42
181	177	18	-180	22	4.89
182	177	18	-180	22	4.89
183	177	18	-180	22	4.89
184	178	18	-180	22	4.42
185	178	17	-180	22	5.34
186	178	17	-180	22	5.34
187	178	17	-180	22	5.34
188	178	18	-180	22	4.42
189	177	18	-180	22	4.89
190	177	18	-180	22	4.89
191	177	18	-180	22	4.89
192	177	18	175	17	2.15
193	177	18	174	16	3.50
194	177	18	174	16	3.50
195	177	17	174	16	3.05
196	177	17	174	16	3.05
197	177	16	174	16	2.88
198	177	16	174	16	2.88
199	177	15	174	16	3.06
200	177	15	174	16	3.06
201	176	15	173	16	3.06
202	176	15	173	16	3.06
203	176	15	173	16	3.06
204	176	15	173	16	3.06
205	176	15	173	16	3.06
206	176	15	173	16	3.06
207	176	15	173	16	3.06
208	176	15	173	16	3.06
209	176	15	172	16	3.98
210	176	15	172	16	3.98
211	176	15	172	16	3.98
212	176	14	172	16	4.35
213	176	14	172	16	4.35
214	176	14	172	16	4.35
215	176	14	172	16	4.35
216	176	14	172	16	4.35
217	176	14	171	16	5.23
218	176	14	171	16	5.23
219	176	14	171	16	5.23
220	176	14	171	16	5.23
221	176	14	171	16	5.23
222	176	14	171	16	5.23
223	176	14	171	16	5.23
224	176	14	175	18	4.11
225	176	14	174	18	4.44
226	176	14	174	18	4.44
227	176	14	174	18	4.44
228	176	13	174	18	5.36
229	176	13	174	18	5.36
230	176	13	174	18	5.36
231	176	13	174	18	5.36
232	176	13	174	18	5.36
233	176	13	174	18	5.36
234	176	13	174	18	5.36
235	176	14	174	18	4.44
236	176	14	174	18	4.44
237	176	14	174	18	4.44
238	176	15	174	18	3.56
239	176	15	174	18	3.56
240	176	15	174	18	3.56
241	176	15	173	18	4.16
242	176	16	173	18	3.50
243	176	16	173	18	3.50
244	176	16	173	18	3.50
245	176	16	173	18	3.50
246	176	17	173	18	3.03
247	176	17	173	18	3.03
248	175	18	173	18	1.90
249	175	19	173	18	2.14
250	175	20	173	18	2.75
251	175	22	173	18	4.42
252	175	23	173	18	5.34
253	175	23	173	18	5.34
254	175	24	173	18	6.28
255	175	24	173	18	6.28
256	175	23	175	10	13.00
257	175	23	174	9	14.03
258	175	23	174	9	14.03
259	176	23	174	9	14.13
260	176	23	174	9	14.13
261	175	23	174	9	14.03
262	175	23	174	9	14.03
263	175	23	174	9	14.03
264	175	23	174	9	14.03
265	175	23	174	8	15.03
266	175	23	174	8	15.03
267	175	23	174	8	15.03
268	175	23	174	8	15.03
269	175	22	174	8	14.03
270	176	22	174	8	14.13
271	176	21	174	8	13.14
272	176	18	174	8	10.19
273	176	14	174	7	7.27
274	177	10	174	7	4.22
275	176	7	174	7	1.99
276	176	5	174	7	2.82
277	175	4	174	7	3.16
278	175	5	174	7	2.23
279	175	6	174	7	1.41
280	175	6	174	7	1.41
281	175	6	174	6	0.99
282	175	6	174	6	0.99
283	175	5	174	6	1.41
284	175	5	174	6	1.41
285	175	4	174	6	2.23
286	175	4	174	6	2.23
287	175	3	174	6	3.16
288	175	3	174	32	29.02
289	176	3	173	32	29.14
290	176	3	173	32	29.14
291	177	3	173	32	29.24
292	177	3	173	33	30.23
293	177	3	173	33	30.23
294	176	2	173	33	31.13
295	176	2	173	33	31.13
296	176	1	173	34	33.12
297	177	1	173	34	33.21
298	177	1	173	34	33.21
299	177	1	173	35	34.20
300	177	0	173	35	35.20
301	177	1	173	35	34.20
302	177	1	173	35	34.20
303	177	2	173	36	34.20
304	177	3	173	36	33.21
305	177	4	173	36	32.21
306	177	4	173	37	33.20
307	177	4	173	37	33.20
308	177	5	173	37	32.21
309	177	5	173	37	32.21
310	177	6	173	38	32.21
311	177	7	173	38	31.21
312	177	8	173	38	30.22
313	178	7	173	39	32.32
314	177	7	173	39	32.20
315	178	9	173	39	30.33
316	179	10	173	39	29.49
317	179	10	173	40	30.47
318	178	11	173	40	29.34
319	178	11	173	40	29.34
320	178	10	175	-17	27.16
321	178	9	175	-17	26.17
322	179	9	175	-18	27.29
323	179	8	175	-18	26.30
324	178	8	175	-19	27.16
325	178	8	175	-20	28.16
326	178	8	175	-20	28.16
327	178	9	175	-21	30.14
328	178	9	175	-22	31.14
329	178	9	175	-22	31.14
330	178	9	175	-23	32.13
331	177	9	175	-23	32.06
332	178	10	175	-24	34.13
333	178	10	175	-25	35.12
334	178	10	175	-25	35.12
335	178	10	175	-26	36.12
336	179	10	175	-27	37.20
337	179	11	175	-27	38.20
338	179	11	175	-28	39.19
339	180	11	175	-28	39.30
340	-179	11	175	-29	40.42
341	-178	11	175	-30	41.55
342	-176	11	175	-30	41.91
343	-175	11	175	-31	43.08
344	-175	12	175	-32	45.03
345	-174	13	175	-32	46.22
346	-173	13	175	-33	47.41
347	-173	14	175	-33	48.38
348	-173	14	175	-34	49.34
349	-172	14	175	-35	50.53
350	-172	15	175	-35	51.50
351	-172	15	175	-36	52.46
352	-172	14	-179	17	7.38
353	-173	13	-179	17	7.04
354	-174	10	-179	17	8.52
355	-174	8	-179	17	10.24
356	-175	6	-179	17	11.68
357	-176	3	-179	18	15.29
358	-177	0	-179	18	18.11
359	-178	-2	-179	18	20.02
360	-178	-5	-179	18	23.02
361	-179	-8	-179	18	26.00
362	-179	-9	-179	19	28.00
363	180	-11	-178	19	30.06
364	179	-11	-178	19	30.15
365	178	-12	-178	19	31.25
366	178	-13	-178	20	33.23
367	178	-14	-178	20	34.23
368	178	-14	-178	20	34.23
369	178	-14	-178	20	34.23
370	177	-14	-178	20	34.35
371	177	-14	-178	21	35.34
372	178	-14	-178	21	35.22
373	178	-14	-178	21	35.22
374	178	-14	-177	21	35.34
375	178	-14	-177	22	36.33
376	178	-15	-177	22	37.32
377	177	-15	-177	22	37.46
378	177	-16	-177	22	38.45
379	177	-18	-177	22	40.43
380	177	-19	-177	23	42.41
381	177	-21	-177	23	44.39
382	177	-23	-177	23	46.37
383	177	-24	-177	23	47.36
384	177	-25	-162	18	47.62
385	177	-25	-161	18	48.04
386	177	-26	-161	18	48.92
387	176	-27	-161	18	50.23
388	176	-27	-160	18	50.67
389	176	-27	-160	18	50.67
390	176	-27	-160	18	50.67
391	176	-27	-159	18	51.12
392	176	-26	-159	19	51.14
393	176	-25	-159	19	50.28
394	176	-24	-158	19	49.91
395	176	-23	-158	19	49.08
396	176	-21	-158	19	47.41
397	176	-19	-157	19	46.32
398	177	-18	-157	19	44.96
399	176	-18	-157	19	45.52
400	176	-18	-157	20	46.32
401	176	-18	-156	20	46.89
402	176	-17	-156	20	46.10
403	176	-16	-156	20	45.31
404	176	-14	-155	20	44.38
405	176	-11	-155	20	42.14
406	176	-8	-155	20	39.98
407	176	-5	-154	20	38.66
408	177	-2	-154	21	36.53
409	177	0	-154	21	35.26
410	177	2	-153	21	34.86
411	177	4	-153	21	33.74
412	177	6	-153	21	32.70
413	178	6	-152	21	32.70
414	178	7	-152	21	32.20
415	178	8	-152	21	31.73
416	178	8	166	-64	72.57
417	178	9	165	-65	74.64
418	178	10	165	-66	76.61
419	177	11	164	-67	78.58
420	177	11	164	-68	79.55
421	177	11	164	-70	81.50
422	177	12	163	-71	83.55
423	178	12	163	-72	84.59
424	178	13	163	-73	86.56
425	178	14	162	-74	88.59
426	178	15	162	-76	91.52
427	177	16	162	-77	93.42
428	177	17	161	-78	95.44
429	177	19	161	-79	98.40
430	177	21	161	-81	102.33
431	177	22	160	-82	104.33
432	177	24	160	-83	107.29
433	177	24	160	-84	108.25
434	176	25	159	-85	110.21
435	176	25	159	-87	112.13
436	176	26	159	-88	114.09
437	176	27	158	-89	116.05
438	176	27	158	-90	117.00
439	176	28	158	-90	118.00
440	175	28	157	-90	118.00
441	175	29	157	-90	119.00
442	175	29	157	-90	119.00
443	175	30	156	-90	120.00
444	175	30	156	-90	120.00
445	175	30	156	-90	120.00
446	175	30	155	-90	120.00
447	175	31	155	-90	121.00
448	175	31	179	41	10.51
449	175	31	179	42	11.46
450	175	31	179	43	12.41
451	175	31	179	44	13.38
452	176	31	179	45	14.20
453	177	31	179	46	15.08
454	179	30	179	47	17.00
455	-176	29	179	48	19.39
456	-172	29	179	49	21.15
457	-169	28	179	50	23.83
458	-167	27	179	51	26.25
459	-166	26	179	52	28.36
460	-164	26	179	53	29.85
461	-163	24	179	54	32.89
462	-162	23	179	55	34.99
463	-161	22	179	56	37.08
464	-160	22	179	57	38.22
465	-160	21	179	58	40.02
466	-159	21	179	59	41.15
467	-159	21	179	60	42.00
468	-158	21	179	61	43.11
469	-157	20	179	62	45.17
470	-156	20	179	63	46.26
471	-156	19	179	64	48.07
472	-155	18	179	65	50.11
473	-154	16	179	66	53.12
474	-153	14	179	67	56.12
475	-152	13	179	68	58.14
476	-151	11	179	69	61.13
477	-150	10	179	70	63.13
478	-150	10	179	71	63.96
479	-150	9	179	72	65.77
480	-150	9	172	54	54.27
481	-150	8	171	54	55.60
482	-150	8	171	55	56.26
483	-150	8	171	56	56.93
484	-149	7	171	56	58.25
485	-148	7	171	57	59.32
486	-147	7	171	58	60.38
487	-146	6	171	59	62.34
488	-146	6	171	59	62.34
489	-146	6	171	60	62.99
490	-147	5	171	61	64.21
491	-148	5	170	61	64.21
492	-148	5	170	62	64.88
493	-149	5	170	63	65.23
494	-149	5	170	64	65.93
495	-149	5	170	64	65.93
496	-151	5	170	65	66.04
497	-153	4	170	66	67.18
498	-158	4	170	66	65.93
499	-163	4	170	67	65.70
500	-169	4	170	68	65.57
501	-174	5	170	69	64.88
502	-179	6	169	69	63.50
503	175	7	169	70	63.12
504	172	7	169	71	64.03
505	168	6	169	71	65.00
506	165	6	169	72	66.05
507	161	6	169	73	67.18
508	157	7	169	74	67.37
509	153	7	169	74	67.66
510	150	8	169	75	67.87
511	148	8	169	76	68.98
512	147	8	-115	-13	99.53
513	146	8	-113	-13	102.44
514	146	9	-112	-14	103.72
515	145	9	-111	-15	105.74
516	144	9	-110	-15	107.67
517	143	9	-109	-16	109.66
518	143	9	-108	-17	110.69
519	142	9	-107	-17	112.60
520	141	9	-106	-18	114.54
521	141	9	-105	-19	115.52
522	141	9	-104	-19	116.46
523	140	9	-102	-20	119.29
524	140	8	-101	-21	119.87
525	140	7	-100	-21	120.46
526	140	6	-99	-22	120.94
527	139	5	-98	-23	122.24
528	138	4	-97	-24	123.44
529	138	2	-96	-24	123.42
530	136	1	-95	-25	125.29
531	135	0	-94	-26	126.13
532	133	0	-93	-26	128.63
533	132	-1	-92	-27	129.27
534	132	-2	-90	-28	129.75
535	132	-2	-89	-28	130.51
536	132	-3	-88	-29	130.07
537	131	-3	-87	-30	130.94
538	130	-2	-86	-30	133.06
539	128	-3	-85	-31	133.70
540	126	-3	-84	-32	134.89
541	125	-3	-83	-32	136.06
542	123	-3	-82	-33	136.93
543	123	-3	-81	-34	136.64
544	122	-4	84	7	39.49
545	121	-4	82	6	40.21
546	121	-4	80	6	42.14
547	121	-4	78	6	44.09
548	121	-4	76	6	46.03
549	122	-3	74	6	48.77
550	124	-3	72	6	52.70
551	125	-3	70	6	55.65
552	126	-3	68	6	58.61
553	127	-3	66	6	61.57
554	128	-4	64	6	64.68
555	130	-4	62	6	68.63
556	134	-4	60	6	74.56
557	140	-4	58	6	82.49
558	147	-4	56	6	91.41
559	155	-5	54	6	101.43
560	162	-5	52	6	110.36
561	168	-6	50	6	118.38
562	171	-6	48	6	123.34
563	172	-7	46	6	126.37
564	172	-7	44	6	128.35
565	171	-7	42	6	129.34
566	171	-6	40	6	131.29
567	171	-6	38	6	133.27
568	170	-6	36	6	134.27
569	169	-6	34	6	135.26
570	168	-6	32	6	136.25
571	168	-7	30	6	138.27
572	168	-7	28	6	140.26
573	169	-7	26	6	143.23
574	170	-8	24	6	146.20
575	171	-8	22	6	149.17
576	171	-8	97	-16	72.50
577	171	-8	96	-16	73.46
578	171	-8	95	-16	74.42
579	172	-8	94	-17	76.26
580	172	-8	93	-17	77.21
581	173	-8	93	-17	78.16
582	175	-8	92	-18	80.92
583	177	-7	91	-18	84.06
584	-180	-7	90	-19	87.73
585	-176	-7	89	-19	92.41
586	-172	-7	89	-19	96.15
587	-167	-6	88	-20	101.90
588	-161	-6	87	-20	108.32
589	-156	-6	86	-20	113.77
590	-152	-7	86	-21	116.57
591	-150	-7	85	-21	119.20
592	-149	-7	84	-22	120.54
593	-148	-6	83	-22	122.76
594	-147	-6	82	-22	124.46
595	-146	-6	82	-23	124.87
596	-145	-6	81	-23	126.52
597	-144	-7	80	-23	127.56
598	-143	-7	79	-24	128.63
599	-141	-6	79	-24	130.80
600	-140	-6	78	-25	131.77
601	-138	-6	77	-25	133.96
602	-137	-6	76	-25	135.38
603	-136	-6	75	-26	136.09
604	-134	-6	75	-26	137.39
605	-133	-6	74	-26	138.64
606	-132	-6	73	-27	139.08
607	-131	-6	72	-27	140.20
608	-131	-6	-140	-12	10.72
609	-130	-6	-139	-12	10.72
610	-129	-6	-137	-12	9.92
611	-129	-5	-136	-12	9.84
612	-128	-4	-134	-12	9.96
613	-127	-4	-133	-12	9.96
614	-126	-3	-131	-12	10.27
615	-126	-4	-130	-12	8.93
616	-126	-4	-128	-13	9.21
617	-126	-3	-127	-13	10.05
618	-127	-3	-125	-13	10.19
619	-128	-2	-124	-13	11.69
620	-129	-1	-122	-13	13.86
621	-129	0	-121	-13	15.23
622	-130	0	-119	-13	16.97
623	-130	0	-118	-13	17.62
624	-129	0	-116	-14	19.02
625	-129	1	-114	-14	21.11
626	-128	1	-113	-14	21.11
627	-128	2	-111	-14	23.24
628	-128	2	-110	-14	23.96
629	-128	3	-108	-14	26.12
630	-128	4	-107	-14	27.53
631	-128	5	-105	-14	29.69
632	-128	6	-104	-15	31.73
633	-128	8	-102	-15	34.54
634	-128	9	-101	-15	35.95
635	-128	11	-99	-15	38.75
636	-128	13	-98	-15	40.81
637	-128	14	-96	-15	42.93
638	-128	15	-95	-15	44.32
639	-128	17	-93	-15	47.08
640	-128	18	-73	-4	58.49
641	-128	19	-71	-3	60.18
642	-128	20	-69	-3	62.26
643	-128	20	-67	-3	64.08
644	-128	20	-65	-3	65.91
645	-129	21	-63	-3	68.87
646	-129	21	-62	-3	69.79
647	-129	21	-60	-3	71.62
648	-130	21	-58	-3	74.37
649	-130	21	-56	-3	76.22
650	-130	21	-54	-3	78.07
651	-130	22	-53	-3	79.12
652	-129	22	-51	-3	80.04
653	-130	23	-49	-3	82.91
654	-130	23	-47	-3	84.75
655	-130	24	-45	-3	86.66
656	-130	24	-44	-3	87.57
657	-130	24	-42	-2	88.99
658	-130	25	-40	-2	90.85
659	-130	25	-38	-2	92.66
660	-131	25	-36	-2	95.38
661	-131	25	-34	-2	97.19
662	-132	25	-33	-2	99.00
663	-132	26	-31	-2	100.76
664	-132	26	-29	-2	102.55
665	-133	26	-27	-2	105.24
666	-133	26	-25	-2	107.03
667	-133	25	-24	-2	108.04
668	-133	25	-22	-2	109.84
669	-133	25	-20	-2	111.63
670	-133	24	-18	-2	113.58
671	-133	24	-16	-2	115.38
672	-134	23	-125	42	20.43
673	-135	23	-124	42	21.10
674	-136	23	-124	43	22.33
675	-137	23	-124	44	23.56
676	-138	23	-124	45	24.79
677	-138	23	-124	45	24.79
678	-139	24	-124	46	25.10
679	-139	24	-124	47	25.94
680	-140	24	-124	48	27.14
681	-140	24	-124	48	27.14
682	-139	24	-124	49	27.64
683	-139	24	-123	50	28.83
684	-140	24	-123	51	30.02
685	-140	24	-123	51	30.02
686	-140	24	-123	52	30.87
687	-140	24	-123	53	31.72
688	-140	25	-123	54	31.64
689	-140	25	-123	54	31.64
690	-140	25	-123	55	32.51
691	-140	24	-123	56	34.34
692	-140	24	-123	57	35.22
693	-140	24	-123	57	35.22
694	-140	24	-122	58	36.36
695	-141	24	-122	59	37.48
696	-141	24	-122	60	38.36
697	-141	24	-122	60	38.36
698	-142	24	-122	61	39.47
699	-142	24	-122	62	40.35
700	-143	24	-122	63	41.44
701	-143	24	-122	63	41.44
702	-144	24	-122	64	42.53
703	-146	24	-122	65	43.84
704	-148	24	-140	28	8.22
705	-151	24	-140	28	10.66
706	-153	24	-140	28	12.34
707	-155	24	-140	28	14.05
708	-156	24	-140	28	14.91
709	-158	23	-140	28	16.98
710	-159	23	-141	28	16.98
711	-160	24	-141	29	17.70
712	-160	24	-141	29	17.70
713	-160	24	-141	29	17.70
714	-160	23	-141	29	18.07
715	-160	23	-142	29	17.23
716	-160	23	-142	29	17.23
717	-161	23	-142	30	18.36
718	-162	23	-142	30	19.18
719	-164	24	-142	30	20.46
720	-166	24	-143	30	21.31
721	-168	23	-143	30	23.39
722	-170	23	-143	30	25.09
723	-171	23	-143	30	25.94
724	-172	22	-143	31	27.37
725	-173	22	-143	31	28.21
726	-174	22	-144	31	28.21
727	-174	22	-144	31	28.21
728	-175	22	-144	31	29.05
729	-176	22	-144	31	29.90
730	-176	22	-144	32	30.08
731	-177	21	-145	32	30.53
732	-177	21	-145	32	30.53
733	-178	21	-145	32	31.36
734	-178	21	-145	32	31.36
735	-178	21	-145	32	31.36
736	-178	21	-162	25	15.25
737	-178	21	-162	25	15.25
738	-178	20	-162	25	15.59
739	-178	20	-163	25	14.72
740	-177	20	-163	25	13.86
741	-177	20	-164	25	13.00
742	-177	20	-164	25	13.00
743	-176	20	-165	25	11.32
744	-176	21	-165	25	10.88
745	-176	21	-165	25	10.88
746	-176	21	-166	25	10.03
747	-175	21	-166	25	9.20
748	-174	21	-167	25	7.58
749	-173	21	-167	25	6.82
750	-172	21	-168	25	5.44
751	-171	21	-168	25	4.86
752	-170	21	-169	25	4.10
753	-170	21	-169	25	4.10
754	-169	21	-169	25	4.00
755	-169	20	-170	25	5.08
756	-169	20	-170	25	5.08
757	-169	20	-171	25	5.33
758	-170	20	-171	25	5.08
759	-170	19	-172	25	6.28
760	-170	19	-172	25	6.28
761	-170	19	-172	25	6.28
762	-170	19	-173	25	6.61
763	-171	19	-173	25	6.28
764	-171	20	-174	25	5.72
765	-171	19	-174	25	6.61
766	-171	19	-175	25	7.05
767	-171	19	-175	25	7.05
768	-171	19	152	18	35.04
769	-171	19	152	17	35.18
770	-172	19	151	17	35.18
771	-172	19	150	17	36.13
772	-172	19	149	17	37.07
773	-172	19	148	17	38.02
774	-172	19	147	17	38.96
775	-172	19	146	17	39.90
776	-172	19	145	17	40.85
777	-172	19	144	17	41.79
778	-172	19	143	17	42.73
779	-172	20	142	16	43.80
780	-172	20	141	16	44.74
781	-172	20	140	16	45.68
782	-172	20	139	16	46.62
783	-172	20	138	16	47.55
784	-172	20	137	16	48.49
785	-172	20	137	16	48.49
786	-172	20	136	16	49.43
787	-173	20	135	16	49.43
788	-173	20	134	16	50.37
789	-173	20	133	16	51.30
790	-173	20	132	15	52.47
791	-173	20	131	15	53.41
792	-173	20	130	15	54.35
793	-173	20	129	15	55.28
794	-173	20	128	15	56.22
795	-173	20	127	15	57.16
796	-173	21	126	15	58.00
797	-173	21	125	15	58.93
798	-174	22	124	15	58.84
799	-174	24	123	15	59.61
800	-174	25	-164	17	12.29
801	-175	27	-163	16	15.65
802	-175	28	-163	16	16.34
803	-175	29	-163	16	17.06
804	-175	29	-163	16	17.06
805	-175	29	-162	16	17.67
806	-175	29	-162	16	17.67
807	-175	29	-162	16	17.67
808	-175	29	-162	16	17.67
809	-175	30	-162	16	18.38
810	-176	29	-161	16	18.96
811	-176	29	-161	16	18.96
812	-176	29	-161	16	18.96
813	-176	29	-161	16	18.96
814	-176	28	-160	16	19.04
815	-175	28	-160	16	18.34
816	-175	28	-160	16	18.34
817	-175	27	-160	15	18.41
818	-175	26	-160	15	17.82
819	-175	26	-159	15	18.56
820	-175	26	-159	15	18.56
821	-175	25	-159	15	18.03
822	-175	25	-159	15	18.03
823	-175	25	-158	15	18.82
824	-175	25	-158	15	18.82
825	-175	25	-158	15	18.82
826	-175	25	-158	15	18.82
827	-175	24	-158	15	18.35
828	-175	23	-157	15	18.78
829	-175	22	-157	15	18.43
830	-175	20	-157	15	17.87
831	-175	18	-157	15	17.51
832	-176	15	-177	31	16.03
833	-176	13	-177	31	18.02
834	-177	10	-177	31	21.00
835	-178	8	-177	31	23.02
836	-178	7	-177	31	24.02
837	-178	7	-177	31	24.02
838	-178	7	-177	32	25.02
839	-179	7	-177	32	25.07
840	-179	6	-177	32	26.07
841	-179	6	-177	32	26.07
842	179	6	-177	32	26.27
843	179	6	-178	33	27.14
844	179	6	-178	33	27.14
845	178	5	-178	33	28.25
846	178	5	-178	33	28.25
847	178	5	-178	33	28.25
848	178	6	-178	34	28.24
849	178	6	-178	34	28.24
850	178	6	-178	34	28.24
851	179	5	-178	34	29.13
852	179	5	-178	34	29.13
853	179	5	-178	34	29.13
854	-179	5	-179	35	30.00
855	-179	4	-179	35	31.00
856	-178	4	-179	35	31.01
857	-178	4	-179	35	31.01
858	-177	3	-179	35	32.05
859	-177	2	-179	36	34.05
860	-177	1	-179	36	35.05
861	-176	1	-179	36	35.11
862	-174	0	-179	36	36.30
863	-172	0	-179	36	36.58
864	-170	0	-178	5	9.43
865	-166	-1	-178	4	12.99
866	-163	-1	-178	4	15.80
867	-160	-2	-178	4	18.96
868	-156	-3	-178	3	22.79
869	-152	-3	-178	3	26.67
870	-150	-4	-178	3	28.84
871	-148	-4	-178	2	30.58
872	-146	-5	-178	2	32.73
873	-145	-5	-178	2	33.70
874	-143	-6	-178	1	35.64
875	-142	-6	-178	1	36.62
876	-140	-6	-178	1	38.58
877	-138	-6	-178	0	40.37
878	-137	-6	-178	0	41.36
879	-135	-7	-178	0	43.46
880	-134	-7	-179	0	45.43
881	-134	-7	-179	0	45.43
882	-134	-7	-179	0	45.43
883	-134	-7	-179	0	45.43
884	-134	-7	-179	-1	45.26
885	-134	-7	-179	-1	45.26
886	-135	-7	-179	-1	44.28
887	-135	-7	-179	-2	44.13
888	-135	-8	-179	-2	44.21
889	-134	-8	-179	-2	45.20
890	-134	-8	-179	-3	45.05
891	-133	-9	-179	-3	46.10
892	-133	-8	-179	-3	46.03
893	-133	-8	-179	-4	45.90
894	-134	-8	-179	-4	44.91
895	-135	-8	-179	-4	43.92
896	-136	-8	-164	-15	28.29
897	-136	-8	-163	-15	27.34
898	-136	-8	-163	-15	27.34
899	-137	-8	-163	-16	26.63
900	-137	-7	-163	-16	26.98
901	-137	-7	-163	-17	27.28
902	-136	-7	-162	-17	27.28
903	-136	-7	-162	-18	27.61
904	-136	-8	-162	-18	27.19
905	-135	-8	-162	-19	28.41
906	-135	-8	-162	-19	28.41
907	-135	-8	-161	-20	27.87
908	-135	-8	-161	-20	27.87
909	-136	-8	-161	-21	27.41
910	-136	-9	-161	-21	26.91
911	-137	-8	-161	-22	27.01
912	-137	-9	-161	-22	26.47
913	-137	-9	-160	-22	25.63
914	-137	-9	-160	-23	26.10
915	-137	-9	-160	-23	26.10
916	-136	-9	-160	-24	27.39
917	-136	-9	-160	-24	27.39
918	-136	-9	-159	-25	27.11
919	-137	-8	-159	-25	27.01
920	-137	-9	-159	-26	26.92
921	-137	-9	-159	-26	26.92
922	-138	-8	-159	-27	27.51
923	-139	-8	-158	-27	26.18
924	-140	-8	-158	-28	26.25
925	-141	-8	-158	-28	25.65
926	-142	-8	-158	-29	25.84
927	-143	-8	-158	-29	25.30
928	-144	-8	-102	-16	41.78
929	-145	-8	-100	-16	44.65
930	-147	-8	-99	-16	47.52
931	-148	-8	-98	-16	49.44
932	-150	-8	-97	-17	52.37
933	-151	-8	-96	-17	54.28
934	-152	-7	-95	-17	56.46
935	-153	-7	-94	-17	58.37
936	-154	-7	-93	-18	60.31
937	-156	-7	-92	-18	63.16
938	-157	-6	-91	-18	65.35
939	-158	-6	-90	-18	67.26
940	-159	-6	-89	-19	69.17
941	-161	-6	-88	-19	72.00
942	-162	-5	-87	-19	74.21
943	-164	-5	-86	-19	77.04
944	-165	-5	-85	-20	78.91
945	-167	-5	-83	-20	82.67
946	-168	-5	-82	-20	84.54
947	-169	-5	-81	-20	86.42
948	-170	-4	-80	-21	88.57
949	-171	-5	-79	-21	90.07
950	-173	-4	-78	-21	93.22
951	-174	-4	-77	-21	95.08
952	-176	-4	-76	-22	97.73
953	-178	-4	-75	-22	100.48
954	-179	-3	-74	-22	102.71
955	179	-3	-73	-22	105.46
956	178	-3	-72	-23	107.09
957	176	-2	-71	-23	110.23
958	176	-1	-70	-23	111.56
959	175	0	-69	-23	113.80
960	174	0	-152	-8	34.82
961	173	0	-152	-8	35.79
962	172	0	-152	-8	36.76
963	172	0	-152	-8	36.76
964	172	0	-153	-8	35.79
965	171	1	-153	-8	37.00
966	171	1	-153	-8	37.00
967	170	1	-153	-8	37.97
968	169	2	-154	-8	38.23
969	168	2	-154	-8	39.19
970	167	2	-154	-8	40.16
971	165	2	-154	-8	42.09
972	163	2	-155	-8	43.06
973	161	2	-155	-8	45.00
974	159	1	-155	-8	46.74
975	158	1	-155	-8	47.71
976	157	1	-156	-8	47.71
977	156	1	-156	-8	48.69
978	155	0	-156	-8	49.48
979	154	0	-156	-8	50.47
980	153	0	-157	-8	50.47
981	153	0	-157	-8	50.47
982	152	0	-157	-8	51.45
983	152	0	-157	-8	51.45
984	151	0	-158	-8	51.45
985	150	0	-158	-8	52.43
986	150	0	-158	-8	52.43
987	149	-1	-158	-8	53.25
988	149	-1	-159	-8	52.27
989	148	-1	-159	-8	53.25
990	148	-1	-159	-8	53.25
991	148	-1	-159	-8	53.25
992	148	-2	132	8	18.83
993	148	-2	130	8	20.55
994	149	-2	129	8	22.31
995	149	-2	128	8	23.21
996	149	-2	126	9	25.42
997	150	-3	125	9	27.66
998	150	-3	124	9	28.56
999	150	-4	122	9	30.79
1000	150	-4	121	10	32.10
1001	151	-4	120	10	33.90
1002	151	-5	118	10	36.13
1003	152	-5	117	10	37.95
1004	152	-5	116	11	39.24
1005	153	-5	114	11	41.98
1006	153	-5	113	11	42.91
1007	154	-5	112	11	44.76
1008	154	-5	111	12	46.01
1009	155	-5	109	12	48.79
1010	155	-5	108	12	49.73
1011	155	-5	107	12	50.66
1012	155	-6	105	13	53.18
1013	155	-7	104	13	54.46
1014	155	-7	103	13	55.39
1015	154	-8	101	13	56.68
1016	154	-8	100	14	57.92
1017	154	-8	99	14	58.84
1018	154	-9	97	14	61.05
1019	154	-9	96	14	61.97
1020	155	-9	95	15	64.12
1021	155	-10	93	15	66.32
1022	155	-10	92	15	67.24
1023	155	-10	91	15	68.16
1024	155	-10	122	-4	33.28
1025	155	-10	121	-4	34.25
1026	154	-10	120	-4	34.25
1027	154	-10	119	-4	35.23
1028	154	-10	118	-4	36.21
1029	155	-11	117	-4	38.28
1030	155	-11	117	-4	38.28
1031	155	-11	116	-4	39.26
1032	155	-11	115	-4	40.23
1033	155	-11	114	-4	41.21
1034	155	-11	113	-4	42.18
1035	155	-11	113	-4	42.18
1036	155	-11	112	-4	43.16
1037	155	-11	111	-4	44.13
1038	155	-11	110	-4	45.11
1039	155	-11	109	-4	46.09
1040	155	-11	109	-5	45.90
1041	156	-10	108	-5	47.81
1042	156	-10	107	-5	48.79
1043	156	-10	106	-5	49.78
1044	156	-10	105	-5	50.76
1045	156	-10	104	-5	51.75
1046	156	-12	104	-5	51.83
1047	156	-12	103	-5	52.80
1048	157	-12	102	-5	54.76
1049	157	-12	101	-5	55.74
1050	157	-12	100	-5	56.71
1051	157	-12	100	-5	56.71
1052	157	-12	99	-5	57.69
1053	157	-13	98	-5	58.70
1054	157	-13	97	-5	59.67
1055	157	-13	96	-5	60.65
1056	156	-13	162	-18	7.64
1057	156	-13	162	-18	7.64
1058	156	-13	162	-18	7.64
1059	157	-13	162	-18	6.94
1060	157	-12	162	-19	8.50
1061	157	-13	163	-19	8.32
1062	157	-13	163	-19	8.32
1063	157	-13	163	-19	8.32
1064	157	-13	163	-20	9.06
1065	157	-13	163	-20	9.06
1066	157	-13	164	-20	9.69
1067	157	-13	164	-20	9.69
1068	157	-13	164	-21	10.43
1069	157	-13	164	-21	10.43
1070	157	-13	165	-21	11.06
1071	158	-13	165	-21	10.43
1072	158	-13	165	-22	11.20
1073	158	-13	165	-22	11.20
1074	158	-13	165	-22	11.20
1075	158	-13	166	-22	11.79
1076	158	-13	166	-23	12.56
1077	158	-13	166	-23	12.56
1078	158	-13	166	-23	12.56
1079	158	-13	167	-23	13.15
1080	158	-13	167	-24	13.91
1081	158	-12	167	-24	14.73
1082	158	-12	167	-24	14.73
1083	158	-12	167	-24	14.73
1084	159	-12	168	-25	15.54
1085	158	-12	168	-25	16.07
1086	158	-12	168	-25	16.07
1087	157	-12	168	-25	16.65
1088	157	-12	157	-16	4.00
1089	157	-12	157	-16	4.00
1090	156	-12	157	-16	4.12
1091	156	-12	157	-16	4.12
1092	155	-12	157	-16	4.45
1093	155	-12	157	-16	4.45
1094	154	-12	157	-16	4.95
1095	154	-12	157	-16	4.95
1096	154	-12	157	-16	4.95
1097	153	-12	157	-16	5.57
1098	153	-12	157	-16	5.57
1099	152	-12	157	-17	6.96
1100	152	-12	157	-17	6.96
1101	151	-12	157	-17	7.66
1102	151	-13	157	-17	7.04
1103	150	-13	157	-17	7.85
1104	150	-13	157	-17	7.85
1105	150	-13	157	-17	7.85
1106	150	-13	157	-17	7.85
1107	149	-14	157	-17	8.27
1108	149	-14	157	-17	8.27
1109	148	-14	157	-17	9.18
1110	148	-14	157	-18	9.53
1111	148	-14	157	-18	9.53
1112	148	-14	157	-18	9.53
1113	148	-14	157	-18	9.53
1114	149	-14	157	-18	8.67
1115	149	-14	157	-18	8.67
1116	149	-13	157	-18	9.19
1117	150	-14	157	-18	7.83
1118	150	-14	157	-18	7.83
1119	150	-14	157	-18	7.83
1120	150	-14	158	-11	8.37
1121	150	-14	158	-10	8.79
1122	151	-14	158	-10	7.93
1123	151	-15	158	-10	8.47
1124	151	-14	158	-10	7.93
1125	150	-14	158	-10	8.79
1126	151	-14	158	-10	7.93
1127	151	-14	158	-10	7.93
1128	151	-14	158	-10	7.93
1129	151	-15	158	-10	8.47
1130	151	-15	158	-10	8.47
1131	151	-15	158	-10	8.47
1132	151	-15	158	-10	8.47
1133	151	-15	158	-10	8.47
1134	151	-15	158	-10	8.47
1135	151	-15	158	-10	8.47
1136	151	-15	158	-10	8.47
1137	151	-15	158	-10	8.47
1138	151	-15	158	-10	8.47
1139	151	-15	158	-10	8.47
1140	151	-15	158	-10	8.47
1141	151	-15	158	-10	8.47
1142	151	-15	158	-10	8.47
1143	151	-15	158	-10	8.47
1144	151	-15	158	-10	8.47
1145	151	-15	158	-10	8.47
1146	151	-15	158	-10	8.47
1147	151	-15	158	-10	8.47
1148	151	-15	158	-10	8.47
1149	151	-15	158	-10	8.47
1150	151	-15	158	-10	8.47
1151	151	-15	158	-10	8.47
1152	151	-15	143	-16	7.77
1153	151	-15	142	-16	8.73
1154	152	-15	142	-16	9.69
1155	152	-15	142	-16	9.69
1156	151	-15	142	-16	8.73
1157	152	-15	141	-16	10.65
1158	151	-15	141	-16	9.69
1159	151	-15	141	-16	9.69
1160	151	-15	141	-16	9.69
1161	150	-16	141	-16	8.65
1162	150	-16	140	-16	9.61
1163	150	-16	140	-16	9.61
1164	151	-16	140	-16	10.57
1165	152	-16	140	-16	11.53
1166	152	-17	139	-16	12.50
1167	153	-16	139	-16	13.46
1168	153	-16	139	-17	13.46
1169	153	-17	139	-17	13.39
1170	153	-17	139	-17	13.39
1171	153	-17	138	-17	14.34
1172	154	-17	138	-17	15.30
1173	155	-17	138	-17	16.25
1174	155	-16	138	-17	16.33
1175	154	-16	137	-17	16.33
1176	154	-15	137	-17	16.46
1177	154	-15	137	-17	16.46
1178	154	-15	137	-17	16.46
1179	155	-14	137	-17	17.60
1180	156	-14	136	-17	19.50
1181	156	-13	136	-17	19.72
1182	157	-12	136	-17	20.92
1183	157	-11	136	-17	21.22
1184	157	-11	152	-16	6.97
1185	157	-11	152	-16	6.97
1186	157	-11	152	-16	6.97
1187	157	-11	152	-16	6.97
1188	157	-11	152	-16	6.97
1189	157	-11	152	-16	6.97
1190	156	-11	152	-16	6.33
1191	156	-11	152	-16	6.33
1192	157	-11	152	-16	6.97
1193	157	-11	152	-16	6.97
1194	157	-11	152	-16	6.97
1195	157	-11	152	-16	6.97
1196	157	-10	152	-16	7.73
1197	157	-10	152	-16	7.73
1198	157	-10	152	-16	7.73
1199	156	-9	152	-16	8.01
1200	156	-8	152	-16	8.90
1201	155	-8	152	-16	8.52
1202	154	-8	152	-16	8.24
1203	154	-8	152	-16	8.24
1204	154	-8	152	-16	8.24
1205	154	-8	152	-16	8.24
1206	154	-8	152	-16	8.24
1207	153	-8	152	-16	8.06
1208	153	-9	152	-16	7.07
1209	152	-9	152	-16	7.00
1210	151	-9	152	-16	7.07
1211	150	-9	152	-16	7.27
1212	148	-9	152	-16	8.01
1213	147	-10	152	-16	7.73
1214	146	-10	152	-16	8.37
1215	146	-10	152	-16	8.37
1216	145	-11	163	-7	18.22
1217	145	-11	163	-6	18.48
1218	145	-11	163	-6	18.48
1219	146	-11	163	-6	17.53
1220	146	-11	163	-6	17.53
1221	147	-11	163	-6	16.59
1222	148	-11	164	-6	16.59
1223	148	-12	164	-6	16.90
1224	149	-12	164	-6	15.98
1225	149	-12	164	-5	16.39
1226	149	-12	164	-5	16.39
1227	149	-13	165	-5	17.70
1228	149	-13	165	-5	17.70
1229	149	-13	165	-5	17.70
1230	150	-13	165	-5	16.82
1231	152	-13	165	-5	15.12
1232	153	-13	166	-5	15.12
1233	155	-13	166	-4	14.11
1234	157	-14	166	-4	13.37
1235	159	-14	166	-4	12.15
1236	160	-14	166	-4	11.62
1237	162	-14	166	-4	10.75
1238	162	-14	167	-4	11.15
1239	163	-14	167	-4	10.75
1240	164	-15	167	-4	11.39
1241	164	-15	167	-3	12.36
1242	165	-15	167	-3	12.16
1243	165	-15	168	-3	12.36
1244	165	-15	168	-3	12.36
1245	165	-15	168	-3	12.36
1246	166	-15	168	-3	12.16
1247	166	-15	168	-3	12.16
1248	167	-15	133	-11	33.34
1249	167	-16	132	-11	34.36
1250	167	-16	132	-11	34.36
1251	168	-16	131	-11	36.27
1252	168	-16	131	-11	36.27
1253	169	-16	131	-11	37.23
1254	169	-16	130	-11	38.20
1255	170	-16	130	-11	39.16
1256	170	-17	130	-11	39.20
1257	171	-17	129	-11	41.11
1258	172	-17	129	-11	42.07
1259	173	-17	128	-11	43.98
1260	174	-18	128	-11	44.97
1261	175	-17	128	-11	45.89
1262	176	-18	127	-11	47.82
1263	176	-18	127	-11	47.82
1264	177	-18	127	-11	48.77
1265	177	-18	126	-11	49.72
1266	178	-18	126	-11	50.67
1267	178	-18	125	-11	51.62
1268	179	-18	125	-11	52.58
1269	179	-18	125	-11	52.58
1270	179	-18	124	-11	53.53
1271	179	-18	124	-11	53.53
1272	179	-18	124	-11	53.53
1273	179	-18	123	-11	54.48
1274	178	-18	123	-11	53.53
1275	178	-19	122	-11	54.47
1276	178	-19	122	-11	54.47
1277	178	-21	122	-11	54.49
1278	178	-22	121	-11	55.45
1279	177	-23	121	-11	54.56
1280	178	-24	-171	-19	11.38
1281	178	-24	-171	-19	11.38
1282	178	-24	-170	-19	12.23
1283	179	-24	-169	-19	12.23
1284	179	-24	-169	-19	12.23
1285	-179	-23	-168	-19	11.02
1286	-179	-24	-167	-19	12.23
1287	-179	-26	-167	-19	13.10
1288	179	-26	-166	-20	15.04
1289	179	-26	-165	-20	15.89
1290	179	-26	-165	-20	15.89
1291	179	-25	-164	-20	16.47
1292	178	-26	-163	-20	18.47
1293	178	-26	-163	-20	18.47
1294	177	-26	-162	-20	20.21
1295	177	-26	-161	-20	21.09
1296	176	-26	-160	-21	22.53
1297	175	-25	-160	-21	23.32
1298	174	-24	-159	-21	25.09
1299	173	-22	-158	-21	26.96
1300	173	-22	-158	-21	26.96
1301	172	-21	-157	-21	28.89
1302	172	-20	-156	-21	29.94
1303	172	-20	-156	-21	29.94
1304	172	-19	-155	-22	31.00
1305	172	-19	-154	-22	31.92
1306	171	-19	-154	-22	32.85
1307	171	-19	-153	-22	33.78
1308	171	-18	-152	-22	34.92
1309	170	-18	-152	-22	35.84
1310	170	-18	-151	-22	36.77
1311	170	-18	-150	-22	37.70
1312	170	-18	-171	-33	22.71
1313	169	-18	-171	-33	23.39
1314	169	-17	-171	-33	24.09
1315	169	-17	-170	-33	24.77
1316	168	-17	-170	-34	26.03
1317	168	-17	-170	-34	26.03
1318	167	-17	-169	-34	27.41
1319	167	-17	-169	-34	27.41
1320	167	-17	-169	-35	27.95
1321	167	-17	-168	-35	28.64
1322	166	-17	-168	-35	29.33
1323	165	-17	-168	-36	30.55
1324	164	-17	-167	-36	31.95
1325	162	-16	-167	-36	34.04
1326	161	-16	-167	-36	34.76
1327	160	-15	-166	-37	37.32
1328	159	-15	-166	-37	38.03
1329	157	-15	-166	-37	39.48
1330	156	-14	-165	-38	42.00
1331	155	-14	-165	-38	42.72
1332	153	-14	-165	-38	44.18
1333	151	-14	-164	-38	46.40
1334	149	-14	-164	-39	48.20
1335	148	-14	-164	-39	48.94
1336	146	-14	-163	-39	51.19
1337	144	-14	-163	-40	52.93
1338	143	-14	-163	-40	53.67
1339	142	-14	-162	-40	55.17
1340	141	-15	-162	-40	55.29
1341	139	-15	-162	-41	56.96
1342	138	-15	-161	-41	58.45
1343	137	-14	-161	-41	59.83
1344	136	-14	162	-12	25.40
1345	135	-14	161	-11	25.55
1346	135	-14	161	-11	25.55
1347	134	-14	161	-11	26.52
1348	134	-14	161	-11	26.52
1349	133	-14	160	-11	26.52
1350	133	-14	160	-10	26.69
1351	133	-14	160	-10	26.69
1352	133	-14	160	-10	26.69
1353	133	-14	159	-10	25.73
1354	132	-15	159	-10	26.81
1355	133	-14	159	-9	25.95
1356	133	-15	159	-9	26.11
1357	133	-15	158	-9	25.16
1358	133	-15	158	-9	25.16
1359	133	-15	158	-9	25.16
1360	133	-15	158	-9	25.16
1361	133	-15	157	-8	24.52
1362	132	-15	157	-8	25.45
1363	131	-15	157	-8	26.40
1364	130	-14	157	-8	27.15
1365	130	-14	156	-8	26.20
1366	130	-14	156	-7	26.48
1367	131	-15	156	-7	25.78
1368	131	-15	156	-7	25.78
1369	131	-15	155	-7	24.85
1370	131	-15	155	-7	24.85
1371	131	-15	155	-6	25.23
1372	131	-16	155	-6	25.56
1373	131	-16	154	-6	24.66
1374	131	-16	154	-6	24.66
1375	131	-16	154	-6	24.66
1376	131	-16	102	-10	28.86
1377	131	-16	100	-9	31.03
1378	131	-16	99	-9	31.98
1379	132	-16	98	-9	33.88
1380	132	-16	97	-9	34.83
1381	132	-16	96	-9	35.78
1382	132	-16	95	-9	36.74
1383	132	-16	94	-9	37.69
1384	131	-16	93	-9	37.69
1385	131	-16	92	-8	38.91
1386	132	-16	91	-8	40.82
1387	132	-16	90	-8	41.78
1388	133	-16	89	-8	43.69
1389	133	-16	88	-8	44.65
1390	133	-16	87	-8	45.60
1391	133	-16	86	-8	46.56
1392	133	-16	85	-8	47.52
1393	133	-16	83	-7	49.69
1394	134	-16	82	-7	51.61
1395	134	-16	81	-7	52.57
1396	135	-16	80	-7	54.49
1397	135	-15	79	-7	55.41
1398	135	-15	78	-7	56.38
1399	135	-16	77	-7	57.37
1400	135	-16	76	-7	58.33
1401	135	-17	75	-6	59.60
1402	135	-16	74	-6	60.51
1403	135	-16	73	-6	61.47
1404	135	-15	72	-6	62.41
1405	136	-14	71	-6	64.34
1406	136	-14	70	-6	65.31
1407	136	-13	69	-6	66.29
1408	137	-13	126	-18	11.72
1409	137	-12	125	-18	13.04
1410	137	-12	125	-18	13.04
1411	138	-11	125	-18	14.39
1412	138	-11	125	-18	14.39
1413	138	-10	125	-18	14.93
1414	139	-10	125	-18	15.75
1415	139	-10	124	-18	16.59
1416	139	-10	124	-18	16.59
1417	139	-9	124	-18	17.12
1418	139	-9	124	-18	17.12
1419	139	-9	124	-18	17.12
1420	140	-8	124	-18	18.50
1421	140	-8	123	-18	19.33
1422	140	-8	123	-18	19.33
1423	140	-8	123	-18	19.33
1424	140	-8	123	-19	19.83
1425	140	-8	123	-19	19.83
1426	141	-9	123	-19	20.10
1427	141	-9	123	-19	20.10
1428	141	-10	122	-19	20.45
1429	142	-10	122	-19	21.32
1430	142	-11	122	-19	20.89
1431	142	-11	122	-19	20.89
1432	142	-11	122	-19	20.89
1433	142	-12	122	-19	20.48
1434	141	-12	121	-19	20.48
1435	141	-13	121	-19	20.12
1436	141	-13	121	-19	20.12
1437	140	-14	121	-19	18.88
1438	140	-15	121	-19	18.59
1439	140	-15	121	-19	18.59
1440	140	-16	143	-10	6.67
1441	140	-17	143	-9	8.52
1442	140	-18	143	-9	9.46
1443	140	-19	143	-9	10.41
1444	140	-19	143	-9	10.41
1445	141	-20	143	-9	11.17
1446	141	-21	144	-9	12.34
1447	141	-21	144	-9	12.34
1448	142	-22	144	-9	13.14
1449	143	-23	144	-9	14.03
1450	144	-24	144	-9	15.00
1451	144	-24	145	-8	16.03
1452	144	-24	145	-8	16.03
1453	144	-24	145	-8	16.03
1454	145	-24	145	-8	16.00
1455	145	-24	145	-8	16.00
1456	145	-23	146	-8	15.03
1457	145	-23	146	-8	15.03
1458	145	-23	146	-8	15.03
1459	145	-22	146	-8	14.03
1460	145	-22	146	-8	14.03
1461	145	-22	146	-8	14.03
1462	145	-21	147	-7	14.13
1463	146	-21	147	-7	14.03
1464	146	-21	147	-7	14.03
1465	146	-21	147	-7	14.03
1466	146	-21	147	-7	14.03
1467	147	-21	148	-7	14.03
1468	147	-21	148	-7	14.03
1469	147	-20	148	-7	13.04
1470	147	-20	148	-7	13.04
1471	147	-21	148	-7	14.03
1472	147	-21	143	-19	4.26
1473	147	-21	143	-19	4.26
1474	147	-21	143	-19	4.26
1475	147	-21	143	-19	4.26
1476	147	-20	143	-19	3.90
1477	147	-20	143	-19	3.90
1478	147	-20	143	-19	3.90
1479	147	-19	143	-19	3.78
1480	147	-19	143	-19	3.78
1481	147	-18	143	-19	3.92
1482	147	-18	143	-19	3.92
1483	147	-18	144	-20	3.47
1484	147	-18	144	-20	3.47
1485	147	-19	144	-20	3.00
1486	148	-19	144	-20	3.90
1487	147	-19	144	-20	3.00
1488	147	-19	144	-20	3.00
1489	147	-18	144	-20	3.47
1490	147	-18	144	-20	3.47
1491	147	-18	144	-20	3.47
1492	147	-17	144	-20	4.13
1493	147	-17	144	-20	4.13
1494	147	-16	145	-21	5.35
1495	147	-16	145	-21	5.35
1496	147	-15	145	-21	6.29
1497	147	-15	145	-21	6.29
1498	148	-14	145	-21	7.56
1499	148	-14	145	-21	7.56
1500	148	-14	145	-21	7.56
1501	149	-15	145	-21	7.10
1502	149	-15	145	-21	7.10
1503	149	-15	145	-21	7.10
1504	150	-16	154	-26	10.67
1505	150	-15	154	-26	11.62
1506	151	-15	154	-26	11.35
1507	151	-15	154	-26	11.35
1508	151	-15	154	-26	11.35
1509	151	-15	155	-26	11.62
1510	151	-15	155	-26	11.62
1511	151	-15	155	-27	12.56
1512	150	-15	155	-27	12.87
1513	150	-15	155	-27	12.87
1514	150	-15	156	-27	13.24
1515	150	-15	156	-27	13.24
1516	150	-15	156	-27	13.24
1517	150	-15	156	-28	14.14
1518	150	-15	157	-28	14.53
1519	150	-15	157	-28	14.53
1520	150	-15	157	-28	14.53
1521	150	-15	157	-28	14.53
1522	149	-15	157	-28	14.97
1523	149	-16	158	-28	14.60
1524	147	-16	158	-29	16.48
1525	146	-16	158	-29	17.06
1526	145	-16	158	-29	17.67
1527	145	-17	159	-29	17.58
1528	144	-17	159	-29	18.26
1529	144	-16	159	-29	18.96
1530	144	-16	159	-30	19.62
1531	144	-16	159	-30	19.62
1532	144	-16	160	-30	20.27
1533	144	-16	160	-30	20.27
1534	145	-16	160	-30	19.62
1535	145	-16	160	-30	19.62
1536	145	-16	153	-11	9.24
1537	145	-16	153	-10	9.83
1538	144	-16	153	-10	10.62
1539	144	-16	153	-10	10.62
1540	144	-17	153	-10	11.20
1541	144	-17	153	-10	11.20
1542	144	-17	153	-10	11.20
1543	144	-17	153	-9	11.86
1544	144	-17	153	-9	11.86
1545	144	-17	153	-9	11.86
1546	144	-17	153	-9	11.86
1547	144	-17	154	-9	12.60
1548	144	-17	154	-9	12.60
1549	144	-17	154	-8	13.27
1550	144	-16	154	-8	12.63
1551	144	-16	154	-8	12.63
1552	144	-16	154	-8	12.63
1553	144	-16	154	-8	12.63
1554	144	-16	154	-8	12.63
1555	145	-16	154	-8	11.89
1556	145	-16	154	-7	12.59
1557	145	-15	154	-7	11.91
1558	145	-14	155	-7	12.06
1559	145	-13	155	-7	11.53
1560	145	-12	155	-7	11.05
1561	145	-12	155	-7	11.05
1562	145	-12	155	-6	11.55
1563	145	-11	155	-6	11.08
1564	145	-12	155	-6	11.55
1565	144	-11	155	-6	11.97
1566	144	-11	155	-6	11.97
1567	144	-11	155	-6	11.97
1568	143	-11	140	-16	5.79
1569	143	-11	139	-16	6.33
1570	142	-11	139	-16	5.79
1571	140	-11	139	-16	5.09
1572	137	-12	139	-16	4.45
1573	134	-12	139	-16	6.29
1574	131	-12	139	-16	8.73
1575	127	-12	138	-16	11.39
1576	125	-12	138	-16	13.23
1577	122	-12	138	-16	16.03
1578	120	-12	138	-16	17.91
1579	119	-11	138	-16	19.13
1580	118	-10	138	-16	20.38
1581	117	-10	137	-16	20.38
1582	116	-10	137	-16	21.31
1583	115	-10	137	-16	22.24
1584	115	-10	137	-16	22.24
1585	114	-10	137	-16	23.18
1586	114	-11	137	-16	22.90
1587	113	-11	137	-16	23.85
1588	113	-11	136	-16	22.90
1589	113	-12	136	-16	22.66
1590	113	-12	136	-16	22.66
1591	113	-12	136	-16	22.66
1592	113	-12	136	-16	22.66
1593	113	-13	136	-16	22.46
1594	113	-13	135	-16	21.50
1595	113	-13	135	-16	21.50
1596	113	-12	135	-16	21.71
1597	112	-12	135	-16	22.66
1598	112	-12	135	-16	22.66
1599	113	-12	135	-16	21.71
1600	112	-12	141	-6	29.24
1601	112	-11	140	-5	28.35
1602	112	-11	140	-5	28.35
1603	112	-10	140	-5	28.19
1604	112	-10	140	-5	28.19
1605	112	-10	140	-5	28.19
1606	112	-11	140	-5	28.35
1607	112	-10	140	-4	28.41
1608	112	-11	140	-4	28.61
1609	112	-11	140	-4	28.61
1610	113	-11	140	-4	27.65
1611	113	-11	140	-4	27.65
1612	114	-11	140	-4	26.69
1613	114	-11	140	-3	26.99
1614	115	-12	140	-3	26.34
1615	115	-12	140	-3	26.34
1616	115	-12	140	-3	26.34
1617	115	-12	139	-3	25.41
1618	116	-12	139	-3	24.49
1619	117	-12	139	-3	23.57
1620	118	-13	139	-2	23.52
1621	119	-13	139	-2	22.65
1622	121	-13	139	-2	20.94
1623	123	-13	139	-2	19.28
1624	124	-12	139	-2	17.92
1625	126	-12	139	-2	16.31
1626	128	-12	139	-1	15.49
1627	132	-12	139	-1	13.01
1628	136	-11	139	-1	10.43
1629	140	-10	139	-1	9.05
1630	143	-9	139	-1	8.94
1631	146	-8	139	-1	9.88
1632	147	-8	81	-13	64.93
1633	148	-7	80	-13	67.06
1634	149	-7	79	-13	69.01
1635	150	-7	78	-13	70.96
1636	152	-8	77	-13	73.68
1637	153	-7	76	-13	75.82
1638	153	-7	75	-13	76.79
1639	154	-6	74	-13	78.94
1640	155	-6	73	-13	80.89
1641	155	-4	72	-13	82.29
1642	156	-2	71	-13	84.68
1643	156	0	70	-13	86.10
1644	156	2	69	-13	87.53
1645	157	3	68	-13	89.70
1646	157	4	67	-13	90.90
1647	157	5	66	-13	92.09
1648	158	5	65	-13	94.04
1649	158	4	64	-13	94.79
1650	158	3	63	-13	95.54
1651	157	3	62	-13	95.54
1652	157	3	61	-13	96.52
1653	157	2	60	-13	97.27
1654	157	3	59	-13	98.46
1655	158	2	58	-13	100.19
1656	158	1	57	-13	100.94
1657	158	0	56	-13	101.69
1658	157	0	55	-13	101.69
1659	157	1	54	-13	102.89
1660	157	1	53	-13	103.86
1661	157	1	52	-13	104.84
1662	157	1	51	-13	105.81
1663	157	1	50	-13	106.78
1664	157	1	-178	-4	25.48
1665	157	0	-177	-3	26.16
1666	157	0	-176	-3	27.15
1667	157	-1	-175	-3	28.05
1668	157	-1	-174	-3	29.05
1669	157	0	-173	-3	30.14
1670	157	0	-172	-3	31.13
1671	158	0	-171	-3	31.13
1672	158	0	-170	-3	32.13
1673	157	0	-169	-2	34.05
1674	157	0	-168	-2	35.05
1675	157	0	-166	-2	37.05
1676	158	-1	-165	-2	37.00
1677	158	-1	-164	-2	38.00
1678	159	-1	-163	-2	38.00
1679	159	-1	-162	-2	39.00
1680	159	-1	-161	-2	40.00
1681	159	-1	-160	-1	40.99
1682	159	-1	-159	-1	41.99
1683	159	-1	-158	-1	42.99
1684	160	-1	-157	-1	42.99
1685	160	-1	-156	-1	43.99
1686	160	-2	-154	-1	45.99
1687	160	-2	-153	-1	46.99
1688	160	-2	-152	-1	47.99
1689	160	-2	-151	0	49.03
1690	160	-2	-150	0	50.03
1691	161	-3	-149	0	50.07
1692	161	-4	-148	0	51.11
1693	161	-5	-147	0	52.17
1694	161	-5	-146	0	53.16
1695	161	-5	-145	0	54.16
1696	160	-5	167	10	16.54
1697	160	-5	167	10	16.54
1698	160	-6	167	10	17.45
1699	159	-6	167	10	17.87
1700	160	-6	168	11	18.77
1701	160	-6	168	11	18.77
1702	160	-6	168	11	18.77
1703	160	-6	169	11	19.22
1704	160	-7	169	12	21.00
1705	160	-7	169	12	21.00
1706	160	-7	170	12	21.44
1707	159	-7	170	13	22.79
1708	159	-7	170	13	22.79
1709	159	-7	171	13	23.28
1710	159	-7	171	13	23.28
1711	159	-7	171	14	24.14
1712	159	-7	172	14	24.65
1713	159	-7	172	14	24.65
1714	159	-7	172	15	25.50
1715	159	-7	172	15	25.50
1716	159	-7	173	15	26.01
1717	159	-7	173	15	26.01
1718	159	-7	173	16	26.85
1719	159	-7	174	16	27.38
1720	160	-7	174	16	26.85
1721	160	-7	174	17	27.71
1722	160	-7	175	17	28.21
1723	160	-7	175	17	28.21
1724	160	-7	175	17	28.21
1725	160	-7	176	18	29.57
1726	160	-7	176	18	29.57
1727	160	-7	176	18	29.57
1728	160	-7	163	-11	4.98
1729	160	-7	163	-11	4.98
1730	160	-7	163	-11	4.98
1731	160	-7	163	-11	4.98
1732	160	-7	163	-11	4.98
1733	160	-6	163	-11	5.81
1734	160	-7	163	-12	5.81
1735	160	-7	163	-12	5.81
1736	160	-6	163	-12	6.69
1737	160	-7	163	-12	5.81
1738	159	-7	163	-12	6.37
1739	159	-7	164	-13	7.76
1740	160	-7	164	-13	7.18
1741	160	-7	164	-13	7.18
1742	160	-7	164	-13	7.18
1743	160	-7	164	-13	7.18
1744	160	-6	164	-14	8.92
1745	160	-7	164	-14	8.03
1746	160	-7	164	-14	8.03
1747	160	-7	164	-14	8.03
1748	160	-7	164	-14	8.03
1749	160	-7	164	-14	8.03
1750	160	-7	165	-15	9.38
1751	160	-7	165	-15	9.38
1752	160	-7	165	-15	9.38
1753	160	-7	165	-15	9.38
1754	160	-7	165	-15	9.38
1755	160	-7	165	-16	10.24
1756	160	-7	165	-16	10.24
1757	160	-7	165	-16	10.24
1758	159	-7	165	-16	10.75
1759	159	-7	165	-16	10.75
1760	159	-7	160	-9	2.23
1761	158	-7	160	-9	2.81
1762	158	-7	160	-9	2.81
1763	158	-7	160	-9	2.81
1764	158	-7	160	-9	2.81
1765	159	-7	160	-9	2.23
1766	159	-7	160	-9	2.23
1767	159	-7	160	-9	2.23
1768	159	-7	160	-9	2.23
1769	159	-7	160	-9	2.23
1770	159	-7	160	-9	2.23
1771	159	-7	160	-9	2.23
1772	159	-7	160	-9	2.23
1773	159	-6	160	-9	3.16
1774	159	-6	160	-9	3.16
1775	159	-6	160	-9	3.16
1776	159	-6	160	-10	4.12
1777	159	-7	160	-10	3.16
1778	159	-7	160	-10	3.16
1779	159	-7	160	-10	3.16
1780	159	-7	160	-10	3.16
1781	159	-6	160	-10	4.12
1782	159	-6	160	-10	4.12
1783	159	-6	160	-10	4.12
1784	159	-7	160	-10	3.16
1785	159	-7	160	-10	3.16
1786	159	-7	160	-10	3.16
1787	159	-7	160	-10	3.16
1788	159	-7	160	-10	3.16
1789	159	-7	160	-10	3.16
1790	159	-7	160	-10	3.16
1791	159	-7	160	-10	3.16
