frame_id	phi	theta	est_phi	est_theta	err_phi	err_theta	speed	err_ang
0	-34	-20	0	0	38.83
1	-34	-20	0	0	38.83
2	-34	-20	0	0	38.83
3	-34	-20	0	0	38.83
4	-35	-20	0	0	39.67
5	-35	-20	0	0	39.67
6	-35	-20	0	0	39.67
7	-35	-20	0	0	39.67
8	-35	-20	0	0	39.67
9	-35	-22	0	0	40.58
10	-35	-22	0	0	40.58
11	-35	-25	0	0	42.06
12	-34	-29	0	0	43.52
13	-34	-29	0	0	43.52
14	-32	-30	0	0	42.74
15	-32	-30	0	0	42.74
16	-30	-30	0	0	41.41
17	-30	-34	0	0	44.11
18	-30	-34	0	0	44.11
19	-29	-34	0	0	43.52
20	-29	-34	0	0	43.52
21	-27	-34	0	0	42.38
22	-26	-33	0	0	41.08
23	-26	-33	0	0	41.08
24	-25	-33	0	0	40.53
25	-25	-33	0	0	40.53
26	-24	-34	0	0	40.77
27	-24	-32	0	0	39.22
28	-24	-32	0	0	39.22
29	-23	-30	0	0	37.14
30	-23	-30	0	0	37.14
31	-23	-28	0	0	35.63
32	-23	-28	-34	-20	12.83
33	-23	-24	-34	-20	10.95
34	-23	-21	-34	-20	10.35
35	-23	-21	-34	-20	10.35
36	-23	-19	-34	-20	10.42
37	-23	-19	-34	-20	10.42
38	-22	-16	-34	-20	12.09
39	-21	-14	-34	-20	13.80
40	-21	-14	-34	-20	13.80
41	-20	-12	-34	-20	15.64
42	-20	-12	-34	-20	15.64
43	-19	-12	-34	-20	16.47
44	-20	-12	-34	-20	15.64
45	-20	-12	-34	-20	15.64
46	-21	-10	-34	-20	16.04
47	-21	-10	-34	-20	16.04
48	-21	-10	-34	-20	16.04
49	-21	-8	-34	-20	17.39
50	-21	-8	-34	-20	17.39
51	-20	-7	-34	-20	18.80
52	-20	-7	-34	-20	18.80
53	-20	-6	-34	-20	19.52
54	-20	-6	-34	-20	19.52
55	-20	-4	-34	-20	21.03
56	-20	-5	-34	-20	20.26
57	-20	-5	-34	-20	20.26
58	-20	-5	-34	-20	20.26
59	-20	-5	-34	-20	20.26
60	-20	-4	-34	-20	21.03
61	-20	-3	-34	-20	21.81
62	-20	-3	-34	-20	21.81
63	-20	-3	-34	-20	21.81
64	-20	-3	-12	-36	33.82
65	-18	-4	-11	-36	32.64
66	-16	-3	-11	-36	33.32
67	-16	-3	-10	-36	33.46
68	-15	-4	-10	-37	33.32
69	-15	-4	-10	-37	33.32
70	-14	-5	-9	-37	32.33
71	-13	-5	-9	-37	32.21
72	-13	-5	-9	-38	33.20
73	-13	-5	-8	-38	33.31
74	-13	-5	-8	-38	33.31
75	-14	-6	-8	-38	32.46
76	-14	-6	-7	-39	33.60
77	-14	-6	-7	-39	33.60
78	-14	-7	-7	-39	32.62
79	-14	-7	-6	-39	32.80
80	-13	-9	-6	-40	31.62
81	-13	-9	-6	-40	31.62
82	-14	-10	-5	-40	31.05
83	-13	-10	-5	-40	30.83
84	-13	-10	-5	-41	31.80
85	-14	-10	-4	-41	32.23
86	-14	-10	-4	-41	32.23
87	-12	-10	-4	-41	31.80
88	-11	-10	-3	-42	32.76
89	-11	-10	-3	-42	32.76
90	-11	-10	-3	-42	32.76
91	-11	-10	-2	-42	32.96
92	-12	-8	-2	-43	36.08
93	-14	-7	-2	-43	37.52
94	-14	-7	-1	-43	37.78
95	-15	-5	-1	-43	39.97
96	-15	-5	-17	22	27.07
97	-12	-3	-16	22	25.30
98	-12	-2	-16	23	25.30
99	-12	-2	-16	24	26.29
100	-12	0	-16	25	25.30
101	-12	0	-16	25	25.30
102	-12	0	-16	26	26.28
103	-12	0	-16	27	27.27
104	-11	0	-16	28	28.41
105	-11	0	-16	29	29.39
106	-11	0	-16	29	29.39
107	-11	0	-15	30	30.24
108	-11	0	-15	31	31.23
109	-11	0	-15	32	32.22
110	-11	0	-15	32	32.22
111	-11	0	-15	33	33.21
112	-10	0	-15	34	34.32
113	-10	0	-15	35	35.31
114	-10	1	-15	36	35.31
115	-9	1	-15	36	35.44
116	-9	1	-15	37	36.42
117	-10	1	-15	38	37.28
118	-10	1	-14	39	38.18
119	-11	2	-14	39	37.10
120	-11	2	-14	40	38.10
121	-11	2	-14	41	39.09
122	-11	2	-14	42	40.09
123	-11	2	-14	43	41.09
124	-11	2	-14	43	41.09
125	-11	2	-14	44	42.08
126	-11	2	-14	45	43.08
127	-11	2	-14	46	44.08
128	-11	2	-10	-7	9.06
129	-11	2	-9	-7	9.22
130	-11	2	-9	-7	9.22
131	-11	2	-9	-7	9.22
132	-11	2	-9	-7	9.22
133	-11	2	-9	-7	9.22
134	-11	2	-9	-7	9.22
135	-11	2	-8	-7	9.48
136	-11	2	-8	-7	9.48
137	-11	2	-8	-7	9.48
138	-11	2	-8	-7	9.48
139	-11	2	-8	-7	9.48
140	-11	2	-8	-7	9.48
141	-11	2	-7	-7	9.85
142	-11	2	-7	-7	9.85
143	-11	2	-7	-7	9.85
144	-11	2	-7	-8	10.77
145	-11	2	-7	-8	10.77
146	-11	1	-7	-8	9.84
147	-11	1	-7	-8	9.84
148	-11	2	-6	-8	11.17
149	-12	2	-6	-8	11.65
150	-12	2	-6	-8	11.65
151	-12	2	-6	-8	11.65
152	-12	2	-6	-8	11.65
153	-12	1	-6	-8	10.81
154	-12	1	-5	-8	11.39
155	-12	1	-5	-8	11.39
156	-12	1	-5	-8	11.39
157	-12	1	-5	-8	11.39
158	-12	1	-5	-8	11.39
159	-11	1	-5	-8	10.81
160	-11	1	-7	9	8.94
161	-11	1	-6	9	9.42
162	-11	1	-6	9	9.42
163	-11	1	-6	9	9.42
164	-11	1	-6	9	9.42
165	-11	0	-6	10	11.17
166	-11	0	-6	10	11.17
167	-11	0	-6	10	11.17
168	-11	0	-6	10	11.17
169	-11	0	-5	10	11.65
170	-10	0	-5	11	12.07
171	-10	0	-5	11	12.07
172	-10	0	-5	11	12.07
173	-11	0	-5	11	12.51
174	-11	0	-5	12	13.40
175	-10	0	-5	12	12.99
176	-10	0	-5	12	12.99
177	-11	0	-4	12	13.87
178	-11	-1	-4	12	14.74
179	-11	-1	-4	13	15.63
180	-10	-1	-4	13	15.21
181	-10	-1	-4	13	15.21
182	-10	-1	-4	13	15.21
183	-11	-1	-4	14	16.53
184	-11	-1	-4	14	16.53
185	-11	-1	-3	14	16.96
186	-11	-1	-3	14	16.96
187	-11	-2	-3	14	17.86
188	-11	-2	-3	15	18.75
189	-11	-2	-3	15	18.75
190	-11	-2	-3	15	18.75
191	-11	-2	-3	15	18.75
192	-12	-3	-11	0	3.16
193	-12	-3	-11	0	3.16
194	-12	-4	-11	0	4.12
195	-12	-4	-11	0	4.12
196	-12	-4	-11	0	4.12
197	-12	-4	-11	0	4.12
198	-12	-4	-11	0	4.12
199	-12	-5	-11	0	5.10
200	-12	-5	-11	0	5.10
201	-12	-5	-11	0	5.10
202	-12	-5	-11	0	5.10
203	-12	-5	-11	0	5.10
204	-12	-5	-11	0	5.10
205	-12	-5	-11	0	5.10
206	-12	-5	-11	0	5.10
207	-12	-5	-11	0	5.10
208	-12	-6	-11	0	6.08
209	-12	-6	-11	0	6.08
210	-12	-6	-11	0	6.08
211	-12	-6	-11	0	6.08
212	-12	-6	-11	0	6.08
213	-13	-5	-11	0	5.38
214	-12	-5	-11	0	5.10
215	-12	-5	-11	0	5.10
216	-12	-5	-11	0	5.10
217	-12	-5	-11	0	5.10
218	-12	-5	-11	0	5.10
219	-12	-5	-11	0	5.10
220	-11	-5	-11	0	5.00
221	-10	-5	-11	0	5.10
222	-10	-5	-11	0	5.10
223	-9	-5	-11	0	5.38
224	-9	-5	-13	-7	4.45
225	-9	-5	-13	-7	4.45
226	-9	-5	-13	-7	4.45
227	-9	-5	-13	-7	4.45
228	-9	-5	-13	-7	4.45
229	-9	-5	-13	-7	4.45
230	-9	-5	-13	-7	4.45
231	-9	-5	-13	-7	4.45
232	-8	-5	-13	-8	5.80
233	-8	-5	-13	-8	5.80
234	-8	-5	-13	-8	5.80
235	-8	-5	-13	-8	5.80
236	-8	-5	-13	-8	5.80
237	-8	-5	-13	-8	5.80
238	-8	-4	-13	-8	6.38
239	-8	-4	-13	-8	6.38
240	-8	-5	-13	-9	6.37
241	-8	-5	-13	-9	6.37
242	-8	-5	-13	-9	6.37
243	-8	-5	-13	-9	6.37
244	-8	-5	-13	-9	6.37
245	-8	-4	-13	-9	7.05
246	-8	-4	-13	-9	7.05
247	-8	-4	-13	-9	7.05
248	-8	-4	-13	-10	7.78
249	-8	-4	-13	-10	7.78
250	-8	-4	-13	-10	7.78
251	-8	-4	-13	-10	7.78
252	-8	-4	-13	-10	7.78
253	-8	-4	-13	-10	7.78
254	-9	-4	-13	-10	7.19
255	-9	-4	-13	-10	7.19
256	-9	-4	-6	-7	4.23
257	-9	-4	-5	-7	4.98
258	-9	-4	-5	-7	4.98
259	-9	-4	-5	-7	4.98
260	-9	-4	-5	-7	4.98
261	-9	-4	-5	-7	4.98
262	-9	-4	-5	-7	4.98
263	-9	-4	-5	-7	4.98
264	-9	-3	-5	-7	5.65
265	-9	-3	-5	-7	5.65
266	-9	-3	-5	-7	5.65
267	-9	-3	-4	-7	6.39
268	-9	-3	-4	-7	6.39
269	-9	-3	-4	-7	6.39
270	-9	-3	-4	-7	6.39
271	-9	-2	-4	-7	7.06
272	-9	0	-4	-8	9.43
273	-9	0	-4	-8	9.43
274	-9	0	-4	-8	9.43
275	-9	0	-4	-8	9.43
276	-9	0	-4	-8	9.43
277	-9	1	-4	-8	10.29
278	-9	1	-3	-8	10.81
279	-9	1	-3	-8	10.81
280	-8	1	-3	-8	10.29
281	-7	1	-3	-8	9.84
282	-7	1	-3	-8	9.84
283	-7	1	-3	-8	9.84
284	-7	1	-3	-8	9.84
285	-7	1	-3	-8	9.84
286	-7	1	-3	-8	9.84
287	-7	1	-3	-8	9.84
288	-7	1	-9	-3	4.47
289	-6	0	-9	-2	3.61
290	-6	0	-9	-2	3.61
291	-6	0	-9	-2	3.61
292	-6	0	-9	-2	3.61
293	-6	0	-9	-2	3.61
294	-6	0	-9	-2	3.61
295	-6	0	-9	-2	3.61
296	-6	0	-9	-2	3.61
297	-6	0	-9	-2	3.61
298	-6	0	-9	-2	3.61
299	-6	0	-9	-2	3.61
300	-6	0	-9	-2	3.61
301	-6	0	-9	-2	3.61
302	-6	0	-9	-2	3.61
303	-6	0	-9	-2	3.61
304	-6	0	-9	-2	3.61
305	-6	0	-9	-2	3.61
306	-6	0	-9	-2	3.61
307	-6	0	-9	-2	3.61
308	-6	0	-9	-2	3.61
309	-5	0	-9	-2	4.47
310	-5	0	-9	-2	4.47
311	-5	0	-9	-2	4.47
312	-5	0	-9	-2	4.47
313	-5	0	-9	-2	4.47
314	-5	0	-9	-2	4.47
315	-5	0	-9	-2	4.47
316	-4	0	-9	-2	5.38
317	-4	0	-9	-2	5.38
318	-3	0	-9	-2	6.32
319	-3	0	-9	-2	6.32
320	-2	0	-5	6	6.71
321	-2	0	-4	6	6.32
322	-1	0	-4	6	6.71
323	-1	0	-4	6	6.71
324	-1	0	-4	6	6.71
325	-1	0	-4	6	6.71
326	-1	0	-4	6	6.71
327	-1	0	-4	7	7.61
328	-1	0	-4	7	7.61
329	-1	0	-4	7	7.61
330	-1	0	-4	7	7.61
331	-1	0	-4	7	7.61
332	0	0	-4	7	8.06
333	0	0	-4	8	8.94
334	0	0	-4	8	8.94
335	0	0	-4	8	8.94
336	0	0	-4	8	8.94
337	0	0	-3	8	8.54
338	0	0	-3	8	8.54
339	0	0	-3	8	8.54
340	0	0	-3	9	9.48
341	0	0	-3	9	9.48
342	0	0	-3	9	9.48
343	0	0	-3	9	9.48
344	1	0	-3	9	9.84
345	1	0	-3	9	9.84
346	1	-1	-3	10	11.70
347	1	-1	-3	10	11.70
348	1	-1	-3	10	11.70
349	1	-1	-3	10	11.70
350	1	-1	-3	10	11.70
351	1	-1	-3	10	11.70
352	1	-1	3	-1	2.00
353	1	-1	3	-1	2.00
354	1	-1	3	-1	2.00
355	1	-1	3	-1	2.00
356	0	-1	3	-1	3.00
357	0	-1	3	-1	3.00
358	0	-1	3	-1	3.00
359	0	-1	4	-1	4.00
360	0	-1	4	-1	4.00
361	0	-1	4	-1	4.00
362	0	0	4	-1	4.12
363	0	0	4	-1	4.12
364	0	0	4	-1	4.12
365	0	0	5	-1	5.10
366	0	0	5	-1	5.10
367	0	0	5	-1	5.10
368	0	0	5	-1	5.10
369	0	0	5	-1	5.10
370	0	0	5	-1	5.10
371	0	0	5	-1	5.10
372	0	0	6	-1	6.08
373	0	0	6	-1	6.08
374	0	0	6	-1	6.08
375	0	0	6	-1	6.08
376	0	0	6	-1	6.08
377	0	0	6	-1	6.08
378	0	0	7	-1	7.07
379	0	0	7	-1	7.07
380	0	0	7	-1	7.07
381	0	0	7	-1	7.07
382	0	0	7	-1	7.07
383	0	0	7	-1	7.07
384	0	0	4	-2	4.47
385	0	0	4	-2	4.47
386	0	0	4	-2	4.47
387	0	0	4	-2	4.47
388	0	0	4	-2	4.47
389	0	0	4	-2	4.47
390	0	0	4	-2	4.47
391	0	0	4	-2	4.47
392	0	0	4	-2	4.47
393	0	0	4	-2	4.47
394	0	0	4	-2	4.47
395	0	0	5	-2	5.38
396	0	0	5	-2	5.38
397	0	0	5	-2	5.38
398	0	0	5	-2	5.38
399	0	0	5	-2	5.38
400	0	0	5	-2	5.38
401	0	0	5	-2	5.38
402	0	0	5	-2	5.38
403	0	0	5	-2	5.38
404	0	1	5	-2	5.83
405	0	1	5	-2	5.83
406	0	1	6	-2	6.71
407	0	1	6	-2	6.71
408	0	1	6	-2	6.71
409	0	1	6	-2	6.71
410	0	0	6	-2	6.32
411	0	0	6	-2	6.32
412	0	1	6	-2	6.71
413	0	1	6	-2	6.71
414	0	1	6	-2	6.71
415	0	1	6	-2	6.71
416	0	1	-1	1	1.00
417	0	1	-1	1	1.00
418	0	1	-1	1	1.00
419	0	1	-1	1	1.00
420	0	1	-1	1	1.00
421	0	1	-1	1	1.00
422	-1	1	-1	1	0.00
423	-1	1	-1	1	0.00
424	-1	0	-1	1	1.00
425	-1	0	-1	1	1.00
426	-1	1	-1	1	0.00
427	-1	1	-1	1	0.00
428	-2	1	-1	1	1.00
429	-2	1	-1	1	1.00
430	-2	1	-1	1	1.00
431	-2	1	-1	1	1.00
432	-3	1	-1	1	2.00
433	-3	1	-1	1	2.00
434	-3	0	-1	1	2.24
435	-3	0	-1	1	2.24
436	-3	0	-1	1	2.24
437	-3	0	-1	1	2.24
438	-4	0	-1	1	3.16
439	-4	0	-1	1	3.16
440	-4	0	-1	1	3.16
441	-4	0	-1	1	3.16
442	-4	0	-1	1	3.16
443	-4	0	-1	1	3.16
444	-4	0	-1	1	3.16
445	-4	0	-1	1	3.16
446	-4	0	-1	1	3.16
447	-4	0	-1	1	3.16
448	-5	0	0	2	5.38
449	-5	0	0	2	5.38
450	-6	0	0	2	6.32
451	-6	0	0	2	6.32
452	-5	0	0	2	5.38
453	-6	0	0	2	6.32
454	-6	0	0	2	6.32
455	-6	0	0	2	6.32
456	-6	0	0	2	6.32
457	-6	0	0	2	6.32
458	-6	0	0	2	6.32
459	-6	0	0	2	6.32
460	-6	0	0	2	6.32
461	-6	0	0	2	6.32
462	-6	0	0	2	6.32
463	-6	0	0	2	6.32
464	-5	0	0	2	5.38
465	-5	0	0	2	5.38
466	-5	0	0	2	5.38
467	-5	0	0	2	5.38
468	-4	-1	0	2	5.00
469	-4	-1	0	2	5.00
470	2	0	0	2	2.83
471	2	0	0	2	2.83
472	9	1	0	2	9.05
473	9	1	0	2	9.05
474	16	1	0	2	16.03
475	16	1	0	2	16.03
476	24	1	0	2	24.01
477	24	1	0	2	24.01
478	30	1	0	2	30.01
479	30	1	0	2	30.01
480	33	0	-10	-1	43.01
481	33	0	-10	-1	43.01
482	32	0	-10	-1	42.01
483	32	0	-10	-1	42.01
484	30	0	-10	-1	40.01
485	30	0	-10	-1	40.01
486	29	0	-10	-1	39.01
487	29	0	-11	-1	40.01
488	29	-1	-11	-1	39.99
489	29	-1	-11	-1	39.99
490	29	-1	-11	-1	39.99
491	29	-1	-11	-1	39.99
492	30	-2	-11	-1	41.00
493	30	-2	-12	-1	42.00
494	32	-2	-12	-1	43.99
495	32	-2	-12	-1	43.99
496	36	-2	-12	-1	47.99
497	36	-2	-12	-1	47.99
498	42	-3	-12	-1	54.00
499	42	-3	-12	-1	54.00
500	49	-4	-13	-1	62.00
501	55	-4	-13	-1	67.98
502	55	-4	-13	-1	67.98
503	58	-5	-13	-1	70.99
504	58	-5	-13	-1	70.99
505	59	-6	-13	-1	71.99
506	59	-6	-14	-1	72.99
507	60	-7	-14	-1	74.00
508	60	-7	-14	-1	74.00
509	60	-7	-14	-1	74.00
510	60	-7	-14	-1	74.00
511	59	-7	-14	-1	73.01
512	59	-7	71	0	13.87
513	59	-7	72	0	14.74
514	59	-7	73	0	15.62
515	58	-7	74	0	17.43
516	58	-7	75	0	18.35
517	58	-7	76	0	19.27
518	58	-7	78	0	21.14
519	57	-7	79	0	23.03
520	57	-7	80	0	23.99
521	56	-7	81	0	25.90
522	56	-7	82	0	26.86
523	56	-7	84	0	28.79
524	56	-8	85	0	29.99
525	56	-8	86	0	30.95
526	55	-8	87	0	32.88
527	55	-8	88	0	33.85
528	55	-8	90	0	35.79
529	55	-8	91	0	36.76
530	53	-8	92	0	39.68
531	53	-8	93	0	40.66
532	50	-8	94	0	44.57
533	50	-8	95	0	45.55
534	41	-7	97	0	56.29
535	41	-7	98	0	57.28
536	41	-7	99	0	58.27
537	37	-7	100	0	63.22
538	37	-7	101	0	64.21
539	34	-6	103	0	69.12
540	31	-6	104	0	73.10
541	31	-6	105	0	74.09
542	29	-6	106	0	77.07
543	26	-6	107	0	81.05
544	26	-6	85	-14	58.51
545	23	-5	85	-14	61.65
546	20	-5	86	-14	65.53
547	20	-5	87	-14	66.50
548	16	-4	88	-14	71.58
549	12	-3	89	-15	76.67
550	12	-3	89	-15	76.67
551	12	-3	90	-15	77.64
552	6	-2	91	-15	84.65
553	0	-1	92	-15	91.67
554	0	-1	93	-16	92.61
555	-8	0	93	-16	100.57
556	-8	0	94	-16	101.53
557	-15	-1	95	-16	108.90
558	-20	-1	96	-17	114.46
559	-20	-1	97	-17	115.40
560	-21	-1	98	-17	117.29
561	-21	-1	98	-17	117.29
562	-21	-1	99	-17	118.23
563	-19	-2	100	-18	116.74
564	-19	-2	101	-18	117.67
565	-17	-2	102	-18	116.74
566	-17	-2	102	-18	116.74
567	-17	-2	103	-19	117.46
568	-17	-2	104	-19	118.38
569	-17	-2	105	-19	119.30
570	-16	-2	106	-19	119.30
571	-16	-2	106	-19	119.30
572	-16	-2	107	-20	119.97
573	-15	-3	108	-20	119.55
574	-15	-3	109	-20	120.45
575	-15	-3	110	-20	121.36
576	-15	-3	-7	-5	8.23
577	-14	-3	-8	-4	6.07
578	-14	-3	-9	-4	5.09
579	-14	-3	-10	-4	4.12
580	-12	-3	-11	-4	1.41
581	-12	-3	-12	-4	1.00
582	-12	-3	-13	-4	1.41
583	-10	-3	-14	-4	4.12
584	-10	-3	-15	-4	5.09
585	-10	-3	-16	-4	6.07
586	-10	-3	-17	-4	7.06
587	-10	-3	-18	-4	8.05
588	-8	-2	-19	-4	11.16
589	-8	-2	-20	-4	12.15
590	-6	-2	-21	-4	15.11
591	-6	-2	-22	-4	16.10
592	-5	-1	-23	-4	18.23
593	-4	0	-24	-4	20.38
594	-4	0	-25	-4	21.36
595	-3	0	-26	-4	23.33
596	-3	0	-27	-4	24.31
597	-3	1	-28	-4	25.48
598	-2	1	-29	-4	27.44
599	-2	1	-30	-4	28.42
600	-3	1	-31	-4	28.42
601	-3	1	-32	-4	29.41
602	-3	1	-33	-4	30.39
603	-4	0	-34	-4	30.24
604	-4	0	-35	-4	31.23
605	-4	1	-36	-4	32.37
606	-4	1	-37	-4	33.35
607	-4	1	-38	-4	34.34
608	-4	1	-56	0	52.01
609	-4	1	-57	0	53.01
610	-4	1	-58	0	54.01
611	-4	1	-59	0	55.01
612	-5	1	-61	0	56.01
613	-4	1	-62	0	58.01
614	-4	1	-63	0	59.01
615	-4	0	-64	0	60.00
616	-4	0	-66	0	62.00
617	-4	0	-67	0	63.00
618	-4	0	-68	0	64.00
619	-4	0	-70	1	66.00
620	-4	0	-71	1	67.00
621	-4	0	-72	1	68.00
622	-4	0	-73	1	69.00
623	-4	0	-75	1	71.00
624	-4	0	-76	1	72.00
625	-4	0	-77	1	73.00
626	-4	0	-79	1	75.00
627	-5	1	-80	1	74.99
628	-5	1	-81	1	75.99
629	-5	1	-82	1	76.99
630	-4	1	-84	2	79.97
631	-4	1	-85	2	80.97
632	-5	1	-86	2	80.97
633	-5	1	-88	2	82.97
634	-5	1	-89	2	83.97
635	-6	1	-90	2	83.97
636	-6	1	-91	2	84.97
637	-7	1	-93	2	85.97
638	-7	1	-94	2	86.97
639	-7	1	-95	2	87.97
640	-7	1	7	5	14.54
641	-7	1	7	5	14.54
642	-8	1	7	5	15.50
643	-8	1	8	5	16.47
644	-8	1	8	5	16.47
645	-8	1	8	5	16.47
646	-7	1	9	5	16.47
647	-7	1	9	5	16.47
648	-7	1	9	6	16.73
649	-7	1	10	6	17.68
650	-7	1	10	6	17.68
651	-6	1	10	6	16.73
652	-6	1	11	6	17.68
653	-6	1	11	6	17.68
654	-6	1	11	6	17.68
655	-6	1	12	6	18.64
656	-5	1	12	7	17.98
657	-5	1	12	7	17.98
658	-5	1	13	7	18.92
659	-5	1	13	7	18.92
660	-5	1	13	7	18.92
661	-4	2	14	7	18.62
662	-4	2	14	7	18.62
663	-3	2	14	7	17.66
664	-3	3	15	8	18.60
665	-3	3	15	8	18.60
666	-3	4	15	8	18.34
667	-3	4	16	8	19.31
668	-2	5	16	8	18.13
669	-2	6	16	8	17.98
670	-2	6	17	8	18.96
671	-2	7	17	8	18.86
672	-2	7	-10	1	9.98
673	-2	6	-10	1	9.42
674	-2	6	-10	1	9.42
675	-2	6	-10	1	9.42
676	-2	6	-10	1	9.42
677	-2	6	-10	1	9.42
678	-2	6	-10	1	9.42
679	-2	6	-10	1	9.42
680	-2	5	-10	1	8.93
681	-2	5	-10	1	8.93
682	-2	5	-10	1	8.93
683	-2	5	-11	1	9.84
684	-2	5	-11	1	9.84
685	-2	5	-11	1	9.84
686	-2	5	-11	1	9.84
687	-2	5	-11	1	9.84
688	-2	4	-11	1	9.48
689	-2	4	-11	1	9.48
690	-2	4	-11	1	9.48
691	-2	4	-11	1	9.48
692	-2	4	-11	1	9.48
693	-2	4	-11	1	9.48
694	-2	4	-12	1	10.43
695	-2	3	-12	1	10.19
696	-2	3	-12	1	10.19
697	-2	3	-12	1	10.19
698	-2	3	-12	1	10.19
699	-2	3	-12	1	10.19
700	-2	3	-12	1	10.19
701	-2	3	-12	1	10.19
702	-1	3	-12	1	11.17
703	-1	3	-12	1	11.17
704	-1	3	3	13	10.75
705	-1	3	3	13	10.75
706	-1	3	3	13	10.75
707	-1	3	3	13	10.75
708	-1	3	3	13	10.75
709	-1	2	3	13	11.69
710	-1	2	3	14	12.63
711	-1	2	4	14	12.98
712	-2	2	4	14	13.39
713	-2	2	4	14	13.39
714	-2	2	4	14	13.39
715	-2	2	4	15	14.28
716	-2	2	4	15	14.28
717	-2	2	5	15	14.72
718	-2	2	5	15	14.72
719	-3	1	5	15	16.08
720	-3	1	5	16	16.95
721	-3	1	5	16	16.95
722	-3	1	5	16	16.95
723	-3	1	5	16	16.95
724	-4	1	6	16	17.95
725	-4	1	6	16	17.95
726	-4	1	6	17	18.78
727	-3	1	6	17	18.29
728	-3	1	6	17	18.29
729	-3	1	6	17	18.29
730	-3	1	7	17	18.78
731	-3	1	7	18	19.63
732	-3	1	7	18	19.63
733	-3	1	7	18	19.63
734	-3	1	7	18	19.63
735	-3	1	7	18	19.63
736	-2	1	0	-1	2.83
737	-2	1	0	-1	2.83
738	-2	1	0	-1	2.83
739	-2	0	0	-1	2.24
740	-2	0	0	-1	2.24
741	-2	0	0	-1	2.24
742	-2	0	0	-1	2.24
743	-2	0	0	-1	2.24
744	-2	0	0	-2	2.83
745	-2	0	0	-2	2.83
746	0	0	0	-2	2.00
747	0	0	0	-2	2.00
748	1	0	0	-2	2.24
749	4	0	0	-2	4.47
750	4	0	0	-2	4.47
751	7	0	0	-2	7.28
752	7	0	0	-3	7.61
753	8	0	0	-3	8.54
754	9	0	0	-3	9.48
755	9	0	0	-3	9.48
756	11	0	0	-3	11.40
757	11	0	0	-3	11.40
758	12	0	0	-3	12.36
759	12	0	0	-3	12.36
760	13	0	0	-4	13.59
761	14	0	0	-4	14.55
762	14	0	0	-4	14.55
763	14	0	0	-4	14.55
764	14	0	0	-4	14.55
765	14	0	0	-4	14.55
766	14	0	0	-4	14.55
767	14	0	0	-4	14.55
768	14	0	-3	-1	17.03
769	14	0	-3	-1	17.03
770	14	0	-3	-1	17.03
771	13	0	-3	-1	16.03
772	13	0	-3	-1	16.03
773	13	0	-3	-1	16.03
774	13	0	-3	-1	16.03
775	12	0	-3	-1	15.03
776	12	0	-3	-1	15.03
777	12	0	-3	-1	15.03
778	11	-1	-3	-1	14.00
779	11	-1	-3	-1	14.00
780	10	-1	-3	-1	13.00
781	10	-1	-3	-1	13.00
782	9	-1	-3	-1	12.00
783	7	-1	-3	-1	10.00
784	7	-1	-3	-2	10.05
785	5	-1	-3	-2	8.06
786	5	-1	-3	-2	8.06
787	4	-1	-3	-2	7.07
788	4	-1	-3	-2	7.07
789	2	-1	-3	-2	5.10
790	1	-1	-3	-2	4.12
791	1	-1	-3	-2	4.12
792	0	-1	-3	-2	3.16
793	0	-1	-3	-2	3.16
794	0	-1	-3	-2	3.16
795	0	-1	-3	-2	3.16
796	0	-1	-3	-2	3.16
797	0	-1	-3	-2	3.16
798	0	-1	-3	-2	3.16
799	0	-1	-3	-2	3.16
800	0	-1	30	-1	30.00
801	0	-1	30	-1	30.00
802	-1	-1	31	-1	31.99
803	-1	-1	31	-1	31.99
804	0	-1	32	-1	31.99
805	-1	-1	32	-1	32.99
806	-1	-1	33	-1	33.99
807	0	0	33	-1	33.01
808	0	0	34	-1	34.01
809	0	-1	34	-1	33.99
810	0	-1	35	-1	34.99
811	0	-1	35	-1	34.99
812	0	-1	36	-1	35.99
813	0	-1	36	-1	35.99
814	0	-1	37	-1	36.99
815	0	-1	37	-1	36.99
816	0	-1	38	-1	37.99
817	0	-1	38	-1	37.99
818	0	-1	39	-1	38.99
819	0	-1	39	-1	38.99
820	0	-1	40	-1	39.99
821	0	-1	40	-1	39.99
822	0	-1	41	-1	40.99
823	0	-1	41	-1	40.99
824	0	0	42	-1	42.01
825	0	0	42	-1	42.01
826	0	0	43	-1	43.01
827	0	-1	43	-1	42.99
828	0	-1	44	-1	43.99
829	0	-1	44	-1	43.99
830	0	-1	45	-1	44.99
831	0	-1	45	-1	44.99
832	0	-1	-14	-2	14.03
833	0	-1	-14	-2	14.03
834	0	-1	-14	-2	14.03
835	0	-1	-15	-2	15.03
836	0	-1	-15	-2	15.03
837	0	-1	-16	-2	16.03
838	0	-1	-16	-2	16.03
839	0	-1	-17	-2	17.02
840	0	-1	-17	-2	17.02
841	0	-1	-17	-2	17.02
842	0	-1	-18	-2	18.02
843	0	-1	-18	-2	18.02
844	0	-2	-19	-2	18.99
845	0	-2	-19	-2	18.99
846	0	-2	-20	-2	19.99
847	0	-2	-20	-2	19.99
848	0	-2	-21	-2	20.99
849	0	-2	-21	-2	20.99
850	0	-2	-21	-2	20.99
851	0	-2	-22	-2	21.99
852	0	-2	-22	-2	21.99
853	0	-2	-23	-2	22.99
854	0	-2	-23	-2	22.99
855	0	-2	-24	-2	23.99
856	0	-2	-24	-2	23.99
857	0	-2	-24	-2	23.99
858	0	-2	-25	-2	24.98
859	0	-2	-25	-2	24.98
860	0	-2	-26	-2	25.98
861	0	-2	-26	-2	25.98
862	0	-2	-27	-2	26.98
863	0	-2	-27	-2	26.98
864	0	-2	0	-1	1.00
865	0	-2	0	-1	1.00
866	0	-2	0	-1	1.00
867	0	-2	0	-1	1.00
868	0	-2	0	-1	1.00
869	0	-2	0	-1	1.00
870	0	-2	0	-1	1.00
871	0	-2	0	-1	1.00
872	0	-2	0	-1	1.00
873	0	-2	0	-1	1.00
874	0	-2	0	-1	1.00
875	0	-2	0	-1	1.00
876	0	-2	0	-1	1.00
877	0	-2	0	-1	1.00
878	0	-2	0	-1	1.00
879	0	-2	0	-1	1.00
880	0	-2	0	-1	1.00
881	0	-2	0	-1	1.00
882	0	-2	0	-1	1.00
883	0	-2	0	-1	1.00
884	0	-2	0	-1	1.00
885	0	-2	0	-1	1.00
886	0	-2	0	-1	1.00
887	0	-2	0	-1	1.00
888	0	-2	0	-1	1.00
889	0	-2	0	-1	1.00
890	0	-2	0	-1	1.00
891	0	-2	0	-1	1.00
892	0	-2	0	-1	1.00
893	0	-2	0	-1	1.00
894	0	-2	0	-1	1.00
895	-1	-2	0	-1	1.41
896	-1	-2	0	-3	1.41
897	-1	-2	0	-3	1.41
898	-1	-2	0	-3	1.41
899	-1	-2	0	-3	1.41
900	-1	-2	0	-3	1.41
901	-1	-2	0	-3	1.41
902	-1	-2	0	-3	1.41
903	-1	-2	0	-3	1.41
904	-1	-1	0	-3	2.24
905	-1	-1	0	-3	2.24
906	-1	-1	0	-3	2.24
907	0	-1	0	-3	2.00
908	0	-1	0	-3	2.00
909	0	-1	0	-3	2.00
910	0	-1	0	-3	2.00
911	0	-1	0	-3	2.00
912	0	-1	0	-3	2.00
913	0	-1	0	-3	2.00
914	0	-2	0	-3	1.00
915	0	-2	0	-3	1.00
916	0	-1	0	-3	2.00
917	-1	-1	0	-3	2.24
918	-1	-1	0	-3	2.24
919	-1	-1	0	-3	2.24
920	-1	-1	0	-3	2.24
921	-1	-1	0	-3	2.24
922	-1	-1	0	-3	2.24
923	-1	-1	0	-3	2.24
924	-1	-1	0	-3	2.24
925	-1	-1	0	-3	2.24
926	-1	-1	0	-3	2.24
927	-1	-1	0	-3	2.24
928	-2	0	-2	-2	2.00
929	-4	1	-2	-2	3.61
930	-4	1	-2	-2	3.61
931	-5	1	-2	-2	4.24
932	-5	1	-2	-2	4.24
933	-5	1	-2	-2	4.24
934	-5	1	-2	-2	4.24
935	-5	1	-2	-2	4.24
936	-5	1	-2	-2	4.24
937	-6	1	-2	-2	5.00
938	-7	0	-2	-2	5.38
939	-7	0	-2	-2	5.38
940	-9	1	-2	-2	7.61
941	-10	2	-2	-2	8.94
942	-10	2	-2	-2	8.94
943	-13	2	-2	-2	11.70
944	-13	2	-2	-2	11.70
945	-16	1	-2	-2	14.32
946	-19	0	-2	-2	17.11
947	-19	0	-2	-2	17.11
948	-23	0	-2	-2	21.09
949	-23	0	-2	-2	21.09
950	-26	-1	-2	-2	24.01
951	-26	-1	-2	-2	24.01
952	-29	-1	-2	-2	27.01
953	-31	-2	-2	-2	28.98
954	-31	-2	-2	-2	28.98
955	-33	-2	-2	-2	30.98
956	-33	-2	-2	-2	30.98
957	-36	-3	-2	-2	33.98
958	-39	-3	-2	-2	36.98
959	-39	-3	-2	-2	36.98
960	-43	-4	-3	2	40.42
961	-43	-4	-3	2	40.42
962	-46	-4	-3	2	43.39
963	-47	-5	-3	2	44.51
964	-47	-5	-3	2	44.51
965	-48	-5	-3	2	45.50
966	-48	-5	-3	2	45.50
967	-49	-5	-3	2	46.48
968	-49	-5	-3	2	46.48
969	-50	-6	-3	2	47.61
970	-53	-6	-3	2	50.56
971	-53	-6	-3	2	50.56
972	-59	-5	-3	2	56.38
973	-59	-5	-3	2	56.38
974	-64	-5	-3	2	61.34
975	-68	-5	-3	2	65.31
976	-68	-5	-3	3	65.43
977	-68	-5	-3	3	65.43
978	-72	-5	-3	3	69.39
979	-75	-5	-3	3	72.37
980	-75	-5	-3	3	72.37
981	-75	-5	-3	3	72.37
982	-75	-6	-3	3	72.46
983	-75	-6	-3	3	72.46
984	-76	-7	-3	3	73.54
985	-78	-7	-3	3	75.51
986	-78	-7	-3	3	75.51
987	-78	-7	-3	3	75.51
988	-78	-7	-3	3	75.51
989	-78	-7	-3	3	75.51
990	-77	-7	-3	3	74.52
991	-76	-8	-3	3	73.63
992	-76	-8	-84	-8	7.92
993	-74	-8	-85	-8	10.89
994	-71	-7	-86	-8	14.90
995	-71	-7	-87	-8	15.89
996	-66	-7	-89	-8	22.82
997	-59	-7	-90	-8	30.74
998	-59	-7	-91	-8	31.73
999	-50	-7	-92	-8	41.64
1000	-50	-7	-94	-9	43.59
1001	-42	-8	-95	-9	52.38
1002	-34	-7	-96	-9	61.36
1003	-34	-7	-98	-9	63.33
1004	-34	-7	-99	-9	64.32
1005	-26	-7	-100	-9	73.19
1006	-18	-7	-101	-9	82.04
1007	-18	-7	-103	-9	84.00
1008	-13	-6	-104	-10	89.94
1009	-10	-6	-105	-10	93.85
1010	-10	-6	-107	-10	95.81
1011	-8	-6	-108	-10	98.74
1012	-8	-6	-109	-10	99.71
1013	-8	-6	-110	-10	100.69
1014	-6	-5	-112	-10	104.79
1015	-6	-5	-113	-10	105.77
1016	-6	-5	-114	-11	106.59
1017	-7	-5	-116	-11	107.56
1018	-8	-4	-117	-11	107.79
1019	-8	-4	-118	-11	108.76
1020	-8	-4	-119	-11	109.73
1021	-7	-4	-121	-11	112.64
1022	-7	-4	-122	-11	113.61
1023	-7	-3	-123	-11	114.82
1024	-7	-4	-109	-12	100.86
1025	-7	-4	-110	-12	101.83
1026	-7	-2	-111	-12	103.25
1027	-7	-2	-112	-12	104.23
1028	-7	-2	-113	-12	105.20
1029	-5	-3	-114	-12	107.89
1030	-5	-3	-115	-12	108.86
1031	-6	-1	-116	-12	109.32
1032	-6	-1	-117	-13	110.19
1033	-6	-1	-118	-13	111.16
1034	-6	-2	-119	-13	111.88
1035	-5	-2	-120	-13	113.81
1036	-5	-2	-121	-13	114.77
1037	-6	-2	-122	-13	114.77
1038	-5	-2	-123	-13	116.70
1039	-5	-2	-124	-13	117.66
1040	-5	-2	-125	-14	118.45
1041	-4	-1	-126	-14	120.66
1042	-4	-1	-127	-14	121.61
1043	-4	-1	-128	-14	122.57
1044	-3	-1	-129	-14	124.47
1045	-1	0	-130	-14	127.63
1046	0	0	-131	-14	129.54
1047	0	0	-132	-14	130.49
1048	4	0	-133	-15	134.95
1049	4	0	-134	-15	135.88
1050	8	0	-135	-15	140.48
1051	11	0	-136	-15	144.11
1052	11	0	-137	-15	145.00
1053	14	0	-138	-15	148.52
1054	14	0	-139	-15	149.39
1055	15	0	-140	-15	151.10
1056	15	0	62	0	47.00
1057	16	0	64	0	48.00
1058	16	0	66	0	50.00
1059	17	0	68	0	51.00
1060	17	0	70	0	53.00
1061	17	0	72	0	55.00
1062	17	0	74	0	57.00
1063	16	-1	77	0	61.00
1064	16	-1	79	1	63.03
1065	17	-1	81	1	64.03
1066	17	-1	83	1	66.03
1067	17	-1	85	1	68.03
1068	17	-1	87	1	70.02
1069	17	-1	90	1	73.02
1070	17	-1	92	1	75.02
1071	17	-1	94	1	77.02
1072	17	-1	96	2	79.04
1073	17	-1	98	2	81.04
1074	16	-1	100	2	84.04
1075	16	-1	102	2	86.04
1076	16	-1	105	2	89.04
1077	16	-1	107	2	91.03
1078	16	-1	109	2	93.03
1079	16	-1	111	2	95.03
1080	15	-2	113	3	98.09
1081	15	-2	115	3	100.09
1082	15	-2	118	3	103.08
1083	15	-2	120	3	105.08
1084	14	-2	122	3	108.07
1085	14	-2	124	3	110.07
1086	14	-2	126	3	112.07
1087	14	-2	128	3	114.06
1088	14	-2	37	4	23.76
1089	14	-2	37	4	23.76
1090	14	-2	38	4	24.72
1091	14	-2	39	4	25.70
1092	13	-2	39	4	26.67
1093	13	-2	40	4	27.64
1094	13	-2	41	4	28.62
1095	13	-2	41	4	28.62
1096	12	-3	42	5	31.02
1097	12	-3	43	5	31.99
1098	12	-3	43	5	31.99
1099	12	-3	44	5	32.95
1100	11	-3	45	5	34.90
1101	11	-3	45	5	34.90
1102	8	-3	46	5	38.80
1103	8	-3	47	5	39.77
1104	7	-4	48	6	42.14
1105	7	-4	48	6	42.14
1106	6	-4	49	6	44.09
1107	6	-4	50	6	45.06
1108	4	-4	50	6	47.01
1109	4	-4	51	6	47.99
1110	4	-4	52	6	48.96
1111	4	-4	52	6	48.96
1112	3	-4	53	7	51.10
1113	3	-4	54	7	52.08
1114	3	-4	54	7	52.08
1115	3	-4	55	7	53.05
1116	2	-4	56	7	55.01
1117	2	-4	56	7	55.01
1118	1	-4	57	7	56.96
1119	1	-4	58	7	57.94
1120	0	-4	13	-4	12.97
1121	0	-4	12	-4	11.97
1122	0	-5	12	-4	12.00
1123	0	-5	12	-4	12.00
1124	-2	-4	12	-4	13.97
1125	-2	-4	12	-4	13.97
1126	-3	-4	12	-4	14.96
1127	-3	-4	12	-4	14.96
1128	-4	-4	12	-4	15.96
1129	-4	-4	12	-4	15.96
1130	-5	-4	12	-4	16.96
1131	-5	-4	12	-4	16.96
1132	-6	-3	12	-4	17.99
1133	-6	-3	12	-4	17.99
1134	-8	-2	12	-4	20.07
1135	-8	-2	12	-4	20.07
1136	-9	-4	12	-5	20.96
1137	-9	-4	12	-5	20.96
1138	-11	-5	12	-5	22.91
1139	-11	-5	12	-5	22.91
1140	-14	-5	12	-5	25.90
1141	-14	-5	12	-5	25.90
1142	-13	-5	12	-5	24.90
1143	-13	-5	12	-5	24.90
1144	-12	-4	12	-5	23.95
1145	-12	-4	12	-5	23.95
1146	-12	-4	12	-5	23.95
1147	-12	-4	12	-5	23.95
1148	-11	-4	12	-5	22.95
1149	-11	-4	12	-5	22.95
1150	-11	-4	12	-5	22.95
1151	-11	-4	12	-5	22.95
1152	-10	-5	-14	-6	4.11
1153	-10	-5	-14	-6	4.11
1154	-10	-5	-14	-6	4.11
1155	-10	-5	-15	-6	5.08
1156	-9	-5	-15	-6	6.06
1157	-9	-5	-16	-6	7.04
1158	-9	-6	-16	-6	6.96
1159	-9	-6	-17	-6	7.96
1160	-9	-6	-17	-6	7.96
1161	-9	-6	-17	-6	7.96
1162	-8	-6	-18	-6	9.95
1163	-8	-6	-18	-6	9.95
1164	-7	-6	-19	-6	11.93
1165	-7	-6	-19	-6	11.93
1166	-6	-6	-20	-6	13.92
1167	-6	-6	-20	-6	13.92
1168	-8	-5	-21	-7	13.08
1169	-8	-5	-21	-7	13.08
1170	-8	-6	-21	-7	12.95
1171	-8	-6	-22	-7	13.95
1172	-8	-6	-22	-7	13.95
1173	-8	-6	-23	-7	14.94
1174	-7	-6	-23	-7	15.93
1175	-7	-6	-24	-7	16.92
1176	-8	-7	-24	-7	15.88
1177	-8	-7	-24	-7	15.88
1178	-7	-7	-25	-7	17.86
1179	-7	-7	-25	-7	17.86
1180	-6	-7	-26	-7	19.85
1181	-6	-7	-26	-7	19.85
1182	-5	-6	-27	-7	21.88
1183	-4	-5	-27	-7	22.96
1184	-4	-5	-20	-6	15.96
1185	-4	-5	-20	-6	15.96
1186	-4	-4	-20	-6	16.06
1187	-4	-4	-20	-6	16.06
1188	-4	-4	-21	-6	17.05
1189	-4	-3	-21	-6	17.21
1190	-4	-3	-21	-6	17.21
1191	-4	-3	-22	-6	18.19
1192	-4	-3	-22	-6	18.19
1193	-4	-3	-22	-6	18.19
1194	-4	-3	-23	-6	19.17
1195	-4	-3	-23	-6	19.17
1196	-4	-3	-23	-6	19.17
1197	-3	-3	-24	-6	21.15
1198	-3	-3	-24	-6	21.15
1199	-3	-3	-24	-6	21.15
1200	-2	-3	-25	-6	23.12
1201	-2	-3	-25	-6	23.12
1202	-2	-3	-25	-6	23.12
1203	-1	-3	-25	-6	24.11
1204	-1	-3	-26	-6	25.10
1205	-1	-3	-26	-6	25.10
1206	-1	-3	-26	-6	25.10
1207	0	-3	-27	-6	27.08
1208	0	-3	-27	-6	27.08
1209	0	-3	-27	-6	27.08
1210	0	-3	-28	-6	28.07
1211	0	-3	-28	-6	28.07
1212	1	-3	-28	-6	29.06
1213	1	-3	-29	-6	30.05
1214	2	-3	-29	-6	31.04
1215	2	-3	-29	-6	31.04
1216	2	-3	2	-5	2.00
1217	2	-3	2	-5	2.00
1218	2	-3	2	-5	2.00
1219	2	-3	2	-5	2.00
1220	2	-3	2	-5	2.00
1221	2	-2	2	-5	3.00
1222	2	-2	3	-5	3.16
1223	2	-2	3	-5	3.16
1224	2	-1	3	-5	4.12
1225	2	-1	3	-5	4.12
1226	1	-1	3	-5	4.47
1227	1	-1	4	-5	5.00
1228	1	-1	4	-5	5.00
1229	1	-1	4	-5	5.00
1230	1	-1	4	-5	5.00
1231	1	-1	4	-5	5.00
1232	0	-1	5	-5	6.40
1233	0	-1	5	-5	6.40
1234	0	-1	5	-5	6.40
1235	0	-1	5	-5	6.40
1236	0	-1	5	-5	6.40
1237	0	0	5	-5	7.07
1238	0	0	6	-5	7.80
1239	0	0	6	-5	7.80
1240	0	0	6	-5	7.80
1241	0	0	6	-5	7.80
1242	0	0	6	-5	7.80
1243	0	0	7	-5	8.60
1244	0	0	7	-5	8.60
1245	0	0	7	-5	8.60
1246	0	0	7	-5	8.60
1247	0	0	7	-5	8.60
1248	0	1	8	-1	8.25
1249	-1	1	8	0	9.05
1250	-1	1	8	0	9.05
1251	-1	1	8	0	9.05
1252	-1	1	8	0	9.05
1253	-1	1	8	0	9.05
1254	-1	2	9	0	10.20
1255	-1	2	9	0	10.20
1256	-1	2	9	0	10.20
1257	-1	2	9	0	10.20
1258	-1	2	9	0	10.20
1259	-1	2	10	0	11.18
1260	-1	2	10	0	11.18
1261	-1	2	10	0	11.18
1262	-1	2	10	0	11.18
1263	-1	2	10	0	11.18
1264	-1	2	11	0	12.16
1265	-1	2	11	0	12.16
1266	-1	2	11	0	12.16
1267	-1	2	11	0	12.16
1268	-1	2	11	0	12.16
1269	-1	2	11	0	12.16
1270	-1	2	12	0	13.15
1271	-1	2	12	0	13.15
1272	-1	2	12	0	13.15
1273	-1	2	12	0	13.15
1274	-1	2	12	0	13.15
1275	-1	2	13	0	14.14
1276	-1	2	13	0	14.14
1277	-1	2	13	0	14.14
1278	-1	2	13	0	14.14
1279	-1	2	13	0	14.14
1280	-1	2	-2	5	3.16
1281	-1	2	-2	5	3.16
1282	-1	2	-2	5	3.16
1283	-1	2	-2	5	3.16
1284	-1	2	-2	5	3.16
1285	0	2	-2	5	3.60
1286	0	2	-2	5	3.60
1287	0	2	-2	5	3.60
1288	0	1	-2	6	5.38
1289	0	1	-2	6	5.38
1290	0	2	-2	6	4.47
1291	0	2	-2	6	4.47
1292	0	2	-2	6	4.47
1293	2	3	-2	6	4.99
1294	2	3	-2	6	4.99
1295	6	4	-2	6	8.22
1296	6	4	-3	7	9.45
1297	9	5	-3	7	12.10
1298	10	5	-3	7	13.08
1299	10	5	-3	7	13.08
1300	11	5	-3	7	14.07
1301	11	5	-3	7	14.07
1302	12	6	-3	7	14.94
1303	13	5	-3	7	16.04
1304	13	5	-3	8	16.18
1305	13	5	-3	8	16.18
1306	13	5	-3	8	16.18
1307	13	5	-3	8	16.18
1308	12	6	-3	8	15.02
1309	12	6	-3	8	15.02
1310	12	6	-3	8	15.02
1311	12	6	-3	8	15.02
1312	11	6	-2	3	13.30
1313	11	6	-2	3	13.30
1314	11	6	-2	3	13.30
1315	10	6	-2	3	12.33
1316	10	6	-2	3	12.33
1317	10	6	-2	3	12.33
1318	10	6	-2	3	12.33
1319	8	6	-2	3	10.41
1320	8	5	-2	3	10.17
1321	8	5	-2	3	10.17
1322	7	5	-2	3	9.20
1323	7	5	-2	3	9.20
1324	7	5	-2	3	9.20
1325	7	5	-2	3	9.20
1326	7	5	-2	3	9.20
1327	6	4	-2	3	8.05
1328	6	4	-2	3	8.05
1329	6	3	-2	3	7.99
1330	6	3	-2	3	7.99
1331	6	3	-2	3	7.99
1332	6	3	-2	3	7.99
1333	6	3	-2	3	7.99
1334	6	3	-2	3	7.99
1335	6	3	-2	3	7.99
1336	6	2	-2	3	8.05
1337	6	3	-2	3	7.99
1338	6	3	-2	3	7.99
1339	6	3	-2	3	7.99
1340	6	3	-2	3	7.99
1341	6	4	-2	3	8.05
1342	5	3	-2	3	6.99
1343	5	3	-2	3	6.99
1344	4	3	23	10	20.12
1345	4	3	23	10	20.12
1346	3	2	23	10	21.42
1347	2	2	24	10	23.28
1348	2	2	24	10	23.28
1349	1	2	24	10	24.21
1350	1	2	25	10	25.15
1351	0	2	25	10	26.10
1352	0	2	26	11	27.33
1353	0	2	26	11	27.33
1354	-2	2	26	11	29.21
1355	-2	2	27	11	30.15
1356	-3	1	27	11	31.43
1357	-3	1	27	11	31.43
1358	-5	0	28	11	34.59
1359	-5	0	28	11	34.59
1360	-5	0	29	12	35.81
1361	-6	0	29	12	36.75
1362	-6	0	29	12	36.75
1363	-7	0	30	12	38.63
1364	-8	0	30	12	39.58
1365	-8	0	30	12	39.58
1366	-10	0	31	12	42.42
1367	-10	0	31	12	42.42
1368	-11	0	32	13	44.55
1369	-12	0	32	13	45.50
1370	-12	0	32	13	45.50
1371	-13	0	33	13	47.40
1372	-13	0	33	13	47.40
1373	-15	0	33	13	49.31
1374	-15	0	34	13	50.26
1375	-17	0	34	13	52.18
1376	-17	0	-3	0	14.00
1377	-17	0	-3	0	14.00
1378	-17	0	-3	0	14.00
1379	-17	0	-3	0	14.00
1380	-18	0	-3	0	15.00
1381	-18	0	-4	0	14.00
1382	-18	0	-4	0	14.00
1383	-18	0	-4	0	14.00
1384	-18	0	-4	0	14.00
1385	-18	0	-4	0	14.00
1386	-19	1	-5	0	14.03
1387	-19	1	-5	-1	14.14
1388	-19	2	-5	-1	14.32
1389	-19	2	-5	-1	14.32
1390	-20	2	-6	-1	14.32
1391	-20	3	-6	-1	14.56
1392	-20	3	-6	-1	14.56
1393	-19	4	-6	-1	13.92
1394	-19	4	-6	-1	13.92
1395	-19	4	-7	-1	12.99
1396	-19	4	-7	-1	12.99
1397	-19	4	-7	-1	12.99
1398	-19	4	-7	-2	13.41
1399	-19	4	-8	-2	12.52
1400	-19	4	-8	-2	12.52
1401	-19	4	-8	-2	12.52
1402	-19	4	-8	-2	12.52
1403	-19	4	-8	-2	12.52
1404	-19	4	-9	-2	11.66
1405	-19	4	-9	-2	11.66
1406	-19	4	-9	-2	11.66
1407	-18	4	-9	-2	10.81
1408	-18	4	-38	-3	21.18
1409	-17	4	-38	-3	22.12
1410	-17	4	-39	-3	23.07
1411	-16	3	-39	-3	23.76
1412	-14	3	-40	-3	26.67
1413	-14	3	-41	-3	27.65
1414	-12	4	-41	-3	29.81
1415	-12	4	-42	-3	30.79
1416	-11	3	-43	-3	32.54
1417	-10	3	-43	-3	33.53
1418	-10	3	-44	-3	34.51
1419	-9	3	-45	-4	36.65
1420	-9	3	-45	-4	36.65
1421	-9	3	-46	-4	37.63
1422	-9	3	-47	-4	38.61
1423	-9	2	-47	-4	38.45
1424	-8	2	-48	-4	40.42
1425	-8	2	-49	-4	41.41
1426	-6	2	-49	-4	43.39
1427	-6	2	-50	-4	44.38
1428	-5	1	-51	-4	46.24
1429	-4	1	-51	-4	47.23
1430	-4	1	-52	-5	48.32
1431	-4	1	-53	-5	49.31
1432	-4	1	-53	-5	49.31
1433	-4	1	-54	-5	50.30
1434	-4	1	-55	-5	51.30
1435	-4	2	-55	-5	51.43
1436	-4	3	-56	-5	52.56
1437	-4	3	-57	-5	53.55
1438	-6	4	-57	-5	51.73
1439	-6	4	-58	-5	52.72
1440	-9	5	-19	8	10.38
1441	-10	5	-19	8	9.43
1442	-10	5	-19	8	9.43
1443	-12	5	-19	8	7.57
1444	-12	5	-19	8	7.57
1445	-12	5	-19	8	7.57
1446	-12	5	-19	8	7.57
1447	-12	4	-19	8	8.03
1448	-12	4	-19	9	8.56
1449	-12	4	-19	9	8.56
1450	-12	5	-19	9	8.02
1451	-12	5	-19	9	8.02
1452	-11	6	-19	9	8.48
1453	-11	6	-19	9	8.48
1454	-12	6	-19	9	7.56
1455	-12	7	-19	9	7.21
1456	-12	7	-19	10	7.54
1457	-13	7	-19	10	6.65
1458	-13	7	-19	10	6.65
1459	-14	6	-19	10	6.36
1460	-14	6	-19	10	6.36
1461	-14	6	-19	10	6.36
1462	-13	6	-19	10	7.16
1463	-13	6	-19	10	7.16
1464	-13	6	-19	11	7.76
1465	-13	6	-19	11	7.76
1466	-13	5	-19	11	8.44
1467	-13	5	-19	11	8.44
1468	-13	5	-19	11	8.44
1469	-13	5	-19	11	8.44
1470	-13	5	-19	11	8.44
1471	-13	5	-19	11	8.44
1472	-13	5	0	6	12.98
1473	-13	5	0	6	12.98
1474	-13	5	0	6	12.98
1475	-13	5	0	6	12.98
1476	-13	5	1	6	13.97
1477	-13	5	1	6	13.97
1478	-13	5	1	6	13.97
1479	-13	4	1	6	14.09
1480	-13	4	2	6	15.08
1481	-13	4	2	6	15.08
1482	-12	4	2	6	14.09
1483	-12	4	3	6	15.08
1484	-12	5	3	6	14.96
1485	-12	5	3	6	14.96
1486	-12	4	3	6	15.08
1487	-12	4	4	6	16.06
1488	-12	4	4	6	16.06
1489	-12	4	4	6	16.06
1490	-12	4	5	6	17.05
1491	-12	4	5	6	17.05
1492	-12	4	5	6	17.05
1493	-12	4	5	6	17.05
1494	-12	4	6	6	18.04
1495	-12	4	6	6	18.04
1496	-12	4	6	6	18.04
1497	-12	4	7	6	19.03
1498	-11	4	7	6	18.04
1499	-11	4	7	6	18.04
1500	-11	4	7	6	18.04
1501	-11	4	8	6	19.03
1502	-11	4	8	6	19.03
1503	-10	4	8	6	18.04
1504	-9	5	-17	5	7.97
1505	-9	5	-17	5	7.97
1506	-7	6	-17	5	10.00
1507	-7	6	-17	5	10.00
1508	-4	7	-17	5	13.08
1509	-4	7	-17	5	13.08
1510	-1	8	-17	5	16.18
1511	0	8	-17	5	17.15
1512	0	8	-18	5	18.13
1513	0	8	-18	5	18.13
1514	0	8	-18	5	18.13
1515	0	8	-18	5	18.13
1516	0	8	-18	5	18.13
1517	0	8	-18	5	18.13
1518	0	7	-18	5	18.01
1519	0	7	-18	5	18.01
1520	0	7	-19	5	19.00
1521	1	6	-19	5	19.93
1522	1	6	-19	5	19.93
1523	1	6	-19	5	19.93
1524	1	6	-19	5	19.93
1525	1	6	-19	5	19.93
1526	1	5	-19	5	19.92
1527	1	5	-19	5	19.92
1528	1	6	-20	5	20.93
1529	1	6	-20	5	20.93
1530	0	5	-20	5	19.92
1531	0	5	-20	5	19.92
1532	0	5	-20	5	19.92
1533	0	5	-20	5	19.92
1534	0	5	-20	5	19.92
1535	0	5	-20	5	19.92
1536	0	4	-5	5	5.08
1537	0	4	-4	5	4.11
1538	0	5	-4	5	3.98
1539	0	5	-4	5	3.98
1540	0	5	-4	5	3.98
1541	0	5	-4	5	3.98
1542	0	5	-4	5	3.98
1543	0	4	-4	5	4.11
1544	0	4	-4	5	4.11
1545	0	4	-3	5	3.15
1546	0	4	-3	5	3.15
1547	0	4	-3	5	3.15
1548	0	4	-3	5	3.15
1549	0	4	-3	5	3.15
1550	0	4	-3	5	3.15
1551	0	4	-3	5	3.15
1552	0	4	-3	5	3.15
1553	0	4	-2	5	2.23
1554	0	4	-2	5	2.23
1555	0	3	-2	5	2.82
1556	0	3	-2	5	2.82
1557	0	3	-2	5	2.82
1558	0	3	-2	5	2.82
1559	0	3	-2	5	2.82
1560	0	2	-2	5	3.60
1561	0	2	-1	5	3.16
1562	0	2	-1	5	3.16
1563	0	2	-1	5	3.16
1564	0	2	-1	5	3.16
1565	0	2	-1	5	3.16
1566	0	2	-1	5	3.16
1567	0	2	-1	5	3.16
1568	0	2	9	3	9.05
1569	0	2	9	2	8.99
1570	0	2	9	2	8.99
1571	0	2	9	2	8.99
1572	0	2	10	2	9.99
1573	0	2	10	2	9.99
1574	0	2	10	2	9.99
1575	0	2	10	2	9.99
1576	0	2	11	2	10.99
1577	0	2	11	2	10.99
1578	0	2	11	2	10.99
1579	0	2	12	2	11.99
1580	0	2	12	2	11.99
1581	0	2	12	2	11.99
1582	0	2	12	2	11.99
1583	0	2	13	2	12.99
1584	0	2	13	2	12.99
1585	0	2	13	2	12.99
1586	0	2	14	2	13.99
1587	-1	2	14	2	14.99
1588	-1	2	14	2	14.99
1589	-1	2	14	2	14.99
1590	0	2	15	2	14.99
1591	0	2	15	2	14.99
1592	-1	2	15	2	15.99
1593	-1	2	16	2	16.99
1594	-1	2	16	2	16.99
1595	-1	2	16	2	16.99
1596	-1	2	16	2	16.99
1597	-1	2	17	2	17.99
1598	-1	2	17	2	17.99
1599	-1	2	17	2	17.99
1600	-1	2	0	0	2.24
1601	-1	2	0	0	2.24
1602	-1	2	0	0	2.24
1603	-1	2	0	0	2.24
1604	-1	2	0	0	2.24
1605	-1	2	0	0	2.24
1606	-1	3	0	0	3.16
1607	-1	3	0	0	3.16
1608	-1	3	0	0	3.16
1609	-1	3	0	0	3.16
1610	-1	3	0	0	3.16
1611	-1	4	0	0	4.12
1612	-1	6	0	0	6.08
1613	-1	6	0	0	6.08
1614	-1	7	0	0	7.07
1615	-1	7	0	0	7.07
1616	-1	8	0	-1	9.06
1617	-1	9	0	-1	10.05
1618	-1	9	0	-1	10.05
1619	0	9	0	-1	10.00
1620	0	9	0	-1	10.00
1621	-1	8	0	-1	9.06
1622	-1	8	0	-1	9.06
1623	-1	8	0	-1	9.06
1624	-1	8	0	-1	9.06
1625	-1	8	0	-1	9.06
1626	-1	8	0	-1	9.06
1627	-1	8	0	-1	9.06
1628	-1	8	0	-1	9.06
1629	-1	8	0	-1	9.06
1630	-1	8	0	-1	9.06
1631	-1	9	0	-1	10.05
1632	-1	9	-2	2	7.07
1633	-1	9	-2	2	7.07
1634	-1	9	-2	2	7.07
1635	-1	9	-2	2	7.07
1636	-1	8	-2	2	6.08
1637	-1	8	-2	2	6.08
1638	-1	8	-2	2	6.08
1639	-1	8	-2	2	6.08
1640	-1	8	-2	2	6.08
1641	-1	8	-2	2	6.08
1642	-1	8	-2	2	6.08
1643	-1	8	-2	2	6.08
1644	-1	8	-2	2	6.08
1645	-1	8	-2	2	6.08
1646	-1	8	-2	2	6.08
1647	-1	8	-2	2	6.08
1648	-1	8	-2	2	6.08
1649	-1	8	-2	2	6.08
1650	-1	8	-2	2	6.08
1651	-1	8	-2	2	6.08
1652	-1	8	-2	2	6.08
1653	-1	8	-2	2	6.08
1654	-1	8	-2	2	6.08
1655	-1	8	-2	2	6.08
1656	-1	8	-2	2	6.08
1657	-1	8	-2	2	6.08
1658	-1	7	-2	2	5.10
1659	-1	7	-2	2	5.10
1660	-1	7	-2	2	5.10
1661	-1	7	-2	2	5.10
1662	-1	7	-2	2	5.10
1663	-1	7	-2	2	5.10
1664	-1	7	-1	16	9.00
1665	-1	7	-1	16	9.00
1666	-1	6	-1	16	10.00
1667	-1	6	-1	16	10.00
1668	-1	6	-1	16	10.00
1669	-1	6	-1	17	11.00
1670	-1	6	-1	17	11.00
1671	-1	5	-1	17	12.00
1672	-1	5	-1	17	12.00
1673	-2	5	-1	17	12.04
1674	-2	5	-1	18	13.04
1675	-2	4	-1	18	14.03
1676	-2	4	-1	18	14.03
1677	-2	3	-1	18	15.03
1678	-2	2	-1	19	17.03
1679	-2	2	-1	19	17.03
1680	-2	0	-1	19	19.03
1681	-2	0	-1	19	19.03
1682	-2	0	-1	19	19.03
1683	-2	0	-1	20	20.02
1684	-2	-2	-1	20	22.02
1685	-2	-3	-1	20	23.02
1686	-2	-3	-1	20	23.02
1687	-2	-4	-1	21	25.02
1688	-2	-4	-1	21	25.02
1689	-2	-4	-1	21	25.02
1690	-2	-4	-1	21	25.02
1691	-2	-4	-1	21	25.02
1692	-2	-4	-1	22	26.02
1693	-2	-4	-1	22	26.02
1694	-2	-4	-1	22	26.02
1695	-2	-4	-1	22	26.02
1696	-3	-4	-1	5	9.22
1697	-3	-4	-1	4	8.25
1698	-3	-4	-1	4	8.25
1699	-3	-4	-1	4	8.25
1700	-3	-4	-1	4	8.25
1701	-3	-4	-1	4	8.25
1702	-3	-4	-1	4	8.25
1703	-4	-4	-1	4	8.54
1704	-4	-4	-1	4	8.54
1705	-4	-4	-1	4	8.54
1706	-4	-4	-1	4	8.54
1707	-4	-4	-1	4	8.54
1708	-4	-4	-1	4	8.54
1709	-4	-3	-1	4	7.61
1710	-4	-3	-1	4	7.61
1711	-5	-3	-1	4	8.06
1712	-5	-3	-1	4	8.06
1713	-5	-3	-1	3	7.21
1714	-6	-4	-1	3	8.60
1715	-6	-4	-1	3	8.60
1716	-7	-3	-1	3	8.48
1717	-7	-3	-1	3	8.48
1718	-7	-5	-1	3	10.00
1719	-7	-5	-1	3	10.00
1720	-8	-4	-1	3	9.90
1721	-8	-4	-1	3	9.90
1722	-8	-5	-1	3	10.63
1723	-8	-5	-1	3	10.63
1724	-9	-5	-1	3	11.31
1725	-9	-5	-1	3	11.31
1726	-9	-4	-1	3	10.63
1727	-9	-4	-1	3	10.63
1728	-9	-4	-5	-15	11.68
1729	-9	-4	-5	-15	11.68
1730	-9	-4	-5	-15	11.68
1731	-9	-4	-5	-16	12.63
1732	-9	-4	-5	-16	12.63
1733	-9	-4	-5	-16	12.63
1734	-8	-5	-5	-17	12.35
1735	-8	-5	-5	-17	12.35
1736	-8	-4	-5	-17	13.33
1737	-8	-4	-5	-18	14.30
1738	-8	-4	-5	-18	14.30
1739	-8	-4	-5	-18	14.30
1740	-8	-4	-5	-19	15.28
1741	-8	-4	-5	-19	15.28
1742	-7	-4	-5	-19	15.13
1743	-7	-4	-5	-20	16.12
1744	-7	-5	-6	-20	15.03
1745	-7	-5	-6	-20	15.03
1746	-7	-4	-6	-21	17.03
1747	-7	-4	-6	-21	17.03
1748	-7	-4	-6	-21	17.03
1749	-7	-4	-6	-22	18.03
1750	-7	-4	-6	-22	18.03
1751	-7	-4	-6	-22	18.03
1752	-7	-4	-6	-23	19.02
1753	-7	-4	-6	-23	19.02
1754	-7	-4	-6	-23	19.02
1755	-7	-4	-6	-24	20.02
1756	-7	-4	-6	-24	20.02
1757	-7	-4	-6	-24	20.02
1758	-7	-3	-6	-25	22.02
1759	-7	-3	-6	-25	22.02
1760	-6	-3	-15	-4	9.04
1761	-6	-3	-15	-4	9.04
1762	-6	-3	-15	-4	9.04
1763	-6	-3	-15	-4	9.04
1764	-6	-3	-15	-4	9.04
1765	-6	-3	-15	-4	9.04
1766	-6	-2	-16	-4	10.18
1767	-5	-2	-16	-4	11.16
1768	-5	-2	-16	-4	11.16
1769	-5	-2	-16	-4	11.16
1770	-5	-2	-16	-4	11.16
1771	-5	-2	-17	-4	12.15
1772	-5	-2	-17	-4	12.15
1773	-5	-2	-17	-4	12.15
1774	-5	-2	-17	-4	12.15
1775	-5	-2	-17	-4	12.15
1776	-5	-2	-18	-4	13.13
1777	-4	-2	-18	-4	14.12
1778	-4	-2	-18	-4	14.12
1779	-4	-2	-18	-4	14.12
1780	-4	-2	-18	-4	14.12
1781	-4	-2	-18	-4	14.12
1782	-4	-2	-19	-4	15.11
1783	-5	-2	-19	-4	14.12
1784	-5	-1	-19	-4	14.30
1785	-5	-1	-19	-4	14.30
1786	-4	-1	-19	-4	15.28
1787	-4	-1	-20	-4	16.26
1788	-4	-1	-20	-4	16.26
1789	-4	-1	-20	-4	16.26
1790	-4	-1	-20	-4	16.26
1791	-4	-1	-20	-4	16.26
