frame_id	phi	theta	est_phi	est_theta	err_phi	err_theta	speed	err_ang
0	-41	-25	0	0	46.84
1	-41	-24	0	0	46.41
2	-41	-24	0	0	46.41
3	-41	-24	0	0	46.41
4	-41	-24	0	0	46.41
5	-41	-24	0	0	46.41
6	-41	-24	0	0	46.41
7	-41	-24	0	0	46.41
8	-41	-24	0	0	46.41
9	-41	-24	0	0	46.41
10	-40	-23	0	0	45.16
11	-40	-22	0	0	44.74
12	-39	-19	0	0	42.71
13	-39	-19	0	0	42.71
14	-37	-15	0	0	39.52
15	-35	-13	0	0	37.05
16	-34	-12	0	0	35.81
17	-33	-11	0	0	34.59
18	-33	-11	0	0	34.59
19	-32	-9	0	0	33.11
20	-31	-8	0	0	31.92
21	-30	-7	0	0	30.73
22	-30	-7	0	0	30.73
23	-29	-5	0	0	29.39
24	-28	-4	0	0	28.26
25	-26	-3	0	0	26.16
26	-25	-1	0	0	25.02
27	-25	-1	0	0	25.02
28	-23	-1	0	0	23.02
29	-23	-1	0	0	23.02
30	-23	-1	0	0	23.02
31	-23	-1	0	0	23.02
32	-23	-1	-41	-25	29.63
33	-23	-1	-41	-25	29.63
34	-22	0	-41	-25	31.03
35	-21	0	-41	-25	31.61
36	-21	0	-41	-25	31.61
37	-21	0	-41	-25	31.61
38	-20	1	-41	-25	33.01
39	-18	2	-41	-25	35.01
40	-16	5	-41	-25	38.61
41	-16	5	-41	-25	38.61
42	-13	7	-41	-25	42.03
43	-11	9	-41	-25	44.84
44	-10	10	-41	-25	46.24
45	-9	11	-41	-25	47.64
46	-9	11	-41	-25	47.64
47	-9	11	-41	-25	47.64
48	-9	12	-41	-25	48.40
49	-8	13	-41	-25	49.79
50	-8	13	-41	-25	49.79
51	-8	14	-41	-25	50.56
52	-7	15	-41	-25	51.95
53	-7	15	-41	-25	51.95
54	-7	15	-41	-25	51.95
55	-7	15	-41	-25	51.95
56	-6	15	-41	-25	52.57
57	-6	15	-41	-25	52.57
58	-6	16	-41	-25	53.33
59	-6	15	-41	-25	52.57
60	-6	15	-41	-25	52.57
61	-6	15	-41	-25	52.57
62	-6	15	-41	-25	52.57
63	-6	15	-41	-25	52.57
64	-6	15	-5	23	8.06
65	-6	15	-4	23	8.22
66	-6	15	-3	24	9.43
67	-7	15	-3	25	10.68
68	-7	15	-2	26	11.95
69	-7	15	-2	26	11.95
70	-6	15	-1	27	12.87
71	-7	15	-1	28	14.14
72	-7	14	0	29	16.34
73	-7	14	0	29	16.34
74	-7	14	0	30	17.25
75	-6	13	1	31	19.12
76	-7	13	1	32	20.37
77	-7	12	2	32	21.65
78	-7	12	2	33	22.56
79	-7	11	3	34	24.75
80	-8	11	4	35	26.37
81	-8	10	4	35	27.29
82	-8	9	5	36	29.48
83	-8	9	5	37	30.38
84	-9	8	6	38	32.92
85	-10	6	6	38	35.15
86	-9	6	7	39	36.03
87	-9	5	7	40	37.85
88	-9	5	8	41	39.09
89	-9	4	9	41	40.38
90	-8	4	9	42	40.92
91	-8	3	10	43	43.09
92	-8	3	10	44	43.98
93	-7	1	11	44	45.88
94	-6	0	11	45	47.45
95	-4	0	12	46	48.11
96	-2	-1	11	31	34.30
97	-2	-1	11	31	34.30
98	2	-2	12	32	35.30
99	8	-3	12	32	35.21
100	14	-3	13	33	36.01
101	18	-3	13	33	36.31
102	18	-3	14	34	37.19
103	21	-4	14	34	38.57
104	20	-5	15	35	40.28
105	18	-5	15	35	40.10
106	18	-5	16	36	41.04
107	18	-5	16	36	41.04
108	19	-5	17	37	42.04
109	19	-5	17	37	42.04
110	21	-5	18	38	43.09
111	21	-5	18	38	43.09
112	21	-5	19	39	44.04
113	20	-5	20	39	44.00
114	18	-5	20	40	45.04
115	18	-5	21	40	45.08
116	18	-5	21	41	46.08
117	18	-4	22	41	45.15
118	18	-5	22	42	47.14
119	17	-5	23	42	47.32
120	17	-5	23	43	48.31
121	16	-5	24	43	48.54
122	15	-5	24	44	49.67
123	13	-6	25	44	51.16
124	13	-6	25	45	52.12
125	12	-7	26	45	53.50
126	10	-7	26	46	54.89
127	8	-7	27	46	55.65
128	6	-7	2	-17	10.74
129	6	-7	2	-17	10.74
130	4	-8	2	-18	10.19
131	4	-8	2	-18	10.19
132	4	-8	2	-19	11.17
133	4	-8	2	-19	11.17
134	3	-8	2	-20	12.04
135	2	-8	2	-20	12.00
136	2	-8	3	-21	13.04
137	2	-8	3	-21	13.04
138	2	-8	3	-22	14.03
139	1	-7	3	-22	15.12
140	0	-8	3	-23	15.27
141	-1	-8	3	-23	15.48
142	-1	-8	3	-24	16.45
143	-2	-8	3	-24	16.70
144	-3	-8	4	-25	18.27
145	-3	-7	4	-25	19.20
146	-3	-8	4	-26	19.19
147	-3	-8	4	-26	19.19
148	-2	-7	4	-27	20.80
149	-2	-7	4	-27	20.80
150	-2	-7	4	-28	21.75
151	-2	-7	4	-28	21.75
152	-2	-7	5	-29	22.97
153	-3	-7	5	-29	23.26
154	-3	-7	5	-30	24.20
155	-3	-7	5	-30	24.20
156	-3	-7	5	-31	25.14
157	-3	-7	5	-31	25.14
158	-3	-7	5	-32	26.09
159	-5	-7	5	-32	26.68
160	-5	-7	14	-13	19.64
161	-7	-7	14	-13	21.52
162	-8	-7	14	-13	22.47
163	-11	-7	14	-13	25.32
164	-14	-7	15	-13	29.16
165	-14	-7	15	-13	29.16
166	-17	-8	15	-14	31.95
167	-17	-7	15	-14	32.20
168	-17	-7	16	-14	33.16
169	-18	-8	16	-14	33.88
170	-18	-8	16	-14	33.88
171	-19	-8	16	-15	34.96
172	-19	-8	17	-15	35.92
173	-20	-8	17	-15	36.88
174	-20	-8	17	-15	36.88
175	-19	-8	17	-15	35.92
176	-18	-8	18	-16	36.05
177	-18	-8	18	-16	36.05
178	-18	-8	18	-16	36.05
179	-18	-8	18	-16	36.05
180	-18	-8	19	-16	37.00
181	-18	-8	19	-16	37.00
182	-18	-7	19	-17	37.47
183	-18	-8	19	-17	37.16
184	-18	-8	20	-17	38.10
185	-18	-7	20	-17	38.41
186	-18	-7	20	-17	38.41
187	-17	-8	20	-18	37.33
188	-17	-8	21	-18	38.26
189	-17	-7	21	-18	38.60
190	-17	-7	21	-18	38.60
191	-17	-8	21	-18	38.26
192	-17	-8	-16	-7	1.41
193	-17	-8	-16	-7	1.41
194	-17	-8	-16	-7	1.41
195	-17	-8	-17	-7	1.00
196	-16	-7	-17	-7	0.99
197	-16	-7	-17	-7	0.99
198	-15	-7	-18	-7	2.98
199	-13	-7	-18	-7	4.96
200	-12	-7	-18	-7	5.96
201	-11	-7	-19	-7	7.94
202	-11	-7	-19	-7	7.94
203	-11	-7	-19	-7	7.94
204	-12	-7	-20	-7	7.94
205	-13	-7	-20	-7	6.95
206	-13	-7	-20	-7	6.95
207	-13	-7	-21	-7	7.94
208	-14	-7	-21	-7	6.95
209	-15	-7	-21	-7	5.96
210	-17	-7	-22	-7	4.96
211	-17	-7	-22	-7	4.96
212	-19	-7	-22	-7	2.98
213	-21	-7	-23	-7	1.99
214	-25	-8	-23	-7	2.22
215	-28	-8	-23	-7	5.06
216	-28	-8	-24	-7	4.09
217	-33	-9	-24	-7	9.13
218	-41	-9	-24	-7	16.95
219	-47	-9	-25	-7	21.87
220	-47	-9	-25	-7	21.87
221	-52	-10	-25	-7	26.86
222	-55	-9	-26	-7	28.78
223	-56	-9	-26	-7	29.77
224	-56	-9	-29	-9	26.66
225	-56	-9	-29	-9	26.66
226	-57	-9	-29	-9	27.65
227	-58	-9	-30	-9	27.65
228	-58	-9	-30	-9	27.65
229	-58	-9	-30	-9	27.65
230	-58	-9	-31	-9	26.66
231	-59	-9	-31	-9	27.65
232	-60	-9	-32	-9	27.65
233	-63	-8	-32	-9	30.67
234	-63	-8	-32	-9	30.67
235	-66	-8	-33	-9	32.64
236	-70	-8	-33	-9	36.59
237	-74	-7	-33	-9	40.63
238	-78	-7	-34	-9	43.59
239	-78	-7	-34	-9	43.59
240	-83	-7	-35	-9	47.54
241	-85	-6	-35	-9	49.63
242	-86	-6	-35	-9	50.62
243	-85	-6	-36	-9	48.64
244	-85	-6	-36	-9	48.64
245	-84	-6	-36	-9	47.65
246	-83	-6	-37	-9	45.68
247	-84	-5	-37	-9	46.79
248	-84	-5	-38	-9	45.80
249	-84	-5	-38	-9	45.80
250	-85	-5	-38	-9	46.79
251	-85	-6	-39	-9	45.68
252	-85	-6	-39	-9	45.68
253	-85	-6	-39	-9	45.68
254	-84	-6	-40	-9	43.70
255	-83	-6	-40	-9	42.71
256	-82	-6	-95	-10	13.48
257	-82	-6	-96	-10	14.43
258	-81	-6	-97	-10	16.34
259	-80	-7	-98	-10	18.05
260	-79	-7	-99	-10	20.00
261	-78	-7	-101	-10	22.94
262	-78	-7	-102	-10	23.92
263	-77	-7	-103	-10	25.88
264	-75	-8	-104	-10	28.70
265	-74	-8	-105	-10	30.67
266	-72	-8	-107	-10	34.61
267	-72	-8	-108	-10	35.60
268	-71	-8	-109	-10	37.57
269	-71	-8	-110	-10	38.55
270	-71	-8	-112	-10	40.52
271	-72	-8	-113	-10	40.52
272	-72	-8	-114	-10	41.50
273	-71	-8	-115	-10	43.47
274	-70	-8	-116	-10	45.44
275	-69	-8	-118	-10	48.40
276	-69	-8	-119	-10	49.38
277	-66	-9	-120	-10	53.21
278	-63	-9	-121	-10	57.14
279	-60	-9	-123	-10	62.05
280	-57	-11	-124	-10	65.74
281	-57	-11	-125	-10	66.72
282	-55	-12	-126	-10	69.53
283	-53	-11	-127	-10	72.57
284	-51	-9	-129	-10	76.74
285	-51	-9	-130	-10	77.72
286	-50	-8	-131	-10	79.82
287	-48	-9	-132	-10	82.60
288	-46	-8	-108	-3	61.87
289	-45	-8	-108	-2	62.99
290	-45	-8	-109	-2	63.98
291	-42	-8	-110	-2	67.94
292	-38	-8	-111	-2	72.89
293	-35	-8	-112	-2	76.85
294	-30	-7	-112	-2	81.82
295	-30	-7	-113	-2	82.81
296	-26	-7	-114	-2	87.77
297	-22	-6	-115	-2	92.77
298	-18	-6	-116	-2	97.74
299	-18	-6	-116	-1	97.85
300	-15	-6	-117	-1	101.82
301	-13	-5	-118	-1	104.85
302	-10	-5	-119	-1	108.83
303	-4	-4	-120	-1	115.85
304	-4	-4	-121	-1	116.85
305	0	-3	-121	-1	120.89
306	4	-2	-122	-1	125.93
307	10	-1	-123	-1	132.96
308	10	-1	-124	-1	133.96
309	15	0	-125	-1	139.99
310	18	-1	-125	0	142.99
311	18	-2	-126	0	143.95
312	17	-2	-127	0	143.95
313	17	-2	-128	0	144.95
314	17	-2	-129	0	145.95
315	17	-2	-129	0	145.95
316	18	-3	-130	0	147.87
317	18	-3	-131	0	148.87
318	18	-3	-132	0	149.86
319	18	-3	-133	0	150.86
320	17	-3	-10	-10	27.70
321	17	-3	-8	-10	25.79
322	17	-3	-7	-10	24.83
323	16	-3	-6	-10	22.94
324	16	-3	-5	-10	21.99
325	15	-3	-4	-10	20.12
326	15	-3	-3	-10	19.19
327	14	-3	-2	-10	17.36
328	13	-3	-1	-10	15.56
329	13	-3	0	-10	14.68
330	13	-4	1	-10	13.33
331	13	-4	2	-10	12.45
332	12	-4	3	-10	10.76
333	11	-4	4	-10	9.18
334	11	-4	5	-10	8.45
335	10	-4	6	-10	7.19
336	10	-4	8	-11	7.28
337	10	-4	9	-11	7.07
338	10	-4	10	-11	7.00
339	10	-4	11	-11	7.07
340	10	-4	12	-11	7.28
341	9	-4	13	-11	8.04
342	9	-4	14	-11	8.58
343	9	-5	15	-11	8.44
344	9	-5	17	-11	9.93
345	9	-5	18	-11	10.74
346	8	-5	19	-11	12.43
347	8	-4	20	-11	13.80
348	8	-4	21	-11	14.66
349	8	-4	22	-11	15.54
350	8	-4	23	-11	16.43
351	8	-4	24	-11	17.33
352	8	-4	80	2	72.20
353	8	-4	81	2	73.20
354	8	-4	83	2	75.19
355	7	-4	85	2	78.18
356	7	-4	87	2	80.17
357	6	-4	89	2	83.16
358	6	-4	91	2	85.16
359	6	-4	93	3	87.22
360	5	-4	95	3	90.21
361	5	-4	97	3	92.20
362	5	-4	99	3	94.19
363	5	-4	101	3	96.19
364	5	-4	103	3	98.18
365	4	-4	105	4	101.23
366	4	-4	107	4	103.22
367	4	-4	109	4	105.21
368	4	-4	111	4	107.21
369	4	-4	113	4	109.20
370	4	-4	115	4	111.19
371	3	-4	117	4	114.18
372	3	-4	119	5	116.21
373	3	-4	121	5	118.20
374	3	-4	123	5	120.20
375	3	-4	125	5	122.19
376	3	-5	127	5	124.23
377	3	-5	129	5	126.22
378	3	-5	131	6	128.25
379	3	-5	133	6	130.24
380	3	-5	135	6	132.22
381	3	-5	137	6	134.21
382	3	-5	139	6	136.20
383	3	-5	141	6	138.19
384	3	-5	-1	-5	3.98
385	2	-5	-1	-5	2.99
386	2	-5	-1	-5	2.99
387	2	-5	-1	-5	2.99
388	2	-5	-2	-5	3.98
389	2	-4	-2	-5	4.11
390	2	-4	-2	-5	4.11
391	2	-4	-2	-5	4.11
392	2	-4	-3	-5	5.08
393	2	-3	-3	-5	5.37
394	2	-2	-3	-5	5.82
395	2	-2	-4	-5	6.70
396	3	-1	-4	-5	8.05
397	2	1	-4	-5	8.48
398	3	5	-4	-5	12.20
399	3	5	-5	-5	12.80
400	3	7	-5	-5	14.41
401	2	9	-5	-5	15.64
402	2	11	-6	-5	17.87
403	2	13	-6	-5	19.68
404	2	13	-6	-5	19.68
405	1	14	-6	-5	20.23
406	0	14	-7	-5	20.23
407	1	14	-7	-5	20.59
408	1	14	-7	-5	20.59
409	1	14	-8	-5	20.99
410	0	14	-8	-5	20.59
411	0	14	-8	-5	20.59
412	0	14	-8	-5	20.59
413	0	14	-9	-5	20.99
414	0	13	-9	-5	20.10
415	0	13	-9	-5	20.10
416	0	13	-2	-6	19.10
417	0	13	-2	-6	19.10
418	0	13	-2	-6	19.10
419	0	12	-2	-6	18.11
420	-1	10	-2	-6	16.03
421	-1	8	-2	-6	14.04
422	-1	8	-2	-6	14.04
423	-2	6	-3	-6	12.04
424	-3	5	-3	-6	11.00
425	-4	2	-3	-6	8.06
426	-4	0	-3	-6	6.08
427	-4	0	-3	-6	6.08
428	-5	-1	-3	-6	5.38
429	-6	-3	-4	-6	3.60
430	-6	-5	-4	-6	2.23
431	-6	-6	-4	-6	1.99
432	-6	-6	-4	-6	1.99
433	-7	-8	-4	-6	3.59
434	-7	-8	-4	-6	3.59
435	-6	-8	-4	-6	2.82
436	-6	-8	-5	-6	2.23
437	-6	-8	-5	-6	2.23
438	-6	-9	-5	-6	3.16
439	-6	-10	-5	-6	4.12
440	-6	-10	-5	-6	4.12
441	-6	-10	-5	-6	4.12
442	-6	-10	-6	-6	4.00
443	-5	-11	-6	-6	5.10
444	-6	-12	-6	-6	6.00
445	-5	-12	-6	-6	6.08
446	-5	-12	-6	-6	6.08
447	-5	-11	-6	-6	5.10
448	-5	-12	-3	31	43.04
449	-5	-12	-3	31	43.04
450	-6	-12	-3	32	44.09
451	-6	-12	-3	32	44.09
452	-6	-12	-3	33	45.09
453	-6	-12	-3	33	45.09
454	-6	-13	-3	34	47.09
455	-6	-13	-3	34	47.09
456	-6	-13	-3	35	48.08
457	-7	-13	-3	36	49.15
458	-7	-13	-3	36	49.15
459	-8	-13	-4	37	50.14
460	-8	-13	-4	37	50.14
461	-9	-13	-4	38	51.22
462	-11	-13	-4	38	51.42
463	-12	-13	-4	39	52.53
464	-12	-13	-4	40	53.52
465	-14	-13	-4	40	53.81
466	-16	-13	-4	41	55.13
467	-16	-13	-4	41	55.13
468	-16	-12	-4	42	55.12
469	-16	-12	-4	42	55.12
470	-15	-12	-5	43	55.76
471	-15	-13	-5	43	56.74
472	-14	-12	-5	44	56.60
473	-14	-12	-5	45	57.58
474	-14	-12	-5	45	57.58
475	-14	-12	-5	46	58.56
476	-14	-12	-5	46	58.56
477	-14	-12	-5	47	59.55
478	-14	-12	-5	47	59.55
479	-14	-12	-5	48	60.53
480	-13	-12	-10	-37	25.14
481	-13	-11	-10	-37	26.14
482	-13	-11	-10	-38	27.13
483	-13	-11	-10	-39	28.13
484	-13	-10	-10	-40	30.12
485	-13	-10	-10	-40	30.12
486	-13	-10	-10	-41	31.11
487	-13	-10	-11	-42	32.05
488	-13	-10	-11	-43	33.05
489	-13	-10	-11	-44	34.04
490	-13	-10	-11	-44	34.04
491	-14	-10	-11	-45	35.10
492	-14	-10	-11	-46	36.09
493	-18	-10	-12	-47	37.35
494	-23	-10	-12	-47	38.16
495	-29	-10	-12	-48	40.60
496	-38	-10	-12	-49	44.62
497	-38	-10	-12	-50	45.41
498	-49	-11	-12	-51	50.09
499	-60	-11	-12	-51	55.83
500	-71	-11	-13	-52	61.93
501	-82	-11	-13	-53	68.65
502	-82	-11	-13	-54	68.83
503	-92	-10	-13	-54	75.47
504	-103	-10	-13	-55	81.82
505	-113	-8	-13	-56	88.90
506	-113	-8	-14	-57	88.15
507	-121	-7	-14	-58	92.89
508	-129	-6	-14	-58	97.71
509	-135	-6	-14	-59	100.03
510	-141	-5	-14	-60	102.96
511	-141	-5	-14	-61	102.38
512	-147	-3	-21	-12	124.28
513	-151	-2	-21	-12	128.40
514	-155	-1	-21	-12	132.51
515	-158	-1	-21	-12	135.37
516	-158	-1	-22	-12	134.42
517	-163	0	-22	-12	139.48
518	-167	0	-22	-12	143.25
519	-170	0	-22	-12	146.05
520	-170	0	-23	-12	145.12
521	-172	0	-23	-12	146.98
522	-173	0	-23	-12	147.90
523	-175	1	-23	-12	150.13
524	-176	3	-24	-12	150.85
525	-176	3	-24	-12	150.85
526	-176	5	-24	-12	151.46
527	-176	6	-24	-12	151.72
528	-176	8	-25	-12	151.18
529	-175	10	-25	-12	150.50
530	-175	10	-25	-12	150.50
531	-174	11	-25	-12	149.62
532	-173	12	-26	-12	147.74
533	-172	13	-26	-12	146.81
534	-172	13	-26	-12	146.81
535	-172	14	-26	-12	146.84
536	-171	15	-27	-12	144.90
537	-171	16	-27	-12	144.88
538	-171	16	-27	-12	144.88
539	-170	17	-27	-12	143.89
540	-170	17	-28	-12	142.93
541	-170	17	-28	-12	142.93
542	-170	17	-28	-12	142.93
543	-170	17	-28	-12	142.93
544	-169	17	79	6	109.01
545	-169	18	75	6	112.48
546	-168	19	71	6	116.76
547	-168	19	67	6	120.35
548	-168	19	63	7	123.43
549	-167	20	59	7	127.32
550	-166	20	54	7	132.28
551	-165	20	50	7	136.25
552	-165	20	46	8	138.59
553	-162	25	42	8	139.56
554	-159	31	38	8	137.74
555	-158	34	33	9	135.75
556	-159	35	29	9	135.35
557	-159	35	25	9	135.84
558	-158	35	21	9	135.99
559	-157	37	17	10	132.66
560	-157	37	12	10	131.88
561	-157	37	8	10	130.93
562	-155	38	4	11	127.21
563	-155	40	0	11	123.98
564	-154	41	-4	11	121.09
565	-153	40	-8	11	119.56
566	-153	40	-13	12	116.13
567	-153	41	-17	12	113.24
568	-153	42	-21	12	110.32
569	-152	42	-25	13	106.57
570	-152	42	-29	13	104.11
571	-152	42	-34	13	100.92
572	-151	44	-38	13	96.75
573	-148	46	-42	14	90.67
574	-145	49	-46	14	85.24
575	-145	49	-50	14	82.70
576	-143	51	169	37	36.49
577	-142	53	169	37	37.25
578	-143	53	168	38	36.60
579	-143	53	167	38	37.20
580	-143	53	167	39	36.56
581	-142	54	166	40	37.13
582	-141	54	165	40	38.31
583	-141	55	165	41	37.64
584	-141	54	164	42	37.64
585	-141	54	163	42	38.22
586	-140	55	163	43	38.08
587	-140	55	162	43	38.65
588	-140	55	161	44	38.60
589	-140	55	161	45	37.99
590	-139	55	160	45	39.12
591	-138	55	159	46	39.63
592	-138	54	158	47	39.88
593	-138	54	158	47	39.88
594	-138	54	157	48	39.88
595	-138	54	156	48	40.43
596	-136	54	156	49	40.97
597	-135	53	155	50	41.92
598	-135	53	154	50	42.46
599	-130	52	154	51	45.08
600	-123	52	153	52	48.66
601	-111	52	152	52	54.92
602	-102	52	152	53	58.18
603	-102	52	151	53	58.60
604	-92	53	150	54	61.31
605	-86	52	150	55	63.38
606	-81	53	149	55	64.38
607	-81	53	148	56	63.81
608	-77	53	-117	85	33.30
609	-69	53	-116	86	34.38
610	-64	54	-115	87	34.18
611	-62	56	-114	88	32.80
612	-62	56	-113	89	33.38
613	-60	55	-112	90	35.00
614	-58	56	-112	90	34.00
615	-56	56	-111	90	34.00
616	-56	56	-110	90	34.00
617	-56	55	-109	90	35.00
618	-56	53	-108	90	37.00
619	-56	52	-108	90	38.00
620	-55	53	-107	90	37.00
621	-55	53	-106	90	37.00
622	-56	52	-105	90	38.00
623	-55	51	-104	90	39.00
624	-54	52	-104	90	38.00
625	-53	52	-103	90	38.00
626	-53	52	-102	90	38.00
627	-53	52	-101	90	38.00
628	-54	51	-100	90	39.00
629	-54	52	-99	90	38.00
630	-55	52	-99	90	38.00
631	-55	52	-98	90	38.00
632	-55	51	-97	90	39.00
633	-55	51	-96	90	39.00
634	-55	51	-95	90	39.00
635	-55	51	-95	90	39.00
636	-57	50	-94	90	40.00
637	-57	48	-93	90	42.00
638	-56	45	-92	90	45.00
639	-56	37	-91	90	53.00
640	-56	37	-11	55	35.23
641	-55	29	-8	55	42.33
642	-53	22	-6	55	47.97
643	-51	15	-4	55	53.85
644	-51	15	-2	55	54.87
645	-50	10	0	55	59.65
646	-49	6	1	55	63.11
647	-48	3	3	55	66.21
648	-49	0	5	55	70.30
649	-49	0	7	55	71.29
650	-48	0	9	55	71.80
651	-48	-2	11	55	74.54
652	-48	-1	13	55	74.71
653	-48	-1	15	55	75.76
654	-48	-2	17	55	77.66
655	-47	-4	19	55	79.89
656	-46	-4	22	56	81.31
657	-45	-5	24	56	82.68
658	-45	-5	26	56	83.74
659	-43	-5	28	56	83.74
660	-42	-6	30	56	85.11
661	-41	-5	32	56	84.80
662	-41	-5	34	56	85.88
663	-39	-5	36	56	85.88
664	-37	-6	38	56	86.72
665	-35	-6	40	56	86.72
666	-35	-6	42	56	87.80
667	-33	-6	44	56	87.80
668	-32	-6	46	56	88.34
669	-30	-7	48	56	89.18
670	-29	-7	50	56	89.72
671	-29	-7	52	56	90.81
672	-29	-6	-35	21	27.64
673	-29	-6	-34	20	26.46
674	-29	-7	-33	20	27.29
675	-28	-7	-33	19	26.46
676	-28	-7	-32	19	26.30
677	-28	-7	-31	18	25.17
678	-27	-7	-31	18	25.31
679	-26	-6	-30	17	23.34
680	-26	-6	-29	17	23.19
681	-25	-6	-29	16	22.35
682	-24	-5	-28	16	21.37
683	-22	-5	-27	15	20.60
684	-18	-5	-27	15	21.90
685	-18	-5	-26	14	20.59
686	-15	-4	-25	14	20.55
687	-12	-4	-25	13	21.35
688	-7	-2	-24	13	22.58
689	-1	-1	-23	12	25.42
690	-1	-1	-23	12	25.42
691	2	0	-22	11	26.26
692	5	0	-21	11	28.08
693	6	0	-21	10	28.66
694	6	0	-20	10	27.73
695	7	0	-19	9	27.41
696	7	-1	-19	9	27.77
697	7	-2	-18	8	26.86
698	7	-2	-17	8	25.94
699	7	-2	-17	7	25.59
700	7	-2	-16	7	24.66
701	8	-2	-15	6	24.32
702	8	-2	-15	6	24.32
703	8	-2	-14	5	23.07
704	8	-2	-2	-49	47.78
705	8	-2	-1	-50	48.61
706	8	-2	0	-51	49.46
707	8	-2	0	-53	51.43
708	8	-2	1	-54	52.32
709	8	-3	2	-55	52.23
710	8	-3	3	-57	54.15
711	9	-3	3	-58	55.20
712	8	-3	4	-59	56.09
713	8	-3	5	-61	58.04
714	8	-4	6	-62	58.02
715	7	-4	7	-63	59.00
716	6	-4	8	-65	61.02
717	6	-4	8	-66	62.02
718	6	-4	9	-67	63.03
719	6	-4	10	-69	65.06
720	6	-4	11	-70	66.08
721	6	-4	12	-71	67.11
722	6	-4	13	-73	69.13
723	6	-5	14	-74	69.16
724	5	-5	14	-75	70.19
725	5	-5	15	-77	72.20
726	3	-5	16	-78	73.32
727	3	-5	17	-79	74.34
728	2	-5	18	-81	76.36
729	1	-6	19	-82	76.40
730	1	-5	19	-83	78.35
731	0	-5	20	-85	80.30
732	0	-5	21	-86	81.27
733	0	-5	22	-87	82.22
734	0	-5	23	-89	84.08
735	0	-5	24	-90	85.00
736	0	-5	45	2	45.50
737	0	-5	46	2	46.48
738	1	-5	47	2	46.48
739	1	-5	48	2	47.47
740	1	-5	49	2	48.46
741	1	-5	50	2	49.45
742	1	-5	51	2	50.44
743	1	-5	53	2	52.42
744	1	-4	54	3	53.42
745	1	-4	55	3	54.42
746	1	-4	56	3	55.41
747	2	-3	57	3	55.30
748	2	-3	58	3	56.29
749	2	-3	60	3	58.28
750	2	-3	61	3	59.28
751	2	-3	62	3	60.27
752	2	-3	63	4	61.36
753	2	-3	64	4	62.35
754	2	-3	65	4	63.35
755	2	-3	66	4	64.34
756	2	-3	68	4	66.33
757	1	-3	69	4	68.31
758	1	-3	70	4	69.31
759	1	-3	71	4	70.30
760	1	-4	72	5	71.49
761	0	-6	73	5	73.71
762	0	-9	75	5	76.05
763	0	-9	76	5	77.03
764	-1	-13	77	5	79.50
765	-2	-15	78	5	81.69
766	-2	-16	79	5	82.77
767	-4	-19	80	5	85.98
768	-4	-19	-8	-8	11.67
769	-4	-19	-8	-8	11.67
770	-5	-21	-8	-8	13.32
771	-5	-21	-8	-8	13.32
772	-5	-21	-9	-8	13.56
773	-5	-23	-9	-8	15.48
774	-6	-25	-9	-8	17.24
775	-5	-25	-9	-8	17.42
776	-5	-25	-10	-8	17.66
777	-5	-24	-10	-8	16.70
778	-5	-24	-10	-8	16.70
779	-6	-24	-10	-9	15.48
780	-6	-24	-11	-9	15.74
781	-6	-24	-11	-9	15.74
782	-6	-24	-11	-9	15.74
783	-6	-24	-11	-9	15.74
784	-6	-24	-12	-9	16.06
785	-6	-24	-12	-9	16.06
786	-6	-24	-12	-9	16.06
787	-6	-24	-12	-9	16.06
788	-6	-24	-13	-9	16.42
789	-6	-23	-13	-9	15.52
790	-6	-23	-13	-10	14.62
791	-6	-23	-13	-10	14.62
792	-6	-23	-14	-10	15.08
793	-6	-23	-14	-10	15.08
794	-6	-23	-14	-10	15.08
795	-6	-23	-14	-10	15.08
796	-6	-23	-15	-10	15.59
797	-6	-23	-15	-10	15.59
798	-6	-22	-15	-10	14.78
799	-6	-22	-15	-10	14.78
800	-6	-21	-8	-33	12.13
801	-6	-19	-8	-33	14.11
802	-6	-17	-8	-33	16.10
803	-6	-16	-8	-34	18.09
804	-6	-16	-8	-34	18.09
805	-5	-14	-8	-35	21.17
806	-4	-12	-8	-35	23.28
807	-4	-10	-8	-36	26.25
808	-4	-8	-9	-36	28.37
809	-4	-8	-9	-36	28.37
810	-4	-7	-9	-37	30.34
811	-4	-6	-9	-37	31.33
812	-4	-5	-9	-38	33.31
813	-4	-5	-9	-38	33.31
814	-4	-4	-9	-39	35.29
815	-3	-3	-9	-39	36.41
816	-3	-1	-10	-40	39.52
817	-3	0	-10	-40	40.51
818	-3	0	-10	-40	40.51
819	-3	1	-10	-41	42.48
820	-3	3	-10	-41	44.46
821	-2	5	-10	-42	47.56
822	-2	7	-10	-42	49.54
823	-2	7	-10	-43	50.53
824	-2	9	-11	-43	52.64
825	-3	11	-11	-43	54.49
826	-3	14	-11	-44	58.46
827	-3	14	-11	-44	58.46
828	-4	19	-11	-45	64.32
829	-6	22	-11	-45	67.16
830	-7	25	-11	-46	71.09
831	-8	28	-11	-46	74.05
832	-8	28	-8	-23	51.00
833	-9	30	-8	-23	53.01
834	-9	31	-8	-23	54.01
835	-9	33	-8	-23	56.01
836	-9	34	-8	-23	57.01
837	-9	34	-8	-23	57.01
838	-9	34	-8	-23	57.01
839	-9	34	-8	-23	57.01
840	-9	35	-8	-23	58.01
841	-9	35	-8	-23	58.01
842	-10	35	-8	-23	58.03
843	-10	36	-8	-23	59.03
844	-11	36	-8	-23	59.07
845	-12	37	-8	-23	60.12
846	-12	37	-8	-23	60.12
847	-13	37	-8	-23	60.18
848	-13	38	-9	-24	62.11
849	-14	38	-9	-24	62.18
850	-14	38	-9	-24	62.18
851	-14	38	-9	-24	62.18
852	-14	38	-9	-24	62.18
853	-14	38	-9	-24	62.18
854	-14	38	-9	-24	62.18
855	-14	38	-9	-24	62.18
856	-15	38	-9	-24	62.26
857	-15	37	-9	-24	61.26
858	-15	37	-9	-24	61.26
859	-15	37	-9	-24	61.26
860	-15	37	-9	-24	61.26
861	-15	37	-9	-24	61.26
862	-15	36	-9	-24	60.27
863	-16	36	-9	-24	60.36
864	-16	36	-10	77	41.09
865	-16	36	-10	78	42.08
866	-16	36	-10	80	44.06
867	-16	35	-10	81	46.06
868	-16	35	-10	83	48.04
869	-16	36	-10	84	48.04
870	-16	36	-10	86	50.02
871	-16	36	-10	87	51.02
872	-16	36	-10	89	53.01
873	-15	35	-10	90	55.00
874	-15	35	-10	90	55.00
875	-15	35	-10	90	55.00
876	-16	35	-10	90	55.00
877	-16	35	-10	90	55.00
878	-16	34	-10	90	56.00
879	-16	34	-10	90	56.00
880	-15	33	-11	90	57.00
881	-15	33	-11	90	57.00
882	-15	33	-11	90	57.00
883	-14	32	-11	90	58.00
884	-13	31	-11	90	59.00
885	-11	30	-11	90	60.00
886	-11	30	-11	90	60.00
887	-8	29	-11	90	61.00
888	-8	28	-11	90	62.00
889	-8	28	-11	90	62.00
890	-9	27	-11	90	63.00
891	-9	27	-11	90	63.00
892	-9	27	-11	90	63.00
893	-8	26	-11	90	64.00
894	-6	25	-11	90	65.00
895	-6	25	-11	90	65.00
896	-3	23	-24	44	27.18
897	0	20	-24	44	31.23
898	3	17	-24	44	35.31
899	4	15	-24	44	37.51
900	4	15	-25	45	38.70
901	6	12	-25	45	42.28
902	8	10	-25	45	45.02
903	10	8	-25	45	47.78
904	10	7	-26	46	49.80
905	10	7	-26	46	49.80
906	10	5	-26	46	51.50
907	10	4	-26	46	52.35
908	9	3	-27	47	53.89
909	9	3	-27	47	53.89
910	10	2	-27	47	55.26
911	11	1	-27	47	56.63
912	10	1	-28	48	57.30
913	10	0	-28	48	58.18
914	10	0	-28	48	58.18
915	10	0	-28	48	58.18
916	10	0	-29	49	59.35
917	10	0	-29	49	59.35
918	10	0	-29	49	59.35
919	10	0	-29	49	59.35
920	10	0	-30	50	60.50
921	9	0	-30	50	60.03
922	10	0	-30	50	60.50
923	10	0	-30	50	60.50
924	10	0	-31	51	61.64
925	10	-1	-31	51	62.53
926	10	-1	-31	51	62.53
927	10	-1	-31	51	62.53
928	10	-1	10	10	11.00
929	10	-1	10	9	10.00
930	10	-1	10	9	10.00
931	9	-2	11	8	10.20
932	9	-2	11	8	10.20
933	8	-2	12	7	9.85
934	7	-2	12	7	10.29
935	7	-2	12	7	10.29
936	6	-2	13	6	10.62
937	6	-2	13	6	10.62
938	7	-2	14	5	9.89
939	7	-2	14	5	9.89
940	8	-1	14	5	8.48
941	8	-2	15	4	9.22
942	8	-2	15	4	9.22
943	8	-1	16	3	8.94
944	8	-1	16	3	8.94
945	8	-1	16	3	8.94
946	8	-1	17	2	9.49
947	8	-1	17	2	9.49
948	8	0	18	1	10.05
949	7	2	18	1	11.04
950	6	4	18	1	12.36
951	6	4	19	0	13.59
952	4	5	19	0	15.79
953	3	6	20	0	18.00
954	2	9	20	0	20.06
955	1	11	20	0	21.85
956	1	11	21	-1	23.23
957	-1	13	21	-1	25.93
958	-3	17	22	-2	31.13
959	-5	19	22	-2	33.84
960	-5	19	23	-25	51.75
961	-6	19	23	-25	52.27
962	-6	18	23	-26	52.25
963	-6	18	24	-27	53.59
964	-6	18	24	-28	54.40
965	-6	18	25	-28	54.92
966	-6	17	25	-29	54.89
967	-6	17	25	-30	55.69
968	-7	17	26	-31	57.53
969	-7	17	26	-31	57.53
970	-7	17	27	-32	58.84
971	-8	17	27	-33	60.15
972	-8	16	27	-34	60.09
973	-9	16	28	-34	61.16
974	-9	16	28	-35	61.92
975	-9	15	29	-36	62.38
976	-10	15	29	-37	63.66
977	-10	14	29	-37	62.83
978	-11	13	30	-38	63.83
979	-11	13	30	-39	64.54
980	-11	11	31	-40	64.14
981	-12	10	31	-40	63.89
982	-12	9	31	-41	63.73
983	-12	9	32	-42	64.96
984	-12	9	32	-43	65.61
985	-12	8	33	-43	65.34
986	-12	6	33	-44	64.33
987	-13	5	33	-45	64.68
988	-13	5	34	-46	65.84
989	-13	3	34	-46	64.19
990	-14	2	35	-47	65.06
991	-13	1	35	-48	64.23
992	-14	0	-20	39	39.39
993	-14	0	-20	39	39.39
994	-14	0	-20	40	40.37
995	-14	-1	-21	40	41.50
996	-15	-2	-21	41	43.35
997	-15	-2	-22	42	44.45
998	-15	-2	-22	42	44.45
999	-15	-2	-23	43	45.57
1000	-15	-3	-23	44	47.55
1001	-16	-5	-24	44	49.53
1002	-16	-5	-24	45	50.51
1003	-17	-6	-25	45	51.50
1004	-17	-8	-25	46	54.47
1005	-17	-8	-26	47	55.58
1006	-18	-10	-26	47	57.45
1007	-18	-10	-27	48	58.55
1008	-19	-11	-27	49	60.41
1009	-20	-13	-27	49	62.31
1010	-20	-13	-28	50	63.39
1011	-20	-13	-28	50	63.39
1012	-21	-14	-29	51	65.38
1013	-24	-16	-29	52	68.14
1014	-26	-19	-30	52	71.09
1015	-31	-22	-30	53	75.01
1016	-31	-22	-31	54	76.00
1017	-35	-25	-31	54	79.08
1018	-40	-27	-32	55	82.29
1019	-42	-28	-32	55	83.44
1020	-42	-28	-33	56	84.35
1021	-44	-27	-33	57	84.51
1022	-46	-27	-34	57	84.61
1023	-47	-26	-34	58	84.70
1024	-49	-25	-23	-19	24.80
1025	-49	-25	-23	-19	24.80
1026	-50	-24	-23	-20	25.31
1027	-52	-23	-23	-20	27.10
1028	-53	-22	-24	-21	26.96
1029	-55	-20	-24	-21	29.01
1030	-55	-20	-24	-22	28.96
1031	-56	-19	-24	-23	30.08
1032	-57	-18	-25	-23	30.33
1033	-59	-17	-25	-24	32.52
1034	-59	-17	-25	-24	32.52
1035	-61	-15	-26	-25	34.26
1036	-63	-14	-26	-26	36.63
1037	-64	-14	-26	-26	37.51
1038	-65	-14	-26	-27	38.58
1039	-65	-14	-27	-27	37.71
1040	-65	-14	-27	-28	37.94
1041	-65	-14	-27	-29	38.18
1042	-65	-14	-28	-29	37.34
1043	-65	-14	-28	-30	37.62
1044	-66	-14	-28	-30	38.45
1045	-66	-14	-28	-31	38.74
1046	-66	-14	-29	-32	38.25
1047	-66	-14	-29	-32	38.25
1048	-66	-14	-29	-33	38.59
1049	-66	-14	-30	-33	37.80
1050	-66	-14	-30	-34	38.18
1051	-66	-14	-30	-35	38.58
1052	-66	-14	-30	-35	38.58
1053	-66	-14	-31	-36	38.26
1054	-67	-14	-31	-36	38.99
1055	-68	-14	-31	-37	40.14
1056	-69	-15	-84	-50	37.06
1057	-69	-15	-85	-50	37.34
1058	-71	-15	-86	-51	37.97
1059	-74	-14	-87	-52	39.40
1060	-78	-14	-88	-53	39.80
1061	-78	-14	-89	-53	39.97
1062	-82	-15	-90	-54	39.50
1063	-84	-15	-91	-55	40.37
1064	-85	-14	-92	-56	42.35
1065	-86	-14	-93	-57	43.33
1066	-86	-14	-94	-57	43.43
1067	-86	-14	-96	-58	44.64
1068	-86	-14	-97	-59	45.74
1069	-86	-14	-98	-60	46.84
1070	-86	-14	-99	-60	46.98
1071	-86	-14	-100	-61	48.09
1072	-87	-14	-101	-62	49.03
1073	-86	-14	-102	-63	50.28
1074	-86	-14	-103	-64	51.38
1075	-86	-14	-104	-64	51.54
1076	-85	-14	-105	-65	52.80
1077	-84	-13	-106	-66	55.04
1078	-83	-13	-108	-67	56.49
1079	-81	-13	-109	-67	57.10
1080	-81	-13	-110	-68	58.14
1081	-79	-13	-111	-69	59.59
1082	-75	-13	-112	-70	61.48
1083	-70	-13	-113	-71	63.60
1084	-65	-13	-114	-71	65.11
1085	-65	-13	-115	-72	65.95
1086	-60	-13	-116	-73	68.01
1087	-54	-14	-117	-74	69.27
1088	-47	-14	-89	-5	42.32
1089	-47	-14	-89	-4	42.59
1090	-41	-14	-90	-4	49.32
1091	-33	-14	-90	-4	57.04
1092	-24	-14	-91	-3	66.97
1093	-19	-14	-92	-3	72.78
1094	-19	-14	-92	-3	72.78
1095	-16	-13	-93	-2	76.89
1096	-14	-14	-94	-2	79.81
1097	-12	-14	-94	-2	81.76
1098	-12	-14	-95	-1	82.97
1099	-10	-14	-95	-1	84.91
1100	-10	-15	-96	-1	85.88
1101	-9	-16	-97	0	88.08
1102	-9	-16	-97	0	88.08
1103	-9	-16	-98	0	89.04
1104	-7	-17	-99	0	91.91
1105	-6	-17	-99	0	92.87
1106	-4	-19	-100	0	95.67
1107	-1	-20	-100	0	98.45
1108	-1	-20	-101	1	99.74
1109	3	-21	-102	1	104.35
1110	9	-24	-102	1	109.54
1111	13	-28	-103	2	113.78
1112	13	-28	-104	2	114.64
1113	15	-29	-104	2	116.15
1114	16	-29	-105	3	118.37
1115	17	-30	-105	3	118.98
1116	18	-32	-106	3	120.09
1117	18	-32	-107	4	121.48
1118	19	-33	-107	4	121.99
1119	20	-35	-108	4	122.90
1120	20	-36	-25	-13	46.40
1121	20	-36	-24	-12	46.26
1122	22	-38	-23	-12	47.70
1123	23	-40	-22	-12	48.43
1124	25	-42	-22	-12	50.59
1125	25	-43	-21	-12	50.30
1126	25	-43	-20	-12	49.64
1127	27	-44	-20	-12	51.37
1128	29	-45	-19	-12	52.42
1129	32	-45	-18	-12	53.73
1130	32	-45	-18	-12	53.73
1131	33	-45	-17	-12	53.73
1132	35	-45	-16	-12	54.39
1133	36	-44	-16	-12	54.72
1134	38	-44	-15	-12	55.40
1135	38	-44	-14	-12	54.72
1136	40	-43	-14	-12	55.79
1137	42	-43	-13	-12	56.49
1138	42	-43	-12	-12	55.79
1139	42	-43	-11	-12	55.09
1140	43	-42	-11	-12	55.50
1141	45	-41	-10	-12	55.96
1142	46	-40	-9	-12	55.71
1143	46	-39	-9	-12	55.47
1144	46	-39	-8	-12	54.71
1145	45	-39	-7	-12	53.21
1146	45	-38	-7	-12	52.95
1147	45	-38	-6	-12	52.19
1148	45	-38	-5	-12	51.43
1149	45	-38	-5	-12	51.43
1150	46	-36	-4	-12	50.89
1151	47	-33	-3	-12	50.17
1152	47	-33	87	-58	36.65
1153	49	-28	89	-58	40.84
1154	51	-26	91	-59	43.08
1155	53	-23	93	-60	46.29
1156	56	-20	95	-60	48.60
1157	56	-20	97	-61	49.99
1158	59	-17	99	-62	52.98
1159	60	-16	101	-62	54.27
1160	60	-15	103	-63	56.54
1161	61	-14	105	-64	58.44
1162	61	-14	107	-64	59.14
1163	62	-13	110	-65	61.35
1164	62	-13	112	-66	62.60
1165	62	-13	114	-66	63.29
1166	62	-13	116	-67	64.48
1167	61	-14	118	-68	65.02
1168	61	-13	120	-69	67.05
1169	61	-13	122	-69	67.71
1170	61	-13	124	-70	68.74
1171	61	-13	126	-71	69.71
1172	61	-13	128	-71	70.33
1173	60	-12	130	-72	72.48
1174	60	-11	133	-73	74.55
1175	60	-11	135	-73	75.12
1176	61	-10	137	-74	76.55
1177	62	-9	139	-75	77.96
1178	64	-8	141	-75	78.93
1179	66	-7	143	-76	80.08
1180	66	-7	145	-77	80.71
1181	68	-6	147	-77	81.69
1182	69	-7	149	-78	81.08
1183	70	-7	151	-79	81.42
1184	71	-7	74	-30	23.17
1185	71	-7	74	-29	22.18
1186	72	-7	75	-29	22.18
1187	72	-7	76	-29	22.32
1188	73	-7	77	-29	22.32
1189	73	-7	78	-29	22.50
1190	73	-7	79	-29	22.72
1191	74	-8	79	-29	21.52
1192	74	-7	80	-29	22.72
1193	74	-7	81	-29	22.97
1194	74	-7	82	-29	23.26
1195	74	-7	83	-28	22.66
1196	74	-8	84	-28	22.12
1197	74	-8	84	-28	22.12
1198	74	-8	85	-28	22.54
1199	74	-9	86	-28	22.11
1200	74	-9	87	-28	22.61
1201	74	-9	88	-28	23.13
1202	74	-9	89	-28	23.68
1203	74	-9	90	-28	24.25
1204	73	-9	90	-28	24.85
1205	73	-10	91	-28	24.70
1206	73	-10	92	-27	24.70
1207	73	-10	93	-27	25.39
1208	73	-10	94	-27	26.10
1209	73	-10	95	-27	26.82
1210	73	-10	95	-27	26.82
1211	73	-11	96	-27	26.91
1212	73	-11	97	-27	27.67
1213	72	-11	98	-27	29.22
1214	72	-11	99	-27	30.01
1215	71	-11	100	-27	31.61
1216	71	-11	95	19	38.21
1217	71	-11	95	19	38.21
1218	70	-11	96	20	40.20
1219	70	-11	97	21	41.57
1220	69	-10	98	22	42.81
1221	69	-10	98	23	43.53
1222	69	-10	99	23	44.17
1223	69	-10	100	24	45.53
1224	69	-10	101	25	46.88
1225	68	-10	101	26	48.22
1226	68	-10	102	27	49.56
1227	68	-10	103	27	50.21
1228	67	-10	104	28	52.20
1229	68	-10	104	29	52.22
1230	68	-10	105	30	53.54
1231	67	-10	106	31	55.49
1232	68	-10	107	32	56.15
1233	68	-10	107	32	56.15
1234	67	-10	108	33	58.08
1235	67	-10	109	34	59.36
1236	67	-10	110	35	60.63
1237	67	-9	110	36	60.50
1238	66	-9	111	36	61.77
1239	66	-9	112	37	63.01
1240	66	-9	113	38	64.25
1241	65	-9	113	39	65.47
1242	65	-9	114	40	66.68
1243	65	-8	115	40	66.54
1244	65	-8	116	41	67.73
1245	65	-9	116	42	69.07
1246	65	-8	117	43	69.45
1247	65	-8	118	44	70.61
1248	65	-8	71	-15	9.14
1249	65	-8	71	-15	9.14
1250	64	-8	71	-15	9.80
1251	63	-8	71	-15	10.51
1252	62	-8	71	-15	11.25
1253	62	-8	71	-15	11.25
1254	59	-8	71	-15	13.68
1255	56	-8	71	-15	16.27
1256	53	-8	71	-16	19.32
1257	53	-8	71	-16	19.32
1258	49	-9	71	-16	22.57
1259	44	-9	71	-16	27.24
1260	39	-9	71	-16	31.98
1261	34	-9	71	-16	36.74
1262	34	-9	71	-16	36.74
1263	30	-10	71	-16	40.33
1264	27	-10	71	-17	43.26
1265	26	-10	71	-17	44.22
1266	26	-10	71	-17	44.22
1267	25	-11	71	-17	44.94
1268	25	-11	71	-17	44.94
1269	24	-11	71	-17	45.89
1270	23	-12	71	-17	46.63
1271	23	-12	71	-17	46.63
1272	22	-12	71	-18	47.58
1273	21	-12	71	-18	48.53
1274	19	-12	71	-18	50.43
1275	17	-13	71	-18	52.11
1276	17	-13	71	-18	52.11
1277	15	-12	71	-18	54.24
1278	14	-12	71	-18	55.19
1279	13	-12	71	-18	56.14
1280	13	-12	59	-5	45.97
1281	13	-13	58	-4	45.33
1282	13	-13	58	-4	45.33
1283	13	-13	58	-4	45.33
1284	12	-13	58	-4	46.30
1285	12	-13	58	-4	46.30
1286	11	-13	57	-4	46.30
1287	9	-12	57	-4	48.13
1288	3	-12	57	-4	53.98
1289	-1	-11	57	-4	57.84
1290	-1	-11	57	-4	57.84
1291	-5	-11	56	-3	60.97
1292	-7	-11	56	-3	62.93
1293	-9	-12	56	-3	64.93
1294	-9	-12	56	-3	64.93
1295	-8	-12	56	-3	63.95
1296	-8	-12	56	-3	63.95
1297	-7	-12	55	-3	62.00
1298	-7	-13	55	-3	62.06
1299	-7	-13	55	-3	62.06
1300	-7	-13	55	-3	62.06
1301	-7	-13	55	-3	62.06
1302	-8	-13	54	-2	62.29
1303	-8	-13	54	-2	62.29
1304	-8	-13	54	-2	62.29
1305	-9	-13	54	-2	63.26
1306	-10	-13	54	-2	64.23
1307	-10	-13	53	-2	63.26
1308	-10	-13	53	-2	63.26
1309	-10	-13	53	-2	63.26
1310	-10	-13	53	-2	63.26
1311	-10	-13	53	-2	63.26
1312	-9	-13	-39	-16	29.17
1313	-9	-13	-40	-16	30.13
1314	-9	-13	-42	-16	32.06
1315	-9	-13	-43	-16	33.02
1316	-10	-12	-45	-16	34.16
1317	-13	-12	-47	-16	33.19
1318	-13	-12	-48	-16	34.16
1319	-16	-11	-50	-16	33.40
1320	-17	-11	-52	-17	34.44
1321	-18	-11	-53	-17	34.44
1322	-18	-11	-55	-17	36.34
1323	-18	-12	-56	-17	37.07
1324	-17	-12	-58	-17	39.94
1325	-18	-13	-60	-17	40.69
1326	-19	-13	-61	-17	40.69
1327	-19	-13	-63	-17	42.60
1328	-21	-15	-65	-18	42.20
1329	-24	-17	-66	-18	39.98
1330	-27	-18	-68	-18	38.91
1331	-30	-21	-69	-18	36.80
1332	-30	-21	-71	-18	38.66
1333	-32	-26	-73	-18	38.69
1334	-32	-29	-74	-18	39.83
1335	-31	-32	-76	-18	42.77
1336	-31	-32	-78	-19	44.00
1337	-30	-34	-79	-19	45.87
1338	-29	-36	-81	-19	48.52
1339	-29	-41	-82	-19	49.98
1340	-28	-43	-84	-19	52.50
1341	-28	-43	-86	-19	53.95
1342	-27	-45	-87	-19	55.63
1343	-27	-47	-89	-19	57.26
1344	-26	-47	-31	-14	33.26
1345	-26	-47	-31	-14	33.26
1346	-25	-48	-32	-14	34.49
1347	-25	-50	-33	-14	36.59
1348	-24	-52	-33	-14	38.68
1349	-24	-52	-34	-14	38.84
1350	-24	-52	-35	-14	39.01
1351	-24	-51	-35	-14	38.06
1352	-25	-51	-36	-14	38.06
1353	-25	-51	-37	-14	38.25
1354	-25	-51	-37	-14	38.25
1355	-25	-51	-38	-14	38.47
1356	-25	-51	-39	-14	38.69
1357	-25	-50	-39	-14	37.77
1358	-26	-48	-40	-14	35.93
1359	-26	-48	-41	-14	36.20
1360	-27	-46	-42	-14	34.40
1361	-29	-42	-42	-14	30.18
1362	-30	-39	-43	-14	27.50
1363	-30	-39	-44	-14	27.88
1364	-32	-35	-44	-14	23.62
1365	-33	-33	-45	-14	21.92
1366	-34	-30	-46	-14	19.46
1367	-35	-28	-46	-14	17.34
1368	-35	-28	-47	-14	17.90
1369	-36	-25	-48	-14	15.76
1370	-37	-22	-48	-14	13.16
1371	-38	-20	-49	-14	12.10
1372	-38	-16	-50	-14	11.76
1373	-38	-16	-50	-14	11.76
1374	-39	-15	-51	-14	11.66
1375	-40	-15	-52	-14	11.66
1376	-40	-15	-43	-81	66.01
1377	-40	-15	-43	-82	67.01
1378	-40	-14	-44	-83	69.02
1379	-40	-14	-44	-84	70.02
1380	-40	-14	-45	-85	71.02
1381	-41	-14	-45	-86	72.01
1382	-41	-14	-46	-87	73.01
1383	-41	-14	-46	-88	74.01
1384	-42	-13	-47	-89	76.00
1385	-42	-14	-47	-90	76.00
1386	-44	-14	-48	-90	76.00
1387	-44	-14	-48	-90	76.00
1388	-46	-14	-49	-90	76.00
1389	-50	-14	-49	-90	76.00
1390	-53	-14	-50	-90	76.00
1391	-53	-14	-50	-90	76.00
1392	-55	-14	-51	-90	76.00
1393	-56	-14	-52	-90	76.00
1394	-58	-14	-52	-90	76.00
1395	-59	-14	-53	-90	76.00
1396	-59	-14	-53	-90	76.00
1397	-60	-14	-54	-90	76.00
1398	-60	-14	-54	-90	76.00
1399	-61	-14	-55	-90	76.00
1400	-61	-14	-55	-90	76.00
1401	-61	-14	-56	-90	76.00
1402	-62	-14	-56	-90	76.00
1403	-63	-14	-57	-90	76.00
1404	-64	-14	-57	-90	76.00
1405	-64	-14	-58	-90	76.00
1406	-65	-14	-58	-90	76.00
1407	-65	-14	-59	-90	76.00
1408	-66	-14	-54	17	33.19
1409	-67	-15	-54	18	35.40
1410	-67	-15	-54	19	36.33
1411	-67	-15	-55	20	36.94
1412	-67	-15	-55	21	37.88
1413	-66	-15	-56	22	38.28
1414	-66	-15	-56	23	39.24
1415	-66	-15	-57	24	39.98
1416	-67	-15	-57	25	41.17
1417	-69	-15	-57	26	42.63
1418	-73	-15	-58	27	44.45
1419	-73	-15	-58	28	45.39
1420	-77	-16	-59	29	48.24
1421	-79	-17	-59	30	50.80
1422	-79	-18	-60	31	52.29
1423	-79	-18	-60	32	53.21
1424	-80	-18	-61	33	54.14
1425	-80	-19	-61	34	56.01
1426	-80	-19	-61	35	56.94
1427	-81	-19	-62	36	57.87
1428	-81	-19	-62	37	58.80
1429	-81	-19	-63	38	59.46
1430	-81	-19	-63	39	60.40
1431	-81	-19	-64	40	61.09
1432	-81	-19	-64	41	62.04
1433	-81	-19	-64	42	62.99
1434	-80	-20	-65	43	64.50
1435	-80	-20	-65	44	65.46
1436	-79	-20	-66	45	66.07
1437	-79	-20	-66	46	67.05
1438	-77	-19	-67	47	66.61
1439	-73	-20	-67	48	68.21
1440	-68	-19	-92	-13	23.81
1441	-68	-19	-92	-12	24.13
1442	-63	-19	-93	-12	29.70
1443	-55	-19	-94	-12	38.15
1444	-47	-18	-95	-12	46.63
1445	-40	-18	-96	-12	54.24
1446	-40	-18	-96	-12	54.24
1447	-34	-18	-97	-12	60.88
1448	-30	-17	-98	-12	65.72
1449	-27	-18	-99	-12	69.41
1450	-27	-18	-100	-12	70.35
1451	-24	-17	-100	-12	73.32
1452	-22	-17	-101	-12	76.16
1453	-20	-17	-102	-12	78.99
1454	-20	-16	-103	-12	80.10
1455	-20	-16	-104	-12	81.05
1456	-19	-16	-105	-12	82.94
1457	-18	-16	-105	-12	83.89
1458	-16	-16	-106	-12	86.71
1459	-16	-16	-107	-12	87.66
1460	-13	-15	-108	-12	91.64
1461	-8	-14	-109	-12	97.52
1462	3	-13	-109	-12	108.07
1463	12	-12	-110	-12	117.63
1464	12	-12	-111	-12	118.55
1465	17	-12	-112	-12	123.98
1466	21	-12	-113	-12	128.42
1467	25	-13	-113	-12	131.41
1468	25	-13	-114	-12	132.26
1469	28	-13	-115	-12	135.59
1470	31	-13	-116	-12	138.81
1471	38	-12	-117	-12	145.48
1472	45	-11	-70	-24	107.54
1473	45	-11	-70	-24	107.54
1474	49	-11	-70	-24	110.93
1475	51	-11	-70	-24	112.60
1476	54	-11	-70	-24	115.08
1477	56	-11	-70	-24	116.71
1478	56	-11	-70	-24	116.71
1479	59	-11	-70	-25	118.64
1480	63	-11	-70	-25	121.74
1481	67	-10	-70	-25	125.41
1482	67	-10	-70	-25	125.41
1483	72	-9	-70	-25	129.74
1484	76	-8	-70	-25	133.25
1485	79	-8	-70	-26	134.58
1486	82	-8	-70	-26	136.46
1487	82	-8	-70	-26	136.46
1488	85	-8	-71	-26	138.77
1489	89	-9	-71	-26	139.96
1490	92	-9	-71	-26	141.29
1491	95	-9	-71	-26	142.45
1492	95	-9	-71	-27	141.52
1493	99	-9	-71	-27	142.72
1494	103	-10	-71	-27	142.54
1495	106	-10	-71	-27	142.89
1496	106	-10	-71	-27	142.89
1497	109	-10	-71	-27	143.00
1498	111	-10	-71	-28	141.95
1499	113	-11	-71	-28	140.81
1500	114	-11	-71	-28	140.70
1501	114	-11	-71	-28	140.70
1502	114	-12	-71	-28	139.71
1503	114	-12	-71	-28	139.71
1504	113	-13	158	-3	45.59
1505	113	-13	161	-2	48.74
1506	113	-13	165	-2	52.60
1507	113	-13	168	-2	55.50
1508	114	-13	172	-2	58.41
1509	115	-13	175	-1	60.59
1510	115	-13	179	-1	64.47
1511	116	-13	-178	-1	66.41
1512	119	-13	-174	-1	67.38
1513	123	-12	-171	0	66.56
1514	123	-12	-167	0	70.46
1515	127	-11	-164	0	69.40
1516	128	-10	-160	0	72.28
1517	126	-11	-157	0	77.24
1518	126	-11	-153	0	81.17
1519	125	-10	-150	0	85.08
1520	123	-11	-146	1	91.17
1521	119	-12	-142	1	99.01
1522	113	-12	-139	1	107.81
1523	113	-12	-135	1	111.72
1524	106	-12	-132	2	121.69
1525	94	-14	-128	2	136.81
1526	81	-15	-125	2	151.24
1527	81	-15	-121	2	154.70
1528	68	-16	-118	3	165.72
1529	53	-17	-114	3	161.05
1530	36	-18	-111	3	144.36
1531	17	-18	-107	3	123.18
1532	17	-18	-104	4	120.68
1533	-3	-18	-100	4	97.88
1534	-19	-19	-97	4	80.01
1535	-31	-18	-93	4	64.92
1536	-31	-18	-179	-15	134.35
1537	-42	-18	-177	-15	124.72
1538	-53	-18	-175	-15	114.01
1539	-65	-17	-173	-15	102.11
1540	-79	-17	-171	-15	87.51
1541	-79	-17	-169	-15	85.66
1542	-92	-17	-167	-15	71.65
1543	-106	-17	-165	-15	56.54
1544	-120	-16	-162	-15	40.42
1545	-120	-16	-160	-15	38.50
1546	-129	-14	-158	-15	28.07
1547	-133	-13	-156	-15	22.40
1548	-137	-14	-154	-15	16.48
1549	-143	-13	-152	-15	8.96
1550	-143	-13	-150	-15	7.08
1551	-150	-13	-148	-15	2.79
1552	-156	-12	-145	-16	11.39
1553	-163	-12	-143	-16	19.80
1554	-163	-12	-141	-16	21.71
1555	-170	-12	-139	-16	30.31
1556	-177	-11	-137	-16	39.16
1557	178	-12	-135	-16	45.69
1558	175	-13	-133	-16	50.31
1559	175	-13	-131	-16	52.23
1560	172	-12	-128	-16	58.17
1561	170	-11	-126	-16	62.21
1562	171	-11	-124	-16	63.17
1563	171	-11	-122	-16	65.08
1564	171	-9	-120	-16	67.46
1565	171	-7	-118	-16	69.87
1566	172	-5	-116	-16	71.34
1567	173	-3	-114	-16	72.84
1568	173	-3	-175	-23	23.13
1569	173	0	-179	-23	24.28
1570	173	2	176	-23	25.17
1571	175	2	172	-23	25.17
1572	175	2	167	-23	26.19
1573	175	3	163	-23	28.51
1574	174	4	158	-23	31.19
1575	174	5	154	-24	34.94
1576	175	5	149	-24	38.51
1577	175	5	145	-24	41.18
1578	175	5	140	-24	44.76
1579	175	6	136	-24	48.43
1580	176	6	131	-24	53.14
1581	177	6	127	-25	57.64
1582	177	6	122	-25	61.78
1583	176	6	118	-25	64.31
1584	176	7	113	-25	69.09
1585	177	6	109	-25	72.93
1586	177	6	104	-25	77.33
1587	177	6	100	-25	80.88
1588	177	6	95	-26	85.49
1589	177	5	91	-26	88.61
1590	176	5	86	-26	92.19
1591	176	5	82	-26	95.78
1592	176	5	77	-26	100.27
1593	176	5	73	-26	103.86
1594	176	4	68	-27	107.84
1595	176	3	64	-27	110.92
1596	176	3	59	-27	115.32
1597	176	0	55	-27	117.32
1598	175	-4	50	-27	118.56
1599	176	-7	46	-27	120.87
1600	176	-7	17	12	158.70
1601	176	-8	12	12	163.75
1602	176	-10	7	12	169.02
1603	177	-15	2	13	174.75
1604	178	-19	-2	13	174.00
1605	178	-19	-7	14	173.07
1606	179	-23	-12	14	166.23
1607	179	-25	-17	15	161.97
1608	-179	-25	-22	15	156.24
1609	-179	-25	-26	16	153.22
1610	-179	-25	-31	16	148.79
1611	-178	-24	-36	17	143.84
1612	-177	-24	-41	17	138.36
1613	-177	-24	-46	18	134.08
1614	-177	-24	-51	18	129.52
1615	-176	-25	-56	19	124.48
1616	-175	-25	-61	19	119.09
1617	-175	-25	-65	19	115.51
1618	-174	-26	-70	20	110.75
1619	-174	-26	-75	20	106.38
1620	-173	-26	-80	21	101.60
1621	-172	-26	-85	21	96.50
1622	-171	-26	-90	22	91.94
1623	-171	-26	-95	22	87.86
1624	-170	-26	-100	23	83.59
1625	-169	-25	-104	23	79.20
1626	-168	-25	-109	24	75.25
1627	-168	-24	-114	24	71.03
1628	-168	-24	-119	25	68.20
1629	-168	-23	-124	25	64.22
1630	-168	-22	-129	26	61.09
1631	-168	-22	-134	26	58.22
1632	-168	-22	179	-11	16.60
1633	-168	-20	179	-11	15.41
1634	-167	-19	179	-11	15.70
1635	-168	-17	179	-11	13.96
1636	-168	-16	179	-11	13.59
1637	-168	-16	179	-11	13.59
1638	-169	-16	179	-11	12.69
1639	-168	-15	179	-11	13.28
1640	-168	-15	179	-12	12.99
1641	-168	-15	179	-12	12.99
1642	-167	-14	179	-12	13.78
1643	-167	-14	-180	-12	12.82
1644	-167	-14	-180	-12	12.82
1645	-167	-14	-180	-12	12.82
1646	-167	-14	-180	-12	12.82
1647	-167	-14	-180	-12	12.82
1648	-167	-14	-180	-13	12.68
1649	-168	-13	-180	-13	11.69
1650	-168	-13	-180	-13	11.69
1651	-168	-13	-180	-13	11.69
1652	-168	-13	-180	-13	11.69
1653	-169	-12	-180	-13	10.78
1654	-169	-11	-179	-13	9.98
1655	-169	-11	-179	-13	9.98
1656	-170	-10	-179	-14	9.67
1657	-173	-9	-179	-14	7.72
1658	-175	-7	-179	-14	8.03
1659	-175	-7	-179	-14	8.03
1660	-177	-5	-179	-14	9.21
1661	-177	-4	-179	-14	10.19
1662	-177	-3	-179	-14	11.18
1663	-177	-1	-179	-14	13.15
1664	-177	-1	-152	-37	42.76
1665	-177	0	-151	-37	44.13
1666	-177	0	-151	-37	44.13
1667	-177	0	-150	-38	45.40
1668	-177	0	-150	-38	45.40
1669	-177	0	-149	-39	46.67
1670	-177	0	-149	-39	46.67
1671	-177	1	-148	-40	48.80
1672	-177	1	-148	-40	48.80
1673	-177	1	-147	-41	50.06
1674	-177	1	-147	-41	50.06
1675	-176	0	-146	-42	49.94
1676	-176	0	-146	-42	49.94
1677	-176	1	-145	-43	52.06
1678	-176	1	-145	-43	52.06
1679	-176	0	-144	-44	52.41
1680	-175	0	-144	-44	51.93
1681	-174	0	-143	-44	51.93
1682	-174	0	-143	-45	52.69
1683	-174	0	-142	-45	53.15
1684	-173	0	-142	-46	53.46
1685	-173	0	-141	-46	53.91
1686	-172	-1	-141	-47	53.33
1687	-172	-1	-140	-47	53.77
1688	-172	-1	-140	-48	54.53
1689	-172	-1	-139	-48	54.97
1690	-171	-1	-139	-49	55.29
1691	-171	-2	-138	-49	54.81
1692	-171	-2	-138	-50	55.56
1693	-170	-2	-137	-50	55.56
1694	-169	-2	-137	-51	55.91
1695	-169	-2	-136	-51	56.32
1696	-169	-2	174	20	27.61
1697	-169	-3	174	20	28.42
1698	-169	-3	174	21	29.21
1699	-168	-3	174	21	29.78
1700	-167	-3	173	22	31.74
1701	-167	-3	173	23	32.50
1702	-166	-4	173	23	33.90
1703	-166	-4	173	24	34.67
1704	-166	-4	172	25	36.02
1705	-166	-4	172	25	36.02
1706	-166	-4	172	26	36.80
1707	-165	-4	171	27	38.71
1708	-165	-4	171	27	38.71
1709	-165	-4	171	28	39.48
1710	-165	-4	171	29	40.25
1711	-165	-4	170	29	40.81
1712	-165	-4	170	30	41.57
1713	-165	-4	170	31	42.35
1714	-165	-4	169	31	42.89
1715	-165	-4	169	32	43.66
1716	-165	-4	169	33	44.44
1717	-164	-4	169	33	44.97
1718	-164	-4	168	34	46.27
1719	-164	-4	168	35	47.04
1720	-163	-5	168	35	48.42
1721	-163	-5	167	36	49.70
1722	-162	-6	167	37	51.84
1723	-162	-6	167	37	51.84
1724	-159	-7	167	38	55.01
1725	-154	-9	166	39	60.69
1726	-144	-12	166	39	69.04
1727	-131	-15	166	40	80.24
1728	-131	-15	-161	-3	31.91
1729	-124	-17	-160	-3	38.01
1730	-120	-18	-160	-3	41.95
1731	-116	-20	-160	-3	46.14
1732	-112	-21	-160	-3	50.02
1733	-112	-21	-159	-3	49.11
1734	-107	-21	-159	-3	53.65
1735	-102	-22	-159	-3	58.41
1736	-98	-22	-159	-3	62.06
1737	-98	-22	-158	-3	61.15
1738	-96	-23	-158	-3	63.13
1739	-93	-24	-158	-3	65.99
1740	-91	-25	-158	-3	67.93
1741	-88	-25	-157	-3	69.73
1742	-88	-25	-157	-3	69.73
1743	-86	-26	-157	-3	71.63
1744	-84	-27	-157	-3	73.51
1745	-82	-28	-156	-3	74.48
1746	-81	-29	-156	-3	75.44
1747	-81	-29	-156	-3	75.44
1748	-79	-30	-156	-3	77.25
1749	-76	-31	-155	-3	79.03
1750	-73	-32	-155	-3	81.63
1751	-73	-32	-155	-3	81.63
1752	-70	-34	-155	-3	84.18
1753	-67	-39	-154	-3	85.78
1754	-63	-43	-154	-3	88.69
1755	-60	-49	-154	-3	90.36
1756	-60	-49	-154	-3	90.36
1757	-55	-52	-153	-3	92.54
1758	-51	-54	-153	-3	94.57
1759	-49	-54	-153	-3	95.72
1760	-49	-54	-93	-28	41.14
1761	-47	-55	-91	-28	41.51
1762	-47	-55	-90	-28	40.98
1763	-46	-55	-89	-29	40.18
1764	-46	-55	-88	-29	39.65
1765	-46	-55	-87	-30	38.33
1766	-46	-55	-85	-30	37.29
1767	-46	-55	-84	-30	36.77
1768	-46	-54	-83	-31	35.01
1769	-45	-53	-82	-31	34.58
1770	-45	-53	-81	-32	33.27
1771	-46	-52	-79	-32	31.19
1772	-45	-50	-78	-32	30.33
1773	-45	-46	-77	-33	27.64
1774	-45	-46	-76	-33	26.98
1775	-43	-39	-75	-34	26.07
1776	-42	-36	-74	-34	26.17
1777	-41	-36	-72	-34	25.37
1778	-40	-34	-71	-35	25.46
1779	-40	-34	-70	-35	24.65
1780	-39	-33	-69	-36	24.81
1781	-38	-32	-68	-36	25.09
1782	-38	-32	-66	-36	23.47
1783	-38	-31	-65	-37	23.09
1784	-38	-31	-64	-37	22.30
1785	-39	-31	-63	-38	20.91
1786	-39	-32	-62	-38	19.71
1787	-39	-31	-60	-38	18.62
1788	-39	-31	-59	-39	18.18
1789	-39	-31	-58	-39	17.45
1790	-39	-31	-57	-40	17.15
1791	-39	-31	-56	-40	16.46
