frame_id	phi	theta	est_phi	est_theta	err_phi	err_theta	speed	err_ang
0	-121	5	0	0	120.87
1	-121	5	0	0	120.87
2	-121	4	0	0	120.92
3	-121	4	0	0	120.92
4	-121	4	0	0	120.92
5	-121	4	0	0	120.92
6	-121	4	0	0	120.92
7	-121	4	0	0	120.92
8	-121	5	0	0	120.87
9	-121	5	0	0	120.87
10	-121	5	0	0	120.87
11	-121	5	0	0	120.87
12	-121	4	0	0	120.92
13	-121	4	0	0	120.92
14	-121	4	0	0	120.92
15	-121	4	0	0	120.92
16	-121	4	0	0	120.92
17	-121	4	0	0	120.92
18	-121	4	0	0	120.92
19	-121	4	0	0	120.92
20	-122	4	0	0	121.91
21	-122	4	0	0	121.91
22	-123	5	0	0	122.86
23	-123	5	0	0	122.86
24	-123	5	0	0	122.86
25	-123	5	0	0	122.86
26	-127	5	0	0	126.84
27	-127	5	0	0	126.84
28	-127	5	0	0	126.84
29	-127	5	0	0	126.84
30	-131	6	0	0	130.73
31	-131	6	0	0	130.73
32	-133	6	-121	5	11.99
33	-133	6	-121	5	11.99
34	-133	6	-121	5	11.99
35	-133	6	-121	5	11.99
36	-135	6	-121	5	13.97
37	-135	6	-121	5	13.97
38	-135	6	-121	5	13.97
39	-136	6	-121	5	14.96
40	-136	6	-121	5	14.96
41	-136	6	-121	5	14.96
42	-136	6	-121	5	14.96
43	-136	6	-121	5	14.96
44	-136	6	-121	5	14.96
45	-136	6	-121	5	14.96
46	-137	6	-121	5	15.96
47	-137	6	-121	5	15.96
48	-137	6	-121	5	15.96
49	-137	6	-121	5	15.96
50	-138	7	-121	5	17.02
51	-138	7	-121	5	17.02
52	-139	7	-121	5	18.01
53	-139	7	-121	5	18.01
54	-139	7	-121	5	18.01
55	-139	7	-121	5	18.01
56	-142	6	-121	5	20.93
57	-142	6	-121	5	20.93
58	-142	6	-121	5	20.93
59	-142	6	-121	5	20.93
60	-145	6	-121	5	23.91
61	-145	6	-121	5	23.91
62	-147	6	-121	5	25.90
63	-147	6	-121	5	25.90
64	-147	6	-145	7	2.22
65	-147	6	-145	7	2.22
66	-148	6	-145	7	3.14
67	-148	6	-146	7	2.22
68	-148	6	-146	7	2.22
69	-148	6	-146	7	2.22
70	-150	5	-147	7	3.59
71	-150	5	-147	7	3.59
72	-151	5	-148	7	3.59
73	-151	5	-148	7	3.59
74	-151	5	-148	7	3.59
75	-151	5	-149	7	2.82
76	-152	5	-149	7	3.59
77	-152	5	-149	7	3.59
78	-152	5	-150	7	2.82
79	-152	5	-150	7	2.82
80	-153	5	-151	7	2.82
81	-153	5	-151	7	2.82
82	-154	5	-151	7	3.59
83	-154	5	-152	7	2.82
84	-154	5	-152	7	2.82
85	-154	5	-152	7	2.82
86	-155	4	-153	7	3.60
87	-155	4	-153	7	3.60
88	-155	4	-154	7	3.16
89	-155	4	-154	7	3.16
90	-156	4	-154	7	3.60
91	-156	4	-155	7	3.16
92	-157	4	-155	7	3.60
93	-157	4	-155	7	3.60
94	-157	4	-156	7	3.16
95	-157	4	-156	7	3.16
96	-159	3	-161	6	3.60
97	-159	3	-161	6	3.60
98	-159	3	-161	6	3.60
99	-159	3	-162	6	4.24
100	-160	3	-162	6	3.60
101	-160	3	-163	6	4.24
102	-162	3	-163	6	3.16
103	-162	3	-164	6	3.60
104	-162	3	-164	6	3.60
105	-162	3	-164	6	3.60
106	-163	2	-165	6	4.47
107	-163	2	-165	6	4.47
108	-163	2	-166	6	5.00
109	-163	2	-166	6	5.00
110	-164	2	-167	6	5.00
111	-164	2	-167	6	5.00
112	-164	2	-168	6	5.65
113	-164	2	-168	6	5.65
114	-166	1	-168	6	5.38
115	-166	1	-169	6	5.83
116	-167	1	-169	6	5.38
117	-167	1	-170	6	5.83
118	-167	1	-170	6	5.83
119	-167	1	-171	6	6.40
120	-168	0	-171	6	6.71
121	-168	0	-171	6	6.71
122	-168	0	-172	6	7.21
123	-168	0	-172	6	7.21
124	-168	0	-173	6	7.80
125	-168	0	-173	6	7.80
126	-169	0	-174	6	7.80
127	-169	0	-174	6	7.80
128	-169	0	-171	0	2.00
129	-169	0	-171	0	2.00
130	-169	-2	-171	0	2.83
131	-169	-2	-172	0	3.61
132	-169	-2	-172	0	3.61
133	-169	-2	-172	0	3.61
134	-170	-2	-173	0	3.61
135	-170	-2	-173	0	3.61
136	-170	-2	-174	0	4.47
137	-170	-2	-174	0	4.47
138	-170	-2	-174	0	4.47
139	-170	-2	-175	-1	5.10
140	-171	-3	-175	-1	4.47
141	-171	-3	-175	-1	4.47
142	-171	-3	-176	-1	5.38
143	-171	-3	-176	-1	5.38
144	-171	-3	-177	-1	6.32
145	-171	-3	-177	-1	6.32
146	-171	-4	-177	-1	6.70
147	-171	-4	-178	-1	7.61
148	-171	-4	-178	-1	7.61
149	-171	-4	-178	-1	7.61
150	-170	-4	-179	-2	9.21
151	-170	-4	-179	-2	9.21
152	-170	-4	-180	-2	10.18
153	-170	-4	-180	-2	10.18
154	-170	-4	-180	-2	10.18
155	-170	-4	179	-2	11.16
156	-170	-4	179	-2	11.16
157	-170	-4	179	-2	11.16
158	-170	-4	178	-2	12.15
159	-170	-4	178	-2	12.15
160	-169	-4	-179	-3	10.03
161	-169	-4	-179	-3	10.03
162	-169	-4	-179	-3	10.03
163	-169	-4	-179	-3	10.03
164	-169	-4	-180	-3	11.02
165	-169	-4	-180	-3	11.02
166	-168	-4	-180	-3	12.02
167	-168	-4	179	-3	13.01
168	-168	-4	179	-3	13.01
169	-168	-4	179	-3	13.01
170	-168	-3	178	-3	13.98
171	-168	-3	178	-4	14.01
172	-168	-3	178	-4	14.01
173	-168	-3	177	-4	15.01
174	-168	-3	177	-4	15.01
175	-168	-3	177	-4	15.01
176	-169	-2	176	-4	15.11
177	-169	-2	176	-4	15.11
178	-169	-2	176	-4	15.11
179	-169	-2	176	-4	15.11
180	-169	-1	175	-4	16.26
181	-169	-1	175	-4	16.26
182	-169	-1	175	-5	16.47
183	-169	-1	174	-5	17.44
184	-169	0	174	-5	17.70
185	-169	0	174	-5	17.70
186	-169	1	173	-5	18.96
187	-169	1	173	-5	18.96
188	-169	1	173	-5	18.96
189	-169	1	172	-5	19.91
190	-168	2	172	-5	21.17
191	-168	2	172	-5	21.17
192	-168	2	-169	-8	10.05
193	-168	2	-169	-8	10.05
194	-168	4	-169	-8	12.04
195	-168	4	-169	-8	12.04
196	-168	4	-169	-8	12.04
197	-168	6	-169	-8	14.04
198	-168	6	-169	-8	14.04
199	-168	6	-169	-8	14.04
200	-167	8	-169	-9	17.12
201	-167	8	-169	-9	17.12
202	-167	8	-169	-9	17.12
203	-166	9	-169	-9	18.25
204	-166	9	-169	-9	18.25
205	-166	9	-169	-9	18.25
206	-166	9	-169	-9	18.25
207	-167	10	-169	-9	19.10
208	-167	10	-169	-10	20.10
209	-167	10	-169	-10	20.10
210	-166	10	-169	-10	20.22
211	-166	10	-169	-10	20.22
212	-166	10	-169	-10	20.22
213	-167	11	-169	-10	21.09
214	-167	11	-169	-10	21.09
215	-167	11	-169	-10	21.09
216	-167	11	-169	-11	22.09
217	-167	12	-169	-11	23.09
218	-167	12	-169	-11	23.09
219	-167	12	-169	-11	23.09
220	-167	13	-169	-11	24.08
221	-167	13	-169	-11	24.08
222	-167	13	-169	-11	24.08
223	-167	13	-169	-11	24.08
224	-167	13	-167	8	5.00
225	-167	13	-166	8	5.10
226	-166	13	-166	8	5.00
227	-166	13	-166	8	5.00
228	-166	13	-166	8	5.00
229	-166	13	-166	8	5.00
230	-167	14	-166	9	5.10
231	-167	14	-166	9	5.10
232	-167	14	-166	9	5.10
233	-167	14	-166	9	5.10
234	-166	13	-166	9	4.00
235	-166	13	-166	10	3.00
236	-166	13	-166	10	3.00
237	-166	13	-166	10	3.00
238	-166	13	-166	10	3.00
239	-166	13	-166	10	3.00
240	-166	13	-166	11	2.00
241	-166	13	-166	11	2.00
242	-166	13	-166	11	2.00
243	-166	13	-166	11	2.00
244	-166	13	-166	11	2.00
245	-166	13	-166	11	2.00
246	-166	13	-166	12	1.00
247	-166	13	-166	12	1.00
248	-166	13	-166	12	1.00
249	-166	13	-166	12	1.00
250	-166	13	-166	12	1.00
251	-165	12	-166	13	1.40
252	-165	12	-166	13	1.40
253	-165	12	-166	13	1.40
254	-165	12	-166	13	1.40
255	-165	12	-166	13	1.40
256	-165	12	-166	24	12.04
257	-165	12	-165	24	12.00
258	-165	12	-165	24	12.00
259	-165	12	-165	25	13.00
260	-165	12	-165	25	13.00
261	-165	11	-165	25	14.00
262	-165	11	-165	26	15.00
263	-165	11	-165	26	15.00
264	-165	11	-165	26	15.00
265	-165	11	-165	27	16.00
266	-165	11	-165	27	16.00
267	-165	11	-165	27	16.00
268	-165	11	-165	28	17.00
269	-165	11	-165	28	17.00
270	-165	11	-165	28	17.00
271	-165	11	-165	29	18.00
272	-165	11	-165	29	18.00
273	-165	11	-165	29	18.00
274	-166	10	-165	30	20.02
275	-166	10	-165	30	20.02
276	-166	10	-165	30	20.02
277	-166	10	-165	31	21.02
278	-166	9	-165	31	22.02
279	-166	9	-165	31	22.02
280	-166	9	-165	32	23.02
281	-166	9	-165	32	23.02
282	-166	9	-165	32	23.02
283	-166	9	-165	33	24.02
284	-166	9	-165	33	24.02
285	-166	9	-165	33	24.02
286	-166	9	-165	34	25.02
287	-166	9	-165	34	25.02
288	-166	9	-163	11	3.57
289	-166	9	-162	10	4.07
290	-166	9	-162	10	4.07
291	-166	9	-162	10	4.07
292	-166	9	-162	10	4.07
293	-166	9	-162	10	4.07
294	-166	9	-162	10	4.07
295	-166	9	-162	10	4.07
296	-166	9	-162	10	4.07
297	-166	8	-162	10	4.43
298	-166	8	-162	10	4.43
299	-166	8	-162	10	4.43
300	-166	8	-162	10	4.43
301	-166	8	-162	10	4.43
302	-166	8	-162	10	4.43
303	-166	8	-162	10	4.43
304	-166	8	-162	10	4.43
305	-166	7	-161	10	5.78
306	-166	7	-161	10	5.78
307	-167	6	-161	10	7.16
308	-167	6	-161	10	7.16
309	-167	6	-161	10	7.16
310	-167	6	-161	10	7.16
311	-167	5	-161	10	7.77
312	-167	5	-161	10	7.77
313	-167	5	-161	10	7.77
314	-168	4	-161	10	9.18
315	-168	4	-161	10	9.18
316	-168	4	-161	10	9.18
317	-168	4	-161	10	9.18
318	-169	2	-161	10	11.28
319	-169	2	-161	10	11.28
320	-171	3	-167	6	4.99
321	-171	3	-167	5	4.46
322	-171	3	-167	5	4.46
323	-171	3	-167	5	4.46
324	-171	3	-167	5	4.46
325	-171	3	-167	5	4.46
326	-171	3	-167	5	4.46
327	-171	3	-167	5	4.46
328	-172	3	-167	5	5.37
329	-172	3	-167	5	5.37
330	-173	3	-167	5	6.31
331	-173	3	-167	4	6.07
332	-173	3	-167	4	6.07
333	-173	3	-167	4	6.07
334	-174	4	-167	4	6.98
335	-174	4	-167	4	6.98
336	-174	4	-167	4	6.98
337	-174	4	-167	4	6.98
338	-175	5	-167	4	8.04
339	-175	5	-167	4	8.04
340	-177	6	-167	4	10.16
341	-177	6	-167	4	10.16
342	-177	6	-167	3	10.41
343	-177	6	-167	3	10.41
344	-177	6	-167	3	10.41
345	-177	6	-167	3	10.41
346	-177	6	-167	3	10.41
347	-177	6	-167	3	10.41
348	-179	7	-167	3	12.60
349	-179	7	-167	3	12.60
350	178	8	-167	3	15.74
351	178	8	-167	3	15.74
352	178	8	-176	-3	12.52
353	178	8	-176	-3	12.52
354	178	8	-176	-3	12.52
355	175	9	-176	-3	14.98
356	175	9	-176	-3	14.98
357	175	9	-176	-3	14.98
358	175	9	-176	-4	15.80
359	175	9	-177	-4	15.25
360	175	11	-177	-4	16.98
361	175	11	-177	-4	16.98
362	175	11	-177	-4	16.98
363	175	11	-177	-5	17.87
364	173	12	-177	-5	19.69
365	173	12	-178	-5	19.21
366	173	12	-178	-5	19.21
367	173	12	-178	-5	19.21
368	172	13	-178	-6	21.44
369	172	13	-178	-6	21.44
370	172	14	-178	-6	22.33
371	172	14	-178	-6	22.33
372	172	14	-179	-6	21.90
373	172	14	-179	-6	21.90
374	172	15	-179	-7	23.74
375	172	15	-179	-7	23.74
376	172	15	-179	-7	23.74
377	172	15	-179	-7	23.74
378	172	15	-180	-7	23.39
379	172	15	-180	-8	24.33
380	172	15	-180	-8	24.33
381	172	15	-180	-8	24.33
382	172	16	-180	-8	25.27
383	172	16	-180	-8	25.27
384	173	16	167	13	6.54
385	173	16	166	13	7.41
386	173	16	166	13	7.41
387	173	16	165	13	8.30
388	173	16	165	13	8.30
389	173	16	165	13	8.30
390	173	16	164	13	9.21
391	173	16	164	14	8.92
392	173	16	164	14	8.92
393	173	16	163	14	9.86
394	173	17	163	14	10.09
395	173	17	163	14	10.09
396	173	17	162	14	11.01
397	173	17	162	15	10.76
398	173	17	162	15	10.76
399	173	17	161	15	11.70
400	173	17	161	15	11.70
401	173	17	161	15	11.70
402	173	18	160	15	12.82
403	173	18	160	15	12.82
404	173	19	160	16	12.75
405	173	19	159	16	13.68
406	173	19	159	16	13.68
407	173	19	159	16	13.68
408	173	20	158	16	14.81
409	173	20	158	16	14.81
410	173	20	158	17	14.53
411	173	20	157	17	15.46
412	173	20	157	17	15.46
413	173	20	157	17	15.46
414	173	20	156	17	16.39
415	173	20	156	17	16.39
416	173	20	168	24	6.12
417	174	20	167	24	7.62
418	174	20	167	24	7.62
419	174	20	167	24	7.62
420	174	20	167	25	8.17
421	174	20	167	25	8.17
422	174	20	167	25	8.17
423	174	20	166	25	8.92
424	174	20	166	26	9.49
425	174	20	166	26	9.49
426	174	20	166	26	9.49
427	174	20	166	26	9.49
428	174	20	166	27	10.13
429	174	20	165	27	10.82
430	174	20	165	27	10.82
431	174	20	165	27	10.82
432	174	21	165	28	10.77
433	174	21	165	28	10.77
434	174	21	165	28	10.77
435	175	22	165	28	10.86
436	175	22	164	29	12.14
437	176	23	164	29	12.33
438	176	23	164	29	12.33
439	176	23	164	29	12.33
440	176	23	164	30	12.81
441	176	24	164	30	12.25
442	176	24	163	30	13.03
443	176	24	163	30	13.03
444	176	24	163	31	13.47
445	176	24	163	31	13.47
446	176	24	163	31	13.47
447	176	24	163	31	13.47
448	176	24	173	24	2.74
449	176	24	173	24	2.74
450	176	24	173	24	2.74
451	177	25	173	24	3.77
452	177	25	173	24	3.77
453	177	25	173	24	3.77
454	177	25	173	24	3.77
455	177	24	173	24	3.65
456	177	24	173	25	3.77
457	177	24	173	25	3.77
458	177	24	173	25	3.77
459	177	24	173	25	3.77
460	177	24	173	25	3.77
461	177	24	173	25	3.77
462	177	24	173	25	3.77
463	177	24	173	25	3.77
464	177	24	173	26	4.14
465	177	23	173	26	4.72
466	177	23	173	26	4.72
467	177	23	173	26	4.72
468	177	23	173	26	4.72
469	177	23	173	26	4.72
470	177	23	173	26	4.72
471	177	22	173	26	5.42
472	177	22	173	27	6.18
473	177	22	173	27	6.18
474	177	22	173	27	6.18
475	177	21	173	27	7.02
476	177	21	173	27	7.02
477	177	21	173	27	7.02
478	177	21	173	27	7.02
479	177	20	173	27	7.90
480	177	20	179	28	8.21
481	176	19	179	28	9.41
482	176	19	179	28	9.41
483	176	19	179	28	9.41
484	176	19	179	28	9.41
485	176	18	179	28	10.37
486	176	18	179	28	10.37
487	176	18	179	28	10.37
488	176	18	179	29	11.34
489	176	16	179	29	13.29
490	176	16	179	29	13.29
491	175	13	-180	29	16.66
492	175	13	-180	29	16.66
493	175	13	-180	29	16.66
494	175	13	-180	29	16.66
495	173	11	-180	29	19.15
496	173	11	-180	30	20.09
497	173	11	-180	30	20.09
498	171	9	-180	30	22.62
499	171	9	-180	30	22.62
500	171	9	-180	30	22.62
501	170	6	-180	30	25.78
502	170	6	-179	30	26.14
503	170	6	-179	30	26.14
504	169	5	-179	31	28.34
505	169	5	-179	31	28.34
506	169	5	-179	31	28.34
507	169	5	-179	31	28.34
508	168	3	-179	31	30.57
509	168	3	-179	31	30.57
510	168	3	-179	31	30.57
511	167	2	-179	31	31.88
512	167	2	178	16	17.70
513	167	2	178	15	16.94
514	167	2	178	15	16.94
515	167	1	178	15	17.72
516	167	1	178	15	17.72
517	167	1	178	15	17.72
518	168	0	178	15	17.96
519	168	0	178	15	17.96
520	168	0	178	15	17.96
521	170	0	178	14	16.08
522	170	0	178	14	16.08
523	170	0	178	14	16.08
524	170	0	178	14	16.08
525	170	0	178	14	16.08
526	171	0	178	14	15.62
527	171	0	178	14	15.62
528	172	0	178	14	15.21
529	172	0	178	13	14.30
530	172	0	178	13	14.30
531	172	0	178	13	14.30
532	175	-1	178	13	14.31
533	175	-1	178	13	14.31
534	175	-1	178	13	14.31
535	175	-1	178	13	14.31
536	177	-1	178	13	14.04
537	177	-1	178	12	13.04
538	179	-1	178	12	13.04
539	179	-1	178	12	13.04
540	179	-1	178	12	13.04
541	179	-1	178	12	13.04
542	-179	-1	178	12	13.34
543	-179	-1	178	12	13.34
544	-179	-1	157	-16	28.01
545	-178	-1	156	-16	29.70
546	-178	-1	156	-17	30.18
547	-178	-1	156	-17	30.18
548	-178	-1	155	-18	31.50
549	-176	-2	155	-18	32.64
550	-176	-2	155	-19	33.09
551	-176	-2	154	-19	33.93
552	-176	-2	154	-20	34.39
553	-174	-1	154	-21	37.07
554	-174	-1	153	-21	37.90
555	-172	-1	153	-22	40.01
556	-172	-1	153	-22	40.01
557	-172	-1	152	-23	41.29
558	-172	-1	152	-23	41.29
559	-170	-1	152	-24	43.38
560	-170	-1	152	-25	43.83
561	-170	-1	151	-25	44.63
562	-170	-1	151	-26	45.09
563	-169	-1	151	-26	45.89
564	-169	-1	150	-27	47.14
565	-167	-1	150	-27	48.74
566	-167	-1	150	-28	49.17
567	-167	-1	149	-28	49.97
568	-167	-1	149	-29	50.39
569	-166	-1	149	-30	51.61
570	-166	-1	148	-30	52.39
571	-166	-1	148	-31	52.82
572	-166	-1	148	-31	52.82
573	-165	-1	147	-32	54.79
574	-165	-1	147	-32	54.79
575	-165	-1	147	-33	55.21
576	-165	-1	-165	-4	3.00
577	-165	-1	-164	-4	3.16
578	-165	-1	-164	-4	3.16
579	-164	-1	-163	-4	3.16
580	-164	-1	-163	-4	3.16
581	-164	-1	-162	-4	3.60
582	-163	-1	-162	-4	3.16
583	-163	-1	-161	-4	3.60
584	-163	-1	-161	-4	3.60
585	-162	-1	-161	-4	3.16
586	-162	-1	-160	-4	3.60
587	-162	-1	-160	-5	4.47
588	-162	-1	-159	-5	5.00
589	-162	-1	-159	-5	5.00
590	-161	-2	-158	-5	4.24
591	-161	-2	-158	-5	4.24
592	-160	-2	-158	-5	3.60
593	-160	-2	-157	-5	4.24
594	-160	-2	-157	-5	4.24
595	-160	-2	-156	-5	4.99
596	-159	-2	-156	-5	4.24
597	-159	-2	-155	-5	4.99
598	-159	-2	-155	-6	5.65
599	-159	-2	-154	-6	6.39
600	-159	-2	-154	-6	6.39
601	-159	-2	-154	-6	6.39
602	-159	-3	-153	-6	6.69
603	-159	-3	-153	-6	6.69
604	-159	-3	-152	-6	7.60
605	-158	-4	-152	-6	6.30
606	-158	-4	-151	-6	7.25
607	-158	-4	-151	-6	7.25
608	-158	-4	-151	-1	7.61
609	-158	-4	-150	-1	8.54
610	-158	-4	-150	-1	8.54
611	-158	-4	-149	-1	9.48
612	-157	-4	-149	-1	8.54
613	-157	-4	-148	-1	9.48
614	-157	-4	-148	-1	9.48
615	-157	-4	-147	-1	10.43
616	-156	-4	-147	-1	9.48
617	-156	-4	-147	-1	9.48
618	-156	-4	-146	-1	10.43
619	-156	-4	-146	-1	10.43
620	-155	-4	-145	-1	10.43
621	-155	-4	-145	-1	10.43
622	-154	-5	-144	-1	10.76
623	-154	-5	-144	-1	10.76
624	-154	-5	-144	-1	10.76
625	-154	-5	-143	-1	11.69
626	-153	-5	-143	-1	10.76
627	-153	-5	-142	-1	11.69
628	-153	-5	-142	-1	11.69
629	-153	-5	-141	-1	12.63
630	-152	-5	-141	-1	11.69
631	-152	-5	-140	-1	12.63
632	-151	-6	-140	-1	12.06
633	-151	-6	-140	-1	12.06
634	-151	-6	-139	-1	12.98
635	-151	-6	-139	-1	12.98
636	-150	-6	-138	-1	12.98
637	-150	-6	-138	-1	12.98
638	-150	-6	-137	-1	13.90
639	-150	-6	-137	-1	13.90
640	-149	-7	-151	-7	1.99
641	-149	-7	-150	-7	0.99
642	-149	-7	-150	-7	0.99
643	-148	-7	-150	-7	1.99
644	-148	-7	-150	-7	1.99
645	-148	-7	-149	-7	0.99
646	-146	-7	-149	-7	2.98
647	-146	-7	-149	-7	2.98
648	-146	-7	-149	-7	2.98
649	-145	-7	-149	-7	3.97
650	-145	-7	-148	-7	2.98
651	-145	-7	-148	-8	3.14
652	-145	-7	-148	-8	3.14
653	-143	-8	-148	-8	4.95
654	-143	-8	-147	-8	3.96
655	-143	-8	-147	-8	3.96
656	-142	-8	-147	-8	4.95
657	-142	-8	-147	-8	4.95
658	-142	-8	-147	-8	4.95
659	-141	-8	-146	-8	4.95
660	-141	-8	-146	-8	4.95
661	-141	-8	-146	-8	4.95
662	-141	-8	-146	-9	5.05
663	-141	-9	-145	-9	3.95
664	-141	-9	-145	-9	3.95
665	-141	-9	-145	-9	3.95
666	-141	-8	-145	-9	4.08
667	-141	-8	-145	-9	4.08
668	-141	-8	-144	-9	3.13
669	-141	-8	-144	-9	3.13
670	-141	-8	-144	-9	3.13
671	-141	-8	-144	-9	3.13
672	-141	-8	-140	-10	2.23
673	-141	-8	-139	-10	2.81
674	-141	-8	-139	-10	2.81
675	-141	-8	-139	-10	2.81
676	-141	-7	-138	-10	4.22
677	-141	-7	-138	-10	4.22
678	-141	-7	-138	-10	4.22
679	-141	-7	-138	-10	4.22
680	-141	-6	-137	-10	5.63
681	-141	-6	-137	-10	5.63
682	-141	-6	-137	-10	5.63
683	-141	-5	-136	-11	7.78
684	-141	-5	-136	-11	7.78
685	-141	-5	-136	-11	7.78
686	-141	-5	-136	-11	7.78
687	-141	-4	-135	-11	9.18
688	-141	-4	-135	-11	9.18
689	-141	-4	-135	-11	9.18
690	-141	-4	-134	-11	9.85
691	-141	-4	-134	-11	9.85
692	-141	-4	-134	-11	9.85
693	-141	-2	-134	-11	11.37
694	-141	-2	-133	-12	12.76
695	-141	-2	-133	-12	12.76
696	-141	-2	-133	-12	12.76
697	-141	-1	-132	-12	14.17
698	-141	-1	-132	-12	14.17
699	-141	0	-132	-12	14.96
700	-141	0	-132	-12	14.96
701	-141	0	-131	-12	15.57
702	-141	0	-131	-12	15.57
703	-142	1	-131	-12	16.98
704	-142	1	-133	-9	13.43
705	-142	2	-132	-9	14.84
706	-142	2	-132	-9	14.84
707	-142	2	-132	-9	14.84
708	-142	2	-132	-9	14.84
709	-142	3	-131	-9	16.25
710	-142	3	-131	-9	16.25
711	-142	3	-131	-9	16.25
712	-142	3	-131	-9	16.25
713	-142	3	-130	-9	16.94
714	-142	3	-130	-9	16.94
715	-142	3	-130	-9	16.94
716	-142	3	-130	-9	16.94
717	-142	3	-129	-9	17.66
718	-142	3	-129	-9	17.66
719	-142	3	-129	-9	17.66
720	-142	3	-129	-9	17.66
721	-142	3	-128	-9	18.40
722	-142	3	-128	-9	18.40
723	-142	3	-128	-9	18.40
724	-141	3	-128	-9	17.66
725	-141	3	-127	-9	18.40
726	-141	3	-127	-9	18.40
727	-141	4	-127	-9	19.07
728	-141	4	-127	-9	19.07
729	-141	4	-126	-9	19.81
730	-141	5	-126	-9	20.48
731	-141	5	-126	-9	20.48
732	-141	5	-126	-9	20.48
733	-141	5	-125	-9	21.22
734	-141	5	-125	-9	21.22
735	-141	5	-125	-9	21.22
736	-141	5	-143	10	5.38
737	-141	5	-143	10	5.38
738	-141	5	-143	10	5.38
739	-141	5	-143	10	5.38
740	-141	5	-143	11	6.32
741	-141	6	-143	11	5.38
742	-141	6	-143	11	5.38
743	-141	6	-143	11	5.38
744	-141	6	-143	12	6.32
745	-141	6	-143	12	6.32
746	-141	6	-143	12	6.32
747	-140	6	-143	13	7.60
748	-140	6	-143	13	7.60
749	-140	6	-143	13	7.60
750	-140	6	-143	13	7.60
751	-140	5	-143	14	9.47
752	-140	5	-143	14	9.47
753	-140	5	-143	14	9.47
754	-138	2	-143	15	13.90
755	-138	2	-143	15	13.90
756	-138	2	-143	15	13.90
757	-136	0	-143	15	16.52
758	-136	0	-143	16	17.43
759	-136	0	-143	16	17.43
760	-136	0	-143	16	17.43
761	-134	-1	-143	17	20.07
762	-134	-1	-143	17	20.07
763	-134	-1	-143	17	20.07
764	-133	-2	-143	17	21.41
765	-133	-2	-143	18	22.29
766	-133	-2	-143	18	22.29
767	-133	-2	-143	18	22.29
768	-131	-5	-140	9	16.63
769	-131	-5	-139	9	16.11
770	-131	-5	-139	9	16.11
771	-127	-8	-139	9	20.78
772	-127	-8	-139	9	20.78
773	-127	-8	-139	9	20.78
774	-126	-9	-139	9	22.17
775	-126	-9	-139	9	22.17
776	-126	-9	-139	10	22.99
777	-126	-9	-139	10	22.99
778	-125	-10	-139	10	24.37
779	-125	-10	-139	10	24.37
780	-125	-10	-139	10	24.37
781	-125	-11	-139	10	25.19
782	-125	-11	-139	10	25.19
783	-125	-11	-139	10	25.19
784	-125	-11	-139	11	26.03
785	-125	-13	-139	11	27.73
786	-125	-13	-139	11	27.73
787	-125	-13	-139	11	27.73
788	-123	-15	-139	11	30.45
789	-123	-15	-139	11	30.45
790	-123	-15	-139	11	30.45
791	-122	-18	-139	11	33.51
792	-122	-18	-139	12	34.37
793	-122	-18	-139	12	34.37
794	-122	-18	-139	12	34.37
795	-120	-21	-139	12	37.92
796	-120	-21	-139	12	37.92
797	-120	-21	-139	12	37.92
798	-118	-23	-139	12	40.59
799	-118	-23	-139	12	40.59
800	-118	-23	-121	-15	8.49
801	-118	-24	-120	-15	9.19
802	-118	-24	-120	-15	9.19
803	-118	-24	-120	-15	9.19
804	-118	-24	-119	-16	8.05
805	-118	-24	-119	-16	8.05
806	-118	-26	-119	-16	10.04
807	-118	-26	-118	-17	9.00
808	-117	-27	-118	-17	10.04
809	-117	-27	-118	-17	10.04
810	-117	-27	-117	-18	9.00
811	-117	-27	-117	-18	9.00
812	-117	-27	-117	-18	9.00
813	-117	-29	-116	-19	10.04
814	-117	-29	-116	-19	10.04
815	-116	-30	-116	-19	11.00
816	-116	-30	-116	-20	10.00
817	-116	-30	-115	-20	10.04
818	-116	-30	-115	-20	10.04
819	-116	-31	-115	-20	11.04
820	-116	-31	-114	-21	10.16
821	-116	-31	-114	-21	10.16
822	-115	-33	-114	-21	12.03
823	-115	-33	-113	-22	11.14
824	-115	-33	-113	-22	11.14
825	-115	-35	-113	-22	13.12
826	-115	-35	-112	-23	12.28
827	-115	-35	-112	-23	12.28
828	-115	-35	-112	-23	12.28
829	-114	-36	-111	-24	12.28
830	-114	-36	-111	-24	12.28
831	-114	-36	-111	-24	12.28
832	-113	-38	-105	-41	6.86
833	-113	-38	-104	-41	7.56
834	-113	-38	-104	-42	7.96
835	-113	-38	-103	-42	8.63
836	-113	-38	-103	-43	9.09
837	-113	-38	-102	-43	9.73
838	-113	-38	-102	-44	10.23
839	-113	-38	-102	-44	10.23
840	-113	-38	-101	-45	11.37
841	-113	-38	-101	-46	11.96
842	-113	-38	-100	-46	12.52
843	-113	-38	-100	-47	13.12
844	-113	-38	-100	-47	13.12
845	-113	-38	-99	-48	14.27
846	-113	-39	-99	-48	13.53
847	-113	-39	-98	-49	14.66
848	-113	-39	-98	-50	15.29
849	-113	-40	-98	-50	14.53
850	-113	-40	-97	-51	15.64
851	-113	-40	-97	-51	15.64
852	-113	-40	-96	-52	16.76
853	-113	-40	-96	-52	16.76
854	-113	-40	-96	-53	17.40
855	-113	-40	-95	-53	17.86
856	-113	-40	-95	-54	18.51
857	-113	-40	-94	-55	19.61
858	-113	-40	-94	-55	19.61
859	-113	-40	-94	-56	20.29
860	-114	-41	-93	-56	20.30
861	-114	-41	-93	-57	20.94
862	-114	-41	-92	-57	21.36
863	-117	-40	-92	-58	24.07
864	-117	-40	-108	-53	14.37
865	-117	-40	-107	-53	14.68
866	-122	-40	-107	-53	16.53
867	-122	-40	-107	-54	17.26
868	-122	-40	-107	-54	17.26
869	-122	-40	-107	-55	18.02
870	-129	-40	-107	-55	20.94
871	-129	-40	-106	-56	22.00
872	-129	-40	-106	-56	22.00
873	-137	-39	-106	-57	27.05
874	-137	-39	-106	-57	27.05
875	-137	-39	-106	-58	27.54
876	-137	-39	-106	-58	27.54
877	-143	-38	-105	-59	32.05
878	-143	-38	-105	-59	32.05
879	-143	-38	-105	-60	32.47
880	-146	-38	-105	-60	33.85
881	-146	-38	-105	-60	33.85
882	-146	-38	-105	-61	34.23
883	-147	-38	-105	-61	34.68
884	-147	-38	-104	-62	35.50
885	-147	-38	-104	-62	35.50
886	-147	-38	-104	-63	35.88
887	-149	-38	-104	-63	36.72
888	-149	-38	-104	-64	37.10
889	-149	-38	-104	-64	37.10
890	-150	-38	-103	-65	38.27
891	-150	-38	-103	-65	38.27
892	-150	-38	-103	-66	38.65
893	-152	-38	-103	-66	39.40
894	-152	-38	-103	-67	39.76
895	-152	-38	-103	-67	39.76
896	-152	-38	-121	-42	23.95
897	-154	-39	-121	-42	25.12
898	-154	-39	-121	-42	25.12
899	-154	-39	-121	-42	25.12
900	-154	-39	-121	-42	25.12
901	-156	-39	-121	-42	26.60
902	-156	-39	-121	-42	26.60
903	-158	-40	-121	-42	27.78
904	-158	-40	-122	-42	27.04
905	-158	-40	-122	-42	27.04
906	-158	-40	-122	-42	27.04
907	-161	-40	-122	-42	29.25
908	-161	-40	-122	-42	29.25
909	-161	-40	-122	-42	29.25
910	-161	-40	-122	-42	29.25
911	-163	-41	-122	-42	30.43
912	-163	-41	-123	-43	29.51
913	-164	-40	-123	-43	30.55
914	-164	-40	-123	-43	30.55
915	-164	-40	-123	-43	30.55
916	-164	-40	-123	-43	30.55
917	-164	-40	-123	-43	30.55
918	-164	-40	-123	-43	30.55
919	-164	-40	-123	-43	30.55
920	-164	-40	-124	-43	29.82
921	-163	-40	-124	-43	29.10
922	-163	-40	-124	-43	29.10
923	-162	-39	-124	-43	28.71
924	-162	-39	-124	-43	28.71
925	-162	-39	-124	-43	28.71
926	-162	-39	-124	-43	28.71
927	-161	-40	-124	-43	27.65
928	-161	-40	173	-36	20.80
929	-161	-40	172	-35	21.91
930	-161	-40	171	-35	22.67
931	-160	-40	170	-35	24.20
932	-160	-40	169	-35	24.96
933	-160	-40	168	-35	25.73
934	-160	-40	167	-35	26.50
935	-160	-40	166	-35	27.26
936	-160	-40	165	-35	28.03
937	-159	-40	164	-35	29.56
938	-159	-40	163	-35	30.33
939	-159	-40	161	-35	31.86
940	-159	-40	160	-35	32.62
941	-159	-40	159	-35	33.38
942	-159	-40	158	-35	34.15
943	-159	-40	157	-35	34.91
944	-158	-40	156	-35	36.43
945	-158	-40	155	-34	37.57
946	-158	-40	154	-34	38.34
947	-157	-40	153	-34	39.86
948	-157	-40	152	-34	40.61
949	-157	-40	151	-34	41.37
950	-157	-40	149	-34	42.88
951	-157	-40	148	-34	43.64
952	-157	-40	147	-34	44.39
953	-157	-40	146	-34	45.14
954	-157	-40	145	-34	45.89
955	-157	-40	144	-34	46.64
956	-157	-40	143	-34	47.39
957	-156	-40	142	-34	48.88
958	-156	-40	141	-34	49.63
959	-156	-40	140	-34	50.37
960	-156	-40	-170	-42	10.74
961	-156	-40	-170	-42	10.74
962	-156	-40	-170	-42	10.74
963	-156	-40	-170	-42	10.74
964	-155	-39	-171	-42	12.51
965	-155	-39	-171	-42	12.51
966	-155	-39	-171	-42	12.51
967	-155	-39	-171	-42	12.51
968	-155	-39	-172	-42	13.25
969	-155	-39	-172	-42	13.25
970	-155	-39	-172	-42	13.25
971	-155	-39	-173	-42	13.98
972	-155	-39	-173	-42	13.98
973	-155	-39	-173	-42	13.98
974	-155	-38	-173	-42	14.33
975	-155	-38	-174	-42	15.06
976	-155	-38	-174	-43	15.25
977	-154	-39	-174	-43	15.57
978	-154	-39	-175	-43	16.30
979	-154	-39	-175	-43	16.30
980	-154	-39	-175	-43	16.30
981	-155	-39	-175	-43	15.57
982	-155	-39	-176	-43	16.30
983	-155	-39	-176	-43	16.30
984	-155	-39	-176	-43	16.30
985	-155	-39	-177	-43	17.02
986	-155	-39	-177	-43	17.02
987	-155	-39	-177	-43	17.02
988	-155	-39	-177	-43	17.02
989	-155	-39	-178	-43	17.75
990	-155	-39	-178	-43	17.75
991	-155	-38	-178	-43	18.12
992	-155	-38	-151	-40	3.70
993	-155	-38	-150	-40	4.37
994	-155	-38	-150	-40	4.37
995	-155	-38	-150	-40	4.37
996	-155	-38	-150	-40	4.37
997	-155	-38	-150	-40	4.37
998	-155	-38	-150	-40	4.37
999	-155	-38	-149	-40	5.07
1000	-155	-38	-149	-40	5.07
1001	-155	-37	-149	-40	5.57
1002	-155	-37	-149	-40	5.57
1003	-155	-37	-149	-40	5.57
1004	-155	-37	-149	-40	5.57
1005	-155	-37	-148	-40	6.24
1006	-155	-37	-148	-40	6.24
1007	-155	-37	-148	-40	6.24
1008	-154	-37	-148	-40	5.57
1009	-154	-37	-148	-40	5.57
1010	-154	-37	-148	-40	5.57
1011	-153	-37	-148	-40	4.93
1012	-153	-37	-147	-40	5.57
1013	-153	-37	-147	-40	5.57
1014	-153	-37	-147	-40	5.57
1015	-153	-38	-147	-40	5.07
1016	-153	-38	-147	-40	5.07
1017	-153	-38	-147	-40	5.07
1018	-152	-38	-146	-40	5.07
1019	-152	-38	-146	-40	5.07
1020	-152	-38	-146	-40	5.07
1021	-152	-38	-146	-40	5.07
1022	-152	-38	-146	-40	5.07
1023	-152	-38	-146	-40	5.07
1024	-152	-38	-154	-36	2.56
1025	-152	-38	-153	-35	3.11
1026	-152	-38	-153	-35	3.11
1027	-152	-38	-153	-35	3.11
1028	-153	-37	-153	-35	2.00
1029	-153	-37	-153	-35	2.00
1030	-153	-37	-153	-35	2.00
1031	-153	-37	-153	-35	2.00
1032	-153	-37	-153	-35	2.00
1033	-153	-37	-153	-35	2.00
1034	-153	-37	-153	-35	2.00
1035	-153	-37	-153	-35	2.00
1036	-153	-37	-153	-35	2.00
1037	-153	-37	-153	-35	2.00
1038	-154	-36	-153	-35	1.29
1039	-154	-36	-153	-35	1.29
1040	-154	-36	-153	-35	1.29
1041	-154	-36	-153	-34	2.16
1042	-158	-34	-153	-34	4.14
1043	-158	-34	-153	-34	4.14
1044	-158	-34	-153	-34	4.14
1045	-163	-32	-153	-34	8.62
1046	-163	-32	-153	-34	8.62
1047	-163	-32	-153	-34	8.62
1048	-163	-32	-153	-34	8.62
1049	-167	-30	-153	-34	12.52
1050	-167	-30	-153	-34	12.52
1051	-167	-30	-153	-34	12.52
1052	-168	-29	-153	-34	13.71
1053	-168	-29	-153	-34	13.71
1054	-168	-29	-153	-34	13.71
1055	-169	-29	-153	-34	14.51
1056	-169	-29	-149	-38	18.89
1057	-169	-29	-148	-38	19.62
1058	-169	-28	-148	-38	20.18
1059	-169	-28	-148	-38	20.18
1060	-169	-28	-148	-38	20.18
1061	-169	-28	-148	-38	20.18
1062	-169	-27	-148	-38	20.77
1063	-169	-27	-148	-38	20.77
1064	-169	-26	-148	-38	21.39
1065	-169	-26	-148	-38	21.39
1066	-169	-26	-148	-38	21.39
1067	-169	-25	-147	-38	22.73
1068	-169	-25	-147	-38	22.73
1069	-170	-23	-147	-38	24.73
1070	-170	-23	-147	-38	24.73
1071	-170	-23	-147	-38	24.73
1072	-170	-23	-147	-38	24.73
1073	-170	-22	-147	-38	25.42
1074	-170	-22	-147	-38	25.42
1075	-170	-22	-147	-38	25.42
1076	-170	-22	-147	-38	25.42
1077	-170	-21	-147	-38	26.13
1078	-170	-21	-146	-38	26.79
1079	-170	-21	-146	-38	26.79
1080	-170	-21	-146	-38	26.79
1081	-170	-21	-146	-38	26.79
1082	-170	-21	-146	-38	26.79
1083	-169	-20	-146	-38	26.85
1084	-169	-20	-146	-38	26.85
1085	-169	-20	-146	-38	26.85
1086	-169	-20	-146	-38	26.85
1087	-169	-20	-146	-38	26.85
1088	-169	-20	174	-20	15.97
1089	-169	-20	174	-19	16.05
1090	-169	-20	173	-19	16.99
1091	-168	-19	173	-19	17.96
1092	-168	-19	172	-18	18.98
1093	-168	-19	172	-18	18.98
1094	-168	-19	171	-18	19.93
1095	-168	-19	171	-18	19.93
1096	-168	-19	170	-17	21.00
1097	-168	-19	170	-17	21.00
1098	-168	-19	169	-17	21.95
1099	-168	-19	169	-16	22.12
1100	-168	-19	168	-16	23.07
1101	-168	-19	168	-16	23.07
1102	-168	-19	167	-16	24.01
1103	-167	-19	167	-15	25.16
1104	-167	-19	166	-15	26.10
1105	-168	-19	165	-15	26.10
1106	-168	-19	165	-14	26.34
1107	-167	-19	164	-14	28.22
1108	-167	-19	164	-14	28.22
1109	-167	-19	163	-14	29.16
1110	-167	-19	163	-13	29.41
1111	-167	-19	162	-13	30.35
1112	-167	-19	162	-13	30.35
1113	-167	-19	161	-12	31.57
1114	-167	-19	161	-12	31.57
1115	-167	-19	160	-12	32.51
1116	-167	-19	160	-12	32.51
1117	-167	-19	159	-11	33.74
1118	-167	-19	159	-11	33.74
1119	-167	-19	158	-11	34.67
1120	-167	-19	-169	-11	8.23
1121	-167	-19	-169	-10	9.21
1122	-167	-19	-169	-10	9.21
1123	-167	-19	-169	-10	9.21
1124	-167	-19	-169	-9	10.19
1125	-167	-19	-169	-9	10.19
1126	-167	-19	-169	-9	10.19
1127	-167	-19	-169	-9	10.19
1128	-167	-19	-169	-8	11.17
1129	-167	-19	-169	-8	11.17
1130	-167	-19	-169	-8	11.17
1131	-167	-19	-169	-7	12.16
1132	-167	-19	-169	-7	12.16
1133	-167	-19	-169	-7	12.16
1134	-167	-19	-169	-7	12.16
1135	-167	-19	-169	-6	13.15
1136	-167	-19	-169	-6	13.15
1137	-167	-19	-169	-6	13.15
1138	-167	-19	-169	-5	14.14
1139	-167	-19	-169	-5	14.14
1140	-167	-19	-169	-5	14.14
1141	-167	-19	-169	-5	14.14
1142	-167	-19	-169	-4	15.13
1143	-166	-18	-169	-4	14.30
1144	-166	-18	-169	-4	14.30
1145	-166	-19	-169	-3	16.27
1146	-166	-19	-169	-3	16.27
1147	-166	-19	-169	-3	16.27
1148	-166	-19	-169	-3	16.27
1149	-166	-19	-169	-2	17.25
1150	-166	-19	-169	-2	17.25
1151	-166	-19	-169	-2	17.25
1152	-166	-19	-165	-18	1.38
1153	-166	-19	-164	-17	2.76
1154	-166	-19	-164	-17	2.76
1155	-166	-19	-164	-17	2.76
1156	-166	-18	-164	-17	2.15
1157	-166	-18	-164	-17	2.15
1158	-165	-18	-164	-17	1.38
1159	-165	-18	-164	-17	1.38
1160	-165	-18	-164	-17	1.38
1161	-165	-18	-164	-17	1.38
1162	-165	-18	-164	-17	1.38
1163	-164	-16	-164	-17	1.00
1164	-164	-16	-164	-17	1.00
1165	-164	-16	-164	-17	1.00
1166	-163	-14	-164	-17	3.15
1167	-163	-14	-164	-17	3.15
1168	-163	-14	-164	-17	3.15
1169	-163	-12	-163	-17	5.00
1170	-163	-12	-163	-17	5.00
1171	-162	-9	-163	-17	8.06
1172	-162	-9	-163	-17	8.06
1173	-162	-9	-163	-17	8.06
1174	-162	-9	-163	-17	8.06
1175	-161	-6	-163	-17	11.17
1176	-161	-6	-163	-17	11.17
1177	-160	-2	-163	-17	15.29
1178	-160	-2	-163	-17	15.29
1179	-160	-2	-163	-17	15.29
1180	-158	0	-163	-17	17.70
1181	-158	0	-163	-17	17.70
1182	-158	0	-163	-17	17.70
1183	-155	1	-163	-17	19.65
1184	-155	1	-165	-19	22.28
1185	-155	1	-164	-19	21.87
1186	-154	3	-164	-19	24.10
1187	-154	3	-164	-19	24.10
1188	-153	3	-164	-19	24.52
1189	-153	3	-164	-19	24.52
1190	-153	3	-164	-19	24.52
1191	-152	4	-164	-19	25.86
1192	-152	4	-164	-19	25.86
1193	-152	4	-164	-19	25.86
1194	-152	5	-164	-19	26.75
1195	-152	5	-164	-19	26.75
1196	-152	5	-164	-19	26.75
1197	-152	7	-164	-19	28.56
1198	-152	7	-164	-19	28.56
1199	-151	6	-164	-19	28.09
1200	-151	6	-164	-19	28.09
1201	-151	6	-164	-19	28.09
1202	-151	6	-164	-19	28.09
1203	-152	7	-164	-19	28.56
1204	-152	7	-164	-19	28.56
1205	-152	7	-164	-19	28.56
1206	-152	7	-164	-19	28.56
1207	-152	7	-164	-19	28.56
1208	-153	6	-164	-19	27.25
1209	-153	6	-164	-19	27.25
1210	-153	6	-164	-19	27.25
1211	-153	6	-164	-19	27.25
1212	-153	6	-164	-19	27.25
1213	-153	6	-164	-19	27.25
1214	-153	6	-164	-19	27.25
1215	-153	6	-164	-19	27.25
1216	-153	6	-144	21	17.35
1217	-153	6	-143	21	17.86
1218	-153	6	-143	22	18.69
1219	-153	6	-142	22	19.21
1220	-154	5	-142	23	21.41
1221	-154	5	-142	24	22.24
1222	-154	5	-141	24	22.75
1223	-154	5	-141	25	23.57
1224	-154	5	-141	26	24.41
1225	-154	5	-140	26	24.91
1226	-154	5	-140	27	25.73
1227	-154	5	-140	27	25.73
1228	-154	5	-139	28	27.06
1229	-154	5	-139	29	27.89
1230	-154	5	-139	29	27.89
1231	-155	5	-138	30	29.70
1232	-155	5	-138	31	30.52
1233	-155	5	-138	31	30.52
1234	-155	5	-137	32	31.83
1235	-155	5	-137	32	31.83
1236	-155	5	-137	33	32.64
1237	-156	5	-136	34	34.43
1238	-156	5	-136	34	34.43
1239	-156	5	-136	35	35.23
1240	-157	4	-135	36	37.88
1241	-157	4	-135	36	37.88
1242	-157	4	-135	37	38.68
1243	-158	4	-134	37	39.66
1244	-158	4	-134	38	40.44
1245	-158	4	-134	39	41.22
1246	-160	3	-133	39	43.58
1247	-160	3	-133	40	44.34
1248	-160	3	-151	11	11.99
1249	-161	3	-150	11	13.53
1250	-161	3	-150	11	13.53
1251	-161	3	-150	11	13.53
1252	-161	3	-150	11	13.53
1253	-161	3	-150	11	13.53
1254	-161	2	-150	11	14.15
1255	-161	2	-150	12	14.79
1256	-161	2	-150	12	14.79
1257	-161	2	-150	12	14.79
1258	-161	2	-150	12	14.79
1259	-161	2	-150	12	14.79
1260	-161	2	-150	12	14.79
1261	-162	2	-150	13	16.19
1262	-162	2	-150	13	16.19
1263	-162	2	-150	13	16.19
1264	-162	2	-150	13	16.19
1265	-162	2	-149	13	16.93
1266	-162	1	-149	13	17.60
1267	-162	1	-149	13	17.60
1268	-162	1	-149	14	18.29
1269	-163	0	-149	14	19.70
1270	-163	0	-149	14	19.70
1271	-163	0	-149	14	19.70
1272	-163	0	-149	14	19.70
1273	-163	0	-149	14	19.70
1274	-164	0	-149	15	21.09
1275	-164	0	-149	15	21.09
1276	-164	0	-149	15	21.09
1277	-164	0	-149	15	21.09
1278	-164	-1	-149	15	21.82
1279	-164	-1	-149	15	21.82
1280	-163	-1	-167	0	4.12
1281	-163	-1	-167	0	4.12
1282	-163	-1	-167	0	4.12
1283	-163	-1	-167	0	4.12
1284	-163	-1	-167	0	4.12
1285	-163	-1	-168	0	5.10
1286	-163	-1	-168	0	5.10
1287	-163	-1	-168	0	5.10
1288	-163	-1	-168	0	5.10
1289	-163	-1	-168	0	5.10
1290	-162	-1	-169	0	7.07
1291	-162	-1	-169	-1	7.00
1292	-162	-1	-169	-1	7.00
1293	-162	-1	-169	-1	7.00
1294	-162	-1	-170	-1	8.00
1295	-162	-1	-170	-1	8.00
1296	-162	-1	-170	-1	8.00
1297	-162	-1	-170	-1	8.00
1298	-162	-1	-170	-1	8.00
1299	-163	-1	-171	-1	8.00
1300	-163	-1	-171	-1	8.00
1301	-163	-1	-171	-1	8.00
1302	-163	-1	-171	-2	8.06
1303	-163	-1	-172	-2	9.05
1304	-163	-1	-172	-2	9.05
1305	-163	-1	-172	-2	9.05
1306	-163	-1	-172	-2	9.05
1307	-163	-1	-172	-2	9.05
1308	-163	-1	-173	-2	10.05
1309	-163	-1	-173	-2	10.05
1310	-163	-1	-173	-2	10.05
1311	-163	-1	-173	-2	10.05
1312	-163	-1	-166	-5	5.00
1313	-160	-2	-166	-5	6.70
1314	-160	-2	-166	-5	6.70
1315	-154	-2	-166	-5	12.35
1316	-154	-2	-166	-5	12.35
1317	-151	-3	-166	-5	15.10
1318	-151	-3	-166	-5	15.10
1319	-151	-3	-166	-5	15.10
1320	-149	-4	-166	-6	17.05
1321	-149	-4	-166	-6	17.05
1322	-149	-4	-166	-6	17.05
1323	-148	-4	-167	-6	19.03
1324	-148	-4	-167	-6	19.03
1325	-148	-4	-167	-6	19.03
1326	-145	-5	-167	-6	21.92
1327	-145	-5	-167	-6	21.92
1328	-145	-5	-167	-7	21.97
1329	-143	-5	-167	-7	23.95
1330	-143	-5	-167	-7	23.95
1331	-143	-5	-167	-7	23.95
1332	-142	-6	-167	-7	24.86
1333	-142	-6	-167	-7	24.86
1334	-139	-7	-168	-7	28.78
1335	-139	-7	-168	-7	28.78
1336	-139	-7	-168	-8	28.76
1337	-137	-8	-168	-8	30.69
1338	-137	-8	-168	-8	30.69
1339	-137	-8	-168	-8	30.69
1340	-135	-8	-168	-8	32.67
1341	-135	-8	-168	-8	32.67
1342	-135	-8	-168	-8	32.67
1343	-135	-8	-168	-8	32.67
1344	-135	-8	-163	-1	28.76
1345	-135	-8	-163	-1	28.76
1346	-135	-9	-163	-1	28.99
1347	-135	-9	-163	-1	28.99
1348	-135	-9	-163	-1	28.99
1349	-134	-9	-163	-1	29.95
1350	-134	-9	-163	-1	29.95
1351	-134	-9	-163	-1	29.95
1352	-133	-10	-163	-1	31.16
1353	-133	-10	-163	-1	31.16
1354	-133	-10	-163	-1	31.16
1355	-131	-11	-163	-1	33.31
1356	-131	-11	-163	-1	33.31
1357	-131	-11	-163	-1	33.31
1358	-129	-11	-163	-1	35.21
1359	-129	-11	-163	-1	35.21
1360	-129	-11	-163	-1	35.21
1361	-129	-11	-163	-1	35.21
1362	-128	-11	-163	-1	36.17
1363	-128	-11	-163	-1	36.17
1364	-127	-12	-163	-1	37.36
1365	-127	-12	-163	-1	37.36
1366	-127	-12	-163	-1	37.36
1367	-127	-12	-163	-1	37.36
1368	-127	-12	-163	-1	37.36
1369	-126	-12	-163	-1	38.31
1370	-126	-12	-163	-1	38.31
1371	-126	-12	-163	-1	38.31
1372	-126	-13	-163	-1	38.56
1373	-126	-13	-163	-1	38.56
1374	-126	-13	-163	-1	38.56
1375	-125	-13	-163	-1	39.50
1376	-125	-13	-107	-15	17.57
1377	-125	-13	-106	-15	18.54
1378	-125	-13	-105	-15	19.50
1379	-125	-13	-104	-15	20.47
1380	-125	-13	-103	-15	21.43
1381	-124	-13	-102	-16	21.50
1382	-124	-13	-101	-16	22.46
1383	-124	-13	-100	-16	23.41
1384	-124	-13	-100	-16	23.41
1385	-124	-13	-99	-16	24.37
1386	-124	-13	-98	-17	25.41
1387	-123	-12	-97	-17	25.64
1388	-123	-12	-96	-17	26.59
1389	-123	-12	-95	-17	27.54
1390	-123	-12	-94	-18	28.61
1391	-123	-12	-93	-18	29.55
1392	-123	-12	-93	-18	29.55
1393	-123	-12	-92	-18	30.50
1394	-123	-12	-91	-18	31.44
1395	-124	-11	-90	-19	33.74
1396	-124	-11	-89	-19	34.67
1397	-124	-11	-88	-19	35.61
1398	-124	-10	-87	-19	36.85
1399	-124	-10	-86	-20	37.94
1400	-124	-10	-86	-20	37.94
1401	-125	-10	-85	-20	39.80
1402	-125	-10	-84	-20	40.73
1403	-125	-10	-83	-20	41.66
1404	-125	-8	-82	-21	43.45
1405	-125	-8	-81	-21	44.36
1406	-127	-6	-80	-21	47.88
1407	-127	-6	-79	-21	48.80
1408	-127	-6	-115	-18	16.77
1409	-127	-6	-114	-18	17.46
1410	-128	-4	-114	-18	19.59
1411	-128	-4	-114	-18	19.59
1412	-128	-4	-113	-18	20.29
1413	-128	-3	-113	-18	21.00
1414	-128	-3	-113	-18	21.00
1415	-129	-2	-112	-19	23.79
1416	-129	-2	-112	-19	23.79
1417	-129	-1	-112	-19	24.53
1418	-129	-1	-111	-19	25.21
1419	-129	-1	-111	-19	25.21
1420	-129	-1	-111	-19	25.21
1421	-130	0	-110	-20	27.99
1422	-130	0	-110	-20	27.99
1423	-130	0	-110	-20	27.99
1424	-130	0	-110	-20	27.99
1425	-130	0	-109	-20	28.68
1426	-131	1	-109	-20	30.10
1427	-131	1	-109	-20	30.10
1428	-131	1	-108	-21	31.46
1429	-131	2	-108	-21	32.18
1430	-131	2	-108	-21	32.18
1431	-132	3	-107	-21	34.29
1432	-132	3	-107	-21	34.29
1433	-132	3	-107	-21	34.29
1434	-132	3	-106	-22	35.65
1435	-132	4	-106	-22	36.37
1436	-132	4	-106	-22	36.37
1437	-132	5	-105	-22	37.78
1438	-133	6	-105	-22	39.19
1439	-133	6	-105	-22	39.19
1440	-133	6	-129	1	6.40
1441	-133	6	-129	1	6.40
1442	-133	7	-129	1	7.20
1443	-133	8	-129	1	8.05
1444	-133	8	-129	1	8.05
1445	-133	8	-129	2	7.20
1446	-133	9	-129	2	8.05
1447	-133	9	-129	2	8.05
1448	-133	9	-129	2	8.05
1449	-133	9	-129	2	8.05
1450	-133	9	-129	3	7.20
1451	-133	10	-129	3	8.05
1452	-133	10	-129	3	8.05
1453	-133	10	-129	3	8.05
1454	-133	10	-129	4	7.19
1455	-134	11	-129	4	8.58
1456	-134	11	-130	4	8.04
1457	-134	12	-130	4	8.93
1458	-134	12	-130	4	8.93
1459	-134	13	-130	5	8.92
1460	-134	13	-130	5	8.92
1461	-134	13	-130	5	8.92
1462	-135	14	-130	5	10.26
1463	-135	14	-130	6	9.39
1464	-135	14	-130	6	9.39
1465	-135	15	-130	6	10.25
1466	-135	15	-130	6	10.25
1467	-135	15	-130	6	10.25
1468	-135	15	-130	7	9.38
1469	-136	17	-130	7	11.59
1470	-136	17	-130	7	11.59
1471	-136	17	-130	7	11.59
1472	-136	17	-139	18	3.03
1473	-137	18	-139	18	1.90
1474	-137	18	-139	18	1.90
1475	-137	19	-139	19	1.89
1476	-137	19	-139	19	1.89
1477	-137	19	-139	19	1.89
1478	-137	21	-140	20	2.98
1479	-137	21	-140	20	2.98
1480	-138	22	-140	21	2.11
1481	-138	22	-140	21	2.11
1482	-138	22	-140	21	2.11
1483	-138	22	-141	22	2.78
1484	-138	24	-141	22	3.41
1485	-138	24	-141	22	3.41
1486	-139	26	-141	23	3.51
1487	-139	26	-141	23	3.51
1488	-140	28	-142	24	4.39
1489	-140	28	-142	24	4.39
1490	-140	28	-142	24	4.39
1491	-141	31	-142	25	6.06
1492	-141	31	-142	25	6.06
1493	-143	33	-142	25	8.05
1494	-143	33	-143	26	7.00
1495	-144	35	-143	26	9.04
1496	-144	35	-143	27	8.05
1497	-144	35	-143	27	8.05
1498	-146	36	-143	27	9.35
1499	-146	36	-144	28	8.18
1500	-148	38	-144	28	10.54
1501	-148	38	-144	28	10.54
1502	-148	38	-144	29	9.60
1503	-149	39	-144	29	10.82
1504	-149	39	-139	28	13.78
1505	-149	39	-139	28	13.78
1506	-150	40	-139	28	15.05
1507	-150	40	-139	29	14.23
1508	-150	41	-139	29	14.98
1509	-150	41	-139	29	14.98
1510	-150	41	-139	30	14.16
1511	-151	42	-139	30	15.40
1512	-151	42	-139	30	15.40
1513	-151	42	-139	31	14.60
1514	-149	41	-139	31	12.84
1515	-149	41	-140	31	12.35
1516	-149	41	-140	32	11.53
1517	-149	41	-140	32	11.53
1518	-149	41	-140	32	11.53
1519	-149	41	-140	33	10.74
1520	-149	41	-140	33	10.74
1521	-148	40	-140	33	9.50
1522	-148	40	-140	34	8.76
1523	-148	40	-140	34	8.76
1524	-148	40	-140	34	8.76
1525	-148	40	-140	35	8.07
1526	-147	39	-141	35	6.24
1527	-147	39	-141	35	6.24
1528	-147	39	-141	36	5.62
1529	-147	38	-141	36	5.19
1530	-147	38	-141	36	5.19
1531	-148	38	-141	37	5.64
1532	-148	38	-141	37	5.64
1533	-148	38	-141	37	5.64
1534	-148	38	-141	38	5.51
1535	-148	38	-141	38	5.51
1536	-148	38	-162	61	24.61
1537	-148	38	-162	61	24.61
1538	-148	38	-162	62	25.50
1539	-148	38	-163	63	26.60
1540	-148	38	-163	63	26.60
1541	-148	38	-164	64	27.70
1542	-147	38	-164	65	28.78
1543	-147	38	-164	65	28.78
1544	-147	38	-165	66	29.86
1545	-147	38	-165	67	30.73
1546	-147	38	-166	67	30.92
1547	-147	37	-166	68	32.77
1548	-147	37	-166	69	33.65
1549	-147	37	-167	69	33.82
1550	-147	37	-167	70	34.69
1551	-147	37	-168	71	35.73
1552	-147	37	-168	72	36.61
1553	-147	36	-168	72	37.59
1554	-147	36	-169	73	38.61
1555	-147	35	-169	74	40.47
1556	-147	35	-170	74	40.61
1557	-147	35	-170	75	41.48
1558	-148	34	-170	76	43.24
1559	-148	34	-171	76	43.35
1560	-148	34	-171	77	44.23
1561	-149	33	-172	78	46.11
1562	-149	33	-172	78	46.11
1563	-149	33	-172	79	47.00
1564	-150	32	-173	80	48.90
1565	-150	32	-173	80	48.90
1566	-151	29	-174	81	52.79
1567	-151	29	-174	82	53.69
1568	-152	26	-147	37	11.79
1569	-152	26	-146	36	11.24
1570	-152	26	-146	36	11.24
1571	-151	22	-146	36	14.66
1572	-151	22	-146	36	14.66
1573	-150	19	-146	36	17.36
1574	-150	19	-146	36	17.36
1575	-150	19	-146	36	17.36
1576	-149	16	-146	36	20.18
1577	-149	16	-146	36	20.18
1578	-148	13	-146	36	23.07
1579	-148	13	-146	36	23.07
1580	-148	13	-146	36	23.07
1581	-147	11	-146	36	25.02
1582	-147	11	-146	36	25.02
1583	-147	10	-146	36	26.02
1584	-147	10	-146	36	26.02
1585	-147	10	-146	36	26.02
1586	-147	10	-146	36	26.02
1587	-148	9	-146	36	27.06
1588	-148	9	-146	36	27.06
1589	-148	9	-146	36	27.06
1590	-149	7	-146	36	29.13
1591	-149	7	-146	36	29.13
1592	-149	7	-146	36	29.13
1593	-150	5	-146	36	31.22
1594	-150	5	-146	36	31.22
1595	-151	2	-146	36	34.31
1596	-151	2	-146	36	34.31
1597	-153	0	-146	36	36.58
1598	-153	0	-146	36	36.58
1599	-155	0	-146	36	36.96
1600	-155	0	-156	14	14.03
1601	-155	0	-156	13	13.04
1602	-155	0	-156	13	13.04
1603	-156	-1	-156	12	13.00
1604	-157	-3	-156	12	15.03
1605	-157	-3	-156	12	15.03
1606	-157	-3	-156	11	14.04
1607	-159	-4	-156	11	15.29
1608	-159	-4	-157	11	15.13
1609	-159	-4	-157	10	14.14
1610	-160	-5	-157	10	15.29
1611	-160	-5	-157	9	14.32
1612	-160	-5	-157	9	14.32
1613	-160	-5	-157	9	14.32
1614	-160	-5	-157	8	13.34
1615	-160	-5	-157	8	13.34
1616	-160	-6	-158	8	14.14
1617	-160	-6	-158	7	13.15
1618	-160	-7	-158	7	14.14
1619	-160	-7	-158	6	13.15
1620	-160	-7	-158	6	13.15
1621	-161	-8	-158	6	14.32
1622	-161	-8	-158	5	13.34
1623	-161	-8	-158	5	13.34
1624	-162	-9	-159	5	14.32
1625	-162	-9	-159	4	13.34
1626	-162	-9	-159	4	13.34
1627	-163	-10	-159	3	13.60
1628	-163	-10	-159	3	13.60
1629	-164	-10	-159	3	13.92
1630	-164	-10	-159	2	12.99
1631	-164	-10	-159	2	12.99
1632	-164	-10	-158	-26	16.98
1633	-166	-11	-158	-26	16.80
1634	-167	-12	-158	-27	17.22
1635	-167	-12	-158	-28	18.08
1636	-167	-12	-158	-29	18.96
1637	-168	-13	-158	-30	19.35
1638	-168	-13	-158	-30	19.35
1639	-168	-13	-158	-31	20.22
1640	-168	-14	-158	-32	20.19
1641	-168	-14	-158	-33	21.07
1642	-168	-14	-158	-34	21.96
1643	-168	-14	-159	-34	21.60
1644	-168	-14	-159	-35	22.51
1645	-168	-14	-159	-36	23.43
1646	-167	-15	-159	-37	23.12
1647	-167	-15	-159	-38	24.06
1648	-166	-15	-159	-39	24.78
1649	-166	-15	-159	-39	24.78
1650	-166	-15	-159	-40	25.74
1651	-165	-14	-159	-41	27.50
1652	-165	-14	-159	-42	28.48
1653	-161	-14	-159	-43	29.05
1654	-161	-14	-160	-43	29.01
1655	-161	-14	-160	-44	30.01
1656	-161	-14	-160	-45	31.01
1657	-158	-14	-160	-46	32.04
1658	-158	-14	-160	-47	33.04
1659	-158	-14	-160	-47	33.04
1660	-156	-15	-160	-48	33.17
1661	-156	-15	-160	-49	34.16
1662	-156	-16	-160	-50	34.15
1663	-156	-16	-160	-51	35.15
1664	-156	-16	-173	-20	16.65
1665	-153	-16	-173	-20	19.42
1666	-153	-16	-173	-20	19.42
1667	-151	-15	-173	-20	21.55
1668	-151	-15	-174	-21	22.66
1669	-151	-15	-174	-21	22.66
1670	-149	-15	-174	-21	24.49
1671	-149	-15	-174	-22	24.68
1672	-149	-15	-175	-22	25.59
1673	-149	-15	-175	-22	25.59
1674	-149	-15	-175	-23	25.80
1675	-149	-15	-176	-23	26.70
1676	-150	-15	-176	-23	25.80
1677	-150	-15	-176	-24	26.05
1678	-150	-15	-176	-24	26.05
1679	-150	-15	-177	-24	26.94
1680	-151	-15	-177	-25	26.34
1681	-151	-15	-177	-25	26.34
1682	-151	-15	-178	-25	27.20
1683	-151	-15	-178	-25	27.20
1684	-151	-14	-178	-26	27.98
1685	-151	-14	-178	-26	27.98
1686	-148	-14	-179	-26	31.40
1687	-148	-14	-179	-27	31.69
1688	-148	-14	-179	-27	31.69
1689	-143	-15	-180	-27	36.40
1690	-143	-15	-180	-28	36.62
1691	-136	-15	-180	-28	42.69
1692	-136	-15	-180	-28	42.69
1693	-136	-15	179	-29	43.71
1694	-131	-15	179	-29	48.05
1695	-131	-15	179	-29	48.05
1696	-131	-15	-148	-22	17.56
1697	-127	-16	-147	-22	19.82
1698	-127	-16	-147	-22	19.82
1699	-127	-16	-147	-22	19.82
1700	-122	-16	-147	-22	24.35
1701	-122	-16	-146	-22	23.44
1702	-119	-17	-146	-23	26.03
1703	-119	-17	-146	-23	26.03
1704	-119	-17	-146	-23	26.03
1705	-117	-17	-145	-23	26.94
1706	-117	-17	-145	-23	26.94
1707	-115	-18	-145	-24	28.58
1708	-115	-18	-145	-24	28.58
1709	-115	-18	-144	-24	27.68
1710	-112	-19	-144	-24	30.12
1711	-112	-19	-144	-24	30.12
1712	-112	-19	-144	-25	30.20
1713	-108	-18	-143	-25	33.21
1714	-108	-18	-143	-25	33.21
1715	-108	-18	-143	-25	33.21
1716	-102	-16	-143	-25	39.29
1717	-102	-16	-142	-25	38.38
1718	-95	-14	-142	-26	45.51
1719	-95	-14	-142	-26	45.51
1720	-95	-14	-142	-26	45.51
1721	-91	-13	-141	-26	48.58
1722	-91	-13	-141	-26	48.58
1723	-89	-11	-141	-27	51.31
1724	-89	-11	-141	-27	51.31
1725	-89	-11	-140	-27	50.43
1726	-87	-10	-140	-27	52.63
1727	-87	-10	-140	-27	52.63
1728	-87	-10	-106	-14	19.00
1729	-86	-11	-105	-13	18.69
1730	-86	-11	-104	-13	17.72
1731	-85	-11	-103	-13	17.72
1732	-85	-11	-102	-13	16.74
1733	-85	-11	-102	-13	16.74
1734	-85	-11	-101	-13	15.77
1735	-83	-11	-100	-13	16.74
1736	-83	-11	-99	-13	15.77
1737	-81	-12	-98	-13	16.62
1738	-81	-12	-98	-13	16.62
1739	-79	-12	-97	-13	17.60
1740	-79	-12	-96	-13	16.62
1741	-79	-12	-95	-13	15.65
1742	-76	-12	-95	-13	18.57
1743	-76	-12	-94	-13	17.60
1744	-76	-12	-93	-13	16.62
1745	-73	-12	-92	-13	18.57
1746	-73	-12	-91	-13	17.60
1747	-73	-12	-91	-13	17.60
1748	-71	-11	-90	-13	18.69
1749	-71	-11	-89	-13	17.72
1750	-71	-12	-88	-13	16.62
1751	-71	-12	-88	-13	16.62
1752	-71	-12	-87	-13	15.65
1753	-70	-12	-86	-13	15.65
1754	-70	-12	-85	-13	14.68
1755	-70	-12	-84	-13	13.70
1756	-68	-12	-84	-13	15.65
1757	-68	-12	-83	-13	14.68
1758	-66	-12	-82	-13	15.65
1759	-66	-12	-81	-13	14.68
1760	-66	-12	-43	-5	23.78
1761	-65	-12	-41	-4	25.05
1762	-65	-12	-40	-4	25.99
1763	-63	-12	-38	-4	25.99
1764	-63	-12	-37	-4	26.94
1765	-63	-12	-36	-4	27.88
1766	-60	-12	-34	-4	26.94
1767	-60	-12	-33	-3	28.21
1768	-58	-12	-32	-3	27.27
1769	-58	-12	-30	-3	29.15
1770	-58	-12	-29	-3	30.09
1771	-56	-13	-27	-3	30.37
1772	-56	-13	-26	-3	31.30
1773	-56	-13	-25	-2	32.59
1774	-56	-13	-23	-2	34.46
1775	-56	-13	-22	-2	35.40
1776	-55	-14	-21	-2	35.67
1777	-55	-14	-19	-2	37.54
1778	-55	-14	-18	-2	38.47
1779	-53	-15	-16	-2	38.74
1780	-53	-15	-15	-1	40.04
1781	-50	-18	-14	-1	39.22
1782	-50	-18	-12	-1	41.00
1783	-50	-18	-11	-1	41.89
1784	-48	-21	-10	-1	42.11
1785	-48	-21	-8	-1	43.84
1786	-48	-21	-7	0	45.20
1787	-48	-21	-5	0	46.94
1788	-46	-23	-4	0	46.84
1789	-45	-25	-3	0	47.66
1790	-45	-25	-1	0	49.31
1791	-45	-25	0	0	50.14
