frame_id	phi	theta	est_phi	est_theta	err_phi	err_theta	speed	err_ang
0	-87	-23	0	0	87.24
1	-87	-23	0	0	87.24
2	-88	-19	0	0	88.11
3	-88	-19	0	0	88.11
4	-89	-18	0	0	89.05
5	-89	-18	0	0	89.05
6	-87	-19	0	0	87.16
7	-87	-19	0	0	87.16
8	-85	-19	0	0	85.27
9	-85	-19	0	0	85.27
10	-85	-18	0	0	85.25
11	-85	-18	0	0	85.25
12	-84	-18	0	0	84.29
13	-84	-18	0	0	84.29
14	-84	-17	0	0	84.26
15	-84	-17	0	0	84.26
16	-82	-19	0	0	82.44
17	-82	-19	0	0	82.44
18	-83	-19	0	0	83.38
19	-83	-19	0	0	83.38
20	-83	-19	0	0	83.38
21	-83	-19	0	0	83.38
22	-83	-18	0	0	83.34
23	-83	-18	0	0	83.34
24	-82	-18	0	0	82.39
25	-82	-18	0	0	82.39
26	-81	-18	0	0	81.44
27	-81	-18	0	0	81.44
28	-81	-18	0	0	81.44
29	-81	-18	0	0	81.44
30	-81	-16	0	0	81.35
31	-81	-16	0	0	81.35
32	-81	-17	-87	-23	8.23
33	-81	-17	-87	-23	8.23
34	-81	-17	-87	-23	8.23
35	-81	-17	-87	-23	8.23
36	-80	-17	-87	-23	8.90
37	-80	-17	-87	-23	8.90
38	-80	-17	-87	-23	8.90
39	-80	-17	-87	-23	8.90
40	-81	-17	-87	-23	8.23
41	-81	-17	-87	-23	8.23
42	-81	-18	-87	-23	7.52
43	-81	-18	-87	-23	7.52
44	-81	-18	-87	-23	7.52
45	-81	-18	-87	-23	7.52
46	-81	-18	-87	-23	7.52
47	-81	-18	-87	-23	7.52
48	-81	-19	-87	-23	6.88
49	-81	-19	-87	-23	6.88
50	-81	-20	-87	-23	6.34
51	-81	-20	-87	-23	6.34
52	-83	-22	-87	-23	3.83
53	-83	-22	-87	-23	3.83
54	-85	-21	-87	-23	2.73
55	-85	-21	-87	-23	2.73
56	-86	-22	-87	-23	1.36
57	-86	-22	-87	-23	1.36
58	-87	-23	-87	-23	0.00
59	-87	-23	-87	-23	0.00
60	-86	-22	-87	-23	1.36
61	-86	-22	-87	-23	1.36
62	-86	-22	-87	-23	1.36
63	-86	-22	-87	-23	1.36
64	-86	-23	-75	-11	15.94
65	-86	-23	-74	-10	17.34
66	-86	-23	-74	-10	17.34
67	-86	-23	-74	-10	17.34
68	-85	-23	-74	-10	16.72
69	-85	-23	-74	-10	16.72
70	-85	-24	-73	-9	18.88
71	-85	-24	-73	-9	18.88
72	-85	-24	-73	-9	18.88
73	-85	-24	-73	-9	18.88
74	-86	-24	-73	-9	19.47
75	-86	-24	-72	-8	20.87
76	-86	-23	-72	-8	20.14
77	-86	-23	-72	-8	20.14
78	-86	-23	-72	-8	20.14
79	-86	-23	-72	-8	20.14
80	-84	-23	-72	-8	18.91
81	-84	-23	-71	-7	20.31
82	-83	-23	-71	-7	19.73
83	-83	-23	-71	-7	19.73
84	-82	-25	-71	-7	20.85
85	-82	-25	-71	-7	20.85
86	-83	-24	-70	-6	21.91
87	-83	-24	-70	-6	21.91
88	-83	-23	-70	-6	21.12
89	-83	-23	-70	-6	21.12
90	-83	-22	-70	-6	20.34
91	-83	-22	-69	-5	21.74
92	-83	-22	-69	-5	21.74
93	-83	-22	-69	-5	21.74
94	-83	-24	-69	-5	23.29
95	-83	-24	-69	-5	23.29
96	-85	-24	-91	-29	7.33
97	-85	-24	-91	-29	7.33
98	-86	-25	-91	-29	5.99
99	-86	-25	-91	-29	5.99
100	-86	-26	-91	-29	5.35
101	-86	-26	-91	-29	5.35
102	-86	-26	-91	-30	5.96
103	-86	-26	-92	-30	6.64
104	-85	-26	-92	-30	7.36
105	-85	-26	-92	-30	7.36
106	-83	-26	-92	-30	8.89
107	-83	-26	-92	-31	9.35
108	-82	-27	-92	-31	9.61
109	-82	-27	-93	-31	10.41
110	-82	-28	-93	-31	10.03
111	-82	-28	-93	-31	10.03
112	-84	-28	-93	-32	8.76
113	-84	-28	-93	-32	8.76
114	-86	-29	-93	-32	6.73
115	-86	-29	-93	-32	6.73
116	-88	-28	-94	-32	6.56
117	-88	-28	-94	-32	6.56
118	-90	-28	-94	-33	6.07
119	-90	-28	-94	-33	6.07
120	-90	-28	-94	-33	6.07
121	-90	-28	-94	-33	6.07
122	-92	-27	-95	-33	6.54
123	-92	-27	-95	-34	7.46
124	-92	-27	-95	-34	7.46
125	-92	-27	-95	-34	7.46
126	-91	-27	-95	-34	7.80
127	-91	-27	-95	-34	7.80
128	-89	-27	-84	-25	4.92
129	-89	-27	-83	-25	5.75
130	-86	-29	-83	-25	4.81
131	-86	-29	-83	-25	4.81
132	-85	-28	-83	-25	3.49
133	-85	-28	-83	-25	3.49
134	-84	-28	-83	-25	3.13
135	-84	-28	-83	-25	3.13
136	-82	-27	-83	-25	2.19
137	-82	-27	-83	-25	2.19
138	-81	-25	-83	-25	1.81
139	-81	-25	-83	-25	1.81
140	-82	-23	-83	-25	2.20
141	-82	-23	-83	-25	2.20
142	-82	-23	-83	-25	2.20
143	-82	-23	-83	-25	2.20
144	-83	-23	-83	-25	2.00
145	-83	-23	-83	-25	2.00
146	-85	-24	-83	-25	2.08
147	-85	-24	-83	-25	2.08
148	-87	-23	-83	-25	4.17
149	-87	-23	-83	-25	4.17
150	-89	-23	-83	-25	5.83
151	-89	-23	-83	-25	5.83
152	-91	-23	-83	-25	7.58
153	-91	-23	-83	-25	7.58
154	-92	-22	-83	-25	8.78
155	-92	-22	-83	-25	8.78
156	-92	-22	-83	-25	8.78
157	-92	-22	-83	-25	8.78
158	-94	-22	-83	-25	10.52
159	-94	-22	-83	-25	10.52
160	-98	-23	-93	-30	8.31
161	-98	-23	-93	-30	8.31
162	-101	-22	-93	-30	10.75
163	-101	-22	-93	-30	10.75
164	-105	-20	-93	-30	14.75
165	-105	-20	-93	-30	14.75
166	-110	-19	-93	-30	18.94
167	-110	-19	-93	-30	18.94
168	-110	-19	-94	-30	18.21
169	-110	-19	-94	-30	18.21
170	-114	-18	-94	-30	21.80
171	-114	-18	-94	-31	22.30
172	-118	-17	-94	-31	25.92
173	-118	-17	-94	-31	25.92
174	-122	-14	-94	-31	30.80
175	-122	-14	-94	-31	30.80
176	-125	-14	-95	-31	32.34
177	-125	-14	-95	-31	32.34
178	-127	-13	-95	-31	34.50
179	-127	-13	-95	-31	34.50
180	-128	-11	-95	-31	36.49
181	-128	-11	-95	-31	36.49
182	-129	-9	-95	-32	38.99
183	-129	-9	-95	-32	38.99
184	-129	-9	-96	-32	38.24
185	-129	-9	-96	-32	38.24
186	-130	-8	-96	-32	39.65
187	-130	-8	-96	-32	39.65
188	-130	-7	-96	-32	40.32
189	-130	-7	-96	-32	40.32
190	-131	-7	-96	-32	41.05
191	-131	-7	-96	-32	41.05
192	-131	-6	-107	-19	26.74
193	-131	-6	-107	-18	26.31
194	-132	-6	-107	-18	27.19
195	-132	-6	-107	-18	27.19
196	-130	-6	-108	-18	24.59
197	-130	-6	-108	-18	24.59
198	-128	-6	-108	-18	22.91
199	-128	-6	-108	-18	22.91
200	-128	-6	-109	-18	22.09
201	-128	-6	-109	-17	21.59
202	-124	-8	-109	-17	17.17
203	-124	-8	-110	-17	16.35
204	-119	-9	-110	-17	11.86
205	-119	-9	-110	-17	11.86
206	-114	-10	-110	-17	8.01
207	-114	-10	-111	-17	7.58
208	-111	-11	-111	-17	6.00
209	-111	-11	-111	-16	5.00
210	-107	-12	-112	-16	6.29
211	-107	-12	-112	-16	6.29
212	-104	-13	-112	-16	8.30
213	-104	-13	-112	-16	8.30
214	-102	-14	-113	-16	10.81
215	-102	-14	-113	-16	10.81
216	-100	-16	-113	-16	12.49
217	-100	-16	-114	-15	13.53
218	-100	-16	-114	-15	13.53
219	-100	-16	-114	-15	13.53
220	-98	-16	-114	-15	15.45
221	-98	-16	-115	-15	16.41
222	-97	-15	-115	-15	17.38
223	-97	-15	-115	-15	17.38
224	-96	-15	-164	11	72.19
225	-96	-15	-165	11	73.12
226	-95	-14	-166	12	75.01
227	-95	-14	-167	12	75.94
228	-94	-14	-168	13	78.10
229	-94	-14	-169	13	79.03
230	-92	-13	-170	14	81.83
231	-92	-13	-171	14	82.76
232	-90	-13	-172	15	85.83
233	-90	-13	-173	15	86.76
234	-90	-13	-174	16	87.94
235	-90	-13	-175	16	88.88
236	-88	-13	-176	17	91.91
237	-88	-13	-177	17	92.84
238	-86	-12	-178	18	95.55
239	-86	-12	-179	18	96.48
240	-85	-11	-180	19	98.22
241	-85	-11	179	20	99.30
242	-84	-11	178	20	101.17
243	-84	-11	177	21	102.22
244	-84	-10	176	21	102.82
245	-84	-10	175	22	103.84
246	-83	-8	174	22	104.99
247	-83	-8	173	23	105.96
248	-82	-7	172	23	107.42
249	-82	-7	171	24	108.34
250	-82	-7	170	24	109.25
251	-82	-7	169	25	110.14
252	-81	-6	168	25	111.54
253	-81	-6	167	26	112.38
254	-80	-4	166	26	113.28
255	-80	-4	165	27	114.04
256	-79	-2	-61	-24	28.05
257	-79	-2	-59	-24	29.29
258	-77	-1	-58	-24	29.46
259	-77	-1	-57	-24	30.07
260	-76	0	-56	-25	31.61
261	-76	0	-55	-25	32.21
262	-74	1	-54	-25	32.42
263	-74	1	-53	-25	33.01
264	-73	1	-52	-26	33.77
265	-73	1	-51	-26	34.35
266	-72	3	-50	-26	35.98
267	-72	3	-48	-27	37.90
268	-72	3	-47	-27	38.50
269	-72	3	-46	-27	39.11
270	-71	4	-45	-27	39.90
271	-71	4	-44	-28	41.23
272	-71	4	-43	-28	41.85
273	-71	4	-42	-28	42.47
274	-71	4	-41	-29	43.80
275	-71	4	-40	-29	44.43
276	-69	5	-39	-29	44.58
277	-69	5	-38	-29	45.20
278	-66	5	-36	-30	45.29
279	-66	5	-35	-30	45.90
280	-62	5	-34	-30	44.10
281	-62	5	-33	-31	45.42
282	-59	6	-32	-31	45.11
283	-59	6	-31	-31	45.67
284	-55	6	-30	-31	44.05
285	-55	6	-29	-32	45.36
286	-55	6	-28	-32	45.89
287	-55	6	-27	-32	46.43
288	-52	6	-62	11	11.08
289	-52	6	-61	11	10.21
290	-50	6	-60	11	11.08
291	-50	6	-60	12	11.55
292	-49	4	-59	12	12.72
293	-49	4	-59	13	13.36
294	-49	4	-58	13	12.65
295	-49	4	-58	13	12.65
296	-49	2	-57	14	14.37
297	-49	2	-57	14	14.37
298	-49	2	-56	15	14.72
299	-49	2	-56	15	14.72
300	-49	1	-55	15	15.20
301	-49	1	-55	16	16.12
302	-50	1	-54	16	15.51
303	-50	1	-54	17	16.48
304	-50	1	-53	17	16.27
305	-50	1	-52	17	16.12
306	-51	0	-52	18	18.03
307	-51	0	-51	18	18.00
308	-51	-1	-51	19	20.00
309	-51	-1	-50	19	20.02
310	-52	-1	-50	19	20.10
311	-52	-1	-49	20	21.20
312	-52	-1	-49	20	21.20
313	-52	-1	-48	21	22.35
314	-51	-2	-48	21	23.19
315	-51	-2	-47	21	23.33
316	-50	0	-47	22	22.19
317	-50	0	-46	22	22.34
318	-49	0	-46	23	23.18
319	-49	0	-45	23	23.33
320	-49	0	-25	14	27.57
321	-49	0	-24	14	28.43
322	-47	-1	-23	14	28.11
323	-47	-1	-22	14	28.95
324	-44	-1	-21	15	27.81
325	-44	-1	-20	15	28.63
326	-40	-1	-19	15	26.22
327	-40	-1	-19	15	26.22
328	-36	-1	-18	16	24.60
329	-36	-1	-17	16	25.32
330	-33	-1	-16	16	23.89
331	-33	-1	-15	16	24.60
332	-28	-1	-14	17	22.68
333	-28	-1	-14	17	22.68
334	-26	-1	-13	17	22.10
335	-26	-1	-12	17	22.68
336	-24	-1	-11	18	22.91
337	-24	-1	-10	18	23.47
338	-24	-1	-9	18	24.06
339	-24	-1	-8	18	24.68
340	-24	-1	-8	19	25.44
341	-24	-1	-7	19	26.05
342	-25	-1	-6	19	27.35
343	-25	-1	-5	19	28.03
344	-24	-1	-4	20	28.73
345	-24	-1	-3	20	29.40
346	-24	-1	-3	20	29.40
347	-24	-1	-2	20	30.10
348	-22	-3	-1	21	31.61
349	-22	-3	0	21	32.26
350	-19	-4	0	21	31.18
351	-19	-4	1	21	31.77
352	-16	-6	-46	-6	29.83
353	-16	-6	-45	-6	28.84
354	-14	-6	-45	-6	30.83
355	-14	-6	-45	-6	30.83
356	-12	-6	-45	-6	32.81
357	-12	-6	-45	-6	32.81
358	-12	-6	-45	-7	32.80
359	-12	-6	-45	-7	32.80
360	-9	-6	-45	-7	35.77
361	-9	-6	-45	-7	35.77
362	-7	-7	-45	-7	37.71
363	-7	-7	-44	-8	36.69
364	-5	-8	-44	-8	38.61
365	-5	-8	-44	-8	38.61
366	-3	-8	-44	-8	40.58
367	-3	-8	-44	-8	40.58
368	-2	-8	-44	-9	41.53
369	-2	-8	-44	-9	41.53
370	-1	-9	-44	-9	42.44
371	-1	-9	-44	-9	42.44
372	0	-9	-44	-9	43.43
373	0	-9	-44	-9	43.43
374	0	-9	-43	-10	42.39
375	0	-9	-43	-10	42.39
376	0	-10	-43	-10	42.32
377	0	-10	-43	-10	42.32
378	2	-9	-43	-10	44.36
379	2	-9	-43	-11	44.32
380	3	-8	-43	-11	45.43
381	3	-8	-43	-11	45.43
382	4	-8	-43	-11	46.41
383	4	-8	-43	-11	46.41
384	4	-7	17	-12	13.76
385	4	-7	18	-12	14.68
386	5	-7	19	-12	14.68
387	5	-7	20	-12	15.61
388	5	-4	21	-12	17.74
389	5	-4	22	-12	18.62
390	5	-4	23	-13	19.93
391	5	-4	24	-13	20.82
392	8	-4	25	-13	19.05
393	8	-4	26	-13	19.93
394	10	-3	27	-13	19.56
395	10	-3	28	-14	20.90
396	12	-3	29	-14	20.07
397	12	-3	30	-14	20.90
398	13	-2	31	-14	21.46
399	13	-2	32	-14	22.28
400	14	-3	33	-15	22.24
401	14	-3	34	-15	23.08
402	14	-5	35	-15	22.94
403	14	-5	36	-15	23.83
404	15	-7	37	-15	23.01
405	15	-7	38	-15	23.93
406	15	-7	39	-16	25.15
407	15	-7	40	-16	26.06
408	15	-8	41	-16	26.63
409	15	-8	42	-16	27.56
410	16	-7	43	-16	27.91
411	16	-7	44	-17	29.11
412	17	-5	45	-17	29.93
413	17	-5	46	-17	30.83
414	19	-3	47	-17	30.85
415	19	-3	48	-17	31.73
416	19	-1	24	-8	8.59
417	19	-1	24	-8	8.59
418	19	0	25	-8	9.99
419	19	0	25	-8	9.99
420	18	1	26	-8	12.03
421	18	1	27	-8	12.71
422	18	1	27	-8	12.71
423	18	1	28	-8	13.43
424	18	2	29	-8	14.84
425	18	2	29	-8	14.84
426	18	4	30	-8	16.95
427	18	4	30	-8	16.95
428	17	4	31	-8	18.41
429	17	4	32	-8	19.18
430	16	3	32	-8	19.38
431	16	3	33	-8	20.21
432	15	3	34	-8	21.91
433	15	3	34	-8	21.91
434	15	2	35	-8	22.31
435	15	2	35	-8	22.31
436	14	2	36	-8	24.11
437	14	2	37	-8	25.02
438	14	2	37	-8	25.02
439	14	2	38	-8	25.94
440	14	2	39	-8	26.86
441	14	2	39	-8	26.86
442	13	2	40	-8	28.72
443	13	2	40	-8	28.72
444	12	2	41	-8	30.60
445	12	2	42	-8	31.55
446	12	2	42	-8	31.55
447	12	2	43	-8	32.49
448	11	2	34	5	23.15
449	11	2	34	5	23.15
450	10	2	34	5	24.14
451	10	2	35	5	25.13
452	9	3	35	5	26.01
453	9	3	36	5	27.01
454	8	4	36	6	27.96
455	8	4	37	6	28.95
456	8	4	37	6	28.95
457	8	4	38	6	29.95
458	7	6	38	6	30.83
459	7	6	39	7	31.80
460	6	7	39	7	32.75
461	6	7	40	7	33.74
462	5	8	40	7	34.70
463	5	8	41	7	35.70
464	4	9	41	8	36.59
465	4	9	41	8	36.59
466	5	9	42	8	36.59
467	5	9	42	8	36.59
468	6	8	43	8	36.63
469	6	8	43	8	36.63
470	7	8	44	9	36.59
471	7	8	44	9	36.59
472	8	8	45	9	36.59
473	8	8	45	9	36.59
474	8	8	46	9	37.58
475	8	8	46	10	37.57
476	9	8	47	10	37.57
477	9	8	47	10	37.57
478	11	8	48	10	36.58
479	11	8	48	10	36.58
480	13	8	3	5	10.38
481	13	8	2	5	11.33
482	17	9	2	5	15.41
483	17	9	2	5	15.41
484	21	10	2	5	19.48
485	21	10	1	5	20.44
486	26	12	1	5	25.68
487	26	12	1	5	25.68
488	29	13	1	5	28.76
489	29	13	0	5	29.71
490	29	13	0	5	29.71
491	29	13	0	6	29.42
492	31	15	0	6	31.74
493	31	15	0	6	31.74
494	31	15	0	6	31.74
495	31	15	0	6	31.74
496	31	15	-1	6	32.68
497	31	15	-1	6	32.68
498	31	13	-1	6	32.30
499	31	13	-1	6	32.30
500	32	13	-2	6	34.22
501	32	13	-2	6	34.22
502	33	12	-2	7	34.85
503	33	12	-2	7	34.85
504	34	10	-3	7	36.70
505	34	10	-3	7	36.70
506	34	10	-3	7	36.70
507	34	10	-3	7	36.70
508	35	9	-4	7	38.66
509	35	9	-4	7	38.66
510	36	8	-4	7	39.66
511	36	8	-4	7	39.66
512	36	6	15	14	22.15
513	36	6	15	14	22.15
514	36	5	15	14	22.56
515	36	5	15	14	22.56
516	37	4	15	14	23.89
517	37	4	15	14	23.89
518	37	3	15	15	24.78
519	37	3	15	15	24.78
520	37	3	15	15	24.78
521	37	3	15	15	24.78
522	37	3	15	15	24.78
523	37	3	15	16	25.25
524	37	2	15	16	25.80
525	37	2	15	16	25.80
526	37	2	15	16	25.80
527	37	2	15	16	25.80
528	38	2	16	17	26.32
529	38	2	16	17	26.32
530	39	0	16	17	28.32
531	39	0	16	17	28.32
532	39	-2	16	17	29.59
533	39	-2	16	17	29.59
534	40	-3	16	18	31.63
535	40	-3	16	18	31.63
536	40	-3	16	18	31.63
537	40	-3	16	18	31.63
538	41	-2	16	18	31.72
539	41	-2	16	19	32.32
540	41	-2	16	19	32.32
541	41	-2	16	19	32.32
542	42	-2	16	19	33.08
543	42	-2	16	19	33.08
544	43	-2	59	4	17.08
545	43	-2	59	3	16.76
546	43	-3	60	3	18.02
547	43	-3	61	3	18.97
548	44	-2	61	3	17.71
549	44	-2	62	3	18.68
550	44	-2	63	3	19.64
551	44	-2	64	3	20.61
552	45	-2	64	3	19.64
553	45	-2	65	3	20.61
554	46	-2	66	3	20.61
555	46	-2	66	3	20.61
556	45	-2	67	3	22.55
557	45	-2	68	3	23.53
558	45	-2	69	3	24.51
559	45	-2	69	3	24.51
560	45	-2	70	3	25.49
561	45	-2	71	2	26.30
562	43	-2	71	2	28.28
563	43	-2	72	2	29.27
564	40	-2	73	2	33.23
565	40	-2	74	2	34.23
566	34	-3	74	2	40.30
567	34	-3	75	2	41.29
568	28	-4	76	2	48.34
569	28	-4	76	2	48.34
570	21	-5	77	2	56.38
571	21	-5	78	2	57.37
572	15	-5	79	2	64.32
573	15	-5	79	2	64.32
574	11	-4	80	2	69.22
575	11	-4	81	2	70.21
576	8	-4	50	-10	42.08
577	8	-4	50	-10	42.08
578	5	-4	50	-10	45.03
579	5	-4	50	-10	45.03
580	2	-4	50	-11	48.04
581	2	-4	51	-11	49.02
582	2	-4	51	-11	49.02
583	2	-4	51	-11	49.02
584	0	-4	51	-12	51.06
585	0	-4	51	-12	51.06
586	0	-4	52	-12	52.03
587	0	-4	52	-12	52.03
588	0	-4	52	-13	52.11
589	0	-4	52	-13	52.11
590	0	-4	53	-13	53.08
591	0	-4	53	-13	53.08
592	0	-4	53	-14	53.17
593	0	-4	53	-14	53.17
594	-1	-3	53	-14	54.39
595	-1	-3	54	-14	55.36
596	-1	-3	54	-15	55.47
597	-1	-3	54	-15	55.47
598	-1	-2	54	-15	55.76
599	-1	-2	55	-15	56.71
600	-1	-2	55	-16	56.85
601	-1	-2	55	-16	56.85
602	-1	-2	55	-16	56.85
603	-1	-2	55	-16	56.85
604	-1	-2	56	-17	57.95
605	-1	-2	56	-17	57.95
606	0	-1	56	-17	57.33
607	0	-1	56	-17	57.33
608	0	-1	-27	-6	27.40
609	0	-1	-28	-6	28.38
610	0	-1	-29	-6	29.36
611	0	-1	-30	-6	30.35
612	0	-1	-31	-6	31.33
613	0	-1	-32	-6	32.32
614	0	-1	-33	-6	33.30
615	0	-1	-34	-6	34.29
616	0	-1	-35	-6	35.28
617	0	-1	-36	-6	36.27
618	0	-1	-37	-6	37.25
619	0	-1	-39	-6	39.23
620	0	-1	-40	-6	40.22
621	0	-1	-41	-6	41.21
622	0	-2	-42	-6	42.07
623	0	-2	-43	-6	43.07
624	0	-2	-44	-7	44.13
625	0	-2	-45	-7	45.12
626	0	-3	-46	-7	45.98
627	0	-3	-47	-7	46.97
628	0	-3	-48	-7	47.96
629	0	-3	-49	-7	48.95
630	1	-3	-51	-7	51.93
631	1	-3	-52	-7	52.92
632	5	-3	-53	-7	57.88
633	5	-3	-54	-7	58.88
634	8	-3	-55	-7	62.85
635	8	-3	-56	-7	63.84
636	11	-2	-57	-7	67.92
637	11	-2	-58	-7	68.92
638	11	-2	-59	-7	69.91
639	11	-2	-60	-7	70.90
640	14	-2	-8	2	22.36
641	14	-2	-8	2	22.36
642	18	-1	-8	2	26.17
643	18	-1	-8	2	26.17
644	23	0	-9	2	32.06
645	23	0	-9	2	32.06
646	27	0	-9	2	36.05
647	27	0	-9	2	36.05
648	30	0	-10	2	40.04
649	30	0	-10	2	40.04
650	31	0	-10	2	41.04
651	31	0	-10	3	41.09
652	32	1	-11	3	43.02
653	32	1	-11	3	43.02
654	32	1	-11	3	43.02
655	32	1	-11	3	43.02
656	33	2	-12	3	44.97
657	33	2	-12	3	44.97
658	34	4	-12	3	45.92
659	34	4	-12	3	45.92
660	34	4	-13	3	46.92
661	34	4	-13	3	46.92
662	36	5	-13	4	48.85
663	36	5	-13	4	48.85
664	37	7	-14	4	50.83
665	37	7	-14	4	50.83
666	38	8	-14	4	51.84
667	38	8	-14	4	51.84
668	39	10	-15	4	53.87
669	39	10	-15	4	53.87
670	39	12	-15	4	53.98
671	39	12	-15	4	53.98
672	39	12	28	-3	18.56
673	39	12	28	-3	18.56
674	38	12	28	-3	17.99
675	38	12	29	-3	17.47
676	38	12	29	-3	17.47
677	38	12	30	-3	16.98
678	38	12	30	-3	16.98
679	38	12	31	-3	16.54
680	38	13	31	-3	17.44
681	38	13	31	-3	17.44
682	38	14	32	-3	18.01
683	38	14	32	-3	18.01
684	38	14	33	-3	17.71
685	38	14	33	-3	17.71
686	39	15	34	-3	18.67
687	39	15	34	-3	18.67
688	39	16	35	-3	19.41
689	39	16	35	-3	19.41
690	39	17	35	-3	20.39
691	39	17	36	-3	20.22
692	38	18	36	-3	21.09
693	38	18	37	-3	21.02
694	38	19	37	-3	22.02
695	38	19	38	-3	22.00
696	38	19	38	-3	22.00
697	38	19	38	-3	22.00
698	37	19	39	-3	22.09
699	37	19	39	-3	22.09
700	36	19	40	-3	22.35
701	36	19	40	-3	22.35
702	36	18	41	-3	21.57
703	36	18	41	-3	21.57
704	36	17	64	26	27.49
705	36	17	64	26	27.49
706	36	17	65	26	28.37
707	36	17	66	27	29.47
708	36	17	67	27	30.33
709	36	17	67	28	30.57
710	36	17	68	28	31.42
711	36	17	69	29	32.52
712	35	17	70	29	34.22
713	35	17	71	29	35.07
714	35	17	71	30	35.29
715	35	17	72	30	36.14
716	34	17	73	31	38.04
717	34	17	74	31	38.87
718	34	17	74	32	39.09
719	34	17	75	32	39.92
720	32	15	76	33	43.64
721	32	15	77	33	44.46
722	27	9	78	33	52.66
723	27	9	78	34	52.93
724	21	3	79	34	62.10
725	21	3	80	35	63.17
726	16	2	81	35	68.53
727	16	2	81	36	68.76
728	15	2	82	36	70.34
729	15	2	83	36	71.13
730	15	2	84	37	72.12
731	15	2	85	37	72.90
732	15	1	85	38	73.73
733	15	1	86	38	74.50
734	14	0	87	39	76.87
735	14	0	88	39	77.63
736	12	0	33	22	30.05
737	12	0	32	22	29.39
738	12	0	32	22	29.39
739	12	0	32	22	29.39
740	10	-1	32	22	31.46
741	10	-1	32	22	31.46
742	7	-1	32	22	33.52
743	7	-1	32	23	34.18
744	4	-2	32	23	37.00
745	4	-2	32	23	37.00
746	0	-2	32	23	39.96
747	0	-2	31	23	39.20
748	-3	-2	31	23	41.49
749	-3	-2	31	24	42.04
750	-6	-3	31	24	44.98
751	-6	-3	31	24	44.98
752	-6	-3	31	24	44.98
753	-6	-3	31	24	44.98
754	-8	-3	31	24	46.55
755	-8	-3	31	24	46.55
756	-11	-3	31	25	49.42
757	-11	-3	31	25	49.42
758	-13	-3	30	25	50.22
759	-13	-3	30	25	50.22
760	-15	-3	30	25	51.84
761	-15	-3	30	25	51.84
762	-16	-3	30	26	53.09
763	-16	-3	30	26	53.09
764	-17	-3	30	26	53.90
765	-17	-3	30	26	53.90
766	-18	-3	30	26	54.72
767	-18	-3	30	26	54.72
768	-18	-2	-12	-17	16.12
769	-18	-2	-12	-17	16.12
770	-17	-2	-13	-18	16.47
771	-17	-2	-14	-18	16.27
772	-17	-1	-15	-19	18.11
773	-17	-1	-15	-19	18.11
774	-17	-1	-16	-20	19.03
775	-17	-1	-17	-20	19.00
776	-15	-1	-18	-21	20.21
777	-15	-1	-18	-21	20.21
778	-15	-1	-19	-22	21.36
779	-15	-1	-20	-22	21.56
780	-14	-2	-21	-23	22.07
781	-14	-2	-21	-23	22.07
782	-14	-1	-22	-24	24.27
783	-14	-1	-23	-24	24.60
784	-16	-1	-24	-25	25.21
785	-16	-1	-24	-26	26.16
786	-17	-1	-25	-26	26.16
787	-17	-1	-26	-27	27.40
788	-18	-2	-27	-27	26.45
789	-18	-2	-27	-28	27.39
790	-18	-3	-28	-28	26.76
791	-18	-3	-29	-29	28.02
792	-18	-4	-30	-29	27.47
793	-18	-4	-30	-30	28.37
794	-18	-4	-31	-30	28.76
795	-18	-4	-32	-31	30.05
796	-17	-5	-33	-31	30.04
797	-17	-5	-33	-32	30.88
798	-15	-5	-34	-32	32.33
799	-15	-5	-35	-33	33.64
800	-13	-5	-48	-4	34.90
801	-13	-5	-48	-4	34.90
802	-11	-4	-49	-4	37.90
803	-11	-4	-50	-4	38.90
804	-7	-3	-51	-4	43.92
805	-7	-3	-52	-4	44.92
806	-3	-2	-53	-4	49.96
807	-3	-2	-54	-4	50.96
808	0	-2	-55	-4	54.95
809	0	-2	-56	-4	55.95
810	0	-2	-57	-4	56.95
811	0	-2	-58	-4	57.94
812	3	-2	-59	-4	61.93
813	3	-2	-60	-4	62.93
814	6	-2	-61	-4	66.92
815	6	-2	-62	-4	67.92
816	7	-2	-63	-5	69.91
817	7	-2	-63	-5	69.91
818	9	-2	-64	-5	72.90
819	9	-2	-65	-5	73.89
820	10	-1	-66	-5	75.97
821	10	-1	-67	-5	76.96
822	11	-1	-68	-5	78.96
823	11	-1	-69	-5	79.95
824	11	-1	-70	-5	80.95
825	11	-1	-71	-5	81.94
826	11	-2	-72	-5	82.86
827	11	-2	-73	-5	83.85
828	11	-2	-74	-5	84.85
829	11	-2	-75	-5	85.84
830	10	-2	-76	-5	85.84
831	10	-2	-77	-5	86.84
832	11	-3	-8	-8	19.56
833	11	-3	-7	-8	18.60
834	11	-5	-7	-8	18.13
835	11	-5	-7	-8	18.13
836	12	-5	-7	-8	19.11
837	12	-5	-7	-8	19.11
838	13	-4	-7	-8	20.28
839	13	-4	-6	-8	19.31
840	13	-2	-6	-8	19.85
841	13	-2	-6	-8	19.85
842	14	-1	-6	-8	21.12
843	14	-1	-6	-9	21.45
844	14	-1	-6	-9	21.45
845	14	-1	-5	-9	20.53
846	15	0	-5	-9	21.86
847	15	0	-5	-9	21.86
848	17	0	-5	-9	23.68
849	17	0	-5	-9	23.68
850	19	0	-5	-9	25.54
851	19	0	-5	-9	25.54
852	21	0	-4	-9	26.47
853	21	0	-4	-9	26.47
854	23	0	-4	-10	28.66
855	23	0	-4	-10	28.66
856	25	0	-4	-10	30.53
857	25	0	-4	-10	30.53
858	27	0	-3	-10	31.47
859	27	0	-3	-10	31.47
860	28	0	-3	-10	32.42
861	28	0	-3	-10	32.42
862	29	1	-3	-10	33.69
863	29	1	-3	-10	33.69
864	29	1	35	-1	6.32
865	29	1	35	0	6.08
866	31	2	36	0	5.38
867	31	2	37	0	6.32
868	33	2	38	0	5.38
869	33	2	38	0	5.38
870	34	1	39	0	5.10
871	34	1	40	0	6.08
872	35	1	41	0	6.08
873	35	1	41	0	6.08
874	35	3	42	0	7.61
875	35	3	43	0	8.54
876	37	4	44	0	8.06
877	37	4	44	0	8.06
878	39	4	45	0	7.21
879	39	4	46	0	8.06
880	41	4	47	0	7.21
881	41	4	47	0	7.21
882	43	4	48	0	6.40
883	43	4	49	0	7.21
884	44	4	50	0	7.21
885	44	4	50	0	7.21
886	44	4	51	0	8.06
887	44	4	52	0	8.94
888	45	3	53	0	8.54
889	45	3	53	0	8.54
890	45	3	54	0	9.48
891	45	3	55	0	10.44
892	45	4	56	0	11.70
893	45	4	56	0	11.70
894	45	4	57	0	12.64
895	45	4	58	0	13.59
896	46	4	47	5	1.41
897	46	4	47	5	1.41
898	47	5	48	5	1.00
899	47	5	48	5	1.00
900	48	6	49	5	1.41
901	48	6	49	5	1.41
902	48	6	50	5	2.23
903	48	6	50	5	2.23
904	48	6	51	6	2.98
905	48	6	52	6	3.98
906	47	6	52	6	4.97
907	47	6	53	6	5.97
908	46	6	53	6	6.96
909	46	6	54	6	7.96
910	45	6	54	6	8.95
911	45	6	55	6	9.95
912	44	6	56	7	11.96
913	44	6	56	7	11.96
914	44	6	57	7	12.95
915	44	6	57	7	12.95
916	43	6	58	7	14.94
917	43	6	58	7	14.94
918	42	7	59	7	16.87
919	42	7	59	7	16.87
920	41	7	60	8	18.86
921	41	7	61	8	19.85
922	41	7	61	8	19.85
923	41	7	62	8	20.84
924	41	7	62	8	20.84
925	41	7	63	8	21.83
926	41	7	63	8	21.83
927	41	7	64	8	22.82
928	40	7	63	7	22.83
929	40	7	63	7	22.83
930	40	7	64	7	23.82
931	40	7	64	7	23.82
932	40	7	65	7	24.81
933	40	7	65	7	24.81
934	39	8	66	7	26.78
935	39	8	66	7	26.78
936	39	9	67	7	27.79
937	39	9	67	7	27.79
938	39	9	68	7	28.78
939	39	9	68	8	28.69
940	38	10	69	8	30.67
941	38	10	69	8	30.67
942	38	10	70	8	31.66
943	38	10	70	8	31.66
944	37	12	71	8	33.70
945	37	12	72	8	34.68
946	36	12	72	8	35.65
947	36	12	73	8	36.63
948	35	11	73	8	37.57
949	35	11	74	8	38.56
950	33	10	74	9	40.42
951	33	10	75	9	41.41
952	32	10	75	9	42.39
953	32	10	76	9	43.38
954	30	10	76	9	45.34
955	30	10	77	9	46.33
956	29	12	77	9	47.24
957	29	12	78	9	48.21
958	29	13	78	9	48.20
959	29	13	79	9	49.17
960	29	13	34	10	5.74
961	29	13	33	10	4.94
962	29	13	33	10	4.94
963	29	13	33	10	4.94
964	29	14	33	10	5.59
965	29	14	33	10	5.59
966	29	15	32	10	5.79
967	29	15	32	10	5.79
968	30	15	32	10	5.37
969	30	15	32	10	5.37
970	30	15	32	10	5.37
971	30	15	31	11	4.12
972	31	15	31	11	4.00
973	31	15	31	11	4.00
974	31	16	31	11	5.00
975	31	16	31	11	5.00
976	31	17	31	11	6.00
977	31	17	30	11	6.08
978	31	18	30	11	7.07
979	31	18	30	11	7.07
980	32	18	30	11	7.26
981	32	18	30	11	7.26
982	32	18	29	12	6.66
983	32	18	29	12	6.66
984	33	16	29	12	5.57
985	33	16	29	12	5.57
986	33	15	29	12	4.91
987	33	15	28	12	5.71
988	34	14	28	12	6.18
989	34	14	28	12	6.18
990	34	13	28	12	5.94
991	34	13	28	12	5.94
992	34	12	18	19	16.92
993	34	12	17	19	17.80
994	34	12	17	19	17.80
995	34	12	16	19	18.69
996	35	12	16	19	19.58
997	35	12	16	19	19.58
998	35	12	15	20	20.80
999	35	12	15	20	20.80
1000	35	11	15	20	21.24
1001	35	11	14	20	22.12
1002	35	11	14	20	22.12
1003	35	11	14	21	22.49
1004	35	10	13	21	23.84
1005	35	10	13	21	23.84
1006	34	9	13	21	23.52
1007	34	9	12	21	24.36
1008	34	9	12	22	24.81
1009	34	9	12	22	24.81
1010	34	9	11	22	25.63
1011	34	9	11	22	25.63
1012	34	9	11	22	25.63
1013	34	9	10	22	26.47
1014	35	9	10	23	27.73
1015	35	9	10	23	27.73
1016	35	9	9	23	28.56
1017	35	9	9	23	28.56
1018	35	9	9	23	28.56
1019	35	9	8	24	29.82
1020	35	9	8	24	29.82
1021	35	9	8	24	29.82
1022	35	9	7	24	30.65
1023	35	9	7	24	30.65
1024	35	9	39	11	4.42
1025	35	9	39	10	4.07
1026	35	9	39	10	4.07
1027	35	9	39	10	4.07
1028	36	9	39	10	3.12
1029	36	9	39	10	3.12
1030	36	8	39	10	3.57
1031	36	8	40	10	4.43
1032	37	9	40	10	3.12
1033	37	9	40	10	3.12
1034	37	9	40	10	3.12
1035	37	9	40	10	3.12
1036	37	9	40	10	3.12
1037	37	9	41	10	4.07
1038	37	9	41	10	4.07
1039	37	9	41	10	4.07
1040	37	9	41	10	4.07
1041	37	9	41	10	4.07
1042	38	10	41	10	2.95
1043	38	10	41	10	2.95
1044	39	11	42	10	3.11
1045	39	11	42	10	3.11
1046	40	12	42	10	2.80
1047	40	12	42	10	2.80
1048	42	14	42	10	4.00
1049	42	14	42	10	4.00
1050	43	15	43	10	5.00
1051	43	15	43	10	5.00
1052	43	15	43	10	5.00
1053	43	15	43	10	5.00
1054	44	16	43	10	6.08
1055	44	16	43	10	6.08
1056	45	17	36	6	14.09
1057	45	17	36	5	14.89
1058	46	19	36	5	17.06
1059	46	19	36	5	17.06
1060	46	20	36	5	17.88
1061	46	20	36	5	17.88
1062	46	20	36	5	17.88
1063	46	20	36	5	17.88
1064	45	21	36	5	18.23
1065	45	21	36	5	18.23
1066	45	21	36	5	18.23
1067	45	21	36	4	19.12
1068	45	21	36	4	19.12
1069	45	21	36	4	19.12
1070	45	22	36	4	20.00
1071	45	22	36	4	20.00
1072	44	22	36	4	19.60
1073	44	22	36	4	19.60
1074	44	23	36	4	20.51
1075	44	23	36	4	20.51
1076	43	23	36	4	20.17
1077	43	23	36	4	20.17
1078	43	23	36	3	21.12
1079	43	23	36	3	21.12
1080	43	23	36	3	21.12
1081	43	23	36	3	21.12
1082	43	23	36	3	21.12
1083	43	23	36	3	21.12
1084	43	22	36	3	20.18
1085	43	22	36	3	20.18
1086	43	22	36	3	20.18
1087	43	22	36	3	20.18
1088	42	22	55	25	12.29
1089	42	22	55	25	12.29
1090	42	22	55	25	12.29
1091	42	22	55	25	12.29
1092	42	21	56	26	13.77
1093	42	21	56	26	13.77
1094	42	21	56	26	13.77
1095	42	21	57	26	14.62
1096	42	20	57	27	15.42
1097	42	20	57	27	15.42
1098	42	19	58	27	16.74
1099	42	19	58	27	16.74
1100	40	15	58	28	21.15
1101	40	15	59	28	21.89
1102	40	15	59	28	21.89
1103	40	15	59	28	21.89
1104	37	8	60	29	30.15
1105	37	8	60	29	30.15
1106	32	5	60	29	35.75
1107	32	5	60	29	35.75
1108	28	2	61	30	41.99
1109	28	2	61	30	41.99
1110	23	1	61	30	46.29
1111	23	1	62	30	47.03
1112	19	0	62	31	51.18
1113	19	0	62	31	51.18
1114	15	-1	63	31	55.63
1115	15	-1	63	31	55.63
1116	11	-2	63	32	59.78
1117	11	-2	64	32	60.56
1118	7	-2	64	32	63.70
1119	7	-2	64	32	63.70
1120	2	-3	39	27	46.62
1121	2	-3	38	27	45.89
1122	2	-3	38	27	45.89
1123	2	-3	38	27	45.89
1124	0	-4	38	27	48.03
1125	0	-4	38	27	48.03
1126	-3	-4	38	27	50.27
1127	-3	-4	38	28	50.80
1128	-5	-4	38	28	52.31
1129	-5	-4	38	28	52.31
1130	-7	-5	38	28	54.48
1131	-7	-5	37	28	53.71
1132	-8	-6	37	28	55.12
1133	-8	-6	37	29	55.64
1134	-8	-4	37	29	54.33
1135	-8	-4	37	29	54.33
1136	-8	-3	37	29	53.68
1137	-8	-3	37	29	53.68
1138	-7	-3	37	29	52.92
1139	-7	-3	37	29	52.92
1140	-7	-3	37	30	53.42
1141	-7	-3	37	30	53.42
1142	-8	-3	36	30	53.42
1143	-8	-3	36	30	53.42
1144	-10	-3	36	30	54.93
1145	-10	-3	36	30	54.93
1146	-11	-5	36	31	57.49
1147	-11	-5	36	31	57.49
1148	-11	-6	36	31	58.16
1149	-11	-6	36	31	58.16
1150	-11	-6	36	31	58.16
1151	-11	-6	36	31	58.16
1152	-10	-5	-38	-28	35.16
1153	-10	-5	-39	-28	35.88
1154	-10	-5	-40	-29	37.17
1155	-10	-5	-41	-30	38.46
1156	-9	-5	-43	-31	41.17
1157	-9	-5	-44	-31	41.90
1158	-9	-5	-45	-32	43.14
1159	-9	-5	-46	-33	44.38
1160	-9	-5	-48	-34	46.32
1161	-9	-5	-49	-35	47.54
1162	-9	-5	-50	-35	48.25
1163	-9	-5	-51	-36	49.45
1164	-8	-5	-53	-37	52.05
1165	-8	-5	-54	-38	53.20
1166	-7	-5	-55	-38	54.62
1167	-7	-5	-56	-39	55.75
1168	-6	-4	-58	-40	58.98
1169	-6	-4	-59	-41	60.08
1170	-5	-4	-60	-42	61.84
1171	-5	-4	-61	-42	62.53
1172	-4	-5	-63	-43	64.23
1173	-4	-5	-64	-44	65.24
1174	-6	-5	-65	-45	64.89
1175	-6	-5	-66	-45	65.55
1176	-10	-5	-68	-46	64.57
1177	-10	-5	-69	-47	65.57
1178	-16	-6	-70	-48	62.04
1179	-16	-6	-71	-49	63.06
1180	-22	-7	-73	-49	59.88
1181	-22	-7	-74	-50	60.91
1182	-28	-8	-75	-51	57.78
1183	-28	-8	-76	-52	58.83
1184	-28	-8	-22	-7	6.03
1185	-28	-8	-22	-7	6.03
1186	-33	-9	-22	-7	11.07
1187	-33	-9	-23	-7	10.10
1188	-36	-9	-23	-7	13.03
1189	-36	-9	-23	-7	13.03
1190	-38	-7	-24	-7	13.90
1191	-38	-7	-24	-7	13.90
1192	-41	-7	-25	-7	15.88
1193	-41	-7	-25	-7	15.88
1194	-43	-8	-25	-7	17.87
1195	-43	-8	-26	-7	16.88
1196	-47	-8	-26	-7	20.84
1197	-47	-8	-26	-7	20.84
1198	-49	-8	-27	-7	21.83
1199	-49	-8	-27	-7	21.83
1200	-52	-8	-28	-8	23.76
1201	-52	-8	-28	-8	23.76
1202	-55	-8	-28	-8	26.73
1203	-55	-8	-29	-8	25.74
1204	-55	-8	-29	-8	25.74
1205	-55	-8	-29	-8	25.74
1206	-60	-7	-30	-8	29.75
1207	-60	-7	-30	-8	29.75
1208	-65	-5	-31	-8	33.90
1209	-65	-5	-31	-8	33.90
1210	-69	-5	-31	-8	37.86
1211	-69	-5	-32	-8	36.87
1212	-70	-4	-32	-8	37.99
1213	-70	-4	-32	-8	37.99
1214	-71	-2	-33	-8	38.30
1215	-71	-2	-33	-8	38.30
1216	-75	0	-46	-11	30.85
1217	-75	0	-46	-11	30.85
1218	-79	2	-47	-11	34.38
1219	-79	2	-47	-11	34.38
1220	-83	4	-48	-11	37.92
1221	-83	4	-48	-11	37.92
1222	-83	4	-49	-11	37.01
1223	-83	4	-49	-11	37.01
1224	-85	7	-50	-11	39.21
1225	-85	7	-51	-11	38.33
1226	-86	7	-51	-11	39.21
1227	-86	7	-52	-12	38.78
1228	-87	8	-52	-12	40.14
1229	-87	8	-53	-12	39.28
1230	-89	7	-53	-12	40.53
1231	-89	7	-54	-12	39.65
1232	-92	7	-55	-12	41.41
1233	-92	7	-55	-12	41.41
1234	-95	6	-56	-12	42.75
1235	-95	6	-56	-12	42.75
1236	-97	6	-57	-12	43.66
1237	-97	6	-57	-12	43.66
1238	-99	5	-58	-13	44.52
1239	-99	5	-58	-13	44.52
1240	-100	5	-59	-13	44.52
1241	-100	5	-60	-13	43.62
1242	-100	5	-60	-13	43.62
1243	-100	5	-61	-13	42.71
1244	-102	5	-61	-13	44.52
1245	-102	5	-62	-13	43.62
1246	-105	5	-62	-13	46.35
1247	-105	5	-63	-13	45.43
1248	-108	5	-122	8	14.23
1249	-108	5	-123	8	15.20
1250	-111	5	-124	8	13.26
1251	-111	5	-126	8	15.20
1252	-116	4	-127	9	12.02
1253	-116	4	-129	9	13.85
1254	-120	3	-130	9	11.61
1255	-120	3	-132	9	13.35
1256	-120	3	-133	10	14.68
1257	-120	3	-135	10	16.46
1258	-125	3	-136	10	12.97
1259	-125	3	-138	10	14.68
1260	-129	3	-139	11	12.74
1261	-129	3	-141	11	14.34
1262	-134	2	-142	11	12.00
1263	-134	2	-144	11	13.40
1264	-139	1	-145	12	12.51
1265	-139	1	-146	12	13.01
1266	-144	2	-148	12	10.76
1267	-144	2	-149	12	11.16
1268	-148	3	-151	13	10.43
1269	-148	3	-152	13	10.75
1270	-150	3	-154	13	10.75
1271	-150	3	-155	13	11.16
1272	-150	3	-157	14	12.99
1273	-150	3	-158	14	13.54
1274	-152	3	-160	14	13.54
1275	-152	3	-161	14	14.14
1276	-153	2	-163	15	16.32
1277	-153	2	-164	15	16.94
1278	-153	2	-166	15	18.26
1279	-153	2	-167	15	18.97
1280	-154	2	-141	10	15.19
1281	-154	2	-142	10	14.36
1282	-156	3	-143	10	14.68
1283	-156	3	-144	10	13.82
1284	-158	3	-145	10	14.68
1285	-158	3	-146	10	13.82
1286	-160	3	-147	10	14.68
1287	-160	3	-148	11	14.34
1288	-160	3	-149	11	13.53
1289	-160	3	-150	11	12.74
1290	-161	3	-151	11	12.74
1291	-161	3	-152	11	11.99
1292	-163	2	-153	11	13.40
1293	-163	2	-154	12	13.40
1294	-163	2	-155	12	12.76
1295	-163	2	-156	12	12.17
1296	-163	2	-157	12	11.63
1297	-163	2	-158	12	11.16
1298	-163	2	-159	12	10.76
1299	-163	2	-160	12	10.43
1300	-161	2	-161	13	11.00
1301	-161	2	-162	13	11.04
1302	-159	2	-163	13	11.69
1303	-159	2	-164	13	12.06
1304	-159	2	-165	13	12.50
1305	-159	2	-166	13	13.00
1306	-155	1	-167	14	17.60
1307	-155	1	-168	14	18.29
1308	-152	2	-169	14	20.65
1309	-152	2	-170	14	21.46
1310	-151	1	-171	14	23.67
1311	-151	1	-172	14	24.50
1312	-149	1	160	-1	51.04
1313	-149	1	159	-1	52.04
1314	-147	0	158	-1	55.01
1315	-147	0	156	-1	57.01
1316	-145	-1	155	-1	59.99
1317	-145	-1	153	-1	61.99
1318	-142	-1	152	-1	65.99
1319	-142	-1	150	-1	67.99
1320	-142	-1	149	-1	68.99
1321	-142	-1	148	-1	69.99
1322	-140	-1	146	-1	73.99
1323	-140	-1	145	-2	74.98
1324	-138	-1	143	-2	78.97
1325	-138	-1	142	-2	79.97
1326	-136	-1	140	-2	83.97
1327	-136	-1	139	-2	84.97
1328	-135	0	137	-2	88.00
1329	-135	0	136	-2	89.00
1330	-133	0	135	-2	92.00
1331	-133	0	133	-2	94.00
1332	-131	0	132	-2	97.00
1333	-131	0	130	-2	98.99
1334	-130	0	129	-3	100.98
1335	-130	0	127	-3	102.98
1336	-128	0	126	-3	105.98
1337	-128	0	125	-3	106.98
1338	-128	0	123	-3	108.97
1339	-128	0	122	-3	109.97
1340	-127	1	120	-3	113.02
1341	-127	1	119	-3	114.02
1342	-127	3	117	-3	116.10
1343	-127	3	116	-3	117.10
1344	-127	3	-144	0	17.25
1345	-127	3	-143	0	16.27
1346	-127	4	-143	0	16.48
1347	-127	4	-143	0	16.48
1348	-126	4	-143	0	17.45
1349	-126	4	-143	0	17.45
1350	-126	5	-143	0	17.70
1351	-126	5	-142	0	16.74
1352	-125	5	-142	0	17.70
1353	-125	5	-142	0	17.70
1354	-125	6	-142	0	18.00
1355	-125	6	-142	0	18.00
1356	-125	6	-142	0	18.00
1357	-125	6	-141	0	17.06
1358	-124	7	-141	0	18.35
1359	-124	7	-141	0	18.35
1360	-124	7	-141	0	18.35
1361	-124	7	-141	0	18.35
1362	-123	8	-141	0	19.64
1363	-123	8	-141	0	19.64
1364	-123	9	-140	0	19.17
1365	-123	9	-140	0	19.17
1366	-122	10	-140	0	20.51
1367	-122	10	-140	0	20.51
1368	-120	11	-140	0	22.72
1369	-120	11	-140	0	22.72
1370	-117	10	-139	0	24.06
1371	-117	10	-139	0	24.06
1372	-117	10	-139	0	24.06
1373	-117	10	-139	0	24.06
1374	-113	9	-139	0	27.41
1375	-113	9	-139	0	27.41
1376	-110	9	-105	5	6.37
1377	-110	9	-104	5	7.17
1378	-107	9	-103	5	5.64
1379	-107	9	-102	5	6.37
1380	-106	9	-102	5	5.64
1381	-106	9	-101	5	6.37
1382	-104	9	-100	5	5.64
1383	-104	9	-100	5	5.64
1384	-103	9	-99	5	5.64
1385	-103	9	-98	5	6.37
1386	-102	9	-98	5	5.64
1387	-102	9	-97	5	6.37
1388	-102	9	-96	5	7.17
1389	-102	9	-96	5	7.17
1390	-101	8	-95	5	6.67
1391	-101	8	-94	5	7.57
1392	-100	7	-94	6	6.04
1393	-100	7	-93	6	7.03
1394	-98	6	-92	6	5.97
1395	-98	6	-91	6	6.96
1396	-98	7	-91	6	7.03
1397	-98	7	-90	6	8.01
1398	-97	7	-89	6	8.01
1399	-97	7	-89	6	8.01
1400	-97	7	-88	6	9.00
1401	-97	7	-87	6	9.99
1402	-97	7	-87	6	9.99
1403	-97	7	-86	6	10.97
1404	-96	7	-85	6	10.97
1405	-96	7	-85	6	10.97
1406	-96	7	-84	6	11.96
1407	-96	7	-83	6	12.95
1408	-96	7	-93	15	8.52
1409	-96	7	-92	15	8.91
1410	-96	7	-91	15	9.38
1411	-96	7	-91	15	9.38
1412	-95	7	-90	15	9.38
1413	-95	7	-90	15	9.38
1414	-95	6	-89	16	11.60
1415	-95	6	-89	16	11.60
1416	-94	7	-88	16	10.75
1417	-94	7	-88	16	10.75
1418	-94	6	-87	16	12.13
1419	-94	6	-87	17	12.96
1420	-93	6	-86	17	12.96
1421	-93	6	-86	17	12.96
1422	-93	6	-85	17	13.50
1423	-93	6	-85	17	13.50
1424	-92	6	-84	18	14.32
1425	-92	6	-83	18	14.87
1426	-92	6	-83	18	14.87
1427	-92	6	-82	18	15.47
1428	-91	5	-82	18	15.70
1429	-91	5	-81	18	16.27
1430	-90	4	-81	19	17.39
1431	-90	4	-80	19	17.90
1432	-89	3	-80	19	18.26
1433	-89	3	-79	19	18.75
1434	-88	3	-79	19	18.26
1435	-88	3	-78	20	19.60
1436	-86	3	-78	20	18.71
1437	-86	3	-77	20	19.13
1438	-85	2	-77	20	19.62
1439	-85	2	-76	20	20.03
1440	-84	1	-82	5	4.47
1441	-84	1	-81	4	4.24
1442	-82	0	-81	4	4.12
1443	-82	0	-80	4	4.47
1444	-82	0	-80	4	4.47
1445	-82	0	-79	4	5.00
1446	-81	0	-79	4	4.47
1447	-81	0	-78	4	5.00
1448	-79	0	-78	4	4.12
1449	-79	0	-78	4	4.12
1450	-77	0	-77	4	4.00
1451	-77	0	-77	4	4.00
1452	-75	0	-76	4	4.12
1453	-75	0	-76	4	4.12
1454	-73	0	-75	4	4.47
1455	-73	0	-75	4	4.47
1456	-70	-1	-75	4	7.07
1457	-70	-1	-74	3	5.66
1458	-67	-2	-74	3	8.60
1459	-67	-2	-73	3	7.81
1460	-67	-2	-73	3	7.81
1461	-67	-2	-72	3	7.07
1462	-65	-3	-72	3	9.22
1463	-65	-3	-71	3	8.48
1464	-63	-3	-71	3	10.00
1465	-63	-3	-71	3	10.00
1466	-62	-4	-70	3	10.63
1467	-62	-4	-70	3	10.63
1468	-60	-4	-69	3	11.40
1469	-60	-4	-69	3	11.40
1470	-58	-5	-68	3	12.80
1471	-58	-5	-68	3	12.80
1472	-55	-6	-72	-5	16.95
1473	-55	-6	-71	-5	15.96
1474	-53	-6	-71	-5	17.94
1475	-53	-6	-70	-5	16.95
1476	-50	-6	-70	-5	19.93
1477	-50	-6	-70	-5	19.93
1478	-50	-6	-69	-6	18.89
1479	-50	-6	-69	-6	18.89
1480	-48	-5	-69	-6	20.93
1481	-48	-5	-68	-6	19.93
1482	-46	-4	-68	-6	22.01
1483	-46	-4	-67	-7	21.11
1484	-44	-3	-67	-7	23.25
1485	-44	-3	-67	-7	23.25
1486	-42	-3	-66	-7	24.23
1487	-42	-3	-66	-7	24.23
1488	-38	-2	-66	-8	28.52
1489	-38	-2	-65	-8	27.54
1490	-35	-3	-65	-8	30.26
1491	-35	-3	-64	-8	29.28
1492	-32	-4	-64	-8	32.06
1493	-32	-4	-64	-8	32.06
1494	-32	-4	-63	-9	31.19
1495	-32	-4	-63	-9	31.19
1496	-30	-4	-63	-9	33.15
1497	-30	-4	-62	-9	32.17
1498	-27	-4	-62	-9	35.11
1499	-27	-4	-61	-10	34.25
1500	-24	-5	-61	-10	37.00
1501	-24	-5	-61	-10	37.00
1502	-21	-5	-60	-10	38.96
1503	-21	-5	-60	-10	38.96
1504	-19	-5	-26	-13	10.57
1505	-19	-5	-25	-13	9.95
1506	-18	-5	-24	-13	9.95
1507	-18	-5	-23	-13	9.40
1508	-16	-4	-22	-13	10.78
1509	-16	-4	-21	-14	11.15
1510	-16	-4	-20	-14	10.75
1511	-16	-4	-19	-14	10.43
1512	-15	-3	-18	-14	11.39
1513	-15	-3	-17	-14	11.18
1514	-14	-3	-16	-15	12.16
1515	-14	-3	-16	-15	12.16
1516	-14	-3	-15	-15	12.04
1517	-14	-3	-14	-15	12.00
1518	-15	-2	-13	-16	14.14
1519	-15	-2	-12	-16	14.31
1520	-15	-1	-11	-16	15.51
1521	-15	-1	-10	-16	15.79
1522	-16	0	-9	-16	17.43
1523	-16	0	-8	-17	18.74
1524	-15	0	-7	-17	18.74
1525	-15	0	-6	-17	19.17
1526	-14	0	-6	-17	18.74
1527	-14	0	-5	-18	20.06
1528	-14	0	-4	-18	20.51
1529	-14	0	-3	-18	21.00
1530	-13	1	-2	-18	21.87
1531	-13	1	-1	-18	22.37
1532	-13	2	0	-19	24.58
1533	-13	2	0	-19	24.58
1534	-13	3	1	-19	25.96
1535	-13	3	2	-19	26.49
1536	-12	5	17	-4	30.33
1537	-12	5	18	-3	31.02
1538	-10	7	19	-3	30.62
1539	-10	7	20	-3	31.57
1540	-10	10	21	-3	33.50
1541	-10	10	22	-3	34.42
1542	-9	12	23	-3	35.16
1543	-9	12	24	-3	36.07
1544	-9	12	26	-3	37.88
1545	-9	12	27	-3	38.80
1546	-9	13	28	-3	40.06
1547	-9	13	29	-3	40.98
1548	-9	16	30	-3	42.98
1549	-9	16	31	-3	43.87
1550	-9	18	32	-3	45.52
1551	-9	18	33	-3	46.40
1552	-8	18	35	-3	47.28
1553	-8	18	36	-3	48.16
1554	-8	18	37	-3	49.05
1555	-8	18	38	-3	49.94
1556	-9	20	39	-3	52.41
1557	-9	20	40	-3	53.29
1558	-10	21	41	-3	55.39
1559	-10	21	42	-3	56.27
1560	-11	23	44	-3	59.55
1561	-11	23	45	-3	60.42
1562	-11	24	46	-3	61.60
1563	-11	24	47	-3	62.47
1564	-11	24	48	-3	63.35
1565	-11	24	49	-3	64.22
1566	-12	25	50	-3	66.25
1567	-12	25	51	-3	67.12
1568	-12	25	-5	15	11.96
1569	-12	25	-4	15	12.50
1570	-12	26	-4	15	13.30
1571	-12	26	-4	15	13.30
1572	-13	26	-4	16	13.05
1573	-13	26	-3	16	13.67
1574	-13	26	-3	16	13.67
1575	-13	26	-3	17	12.93
1576	-13	25	-3	17	12.29
1577	-13	25	-3	17	12.29
1578	-13	25	-2	18	12.39
1579	-13	25	-2	18	12.39
1580	-12	24	-2	18	11.09
1581	-12	24	-2	19	10.56
1582	-12	24	-1	19	11.38
1583	-12	24	-1	19	11.38
1584	-12	24	-1	20	10.95
1585	-12	24	-1	20	10.95
1586	-12	25	-1	20	11.32
1587	-12	25	0	20	12.15
1588	-12	25	0	21	11.74
1589	-12	25	0	21	11.74
1590	-12	24	0	21	11.48
1591	-12	24	0	22	11.22
1592	-12	24	0	22	11.22
1593	-12	24	0	22	11.22
1594	-12	24	0	23	11.05
1595	-12	24	0	23	11.05
1596	-12	24	1	23	11.96
1597	-12	24	1	24	11.87
1598	-12	23	1	24	11.96
1599	-12	23	1	24	11.96
1600	-11	22	-12	45	23.01
1601	-11	22	-12	45	23.01
1602	-11	20	-12	46	26.01
1603	-11	20	-12	46	26.01
1604	-11	20	-12	47	27.01
1605	-11	20	-12	48	28.01
1606	-11	17	-12	48	31.01
1607	-11	17	-12	49	32.01
1608	-11	12	-12	50	38.01
1609	-1	10	-12	50	41.03
1610	-1	10	-12	51	41.98
1611	-1	9	-12	51	42.97
1612	-2	7	-12	52	45.75
1613	-2	7	-12	53	46.72
1614	-3	6	-12	53	47.57
1615	-4	4	-12	54	50.43
1616	-4	4	-12	55	51.41
1617	-5	2	-12	55	53.31
1618	-5	2	-12	56	54.29
1619	-7	0	-12	56	56.15
1620	-8	-1	-12	57	58.09
1621	-8	-1	-12	58	59.09
1622	-9	0	-12	58	58.05
1623	-9	-1	-12	59	60.05
1624	-9	-1	-12	60	61.04
1625	-9	-1	-12	60	61.04
1626	-9	-1	-12	61	62.04
1627	-9	-1	-12	61	62.04
1628	-9	-2	-12	62	64.04
1629	-9	-1	-12	63	64.04
1630	-9	-1	-12	63	64.04
1631	-9	-2	-12	64	66.04
1632	-9	-2	-10	19	21.02
1633	-9	-2	-9	18	20.00
1634	-9	-3	-9	18	21.00
1635	-9	-3	-9	18	21.00
1636	-9	-3	-9	18	21.00
1637	-9	-3	-9	18	21.00
1638	-9	-3	-9	18	21.00
1639	-10	-3	-9	18	21.02
1640	-12	-4	-9	18	22.20
1641	-12	-4	-9	18	22.20
1642	-13	-5	-9	18	23.34
1643	-14	-5	-9	17	22.55
1644	-14	-5	-9	17	22.55
1645	-17	-6	-9	17	24.32
1646	-18	-5	-9	17	23.73
1647	-18	-5	-9	17	23.73
1648	-20	-5	-9	17	24.54
1649	-22	-5	-9	17	25.48
1650	-22	-5	-9	17	25.48
1651	-24	-4	-9	17	25.70
1652	-25	-3	-9	17	25.49
1653	-25	-3	-9	17	25.49
1654	-27	-2	-9	16	25.31
1655	-27	-2	-9	16	25.31
1656	-30	0	-9	16	26.18
1657	-33	-1	-9	16	29.17
1658	-33	-1	-9	16	29.17
1659	-35	0	-9	16	30.23
1660	-38	0	-9	16	32.78
1661	-38	0	-9	16	32.78
1662	-39	0	-9	16	33.65
1663	-39	1	-9	16	33.16
1664	-39	1	-7	-26	41.02
1665	-39	1	-6	-26	41.75
1666	-38	1	-6	-27	41.62
1667	-38	1	-6	-28	42.23
1668	-38	1	-6	-29	42.85
1669	-39	1	-6	-29	43.54
1670	-39	1	-6	-30	44.15
1671	-39	1	-6	-31	44.78
1672	-39	1	-6	-32	45.42
1673	-43	1	-6	-32	48.09
1674	-44	1	-6	-33	49.36
1675	-44	1	-6	-34	49.95
1676	-45	1	-6	-35	51.21
1677	-46	2	-6	-35	52.62
1678	-46	2	-6	-36	53.21
1679	-48	2	-6	-37	55.10
1680	-50	1	-6	-38	56.22
1681	-50	1	-5	-38	56.88
1682	-56	1	-5	-39	61.44
1683	-73	1	-5	-40	74.00
1684	-73	1	-5	-41	74.26
1685	-81	3	-5	-41	81.49
1686	-74	4	-5	-42	77.35
1687	-74	4	-5	-43	77.65
1688	-77	5	-5	-44	80.74
1689	-82	6	-5	-44	84.93
1690	-82	6	-5	-45	85.17
1691	-89	6	-5	-46	90.17
1692	-89	6	-5	-47	90.32
1693	-90	6	-5	-47	90.99
1694	-87	6	-5	-48	89.14
1695	-87	6	-5	-49	89.32
1696	-87	7	-69	4	18.16
1697	-86	6	-69	4	17.05
1698	-86	6	-70	4	16.06
1699	-86	6	-71	4	15.08
1700	-84	6	-72	4	12.12
1701	-84	6	-73	4	11.14
1702	-84	7	-74	4	10.39
1703	-86	8	-75	4	11.65
1704	-86	8	-76	4	10.72
1705	-90	9	-77	4	13.85
1706	-94	10	-78	4	16.97
1707	-94	10	-79	5	15.68
1708	-94	9	-80	5	14.46
1709	-94	9	-81	5	13.51
1710	-94	9	-82	5	12.56
1711	-93	11	-83	5	11.57
1712	-93	11	-84	5	10.74
1713	-94	11	-84	5	11.57
1714	-94	11	-85	5	10.74
1715	-94	11	-86	5	9.93
1716	-93	11	-87	5	8.44
1717	-90	11	-88	5	6.32
1718	-90	11	-89	6	5.10
1719	-86	9	-90	6	4.97
1720	-83	8	-91	6	8.19
1721	-83	8	-92	6	9.15
1722	-83	11	-93	6	11.08
1723	-81	13	-94	6	14.60
1724	-81	13	-95	6	15.47
1725	-77	12	-96	6	19.69
1726	-74	13	-97	6	23.72
1727	-74	13	-98	6	24.66
1728	-68	11	-135	13	65.38
1729	-61	11	-136	13	73.11
1730	-61	11	-138	13	75.04
1731	-55	11	-139	13	81.78
1732	-55	11	-141	13	83.71
1733	-47	12	-142	13	92.08
1734	-39	12	-144	14	101.26
1735	-39	12	-145	14	102.20
1736	-35	11	-147	14	108.10
1737	-31	12	-148	14	112.37
1738	-31	12	-150	14	114.19
1739	-27	11	-151	15	118.74
1740	-23	10	-153	15	124.51
1741	-23	10	-154	15	125.39
1742	-21	9	-156	15	129.35
1743	-20	10	-157	15	130.60
1744	-20	10	-159	16	131.80
1745	-15	12	-160	16	135.47
1746	-10	10	-162	16	142.00
1747	-10	10	-163	16	142.71
1748	0	10	-165	16	150.06
1749	0	8	-166	16	152.28
1750	0	8	-168	17	152.33
1751	2	10	-169	17	151.57
1752	2	10	-171	17	152.13
1753	4	9	-172	17	153.70
1754	7	8	-174	17	154.98
1755	7	8	-175	18	153.93
1756	6	9	-177	18	152.84
1757	6	11	-178	18	150.73
1758	6	11	-180	18	150.40
1759	6	11	179	18	150.19
1760	6	10	-49	15	53.80
1761	6	10	-48	15	52.84
1762	7	9	-47	15	53.04
1763	8	9	-47	15	54.01
1764	8	9	-46	15	53.04
1765	10	11	-46	15	54.58
1766	12	11	-45	15	55.54
1767	12	11	-44	15	54.58
1768	13	11	-44	16	55.49
1769	14	11	-43	16	55.49
1770	14	11	-43	16	55.49
1771	14	13	-42	16	54.14
1772	14	13	-41	16	53.19
1773	15	14	-41	16	53.97
1774	16	15	-40	16	53.80
1775	16	15	-40	16	53.80
1776	15	17	-39	17	51.46
1777	13	20	-38	17	48.28
1778	13	20	-38	17	48.28
1779	12	21	-37	17	46.33
1780	10	23	-37	17	44.39
1781	10	23	-36	17	43.47
1782	10	21	-35	17	42.60
1783	9	20	-35	17	41.72
1784	9	20	-34	18	40.60
1785	8	20	-34	18	39.66
1786	7	22	-33	18	37.70
1787	7	22	-32	18	36.77
1788	6	21	-32	18	35.86
1789	6	20	-31	18	34.97
1790	6	20	-31	18	34.97
1791	4	20	-30	18	32.16
