frame_id	phi	theta	est_phi	est_theta	err_phi	err_theta	speed	err_ang
0	102	-11	0	0	101.78
1	102	-13	0	0	101.69
2	101	-15	0	0	100.62
3	101	-15	0	0	100.62
4	101	-15	0	0	100.62
5	101	-15	0	0	100.62
6	101	-15	0	0	100.62
7	101	-15	0	0	100.62
8	101	-15	0	0	100.62
9	100	-15	0	0	99.66
10	100	-14	0	0	99.70
11	101	-14	0	0	100.67
12	101	-14	0	0	100.67
13	101	-13	0	0	100.71
14	101	-14	0	0	100.67
15	101	-14	0	0	100.67
16	101	-14	0	0	100.67
17	102	-14	0	0	101.64
18	102	-15	0	0	101.59
19	103	-16	0	0	102.49
20	103	-19	0	0	102.28
21	104	-21	0	0	103.05
22	105	-24	0	0	103.68
23	106	-26	0	0	104.34
24	107	-28	0	0	104.96
25	109	-30	0	0	106.38
26	111	-32	0	0	107.69
27	113	-34	0	0	108.90
28	116	-35	0	0	111.04
29	118	-36	0	0	112.32
30	120	-38	0	0	113.20
31	121	-39	0	0	113.59
32	122	-41	102	-11	34.78
33	122	-42	102	-11	35.59
34	123	-43	102	-11	36.84
35	125	-44	102	-11	38.51
36	126	-44	102	-11	38.96
37	128	-45	102	-11	40.64
38	130	-44	102	-11	40.89
39	132	-45	102	-11	42.60
40	134	-44	102	-11	43.00
41	136	-44	102	-11	44.11
42	137	-44	102	-11	44.69
43	138	-43	102	-11	44.69
44	139	-43	102	-11	45.29
45	140	-42	102	-11	45.37
46	141	-41	102	-11	45.50
47	143	-38	102	-11	45.47
48	143	-37	102	-11	45.05
49	144	-35	102	-11	45.01
50	144	-33	102	-11	44.30
51	145	-32	102	-11	44.77
52	146	-31	102	-11	45.29
53	146	-30	102	-11	45.01
54	147	-29	102	-11	45.61
55	148	-28	102	-11	46.24
56	148	-27	102	-11	46.04
57	149	-25	102	-11	46.58
58	150	-25	102	-11	47.47
59	152	-23	102	-11	49.05
60	154	-22	102	-11	50.82
61	156	-20	102	-11	52.59
62	158	-19	102	-11	54.47
63	161	-18	102	-11	57.33
64	164	-16	142	-71	56.58
65	167	-15	142	-71	58.01
66	169	-14	143	-72	60.03
67	171	-13	143	-73	62.18
68	174	-12	144	-74	64.32
69	175	-10	145	-75	67.14
70	177	-9	145	-76	69.24
71	179	-7	146	-77	72.18
72	-178	-5	147	-78	75.23
73	-177	-4	147	-79	77.15
74	-177	-3	148	-80	78.84
75	-176	-2	148	-81	80.74
76	-175	-1	149	-82	82.54
77	-175	0	150	-83	84.27
78	-174	0	150	-84	85.15
79	-174	1	151	-85	86.90
80	-173	1	152	-86	87.72
81	-173	1	152	-86	87.72
82	-173	1	153	-87	88.51
83	-173	1	153	-88	89.34
84	-173	0	154	-89	89.16
85	-173	0	155	-90	90.00
86	-173	0	155	-90	90.00
87	-173	0	156	-90	90.00
88	-174	0	157	-90	90.00
89	-174	0	157	-90	90.00
90	-174	0	158	-90	90.00
91	-175	0	158	-90	90.00
92	-175	0	159	-90	90.00
93	-175	0	160	-90	90.00
94	-175	0	160	-90	90.00
95	-176	0	161	-90	90.00
96	-176	0	-154	9	23.68
97	-176	0	-153	9	24.61
98	-177	0	-152	10	26.81
99	-177	0	-151	11	28.08
100	-177	0	-149	12	30.27
101	-177	0	-148	12	31.18
102	-178	0	-147	13	33.36
103	-178	0	-145	14	35.54
104	-178	0	-144	15	36.79
105	-178	0	-143	16	38.05
106	-178	0	-141	16	39.85
107	-178	0	-140	17	41.10
108	-179	0	-139	18	43.23
109	-179	0	-137	19	45.36
110	-179	0	-136	19	46.25
111	-179	0	-135	20	47.47
112	-178	0	-133	21	48.69
113	-178	0	-132	22	49.90
114	-178	0	-131	23	51.11
115	-178	0	-130	23	51.98
116	-178	0	-128	24	54.04
117	-179	0	-127	25	56.08
118	-179	0	-126	26	57.25
119	-179	1	-124	26	58.46
120	-179	1	-123	27	59.60
121	-179	1	-122	28	60.72
122	179	1	-120	29	64.38
123	179	1	-119	30	65.47
124	178	1	-118	30	67.15
125	177	0	-116	31	70.43
126	177	0	-115	32	71.48
127	176	0	-114	33	73.33
128	175	0	-156	16	32.78
129	174	0	-155	16	34.52
130	174	0	-154	17	35.81
131	174	0	-154	17	35.81
132	173	0	-153	18	37.96
133	173	0	-152	18	38.83
134	173	0	-152	19	39.24
135	173	0	-151	19	40.10
136	173	0	-151	20	40.52
137	173	0	-150	20	41.37
138	173	0	-149	21	42.64
139	173	0	-149	21	42.64
140	173	0	-148	22	43.90
141	173	0	-147	22	44.74
142	173	0	-147	23	45.16
143	172	0	-146	23	46.84
144	172	0	-146	24	47.24
145	172	0	-145	24	48.08
146	171	0	-144	25	50.14
147	171	0	-144	25	50.14
148	171	0	-143	26	51.37
149	171	0	-142	26	52.19
150	170	0	-142	27	53.40
151	170	0	-141	27	54.23
152	170	-1	-141	28	55.18
153	170	-1	-140	28	55.99
154	170	-1	-139	29	57.19
155	170	-1	-139	29	57.19
156	170	-1	-138	30	58.37
157	170	-2	-137	30	59.77
158	170	-3	-137	31	60.78
159	171	-5	-136	31	62.03
160	171	-6	166	0	7.80
161	171	-6	165	0	8.48
162	172	-6	165	0	9.21
163	173	-6	165	0	9.99
164	173	-6	164	0	10.80
165	173	-6	164	0	10.80
166	174	-6	164	0	11.65
167	174	-6	164	0	11.65
168	175	-6	163	0	13.40
169	175	-5	163	0	12.99
170	176	-5	163	0	13.91
171	176	-4	162	0	14.55
172	176	-4	162	0	14.55
173	177	-3	162	0	15.29
174	177	-3	162	0	15.29
175	176	-3	161	0	15.29
176	176	-3	161	0	15.29
177	176	-3	161	0	15.29
178	175	-3	160	0	15.29
179	174	-3	160	0	14.31
180	174	-3	160	0	14.31
181	173	-3	160	0	13.34
182	172	-3	159	0	13.34
183	171	-3	159	0	12.36
184	169	-3	159	0	10.44
185	168	-3	158	0	10.44
186	166	-3	158	0	8.54
187	165	-3	158	0	7.61
188	163	-3	158	0	5.83
189	162	-3	157	0	5.83
190	160	-3	157	0	4.24
191	158	-3	157	0	3.16
192	157	-3	167	-12	13.38
193	155	-3	166	-12	14.13
194	153	-4	166	-12	15.15
195	152	-4	166	-12	16.00
196	151	-4	166	-12	16.86
197	149	-4	166	-12	18.62
198	147	-5	166	-13	20.38
199	146	-5	166	-13	21.29
200	144	-5	166	-13	23.13
201	141	-5	165	-13	24.99
202	139	-5	165	-13	26.87
203	137	-5	165	-14	29.01
204	134	-5	165	-14	31.83
205	132	-5	165	-14	33.72
206	129	-6	165	-14	36.30
207	126	-6	165	-14	39.18
208	124	-6	165	-15	41.23
209	122	-6	164	-15	42.19
210	120	-6	164	-15	44.10
211	118	-6	164	-15	46.02
212	115	-6	164	-15	48.91
213	113	-6	164	-15	50.83
214	110	-6	164	-16	53.79
215	108	-6	164	-16	55.71
216	105	-6	164	-16	58.59
217	102	-6	163	-16	60.51
218	98	-7	163	-16	64.10
219	95	-7	163	-17	66.97
220	92	-7	163	-17	69.84
221	90	-7	163	-17	71.75
222	87	-8	163	-17	74.35
223	84	-8	163	-17	77.21
224	82	-8	143	0	61.31
225	79	-8	142	0	63.28
226	76	-8	142	0	66.25
227	73	-8	141	0	68.23
228	71	-7	141	0	70.16
229	68	-7	140	0	72.14
230	65	-7	140	0	75.11
231	63	-7	139	0	76.11
232	60	-6	139	0	79.06
233	57	-6	139	0	82.04
234	54	-6	138	0	84.03
235	51	-6	138	1	87.12
236	49	-6	137	1	88.12
237	47	-6	137	1	90.10
238	44	-6	136	1	92.09
239	42	-6	136	1	94.08
240	40	-6	136	1	96.07
241	38	-6	135	1	97.07
242	36	-6	135	1	99.05
243	33	-6	134	1	101.04
244	31	-6	134	1	103.03
245	29	-6	133	1	104.03
246	27	-6	133	2	106.12
247	25	-6	132	2	107.11
248	23	-6	132	2	109.10
249	21	-6	132	2	111.09
250	19	-6	131	2	112.08
251	17	-6	131	2	114.07
252	15	-6	130	2	115.07
253	13	-5	130	2	117.07
254	10	-5	129	2	119.06
255	7	-5	129	2	122.05
256	5	-6	7	-13	7.27
257	3	-5	4	-13	8.06
258	2	-5	2	-13	8.00
259	0	-5	0	-13	8.00
260	0	-4	-2	-13	9.21
261	-2	-4	-4	-13	9.21
262	-4	-4	-7	-13	9.48
263	-5	-3	-9	-14	11.69
264	-6	-3	-11	-14	12.06
265	-8	-3	-14	-14	12.49
266	-9	-2	-16	-14	13.85
267	-11	-2	-18	-14	13.85
268	-13	-2	-21	-14	14.37
269	-14	-1	-23	-15	16.58
270	-16	-1	-25	-15	16.58
271	-18	-1	-28	-15	17.13
272	-20	-1	-30	-15	17.13
273	-22	-1	-32	-15	17.13
274	-24	-1	-35	-15	17.72
275	-25	0	-37	-15	19.12
276	-26	0	-39	-16	20.51
277	-28	0	-42	-16	21.14
278	-29	0	-44	-16	21.80
279	-29	0	-46	-16	23.18
280	-29	1	-49	-16	26.06
281	-29	1	-51	-16	27.59
282	-30	2	-53	-17	29.59
283	-30	2	-56	-17	31.92
284	-31	3	-58	-17	33.32
285	-32	3	-60	-17	34.12
286	-32	4	-63	-17	37.12
287	-32	5	-65	-17	39.33
288	-32	6	-72	-4	41.18
289	-32	7	-74	-3	43.10
290	-32	8	-76	-3	45.24
291	-31	8	-79	-3	49.12
292	-31	9	-81	-3	51.26
293	-30	10	-84	-3	55.32
294	-30	11	-86	-3	57.44
295	-29	13	-88	-3	60.70
296	-29	14	-91	-3	63.75
297	-29	15	-93	-3	65.84
298	-28	15	-96	-3	69.65
299	-28	16	-98	-3	71.71
300	-27	16	-100	-3	74.56
301	-26	17	-103	-3	78.49
302	-26	17	-105	-3	80.39
303	-26	17	-108	-3	83.25
304	-25	18	-110	-3	86.18
305	-25	18	-112	-2	87.77
306	-23	19	-115	-2	92.54
307	-22	20	-117	-2	95.38
308	-21	22	-120	-2	99.09
309	-19	23	-122	-2	102.74
310	-18	25	-124	-2	105.33
311	-16	27	-127	-2	109.57
312	-15	28	-129	-2	112.04
313	-15	29	-132	-2	114.44
314	-15	30	-134	-2	115.92
315	-15	31	-136	-2	117.33
316	-14	31	-139	-2	120.62
317	-14	31	-141	-2	122.24
318	-13	31	-144	-2	125.45
319	-13	31	-146	-2	127.03
320	-13	31	-69	18	52.05
321	-13	31	-70	18	52.90
322	-13	31	-71	18	53.76
323	-13	31	-72	19	54.19
324	-13	31	-73	19	55.05
325	-13	30	-74	19	55.96
326	-13	30	-75	20	56.42
327	-13	29	-77	20	58.26
328	-12	29	-78	21	59.61
329	-12	27	-79	21	60.81
330	-12	26	-80	21	61.87
331	-11	23	-81	22	64.01
332	-11	20	-82	22	65.68
333	-10	17	-84	22	69.27
334	-10	16	-85	23	70.32
335	-10	13	-86	23	72.25
336	-10	13	-87	24	73.04
337	-11	11	-88	24	73.78
338	-11	10	-89	24	75.07
339	-11	9	-90	25	76.30
340	-12	9	-92	25	77.20
341	-12	8	-93	25	78.51
342	-12	7	-94	26	79.77
343	-12	6	-95	26	81.10
344	-12	6	-96	27	81.95
345	-13	5	-97	27	82.39
346	-13	5	-99	27	84.18
347	-14	5	-100	28	84.13
348	-14	6	-101	28	84.55
349	-14	5	-102	28	85.89
350	-15	5	-103	29	85.83
351	-15	5	-104	29	86.71
352	-16	5	6	56	53.93
353	-17	5	6	56	54.19
354	-18	4	7	57	56.57
355	-19	4	7	58	57.70
356	-20	4	8	59	59.11
357	-23	3	8	59	60.94
358	-27	2	9	60	64.25
359	-29	1	10	61	66.92
360	-30	1	10	62	67.98
361	-30	1	11	63	69.01
362	-30	0	11	63	69.96
363	-31	0	12	64	71.30
364	-32	0	13	65	72.61
365	-32	0	13	66	73.29
366	-33	0	14	66	73.90
367	-33	-1	14	67	75.50
368	-33	-1	15	68	76.44
369	-33	-1	16	69	77.36
370	-33	-1	16	70	78.00
371	-33	-1	17	70	78.26
372	-33	-1	17	71	78.89
373	-33	-1	18	72	79.76
374	-33	-1	19	73	80.60
375	-33	-1	19	73	80.60
376	-32	-1	20	74	81.21
377	-32	-2	20	75	82.79
378	-31	-2	21	76	83.40
379	-31	-2	22	77	84.19
380	-30	-2	22	77	84.01
381	-30	-2	23	78	84.78
382	-30	-2	23	79	85.38
383	-29	-1	24	80	84.99
384	-29	-1	-19	-21	22.25
385	-29	-1	-19	-21	22.25
386	-28	0	-19	-22	23.68
387	-28	0	-19	-23	24.61
388	-28	0	-19	-24	25.54
389	-28	0	-19	-25	26.47
390	-28	0	-19	-25	26.47
391	-28	0	-19	-26	27.41
392	-28	0	-19	-27	28.35
393	-28	1	-19	-28	30.26
394	-27	3	-19	-29	32.91
395	-27	5	-20	-29	34.66
396	-27	7	-20	-30	37.61
397	-26	9	-20	-31	40.41
398	-27	10	-20	-32	42.53
399	-27	12	-20	-33	45.49
400	-27	13	-20	-34	47.47
401	-28	14	-20	-34	48.60
402	-29	14	-20	-35	49.74
403	-31	14	-20	-36	51.07
404	-32	14	-20	-37	52.24
405	-34	13	-20	-38	52.66
406	-35	14	-21	-38	53.63
407	-37	14	-21	-39	55.07
408	-38	15	-21	-40	57.23
409	-39	16	-21	-41	59.39
410	-39	17	-21	-42	61.30
411	-39	19	-21	-42	63.23
412	-40	21	-21	-43	66.35
413	-41	22	-21	-44	68.50
414	-41	23	-21	-45	70.41
415	-42	23	-21	-46	71.59
416	-43	24	-42	-7	31.02
417	-44	25	-42	-7	32.06
418	-45	25	-42	-7	32.13
419	-46	26	-43	-7	33.13
420	-47	26	-43	-7	33.23
421	-48	27	-44	-7	34.22
422	-49	27	-44	-8	35.33
423	-49	28	-44	-8	36.32
424	-50	28	-45	-8	36.32
425	-50	29	-45	-8	37.31
426	-50	30	-46	-8	38.19
427	-50	31	-46	-9	40.18
428	-50	32	-46	-9	41.18
429	-50	34	-47	-9	43.09
430	-50	34	-47	-9	43.09
431	-50	35	-48	-9	44.04
432	-49	36	-48	-10	46.01
433	-48	36	-48	-10	46.00
434	-48	36	-49	-10	46.01
435	-48	37	-49	-10	47.01
436	-47	38	-50	-10	48.08
437	-46	38	-50	-10	48.15
438	-45	39	-50	-11	50.22
439	-43	39	-51	-11	50.55
440	-42	39	-51	-11	50.70
441	-39	39	-52	-11	51.45
442	-37	39	-52	-11	51.92
443	-35	39	-52	-12	53.41
444	-33	39	-53	-12	54.30
445	-30	40	-53	-12	56.21
446	-28	40	-54	-12	57.33
447	-25	40	-54	-12	58.55
448	-23	41	-57	49	25.09
449	-21	41	-57	49	26.40
450	-19	41	-57	50	27.77
451	-17	40	-58	51	30.30
452	-15	41	-58	52	31.04
453	-13	41	-59	52	32.89
454	-10	41	-59	53	34.72
455	-7	40	-60	54	37.72
456	-4	40	-60	55	39.44
457	-2	39	-60	56	41.23
458	0	39	-61	56	42.91
459	3	39	-61	57	44.49
460	5	39	-62	58	46.00
461	7	39	-62	59	46.93
462	9	39	-63	59	48.46
463	11	39	-63	60	49.30
464	14	39	-64	61	51.04
465	17	38	-64	62	53.02
466	19	38	-64	63	53.69
467	22	37	-65	63	56.28
468	24	36	-65	64	57.69
469	27	36	-66	65	59.01
470	29	36	-66	66	59.45
471	32	35	-67	66	61.84
472	35	34	-67	67	63.42
473	38	33	-67	68	64.93
474	41	32	-68	69	66.69
475	44	31	-68	70	68.03
476	47	32	-69	70	68.23
477	49	31	-69	71	69.15
478	52	31	-70	72	69.55
479	54	31	-70	73	69.37
480	57	32	-3	58	47.62
481	60	32	-2	58	48.67
482	63	32	-1	59	49.78
483	66	32	-1	59	51.33
484	68	32	0	60	51.85
485	71	32	0	60	53.35
486	74	32	0	61	54.77
487	76	31	1	61	56.08
488	79	31	2	62	56.96
489	81	30	2	62	58.73
490	83	30	3	63	59.08
491	85	29	3	63	60.84
492	88	28	4	64	62.46
493	91	27	5	64	64.20
494	94	27	5	65	65.29
495	97	26	6	65	67.00
496	100	26	7	66	67.58
497	104	25	7	67	69.77
498	108	25	8	67	70.88
499	111	24	8	68	72.53
500	115	24	9	68	73.57
501	118	24	10	69	73.83
502	120	23	10	69	75.41
503	123	23	11	70	75.57
504	125	22	12	70	76.81
505	127	21	12	71	77.85
506	130	21	13	71	78.41
507	133	20	13	72	79.62
508	135	19	14	72	80.84
509	138	19	15	73	80.75
510	141	18	15	73	82.41
511	143	17	16	74	82.97
512	146	17	137	23	10.36
513	149	16	139	22	11.19
514	152	16	142	22	11.19
515	153	17	144	22	9.84
516	154	16	147	21	8.31
517	156	16	149	21	8.31
518	157	16	152	21	6.89
519	157	15	154	21	6.64
520	157	15	157	20	5.00
521	157	15	159	20	5.35
522	157	15	162	20	6.91
523	158	15	164	19	6.99
524	158	15	167	19	9.49
525	159	15	169	19	10.36
526	160	15	172	19	12.15
527	160	15	174	18	13.75
528	160	15	177	18	16.57
529	161	15	179	18	17.51
530	161	15	-178	17	20.28
531	161	15	-176	17	22.19
532	161	15	-173	17	25.05
533	162	15	-171	17	26.01
534	163	15	-168	16	27.94
535	164	14	-166	16	29.02
536	167	13	-163	16	29.17
537	169	12	-161	15	29.30
538	171	11	-158	15	30.44
539	173	10	-156	15	30.65
540	174	9	-153	15	32.80
541	175	9	-151	14	33.66
542	177	10	-148	14	34.44
543	179	11	-146	14	34.27
544	-179	10	-125	2	54.23
545	-178	10	-123	1	55.40
546	-177	10	-120	1	57.36
547	-177	9	-117	0	60.41
548	-178	9	-114	0	64.34
549	-178	9	-112	0	66.31
550	-177	9	-109	0	68.28
551	-176	9	-106	-1	70.43
552	-176	8	-103	-1	73.32
553	-176	8	-100	-2	76.43
554	-176	8	-98	-2	78.41
555	-176	8	-95	-3	81.52
556	-176	8	-92	-3	84.49
557	-175	8	-89	-4	86.61
558	-175	8	-87	-4	88.58
559	-174	8	-84	-5	90.69
560	-173	8	-81	-5	92.67
561	-172	8	-78	-5	94.64
562	-172	7	-75	-6	97.65
563	-172	7	-73	-6	99.62
564	-171	7	-70	-7	101.70
565	-170	6	-67	-7	103.58
566	-169	6	-64	-8	105.63
567	-168	6	-62	-8	106.62
568	-167	6	-59	-9	108.66
569	-167	6	-56	-9	111.62
570	-166	6	-53	-10	113.63
571	-166	6	-50	-10	116.58
572	-165	6	-48	-11	117.59
573	-165	6	-45	-11	120.54
574	-164	6	-42	-12	122.50
575	-164	6	-39	-12	125.43
576	-164	6	-144	3	20.16
577	-163	7	-142	2	21.52
578	-163	7	-141	2	22.49
579	-163	7	-140	2	23.46
580	-163	8	-139	2	24.64
581	-163	8	-138	1	25.87
582	-163	9	-137	1	27.09
583	-163	9	-136	1	28.04
584	-163	10	-135	1	29.26
585	-163	11	-134	1	30.49
586	-163	11	-133	0	31.78
587	-163	12	-131	0	33.95
588	-164	12	-130	0	35.81
589	-164	13	-129	0	37.05
590	-164	13	-128	0	37.97
591	-164	14	-127	0	39.20
592	-164	14	-126	0	40.13
593	-164	14	-125	0	41.06
594	-164	13	-124	0	41.72
595	-164	13	-123	-1	43.00
596	-164	12	-122	-1	43.68
597	-163	11	-121	-1	43.44
598	-163	9	-119	-1	44.96
599	-162	6	-118	-2	44.66
600	-160	3	-117	-2	43.27
601	-159	1	-116	-2	43.10
602	-157	0	-115	-2	42.04
603	-157	0	-114	-2	43.04
604	-156	-2	-113	-3	42.97
605	-155	-2	-112	-3	42.97
606	-154	-3	-111	-3	42.94
607	-154	-3	-110	-3	43.94
608	-153	-2	-149	2	5.66
609	-153	-2	-148	1	5.83
610	-153	-2	-148	1	5.83
611	-152	-2	-147	1	5.83
612	-152	-2	-147	1	5.83
613	-151	-2	-146	1	5.83
614	-151	-1	-146	1	5.38
615	-151	-1	-145	1	6.32
616	-152	-1	-145	1	7.28
617	-152	0	-144	0	8.00
618	-152	0	-144	0	8.00
619	-153	0	-143	0	10.00
620	-153	1	-143	0	10.05
621	-153	1	-142	0	11.04
622	-154	2	-142	0	12.16
623	-155	3	-141	0	14.31
624	-156	5	-141	0	15.79
625	-157	6	-141	0	17.06
626	-158	8	-140	0	19.64
627	-158	10	-140	0	20.51
628	-159	12	-139	0	23.20
629	-160	13	-139	0	24.54
630	-161	15	-138	0	27.23
631	-162	16	-138	0	28.58
632	-162	18	-137	-1	31.08
633	-163	19	-137	-1	32.43
634	-164	20	-136	-1	34.55
635	-164	22	-136	-1	35.71
636	-165	23	-135	-1	37.79
637	-166	24	-135	-1	39.12
638	-167	24	-134	-1	40.63
639	-168	25	-134	-1	41.94
640	-169	26	-142	-10	44.56
641	-170	27	-141	-10	46.48
642	-171	28	-141	-10	47.82
643	-172	29	-140	-10	49.74
644	-174	29	-140	-11	51.74
645	-175	31	-140	-11	53.77
646	-176	31	-139	-11	54.99
647	-177	32	-139	-11	56.30
648	-178	33	-139	-12	58.38
649	-179	33	-138	-12	59.61
650	-179	33	-138	-12	59.61
651	180	34	-138	-12	60.90
652	179	34	-137	-13	62.92
653	179	35	-137	-13	63.57
654	178	35	-137	-13	64.19
655	177	36	-136	-13	66.08
656	177	36	-136	-14	66.85
657	176	36	-136	-14	67.48
658	175	37	-135	-14	69.36
659	175	37	-135	-14	69.36
660	175	37	-135	-15	70.12
661	174	37	-134	-15	71.39
662	174	38	-134	-15	71.98
663	174	38	-134	-15	71.98
664	173	38	-133	-16	74.01
665	173	38	-133	-16	74.01
666	173	38	-133	-16	74.01
667	173	39	-132	-16	75.23
668	172	39	-132	-17	76.61
669	172	39	-132	-17	76.61
670	173	39	-131	-17	76.61
671	173	39	-131	-17	76.61
672	173	39	175	54	15.06
673	173	38	175	54	16.06
674	173	38	174	55	17.01
675	172	38	174	56	18.05
676	172	38	173	57	19.01
677	172	37	173	58	21.01
678	172	38	172	59	21.00
679	172	38	172	60	22.00
680	172	38	171	61	23.01
681	172	38	171	61	23.01
682	171	37	170	62	25.01
683	171	37	170	63	26.01
684	170	38	169	64	26.01
685	170	38	169	65	27.01
686	169	38	168	66	28.01
687	169	37	168	67	30.01
688	168	37	167	68	31.01
689	168	37	167	68	31.01
690	168	37	166	69	32.02
691	168	37	166	70	33.02
692	167	37	165	71	34.02
693	167	36	165	72	36.01
694	167	36	164	73	37.03
695	167	36	164	74	38.03
696	166	36	163	75	39.03
697	166	36	163	75	39.03
698	166	36	162	76	40.04
699	165	36	162	77	41.02
700	165	36	161	78	42.04
701	165	36	161	79	43.03
702	165	36	160	80	44.04
703	164	36	160	81	45.02
704	164	36	155	52	17.23
705	164	36	154	52	17.50
706	164	36	153	52	17.80
707	164	36	153	53	18.67
708	163	36	152	53	18.67
709	164	36	152	54	19.84
710	164	35	151	54	21.06
711	164	34	151	54	22.00
712	164	33	150	55	24.09
713	165	31	149	55	26.56
714	165	30	149	56	28.35
715	165	28	148	56	30.53
716	165	27	148	56	31.48
717	165	25	147	57	34.52
718	165	24	147	57	35.48
719	166	23	146	58	37.84
720	166	21	146	58	39.75
721	166	20	145	58	40.98
722	166	19	144	59	43.06
723	165	18	144	59	43.77
724	165	16	143	60	46.82
725	165	15	143	60	47.78
726	165	13	142	60	49.96
727	165	12	142	61	51.80
728	165	11	141	61	53.01
729	165	10	140	62	55.09
730	165	10	140	62	55.09
731	165	9	139	62	56.30
732	165	8	139	63	58.12
733	165	7	138	63	59.33
734	164	6	138	64	60.94
735	164	5	137	64	62.13
736	164	5	155	33	29.23
737	164	5	154	32	28.58
738	164	5	154	32	28.58
739	164	5	154	32	28.58
740	163	4	153	32	29.53
741	163	4	153	32	29.53
742	163	4	153	32	29.53
743	163	4	153	32	29.53
744	163	4	152	32	29.84
745	163	4	152	32	29.84
746	163	4	152	32	29.84
747	163	4	151	31	29.27
748	163	4	151	31	29.27
749	163	4	151	31	29.27
750	163	4	151	31	29.27
751	163	3	150	31	30.57
752	163	3	150	31	30.57
753	163	3	150	31	30.57
754	163	4	149	31	30.05
755	163	3	149	31	30.96
756	163	3	149	31	30.96
757	162	4	149	31	29.65
758	162	4	148	30	29.18
759	162	3	148	30	30.08
760	162	3	148	30	30.08
761	162	3	147	30	30.51
762	162	3	147	30	30.51
763	161	3	147	30	30.08
764	160	3	147	30	29.68
765	159	2	146	30	30.60
766	159	2	146	30	30.60
767	159	2	146	30	30.60
768	159	2	164	-26	28.41
769	159	1	164	-26	27.43
770	159	1	164	-27	28.41
771	159	1	164	-28	29.39
772	158	0	164	-29	29.56
773	158	0	164	-30	30.54
774	158	0	164	-31	31.52
775	158	0	164	-32	32.50
776	158	-1	164	-33	32.49
777	158	-1	164	-34	33.47
778	158	-1	164	-35	34.46
779	158	-2	164	-36	34.45
780	158	-2	164	-37	35.43
781	158	-3	164	-38	35.43
782	158	-4	164	-39	35.42
783	158	-4	164	-40	36.41
784	159	-6	164	-41	35.28
785	159	-8	164	-42	34.29
786	160	-10	164	-43	33.18
787	161	-12	164	-44	32.10
788	162	-14	164	-45	31.05
789	163	-15	164	-46	31.01
790	163	-16	164	-47	31.01
791	164	-17	164	-48	31.00
792	164	-17	164	-49	32.00
793	164	-17	164	-50	33.00
794	165	-17	164	-51	34.01
795	166	-18	164	-52	34.04
796	167	-18	164	-53	35.08
797	167	-19	164	-54	35.08
798	168	-19	164	-55	36.13
799	169	-19	164	-56	37.19
800	170	-20	154	-1	24.62
801	171	-20	153	-1	25.90
802	171	-20	153	-1	25.90
803	172	-21	153	-1	27.27
804	173	-21	153	-1	27.94
805	174	-21	153	-1	28.63
806	175	-21	153	-1	29.34
807	176	-21	152	-1	30.80
808	177	-21	152	-1	31.54
809	177	-22	152	-1	32.14
810	178	-22	152	-1	32.89
811	179	-22	152	-2	33.00
812	179	-22	152	-2	33.00
813	179	-22	151	-2	33.77
814	179	-21	151	-2	33.25
815	180	-21	151	-2	34.05
816	-179	-22	151	-2	35.36
817	-179	-22	151	-2	35.36
818	-179	-22	151	-2	35.36
819	-178	-22	151	-2	36.16
820	-177	-22	150	-2	37.80
821	-177	-22	150	-2	37.80
822	-177	-22	150	-3	37.24
823	-177	-22	150	-3	37.24
824	-177	-22	150	-3	37.24
825	-176	-22	150	-3	38.07
826	-176	-22	149	-3	38.92
827	-175	-22	149	-3	39.76
828	-175	-22	149	-3	39.76
829	-174	-22	149	-3	40.62
830	-174	-22	149	-3	40.62
831	-172	-22	149	-3	42.34
832	-171	-22	-179	-42	21.09
833	-169	-23	-179	-42	20.75
834	-168	-23	-179	-43	21.98
835	-167	-23	-178	-44	22.87
836	-165	-23	-178	-44	23.56
837	-164	-24	-178	-45	23.88
838	-163	-24	-177	-46	24.72
839	-161	-25	-177	-46	24.61
840	-160	-25	-177	-47	25.82
841	-159	-25	-176	-48	26.62
842	-158	-25	-176	-48	27.02
843	-157	-25	-176	-49	28.22
844	-156	-25	-175	-50	29.01
845	-155	-25	-175	-50	29.40
846	-154	-25	-175	-51	30.58
847	-153	-25	-174	-52	31.36
848	-152	-25	-174	-53	32.52
849	-152	-25	-174	-53	32.52
850	-151	-25	-173	-54	33.30
851	-150	-25	-173	-55	34.44
852	-149	-25	-173	-55	34.81
853	-149	-25	-172	-56	35.23
854	-148	-25	-172	-57	36.35
855	-148	-25	-172	-57	36.35
856	-147	-25	-171	-58	37.14
857	-146	-25	-171	-59	38.25
858	-146	-25	-171	-59	38.25
859	-145	-24	-170	-60	39.98
860	-145	-24	-170	-61	40.79
861	-145	-24	-170	-61	40.79
862	-145	-24	-169	-62	41.33
863	-145	-24	-169	-63	42.16
864	-145	-24	-152	-24	6.39
865	-145	-24	-151	-24	5.48
866	-145	-24	-150	-24	4.57
867	-145	-24	-150	-24	4.57
868	-145	-24	-149	-24	3.65
869	-146	-24	-149	-24	2.74
870	-146	-24	-148	-24	1.83
871	-146	-24	-147	-24	0.91
872	-147	-24	-147	-24	0.00
873	-147	-24	-146	-24	0.91
874	-147	-24	-146	-24	0.91
875	-148	-24	-145	-24	2.74
876	-149	-24	-144	-24	4.57
877	-150	-24	-144	-24	5.48
878	-151	-24	-143	-24	7.31
879	-152	-24	-143	-24	8.22
880	-153	-25	-142	-25	9.97
881	-154	-25	-141	-25	11.78
882	-154	-24	-141	-25	11.87
883	-155	-24	-140	-25	13.68
884	-157	-24	-140	-25	15.49
885	-157	-24	-139	-25	16.40
886	-159	-24	-138	-25	19.12
887	-160	-24	-138	-25	20.02
888	-161	-24	-137	-25	21.83
889	-162	-24	-137	-25	22.74
890	-163	-24	-136	-25	24.55
891	-164	-24	-135	-25	26.36
892	-165	-24	-135	-25	27.26
893	-167	-24	-134	-25	29.97
894	-168	-24	-134	-25	30.87
895	-169	-24	-133	-25	32.68
896	-170	-24	-119	-26	45.97
897	-172	-23	-118	-26	48.88
898	-174	-23	-117	-26	51.55
899	-176	-23	-116	-26	54.20
900	-177	-23	-115	-26	55.96
901	-179	-23	-114	-26	58.60
902	178	-23	-114	-26	61.24
903	177	-23	-113	-26	62.98
904	175	-23	-112	-26	65.60
905	173	-24	-111	-26	67.86
906	172	-24	-110	-26	69.57
907	170	-24	-110	-26	71.28
908	169	-24	-109	-26	72.99
909	167	-25	-108	-26	75.15
910	165	-25	-107	-26	77.66
911	163	-25	-106	-26	80.15
912	161	-25	-106	-27	81.40
913	160	-26	-105	-27	82.58
914	159	-27	-104	-27	83.72
915	157	-28	-103	-27	85.61
916	155	-30	-102	-27	86.94
917	154	-32	-101	-27	87.42
918	152	-33	-101	-27	88.35
919	151	-34	-100	-27	89.23
920	149	-35	-99	-27	90.75
921	147	-36	-98	-27	92.17
922	145	-36	-97	-27	94.10
923	142	-37	-97	-27	95.35
924	140	-37	-96	-27	97.16
925	138	-38	-95	-27	98.22
926	136	-38	-94	-27	99.89
927	134	-39	-93	-27	100.75
928	132	-39	165	-24	31.64
929	130	-40	165	-24	33.42
930	128	-40	164	-24	34.15
931	125	-40	163	-24	35.62
932	123	-41	162	-24	36.62
933	121	-41	162	-24	38.08
934	119	-42	161	-24	39.04
935	117	-43	160	-24	40.00
936	116	-43	159	-24	40.00
937	115	-44	158	-24	40.26
938	113	-44	158	-24	41.65
939	112	-44	157	-24	41.65
940	110	-45	156	-24	42.58
941	108	-45	155	-24	43.27
942	107	-45	155	-24	43.96
943	105	-46	154	-24	44.85
944	103	-46	153	-24	45.53
945	101	-47	152	-24	46.40
946	99	-47	151	-24	47.07
947	97	-47	151	-24	48.42
948	95	-46	150	-24	48.96
949	93	-46	149	-24	49.65
950	91	-46	148	-24	50.34
951	87	-46	148	-24	53.11
952	84	-46	147	-24	54.50
953	82	-46	146	-24	55.20
954	79	-45	145	-24	56.61
955	77	-46	144	-24	57.28
956	75	-47	144	-24	58.62
957	73	-47	143	-24	59.30
958	71	-47	142	-24	59.98
959	68	-47	141	-24	61.34
960	66	-47	74	-54	8.64
961	65	-47	72	-54	8.29
962	64	-47	70	-54	7.97
963	62	-47	68	-55	8.84
964	60	-47	66	-55	8.84
965	59	-47	64	-56	9.52
966	57	-47	63	-56	9.74
967	55	-47	61	-57	10.65
968	52	-47	59	-57	10.88
969	50	-47	57	-58	11.78
970	47	-47	55	-58	12.01
971	46	-47	54	-59	12.91
972	44	-47	52	-59	12.91
973	43	-47	50	-60	13.63
974	42	-47	48	-60	13.47
975	41	-46	46	-61	15.28
976	40	-46	45	-61	15.28
977	39	-46	43	-61	15.18
978	38	-46	41	-62	16.09
979	37	-45	39	-62	17.04
980	36	-45	37	-63	18.01
981	35	-45	35	-63	18.00
982	35	-45	34	-64	19.01
983	34	-45	32	-64	19.03
984	34	-44	30	-65	21.12
985	34	-44	28	-65	21.26
986	34	-44	26	-66	22.43
987	34	-44	25	-66	22.54
988	34	-43	23	-67	24.73
989	34	-43	21	-67	25.01
990	34	-43	19	-68	26.24
991	34	-43	17	-68	26.58
992	34	-42	0	-55	25.64
993	34	-42	-2	-55	26.75
994	33	-41	-4	-55	27.98
995	33	-41	-6	-55	29.09
996	32	-41	-8	-56	29.87
997	31	-40	-10	-56	31.11
998	31	-39	-12	-56	32.91
999	30	-39	-14	-56	33.45
1000	29	-38	-16	-57	34.93
1001	28	-37	-18	-57	36.21
1002	27	-36	-20	-57	37.49
1003	26	-35	-22	-57	38.78
1004	25	-34	-24	-58	40.32
1005	24	-33	-26	-58	41.62
1006	23	-32	-28	-58	42.93
1007	22	-32	-30	-58	43.44
1008	21	-32	-33	-59	44.69
1009	19	-31	-35	-59	45.50
1010	18	-31	-37	-59	46.00
1011	16	-30	-39	-59	46.81
1012	15	-29	-41	-60	48.36
1013	14	-28	-43	-60	49.68
1014	13	-28	-45	-60	50.17
1015	12	-27	-47	-60	51.49
1016	11	-27	-49	-61	52.19
1017	10	-27	-51	-61	52.66
1018	9	-26	-53	-61	53.99
1019	9	-26	-55	-61	54.94
1020	8	-26	-57	-62	55.57
1021	8	-26	-59	-62	56.50
1022	8	-26	-61	-62	57.43
1023	7	-26	-63	-62	57.90
1024	7	-26	2	-37	11.79
1025	6	-26	1	-36	10.88
1026	6	-26	0	-36	11.24
1027	5	-25	-1	-36	12.15
1028	5	-25	-2	-36	12.54
1029	5	-25	-3	-36	12.97
1030	4	-24	-4	-36	13.84
1031	4	-24	-5	-35	13.49
1032	5	-24	-6	-35	14.56
1033	5	-23	-7	-35	15.91
1034	5	-23	-8	-35	16.50
1035	6	-23	-9	-35	17.74
1036	6	-23	-10	-35	18.39
1037	7	-23	-11	-34	19.22
1038	7	-23	-12	-34	19.94
1039	8	-23	-13	-34	21.42
1040	8	-23	-14	-34	22.17
1041	9	-24	-15	-34	23.17
1042	9	-24	-16	-34	23.96
1043	9	-24	-17	-34	24.75
1044	10	-24	-18	-33	26.10
1045	10	-25	-19	-33	26.50
1046	10	-25	-20	-33	27.32
1047	9	-26	-21	-33	26.93
1048	9	-26	-22	-33	27.76
1049	9	-27	-23	-33	28.24
1050	9	-27	-24	-32	29.04
1051	9	-27	-25	-32	29.89
1052	8	-27	-26	-32	29.89
1053	8	-27	-27	-32	30.73
1054	8	-27	-28	-32	31.58
1055	7	-27	-29	-32	31.58
1056	7	-28	-20	-10	31.10
1057	6	-28	-20	-9	30.99
1058	6	-28	-21	-9	31.74
1059	6	-28	-22	-8	33.14
1060	6	-28	-23	-8	33.89
1061	5	-28	-24	-7	34.54
1062	5	-28	-25	-7	35.30
1063	5	-29	-25	-6	36.49
1064	5	-29	-26	-6	37.23
1065	5	-29	-27	-5	38.63
1066	6	-29	-28	-5	40.13
1067	6	-29	-29	-4	41.54
1068	6	-29	-30	-4	42.30
1069	6	-30	-30	-3	43.46
1070	7	-30	-31	-3	44.95
1071	7	-31	-32	-2	46.87
1072	8	-32	-33	-2	48.84
1073	9	-33	-34	-1	51.48
1074	11	-34	-35	-1	54.16
1075	13	-34	-36	0	57.05
1076	15	-35	-36	0	58.97
1077	19	-36	-37	0	63.10
1078	23	-36	-38	1	67.55
1079	26	-37	-39	1	70.92
1080	29	-37	-40	2	74.63
1081	31	-37	-41	2	76.96
1082	33	-38	-41	3	79.36
1083	35	-38	-42	3	81.67
1084	37	-38	-43	4	84.63
1085	38	-38	-44	4	86.19
1086	40	-38	-45	5	89.15
1087	42	-38	-46	5	91.50
1088	44	-38	7	-30	31.48
1089	45	-38	7	-30	32.26
1090	47	-38	7	-30	33.84
1091	48	-38	7	-30	34.63
1092	49	-38	7	-30	35.41
1093	51	-37	7	-30	37.02
1094	52	-37	7	-30	37.82
1095	53	-38	7	-30	38.57
1096	55	-38	7	-30	40.14
1097	57	-37	7	-30	41.80
1098	60	-37	7	-30	44.18
1099	62	-37	7	-30	45.76
1100	64	-37	7	-30	47.34
1101	66	-37	7	-30	48.92
1102	68	-37	7	-30	50.49
1103	70	-37	7	-30	52.05
1104	72	-36	7	-31	53.43
1105	74	-36	7	-31	54.99
1106	76	-35	7	-31	56.84
1107	77	-35	7	-31	57.62
1108	79	-35	7	-31	59.18
1109	81	-34	7	-31	61.06
1110	82	-34	7	-31	61.84
1111	84	-34	7	-31	63.39
1112	86	-34	7	-31	64.94
1113	88	-33	7	-31	66.86
1114	90	-33	7	-31	68.40
1115	91	-33	7	-31	69.17
1116	93	-33	7	-31	70.69
1117	95	-33	7	-31	72.21
1118	96	-32	7	-31	73.40
1119	98	-32	7	-31	74.92
1120	99	-32	81	-48	21.01
1121	100	-32	82	-48	21.01
1122	102	-31	83	-48	22.32
1123	103	-31	84	-48	22.32
1124	104	-31	85	-49	23.01
1125	105	-31	86	-49	23.01
1126	106	-31	87	-49	23.01
1127	107	-30	89	-50	24.15
1128	108	-30	90	-50	24.15
1129	109	-30	91	-50	24.15
1130	111	-29	92	-51	26.21
1131	113	-29	93	-51	26.62
1132	115	-29	94	-51	27.05
1133	117	-29	96	-52	27.78
1134	120	-29	97	-52	28.63
1135	122	-29	98	-52	29.08
1136	124	-29	99	-53	30.21
1137	125	-29	100	-53	30.21
1138	127	-29	101	-53	30.65
1139	128	-28	102	-53	31.51
1140	129	-28	104	-54	31.77
1141	130	-28	105	-54	31.77
1142	130	-28	106	-54	31.36
1143	131	-27	107	-55	32.99
1144	132	-27	108	-55	32.99
1145	132	-27	109	-55	32.61
1146	133	-26	111	-56	33.96
1147	134	-26	112	-56	33.96
1148	134	-25	113	-56	34.56
1149	135	-25	114	-57	35.39
1150	135	-24	115	-57	36.03
1151	136	-23	116	-57	36.98
1152	136	-21	154	-26	17.23
1153	137	-19	155	-25	17.72
1154	137	-17	157	-25	20.28
1155	137	-16	159	-25	22.44
1156	137	-14	160	-25	24.26
1157	137	-13	162	-25	26.44
1158	137	-12	164	-24	28.27
1159	137	-11	166	-24	30.47
1160	137	-9	167	-24	32.32
1161	137	-8	169	-24	34.53
1162	137	-7	171	-24	36.75
1163	136	-5	172	-23	39.11
1164	136	-3	174	-23	41.86
1165	136	-2	176	-23	44.08
1166	136	-1	178	-23	46.31
1167	135	0	179	-23	48.54
1168	135	0	-179	-23	50.25
1169	134	1	-177	-22	53.01
1170	134	2	-176	-22	54.37
1171	133	3	-174	-22	57.48
1172	133	3	-172	-22	59.24
1173	133	3	-170	-22	61.01
1174	132	4	-169	-21	62.96
1175	132	3	-167	-21	64.33
1176	132	3	-165	-21	66.14
1177	131	3	-164	-21	67.96
1178	131	2	-162	-21	69.39
1179	130	1	-160	-20	71.62
1180	129	1	-158	-20	74.41
1181	127	0	-157	-20	76.86
1182	125	0	-155	-20	80.61
1183	123	0	-153	-20	84.36
1184	122	-1	173	-10	51.49
1185	120	-1	174	-9	54.32
1186	118	-2	175	-9	57.11
1187	116	-2	176	-8	60.02
1188	114	-2	177	-8	62.99
1189	112	-2	178	-8	65.96
1190	110	-2	179	-7	68.92
1191	108	-3	-179	-7	72.77
1192	106	-3	-178	-7	75.75
1193	105	-3	-177	-6	77.76
1194	102	-3	-176	-6	81.74
1195	100	-3	-175	-6	84.72
1196	98	-3	-174	-5	87.75
1197	94	-3	-172	-5	93.72
1198	92	-4	-171	-5	96.61
1199	89	-4	-170	-4	100.66
1200	86	-4	-169	-4	104.64
1201	83	-4	-168	-4	108.61
1202	81	-4	-167	-3	111.69
1203	79	-5	-166	-3	114.57
1204	77	-5	-164	-3	118.54
1205	75	-6	-163	-2	121.54
1206	73	-7	-162	-2	124.38
1207	72	-7	-161	-2	126.35
1208	70	-8	-160	-1	129.35
1209	69	-8	-159	-1	131.31
1210	67	-9	-157	-1	135.04
1211	66	-9	-156	0	137.22
1212	65	-9	-155	0	139.17
1213	64	-9	-154	0	141.11
1214	62	-10	-153	0	143.78
1215	61	-11	-152	0	145.41
1216	60	-12	108	19	56.55
1217	58	-13	107	19	57.91
1218	56	-14	107	20	60.59
1219	53	-15	106	20	62.76
1220	51	-15	106	21	64.88
1221	49	-16	105	22	66.73
1222	47	-16	105	22	68.34
1223	45	-15	104	23	69.10
1224	43	-15	104	24	71.18
1225	41	-15	104	24	72.82
1226	38	-15	103	25	74.89
1227	37	-15	103	25	75.72
1228	35	-15	102	26	76.95
1229	34	-16	102	27	78.71
1230	32	-16	101	27	79.53
1231	29	-16	101	28	82.36
1232	27	-16	101	29	84.37
1233	25	-16	100	29	85.18
1234	22	-16	100	30	87.98
1235	20	-16	99	30	88.80
1236	17	-16	99	31	91.56
1237	14	-17	98	32	94.02
1238	12	-17	98	32	95.64
1239	9	-18	97	33	98.07
1240	7	-18	97	34	99.95
1241	5	-18	97	34	101.56
1242	3	-18	96	35	102.59
1243	2	-18	96	35	103.39
1244	0	-18	95	36	104.40
1245	0	-18	95	37	104.61
1246	-1	-19	94	37	105.17
1247	-3	-19	94	38	106.93
1248	-4	-19	-2	-23	4.41
1249	-5	-19	-3	-23	4.41
1250	-6	-20	-5	-23	3.14
1251	-8	-20	-7	-24	4.11
1252	-9	-20	-9	-24	4.00
1253	-11	-20	-11	-24	4.00
1254	-13	-20	-13	-25	5.00
1255	-15	-21	-15	-25	4.00
1256	-17	-21	-17	-25	4.00
1257	-19	-21	-19	-26	5.00
1258	-21	-21	-21	-26	5.00
1259	-23	-21	-23	-26	5.00
1260	-24	-21	-25	-27	6.07
1261	-25	-22	-27	-27	5.32
1262	-26	-22	-29	-27	5.70
1263	-27	-22	-31	-28	7.01
1264	-28	-22	-33	-28	7.52
1265	-28	-22	-34	-28	8.09
1266	-29	-23	-36	-29	8.69
1267	-29	-23	-38	-29	10.07
1268	-30	-23	-40	-29	10.80
1269	-30	-23	-42	-30	12.81
1270	-30	-23	-44	-30	14.33
1271	-30	-24	-46	-30	15.45
1272	-30	-24	-48	-31	17.40
1273	-30	-24	-50	-31	19.03
1274	-30	-24	-52	-31	20.69
1275	-30	-24	-54	-32	22.59
1276	-30	-24	-56	-32	24.24
1277	-30	-24	-58	-32	25.90
1278	-30	-24	-60	-33	27.74
1279	-30	-25	-62	-33	28.98
1280	-30	-25	-68	-26	34.19
1281	-30	-25	-70	-26	35.98
1282	-30	-26	-72	-26	37.58
1283	-30	-27	-74	-26	39.19
1284	-29	-28	-76	-26	41.67
1285	-28	-30	-78	-27	43.70
1286	-27	-32	-80	-27	45.95
1287	-27	-34	-82	-27	47.35
1288	-26	-36	-84	-27	49.55
1289	-25	-37	-86	-27	51.81
1290	-25	-38	-88	-28	52.78
1291	-25	-38	-90	-28	54.33
1292	-25	-39	-92	-28	55.70
1293	-25	-39	-94	-28	57.22
1294	-26	-38	-96	-29	57.71
1295	-26	-38	-98	-29	59.24
1296	-26	-38	-100	-29	60.76
1297	-26	-39	-102	-29	62.00
1298	-26	-39	-104	-29	63.49
1299	-26	-39	-106	-30	64.44
1300	-26	-39	-108	-30	65.90
1301	-26	-39	-110	-30	67.36
1302	-26	-39	-112	-30	68.80
1303	-27	-39	-114	-31	68.96
1304	-27	-39	-116	-31	70.38
1305	-27	-39	-118	-31	71.79
1306	-27	-39	-120	-31	73.19
1307	-27	-39	-122	-31	74.57
1308	-27	-39	-124	-32	75.33
1309	-27	-39	-126	-32	76.68
1310	-27	-39	-128	-32	78.01
1311	-26	-39	-130	-32	79.98
1312	-27	-39	-56	-31	24.94
1313	-26	-39	-56	-31	25.71
1314	-26	-39	-57	-31	26.48
1315	-26	-39	-58	-31	27.25
1316	-25	-39	-59	-31	28.79
1317	-25	-39	-60	-31	29.56
1318	-25	-39	-60	-32	29.15
1319	-25	-39	-61	-32	29.93
1320	-25	-39	-62	-32	30.70
1321	-25	-39	-63	-32	31.48
1322	-25	-38	-64	-32	32.26
1323	-25	-38	-64	-33	31.91
1324	-25	-38	-65	-33	32.69
1325	-25	-38	-66	-33	33.48
1326	-24	-38	-67	-33	35.05
1327	-25	-38	-68	-33	35.05
1328	-24	-38	-69	-34	36.27
1329	-24	-38	-69	-34	36.27
1330	-24	-38	-70	-34	37.05
1331	-24	-38	-71	-34	37.83
1332	-24	-38	-72	-34	38.61
1333	-24	-38	-73	-34	39.39
1334	-24	-38	-73	-35	39.05
1335	-24	-38	-74	-35	39.82
1336	-23	-38	-75	-35	41.36
1337	-23	-38	-76	-35	42.13
1338	-23	-38	-77	-35	42.90
1339	-23	-38	-77	-36	42.56
1340	-22	-38	-78	-36	44.08
1341	-22	-38	-79	-36	44.84
1342	-22	-37	-80	-36	45.88
1343	-21	-36	-81	-36	47.72
1344	-20	-36	-24	-53	17.23
1345	-19	-35	-23	-53	18.22
1346	-17	-34	-23	-53	19.48
1347	-16	-33	-23	-54	21.58
1348	-15	-32	-23	-54	22.73
1349	-14	-31	-23	-55	24.84
1350	-13	-30	-23	-55	26.00
1351	-13	-29	-23	-56	27.92
1352	-12	-28	-23	-56	29.09
1353	-12	-27	-23	-56	30.06
1354	-11	-27	-23	-57	31.19
1355	-11	-26	-22	-57	31.99
1356	-11	-25	-22	-58	33.92
1357	-11	-24	-22	-58	34.90
1358	-11	-24	-22	-59	35.85
1359	-11	-23	-22	-59	36.84
1360	-11	-23	-22	-60	37.80
1361	-11	-23	-22	-60	37.80
1362	-11	-22	-22	-60	38.79
1363	-10	-21	-22	-61	40.87
1364	-9	-21	-22	-61	41.02
1365	-8	-21	-22	-62	42.12
1366	-7	-20	-21	-62	43.11
1367	-6	-20	-21	-63	44.21
1368	-5	-19	-21	-63	45.36
1369	-3	-19	-21	-63	45.71
1370	-2	-18	-21	-64	47.78
1371	0	-18	-21	-64	48.17
1372	0	-18	-21	-65	49.06
1373	1	-18	-21	-65	49.25
1374	2	-17	-21	-66	51.31
1375	2	-17	-21	-66	51.31
1376	3	-17	-13	-33	21.54
1377	4	-17	-12	-32	20.85
1378	5	-17	-12	-32	21.49
1379	6	-17	-12	-32	22.14
1380	7	-17	-12	-32	22.82
1381	7	-17	-11	-32	22.14
1382	9	-17	-11	-32	23.51
1383	10	-17	-11	-32	24.21
1384	12	-17	-11	-32	25.65
1385	13	-17	-11	-32	26.39
1386	15	-17	-10	-32	27.13
1387	16	-17	-10	-31	27.46
1388	17	-17	-10	-31	28.24
1389	18	-17	-10	-31	29.03
1390	19	-17	-9	-31	29.03
1391	19	-17	-9	-31	29.03
1392	20	-16	-9	-31	30.39
1393	20	-15	-9	-31	30.97
1394	21	-15	-9	-31	31.75
1395	22	-14	-8	-31	32.34
1396	22	-14	-8	-31	32.34
1397	22	-13	-8	-31	32.95
1398	23	-12	-8	-30	33.89
1399	24	-12	-7	-30	33.89
1400	26	-11	-7	-30	36.06
1401	28	-11	-7	-30	37.65
1402	30	-11	-7	-30	39.26
1403	32	-11	-7	-30	40.88
1404	34	-11	-6	-30	41.70
1405	36	-11	-6	-30	43.35
1406	38	-11	-6	-30	45.01
1407	40	-11	-6	-30	46.69
1408	42	-11	26	2	20.55
1409	43	-10	26	2	20.75
1410	45	-10	27	3	22.14
1411	46	-10	28	3	22.14
1412	47	-10	28	4	23.54
1413	49	-10	29	4	24.35
1414	50	-11	30	5	25.54
1415	52	-11	31	6	26.94
1416	53	-11	31	6	27.72
1417	54	-11	32	7	28.34
1418	55	-11	33	7	28.34
1419	56	-11	33	8	29.74
1420	58	-11	34	9	31.14
1421	59	-12	35	9	31.78
1422	59	-11	36	10	31.05
1423	60	-11	36	10	31.79
1424	60	-10	37	11	31.05
1425	61	-10	38	12	31.72
1426	61	-10	38	12	31.72
1427	61	-10	39	13	31.72
1428	62	-10	40	13	31.72
1429	62	-11	41	14	32.54
1430	63	-11	41	15	33.93
1431	64	-12	42	15	34.69
1432	65	-13	43	16	36.25
1433	66	-14	43	16	37.64
1434	67	-14	44	17	38.43
1435	68	-15	45	18	40.04
1436	70	-16	46	18	41.41
1437	72	-16	46	19	43.35
1438	74	-17	47	19	44.73
1439	77	-18	48	20	47.47
1440	79	-18	81	-5	13.15
1441	82	-19	82	-4	15.00
1442	85	-20	83	-4	16.12
1443	88	-22	84	-4	18.41
1444	91	-24	85	-4	20.82
1445	94	-27	87	-4	23.95
1446	97	-30	88	-3	28.31
1447	100	-32	89	-3	30.79
1448	102	-34	90	-3	32.96
1449	104	-35	91	-3	34.20
1450	107	-36	93	-3	35.45
1451	109	-37	94	-2	37.63
1452	111	-38	95	-2	38.88
1453	113	-40	96	-2	41.01
1454	116	-41	98	-2	42.25
1455	118	-42	99	-2	43.48
1456	121	-43	100	-2	45.08
1457	123	-44	101	-1	47.24
1458	125	-44	102	-1	47.61
1459	127	-45	104	-1	48.46
1460	130	-47	105	-1	50.89
1461	132	-48	106	-1	52.10
1462	135	-49	107	0	54.60
1463	137	-50	109	0	55.42
1464	139	-52	110	0	57.42
1465	141	-53	111	0	58.59
1466	144	-54	112	0	60.10
1467	146	-55	113	0	61.25
1468	148	-56	115	0	62.03
1469	150	-56	116	0	62.38
1470	152	-57	117	0	63.50
1471	155	-58	118	0	64.96
1472	157	-59	116	-25	44.39
1473	161	-59	117	-25	45.73
1474	163	-60	118	-25	46.65
1475	165	-61	119	-25	47.56
1476	168	-61	120	-25	48.42
1477	170	-61	121	-26	47.99
1478	172	-62	122	-26	48.83
1479	173	-63	124	-26	48.83
1480	175	-64	125	-26	49.66
1481	176	-65	126	-26	50.10
1482	178	-67	127	-27	50.43
1483	179	-68	128	-27	50.88
1484	179	-69	129	-27	51.02
1485	179	-69	131	-27	50.39
1486	179	-70	132	-28	49.68
1487	-179	-70	133	-28	49.97
1488	-178	-70	134	-28	49.97
1489	-179	-70	135	-28	49.39
1490	-179	-70	136	-28	49.10
1491	-178	-70	137	-29	48.16
1492	-178	-70	139	-29	47.60
1493	-178	-70	140	-29	47.32
1494	-178	-69	141	-29	46.44
1495	-179	-69	142	-30	44.93
1496	-179	-68	143	-30	44.01
1497	179	-68	144	-30	43.17
1498	179	-68	146	-30	42.64
1499	179	-68	147	-30	42.38
1500	179	-68	148	-31	41.17
1501	-180	-68	149	-31	41.17
1502	-179	-68	150	-31	41.17
1503	-179	-68	151	-31	40.92
1504	-179	-68	-125	-90	22.00
1505	-179	-68	-123	-90	22.00
1506	-178	-68	-121	-90	22.00
1507	-179	-68	-118	-90	22.00
1508	-178	-68	-116	-90	22.00
1509	-178	-68	-113	-90	22.00
1510	-177	-68	-111	-90	22.00
1511	-177	-68	-108	-90	22.00
1512	-178	-68	-106	-90	22.00
1513	-177	-68	-104	-90	22.00
1514	-178	-67	-101	-90	23.00
1515	-178	-67	-99	-90	23.00
1516	-178	-67	-96	-90	23.00
1517	-177	-67	-94	-90	23.00
1518	-177	-67	-91	-90	23.00
1519	-178	-67	-89	-90	23.00
1520	-178	-67	-86	-90	23.00
1521	-179	-67	-84	-90	23.00
1522	-180	-67	-82	-90	23.00
1523	179	-66	-79	-90	24.00
1524	178	-66	-77	-90	24.00
1525	178	-66	-74	-90	24.00
1526	177	-66	-72	-90	24.00
1527	177	-66	-69	-90	24.00
1528	177	-66	-67	-90	24.00
1529	177	-66	-65	-90	24.00
1530	176	-66	-62	-90	24.00
1531	176	-66	-60	-90	24.00
1532	176	-66	-57	-90	24.00
1533	176	-66	-55	-90	24.00
1534	177	-66	-52	-90	24.00
1535	177	-66	-50	-90	24.00
1536	176	-66	-155	-77	14.03
1537	176	-66	-154	-77	14.22
1538	176	-66	-153	-77	14.41
1539	176	-66	-152	-77	14.60
1540	176	-66	-152	-78	15.14
1541	177	-66	-151	-78	15.14
1542	177	-67	-150	-78	14.41
1543	177	-67	-149	-78	14.59
1544	177	-66	-149	-79	16.03
1545	177	-66	-148	-79	16.19
1546	177	-66	-147	-79	16.35
1547	177	-66	-146	-80	17.05
1548	177	-66	-146	-80	17.05
1549	177	-66	-145	-80	17.19
1550	177	-66	-144	-80	17.34
1551	177	-66	-143	-81	18.00
1552	177	-66	-143	-81	18.00
1553	176	-65	-142	-81	19.22
1554	176	-65	-141	-82	19.86
1555	176	-65	-140	-82	19.98
1556	177	-65	-140	-82	19.86
1557	176	-65	-139	-82	20.10
1558	176	-66	-138	-83	19.75
1559	176	-65	-137	-83	20.82
1560	176	-65	-137	-83	20.82
1561	176	-65	-136	-84	21.42
1562	176	-65	-135	-84	21.51
1563	176	-65	-134	-84	21.61
1564	176	-65	-134	-84	21.61
1565	175	-64	-133	-85	23.23
1566	175	-64	-132	-85	23.31
1567	175	-64	-131	-85	23.39
1568	175	-63	171	-64	2.05
1569	175	-63	170	-63	2.27
1570	175	-62	170	-63	2.52
1571	174	-61	170	-63	2.74
1572	174	-61	170	-63	2.74
1573	174	-60	170	-63	3.55
1574	174	-59	170	-63	4.44
1575	174	-58	169	-63	5.57
1576	174	-57	169	-63	6.50
1577	175	-56	169	-63	7.63
1578	175	-55	169	-63	8.57
1579	175	-54	169	-63	9.52
1580	175	-53	169	-63	10.48
1581	175	-51	168	-63	12.57
1582	174	-48	168	-63	15.36
1583	175	-47	168	-63	16.47
1584	175	-45	168	-63	18.44
1585	175	-44	168	-62	18.46
1586	176	-42	168	-62	20.56
1587	176	-41	168	-62	21.54
1588	177	-40	167	-62	22.82
1589	178	-38	167	-62	24.94
1590	179	-37	167	-62	26.09
1591	-180	-35	167	-62	28.22
1592	-178	-34	167	-62	29.58
1593	-177	-33	167	-62	30.75
1594	-175	-32	166	-62	32.40
1595	-172	-31	166	-62	34.12
1596	-170	-30	166	-62	35.62
1597	-168	-29	166	-62	37.14
1598	-166	-29	166	-62	37.76
1599	-164	-28	166	-62	39.33
1600	-162	-27	174	-60	36.86
1601	-161	-27	173	-59	36.72
1602	-159	-26	173	-59	38.33
1603	-158	-26	173	-59	38.68
1604	-157	-25	173	-59	39.96
1605	-155	-25	173	-59	40.70
1606	-154	-25	173	-59	41.09
1607	-153	-25	173	-59	41.48
1608	-153	-25	173	-59	41.48
1609	-152	-25	173	-59	41.87
1610	-152	-25	173	-59	41.87
1611	-152	-25	173	-58	41.25
1612	-151	-25	173	-58	41.67
1613	-151	-25	173	-58	41.67
1614	-151	-25	173	-58	41.67
1615	-151	-25	173	-58	41.67
1616	-151	-25	173	-58	41.67
1617	-151	-24	173	-58	42.56
1618	-151	-24	173	-58	42.56
1619	-151	-25	173	-58	41.67
1620	-152	-25	173	-58	41.25
1621	-152	-25	173	-58	41.25
1622	-153	-25	173	-57	40.21
1623	-153	-25	173	-57	40.21
1624	-154	-25	173	-57	39.79
1625	-155	-26	173	-57	38.48
1626	-156	-26	173	-57	38.07
1627	-158	-26	173	-57	37.27
1628	-160	-27	173	-57	35.60
1629	-162	-28	173	-57	33.95
1630	-164	-28	173	-57	33.24
1631	-167	-29	173	-57	31.33
1632	-169	-30	-139	9	48.51
1633	-171	-31	-138	10	51.79
1634	-174	-31	-137	11	54.99
1635	-177	-32	-136	12	58.94
1636	179	-32	-136	13	62.28
1637	176	-33	-135	14	66.29
1638	173	-33	-134	15	69.72
1639	170	-33	-133	16	73.20
1640	167	-33	-133	18	76.67
1641	165	-33	-132	19	79.47
1642	163	-33	-131	20	82.28
1643	161	-33	-131	21	84.37
1644	159	-34	-130	22	87.66
1645	157	-34	-129	23	90.47
1646	155	-34	-128	24	93.27
1647	152	-34	-128	25	96.08
1648	150	-34	-127	27	99.43
1649	148	-35	-126	28	102.64
1650	145	-35	-126	29	105.40
1651	143	-35	-125	30	108.15
1652	141	-36	-124	31	111.30
1653	140	-36	-123	32	113.27
1654	139	-36	-123	33	114.49
1655	138	-37	-122	34	116.84
1656	137	-37	-121	36	119.21
1657	136	-38	-121	37	120.80
1658	135	-39	-120	38	123.09
1659	133	-40	-119	39	126.05
1660	131	-40	-118	40	128.57
1661	129	-41	-118	41	130.77
1662	127	-42	-117	42	133.62
1663	125	-43	-116	43	136.42
1664	123	-43	-176	-33	48.02
1665	122	-44	-176	-33	48.58
1666	121	-44	-176	-33	49.29
1667	121	-44	-176	-33	49.29
1668	120	-44	-176	-33	50.00
1669	119	-45	-177	-33	49.83
1670	118	-45	-177	-33	50.52
1671	117	-46	-177	-33	51.04
1672	116	-46	-177	-33	51.73
1673	115	-47	-177	-33	52.22
1674	115	-48	-178	-33	51.39
1675	114	-50	-178	-34	51.10
1676	112	-51	-178	-34	52.19
1677	111	-51	-178	-34	52.81
1678	110	-51	-179	-34	52.81
1679	109	-52	-179	-34	53.25
1680	108	-53	-179	-34	53.67
1681	108	-53	-179	-34	53.67
1682	107	-54	-179	-34	54.08
1683	107	-54	-180	-34	53.50
1684	106	-54	-180	-34	54.08
1685	106	-55	-180	-34	53.90
1686	105	-55	-180	-35	53.74
1687	104	-55	179	-35	53.74
1688	103	-56	179	-35	54.10
1689	102	-56	179	-35	54.65
1690	102	-56	179	-35	54.65
1691	101	-57	179	-35	54.98
1692	101	-57	178	-35	54.45
1693	100	-57	178	-35	54.98
1694	99	-57	178	-35	55.52
1695	98	-58	178	-35	55.82
1696	98	-57	55	-56	23.36
1697	96	-56	52	-56	24.18
1698	95	-54	50	-56	25.43
1699	94	-54	48	-57	25.73
1700	94	-55	46	-57	26.36
1701	93	-55	44	-58	26.61
1702	92	-56	42	-58	26.68
1703	91	-55	40	-58	27.63
1704	90	-55	38	-59	27.87
1705	90	-55	35	-59	29.36
1706	89	-55	33	-60	29.57
1707	88	-55	31	-60	30.05
1708	88	-55	29	-60	31.01
1709	87	-55	27	-61	31.19
1710	86	-55	25	-61	31.65
1711	85	-55	23	-62	31.82
1712	85	-55	21	-62	32.72
1713	84	-56	18	-62	32.99
1714	83	-56	16	-63	33.08
1715	82	-56	14	-63	33.51
1716	82	-56	12	-64	34.01
1717	82	-56	10	-64	34.83
1718	81	-56	8	-64	35.23
1719	81	-57	6	-65	34.95
1720	81	-58	4	-65	35.02
1721	81	-58	1	-66	35.69
1722	80	-58	0	-66	35.69
1723	80	-58	-2	-66	36.42
1724	79	-58	-4	-67	36.31
1725	79	-59	-6	-67	36.24
1726	79	-59	-8	-68	36.40
1727	78	-59	-10	-68	36.73
1728	78	-59	73	-71	12.17
1729	77	-60	72	-71	11.18
1730	77	-60	71	-71	11.26
1731	76	-60	70	-72	12.23
1732	76	-61	69	-72	11.33
1733	76	-61	69	-73	12.29
1734	76	-61	68	-73	12.37
1735	76	-62	67	-74	12.43
1736	74	-62	66	-74	12.34
1737	73	-62	65	-74	12.34
1738	72	-62	65	-75	13.23
1739	71	-62	64	-75	13.23
1740	69	-63	63	-76	13.15
1741	68	-63	62	-76	13.15
1742	67	-64	62	-77	13.10
1743	67	-64	61	-77	13.14
1744	65	-64	60	-78	14.08
1745	64	-65	59	-78	13.08
1746	62	-65	58	-78	13.05
1747	62	-65	58	-79	14.05
1748	62	-65	57	-79	14.07
1749	62	-65	56	-80	15.09
1750	61	-65	55	-80	15.09
1751	60	-65	55	-81	16.05
1752	59	-65	54	-81	16.05
1753	58	-65	53	-81	16.05
1754	58	-64	52	-82	18.06
1755	58	-64	51	-82	18.08
1756	58	-64	51	-83	19.07
1757	58	-63	50	-83	20.09
1758	57	-63	49	-84	21.07
1759	56	-63	48	-84	21.07
1760	56	-64	58	-61	3.14
1761	56	-63	57	-61	2.05
1762	56	-63	56	-61	2.00
1763	57	-63	56	-61	2.05
1764	57	-63	55	-61	2.21
1765	57	-63	54	-61	2.45
1766	57	-63	54	-61	2.45
1767	57	-64	53	-61	3.52
1768	57	-64	53	-61	3.52
1769	57	-63	52	-61	3.08
1770	58	-62	51	-61	3.48
1771	57	-59	51	-61	3.60
1772	57	-58	50	-61	4.65
1773	57	-58	49	-61	5.04
1774	57	-60	49	-61	4.06
1775	57	-61	48	-61	4.36
1776	57	-61	48	-62	4.41
1777	58	-61	47	-62	5.34
1778	58	-61	46	-62	5.80
1779	58	-60	46	-62	6.14
1780	58	-60	45	-62	6.60
1781	58	-60	44	-62	7.06
1782	58	-60	44	-62	7.06
1783	58	-60	43	-62	7.52
1784	59	-60	43	-62	7.99
1785	60	-60	42	-62	8.92
1786	60	-60	41	-62	9.39
1787	60	-60	41	-62	9.39
1788	60	-60	40	-62	9.86
1789	60	-60	39	-62	10.33
1790	61	-60	39	-62	10.80
1791	61	-60	38	-62	11.27
