frame_id	phi	theta	est_phi	est_theta	err_phi	err_theta	speed	err_ang
0	-179	1	0	0	178.59
1	-179	1	0	0	178.59
2	-179	0	0	0	179.00
3	-179	0	0	0	179.00
4	-178	0	0	0	178.00
5	-178	0	0	0	178.00
6	-178	1	0	0	177.76
7	-178	1	0	0	177.76
8	-178	1	0	0	177.76
9	-178	1	0	0	177.76
10	-178	1	0	0	177.76
11	-178	1	0	0	177.76
12	-179	1	0	0	178.59
13	-179	1	0	0	178.59
14	179	3	0	0	176.84
15	179	3	0	0	176.84
16	178	5	0	0	174.62
17	178	6	0	0	173.68
18	178	6	0	0	173.68
19	178	9	0	0	170.78
20	178	9	0	0	170.78
21	178	11	0	0	168.82
22	178	12	0	0	167.84
23	178	12	0	0	167.84
24	178	12	0	0	167.84
25	178	12	0	0	167.84
26	178	12	0	0	167.84
27	178	12	0	0	167.84
28	178	12	0	0	167.84
29	178	13	0	0	166.85
30	178	13	0	0	166.85
31	178	12	0	0	167.84
32	179	12	-179	1	11.18
33	179	12	-179	1	11.18
34	-177	10	-179	1	9.22
35	-173	9	-179	1	9.98
36	-170	9	-179	1	12.01
37	-166	8	-179	1	14.72
38	-166	8	-179	1	14.72
39	-162	8	-179	1	18.33
40	-158	8	-179	1	22.06
41	-158	8	-179	1	22.06
42	-154	8	-179	1	25.87
43	-154	8	-179	1	25.87
44	-152	8	-179	1	27.79
45	-151	8	-179	1	28.76
46	-151	8	-179	1	28.76
47	-150	8	-179	1	29.73
48	-150	8	-179	1	29.73
49	-150	7	-179	1	29.53
50	-149	7	-179	1	30.51
51	-149	7	-179	1	30.51
52	-147	7	-179	1	32.46
53	-147	7	-179	1	32.46
54	-145	6	-179	1	34.29
55	-145	5	-179	1	34.18
56	-145	5	-179	1	34.18
57	-144	2	-179	1	35.00
58	-144	2	-179	1	35.00
59	-143	0	-179	1	36.01
60	-143	0	-179	1	36.01
61	-143	1	-179	1	35.99
62	-144	1	-179	1	34.99
63	-144	1	-179	1	34.99
64	-144	1	177	23	43.77
65	-144	1	176	23	44.61
66	-143	1	176	23	45.46
67	-142	0	176	24	47.24
68	-142	0	176	24	47.24
69	-141	0	176	24	48.08
70	-139	0	176	25	50.14
71	-138	1	176	25	50.44
72	-136	1	176	25	52.14
73	-136	1	176	26	52.48
74	-132	1	176	26	55.88
75	-129	1	176	26	58.46
76	-129	1	176	27	58.74
77	-125	0	176	27	62.68
78	-125	0	176	27	62.68
79	-122	0	176	28	65.51
80	-119	0	176	28	68.09
81	-119	0	175	28	68.95
82	-114	0	175	29	73.46
83	-114	0	175	29	73.46
84	-109	0	175	29	77.78
85	-107	0	175	30	79.63
86	-105	1	175	30	80.85
87	-102	1	175	30	83.44
88	-102	1	175	31	83.49
89	-100	1	175	31	85.20
90	-99	1	175	31	86.06
91	-99	1	175	32	86.08
92	-98	1	175	32	86.93
93	-98	1	175	32	86.93
94	-97	2	175	33	87.23
95	-98	3	175	33	85.85
96	-98	3	-107	-10	15.79
97	-100	5	-105	-10	15.81
98	-100	5	-104	-10	15.52
99	-101	6	-103	-11	17.12
100	-101	6	-102	-11	17.03
101	-101	6	-101	-11	17.00
102	-101	7	-100	-12	19.03
103	-101	7	-98	-12	19.23
104	-101	7	-97	-12	19.41
105	-102	6	-96	-13	19.91
106	-102	6	-95	-13	20.23
107	-102	6	-94	-13	20.60
108	-102	6	-93	-14	21.90
109	-102	7	-91	-14	23.67
110	-103	7	-90	-14	24.65
111	-103	7	-89	-15	26.01
112	-103	8	-88	-15	27.39
113	-103	8	-87	-15	27.94
114	-105	8	-86	-16	30.49
115	-105	9	-85	-16	31.89
116	-105	9	-83	-16	33.16
117	-107	10	-82	-17	36.60
118	-107	10	-81	-17	37.28
119	-108	10	-80	-17	38.67
120	-108	10	-79	-18	40.05
121	-108	10	-78	-18	40.76
122	-108	10	-76	-18	42.22
123	-108	10	-75	-19	43.58
124	-108	11	-74	-19	44.98
125	-109	11	-73	-19	46.47
126	-109	11	-72	-20	47.82
127	-111	11	-71	-20	50.11
128	-112	12	-52	5	59.65
129	-114	13	-50	5	63.57
130	-116	15	-49	5	66.51
131	-116	15	-47	5	68.44
132	-120	17	-46	5	73.26
133	-123	19	-44	5	77.99
134	-123	19	-43	5	78.93
135	-127	20	-41	5	84.54
136	-127	20	-40	5	85.48
137	-132	20	-39	5	91.10
138	-132	20	-37	5	92.97
139	-137	20	-36	5	98.56
140	-139	20	-34	5	102.27
141	-139	20	-33	5	103.19
142	-141	20	-31	5	106.88
143	-142	21	-30	5	108.49
144	-142	21	-29	6	108.99
145	-142	21	-27	6	110.79
146	-142	21	-26	6	111.69
147	-143	21	-24	6	114.37
148	-145	21	-23	6	117.04
149	-145	21	-21	6	118.80
150	-149	20	-20	6	123.53
151	-149	20	-18	6	125.27
152	-155	19	-17	6	131.67
153	-162	18	-16	6	138.75
154	-162	18	-14	6	140.34
155	-173	17	-13	6	149.67
156	-173	17	-11	6	150.92
157	-179	17	-10	6	154.56
158	178	17	-8	6	156.25
159	177	17	-7	6	156.66
160	176	17	-126	21	54.70
161	176	17	-126	21	54.70
162	173	17	-126	21	57.48
163	172	17	-127	21	57.48
164	171	17	-127	22	58.28
165	170	17	-128	22	58.28
166	170	17	-128	22	58.28
167	169	17	-129	22	58.28
168	168	17	-129	23	59.08
169	167	17	-129	23	59.99
170	165	17	-130	23	60.90
171	165	17	-130	24	60.78
172	162	16	-131	24	62.92
173	160	16	-131	24	64.73
174	160	15	-132	24	64.16
175	158	15	-132	25	65.87
176	158	15	-133	25	64.97
177	155	15	-133	25	67.67
178	153	14	-133	26	69.73
179	153	14	-134	26	68.84
180	149	13	-134	26	72.81
181	149	13	-135	26	71.91
182	146	12	-135	27	74.89
183	144	12	-136	27	75.77
184	144	12	-136	27	75.77
185	140	11	-136	28	79.62
186	140	11	-137	28	78.74
187	138	10	-137	28	80.95
188	136	10	-138	28	81.83
189	136	10	-138	29	81.71
190	134	10	-139	29	82.57
191	134	10	-139	29	82.57
192	133	9	104	22	30.73
193	132	8	101	22	32.95
194	131	8	99	22	33.82
195	129	8	97	22	33.82
196	129	8	95	22	35.58
197	126	8	92	22	35.58
198	124	8	90	22	35.58
199	124	8	88	23	37.64
200	120	7	86	23	36.38
201	120	7	83	23	38.99
202	116	7	81	23	37.25
203	113	7	79	23	36.38
204	113	7	77	23	38.12
205	109	7	74	24	37.60
206	109	7	72	24	39.31
207	106	7	70	24	38.45
208	104	7	68	24	38.45
209	104	7	65	24	41.04
210	101	7	63	24	40.17
211	101	7	61	24	41.91
212	98	7	59	25	41.36
213	95	7	56	25	41.36
214	95	7	54	25	43.08
215	91	7	52	25	41.36
216	91	7	50	25	43.08
217	88	7	47	25	43.08
218	86	7	45	26	43.39
219	86	7	43	26	45.10
220	82	7	41	26	43.39
221	82	7	38	26	45.96
222	79	7	36	26	45.10
223	76	7	34	26	44.24
224	76	7	90	1	15.19
225	71	7	88	0	18.35
226	71	7	87	0	17.43
227	68	7	85	0	18.35
228	65	7	84	0	20.20
229	65	7	83	0	19.27
230	61	6	81	0	20.85
231	61	6	80	0	19.89
232	57	6	79	-1	23.05
233	54	6	77	-1	24.01
234	54	6	76	-1	23.05
235	50	5	75	-1	25.68
236	50	5	73	-2	24.02
237	46	4	72	-2	26.67
238	43	3	71	-2	28.43
239	43	3	69	-2	26.47
240	36	2	68	-3	32.38
241	36	2	67	-3	31.39
242	31	1	65	-3	34.22
243	27	1	64	-3	37.20
244	27	1	63	-4	36.32
245	22	0	61	-4	39.17
246	19	0	60	-4	41.16
247	19	0	59	-4	40.17
248	14	-1	57	-5	43.12
249	14	-1	56	-5	42.12
250	12	-1	55	-5	43.12
251	11	-2	53	-5	42.02
252	11	-2	52	-6	41.08
253	9	-2	51	-6	42.07
254	9	-2	49	-6	40.09
255	9	-3	48	-6	38.99
256	9	-3	19	5	12.80
257	9	-3	17	4	10.63
258	9	-4	15	4	10.00
259	9	-4	13	4	8.94
260	11	-2	11	4	6.00
261	12	-2	10	4	6.32
262	12	-2	8	4	7.21
263	13	-1	6	4	8.60
264	13	-1	4	4	10.29
265	14	0	2	4	12.64
266	15	0	1	4	14.55
267	15	0	0	4	15.51
268	15	0	-2	4	17.45
269	15	0	-4	4	19.40
270	14	0	-5	4	19.40
271	14	1	-7	4	21.19
272	14	1	-9	4	23.17
273	11	1	-11	3	22.08
274	11	1	-13	3	24.07
275	8	1	-14	3	22.08
276	6	1	-16	3	22.08
277	6	1	-18	3	24.07
278	1	0	-20	3	21.20
279	1	0	-21	3	22.19
280	0	0	-23	3	23.18
281	-2	0	-25	3	23.18
282	-2	0	-27	3	25.17
283	-5	0	-29	3	24.18
284	-5	0	-30	3	25.17
285	-7	0	-32	3	25.17
286	-9	0	-34	3	25.17
287	-9	0	-36	3	27.15
288	-13	0	-58	-13	46.45
289	-13	0	-60	-13	48.35
290	-17	0	-62	-13	46.45
291	-19	0	-64	-13	46.45
292	-19	0	-66	-14	48.57
293	-23	-1	-68	-14	46.35
294	-23	-1	-70	-14	48.25
295	-26	-1	-72	-15	47.51
296	-28	-1	-74	-15	47.51
297	-28	-1	-76	-15	49.40
298	-31	-1	-78	-16	48.68
299	-31	-1	-81	-16	51.49
300	-33	-2	-83	-16	51.16
301	-35	-2	-85	-17	51.35
302	-35	-2	-87	-17	53.23
303	-38	-2	-89	-17	52.29
304	-38	-2	-91	-18	54.35
305	-39	-2	-93	-18	55.29
306	-40	-1	-95	-18	56.58
307	-40	-1	-97	-18	58.45
308	-43	-1	-99	-19	57.70
309	-43	-1	-101	-19	59.56
310	-45	-1	-104	-19	60.49
311	-47	0	-106	-20	61.05
312	-47	0	-108	-20	62.90
313	-50	-1	-110	-20	61.59
314	-50	-1	-112	-21	63.61
315	-52	0	-114	-21	64.01
316	-53	0	-116	-21	64.92
317	-53	0	-118	-22	66.93
318	-55	0	-120	-22	66.93
319	-55	0	-122	-22	68.76
320	-57	0	-35	3	22.19
321	-58	0	-35	3	23.18
322	-58	0	-36	3	22.19
323	-60	0	-37	3	23.18
324	-60	0	-37	3	23.18
325	-61	0	-38	3	23.18
326	-62	0	-39	3	23.18
327	-62	0	-39	3	23.18
328	-63	0	-40	3	23.18
329	-63	0	-41	3	22.19
330	-63	0	-41	3	22.19
331	-64	0	-42	4	22.34
332	-64	0	-43	4	21.36
333	-64	0	-43	4	21.36
334	-64	0	-44	4	20.38
335	-63	0	-45	4	18.42
336	-62	0	-46	4	16.48
337	-62	0	-46	4	16.48
338	-61	0	-47	4	14.55
339	-61	0	-48	4	13.59
340	-60	0	-48	4	12.64
341	-60	1	-49	4	11.39
342	-60	1	-50	5	10.76
343	-59	1	-50	5	9.84
344	-59	1	-51	5	8.93
345	-58	1	-52	5	7.20
346	-58	0	-52	5	7.80
347	-58	0	-53	5	7.07
348	-56	1	-54	5	4.47
349	-56	1	-54	5	4.47
350	-55	2	-55	5	3.00
351	-53	3	-56	5	3.60
352	-53	3	-101	0	48.07
353	-50	4	-102	0	52.11
354	-50	4	-103	0	53.11
355	-48	3	-105	0	57.05
356	-48	3	-106	0	58.05
357	-48	3	-107	0	59.05
358	-49	3	-109	0	60.05
359	-49	3	-110	0	61.04
360	-50	3	-112	0	62.04
361	-49	4	-113	0	64.07
362	-49	4	-114	0	65.07
363	-49	6	-116	0	67.13
364	-49	6	-117	0	68.13
365	-50	7	-118	0	68.17
366	-50	7	-120	0	70.16
367	-50	7	-121	0	71.15
368	-52	7	-123	0	71.15
369	-53	8	-124	0	71.19
370	-53	8	-125	0	72.18
371	-55	8	-127	0	72.18
372	-55	8	-128	0	73.17
373	-57	8	-129	0	72.18
374	-57	7	-131	0	74.12
375	-57	7	-132	0	75.11
376	-58	6	-134	0	76.08
377	-58	6	-135	0	77.07
378	-59	6	-136	0	77.07
379	-59	6	-138	0	79.06
380	-59	6	-139	0	80.06
381	-59	6	-140	0	81.05
382	-59	6	-142	0	83.04
383	-59	6	-143	0	84.03
384	-58	6	-49	6	8.95
385	-58	6	-48	6	9.95
386	-57	6	-48	6	8.95
387	-57	6	-48	6	8.95
388	-56	6	-48	6	7.96
389	-56	6	-48	6	7.96
390	-56	6	-48	6	7.96
391	-56	6	-48	6	7.96
392	-56	6	-48	6	7.96
393	-57	5	-47	6	10.00
394	-57	5	-47	6	10.00
395	-57	4	-47	7	10.39
396	-57	4	-47	7	10.39
397	-57	4	-47	7	10.39
398	-58	3	-47	7	11.66
399	-58	3	-47	7	11.66
400	-58	3	-47	7	11.66
401	-58	3	-46	7	12.60
402	-58	3	-46	7	12.60
403	-58	3	-46	7	12.60
404	-58	3	-46	7	12.60
405	-58	4	-46	7	12.31
406	-57	4	-46	8	11.65
407	-57	4	-46	8	11.65
408	-57	4	-46	8	11.65
409	-57	4	-45	8	12.58
410	-57	4	-45	8	12.58
411	-57	4	-45	8	12.58
412	-57	4	-45	8	12.58
413	-57	3	-45	8	12.95
414	-57	3	-45	8	12.95
415	-57	3	-45	8	12.95
416	-57	3	-63	9	8.46
417	-57	3	-63	9	8.46
418	-57	3	-63	9	8.46
419	-57	3	-63	9	8.46
420	-57	3	-63	9	8.46
421	-57	3	-63	9	8.46
422	-57	3	-63	9	8.46
423	-57	3	-64	9	9.19
424	-57	3	-64	9	9.19
425	-57	3	-64	9	9.19
426	-56	3	-64	9	9.96
427	-56	3	-64	10	10.59
428	-56	3	-64	10	10.59
429	-56	3	-65	10	11.35
430	-56	3	-65	10	11.35
431	-57	3	-65	10	10.59
432	-57	3	-65	10	10.59
433	-57	3	-65	10	10.59
434	-57	3	-65	10	10.59
435	-57	3	-65	10	10.59
436	-56	3	-66	10	12.15
437	-56	3	-66	10	12.15
438	-56	3	-66	11	12.74
439	-56	4	-66	11	12.13
440	-56	4	-66	11	12.13
441	-56	3	-66	11	12.74
442	-56	3	-67	11	13.53
443	-56	3	-67	11	13.53
444	-56	4	-67	11	12.95
445	-56	4	-67	11	12.95
446	-56	4	-67	11	12.95
447	-56	4	-67	11	12.95
448	-55	4	-56	0	4.12
449	-55	4	-55	0	4.00
450	-55	4	-55	0	4.00
451	-55	4	-55	0	4.00
452	-55	4	-55	0	4.00
453	-55	4	-55	0	4.00
454	-55	4	-55	0	4.00
455	-55	4	-55	0	4.00
456	-55	5	-55	0	5.00
457	-55	5	-55	0	5.00
458	-55	5	-55	0	5.00
459	-55	5	-55	-1	6.00
460	-55	5	-55	-1	6.00
461	-54	5	-55	-1	6.08
462	-54	5	-55	-1	6.08
463	-54	5	-55	-1	6.08
464	-54	5	-55	-1	6.08
465	-54	5	-55	-1	6.08
466	-54	5	-55	-1	6.08
467	-54	5	-55	-1	6.08
468	-54	4	-55	-1	5.10
469	-54	4	-55	-1	5.10
470	-54	4	-55	-2	6.08
471	-54	3	-55	-2	5.10
472	-54	3	-55	-2	5.10
473	-54	4	-55	-2	6.08
474	-54	4	-55	-2	6.08
475	-54	4	-55	-2	6.08
476	-54	4	-55	-2	6.08
477	-53	4	-55	-2	6.32
478	-52	4	-55	-2	6.71
479	-51	3	-55	-2	6.40
480	-51	3	-53	5	2.82
481	-51	3	-52	5	2.23
482	-51	3	-52	5	2.23
483	-51	3	-52	5	2.23
484	-51	3	-52	5	2.23
485	-51	3	-52	5	2.23
486	-51	3	-52	5	2.23
487	-51	3	-52	5	2.23
488	-51	3	-52	5	2.23
489	-51	3	-52	5	2.23
490	-51	3	-52	5	2.23
491	-51	3	-52	5	2.23
492	-51	3	-52	5	2.23
493	-52	3	-52	5	2.00
494	-52	3	-52	5	2.00
495	-52	3	-52	5	2.00
496	-52	2	-52	5	3.00
497	-52	3	-51	5	2.23
498	-52	3	-51	5	2.23
499	-52	2	-51	5	3.16
500	-52	2	-51	5	3.16
501	-53	2	-51	5	3.60
502	-54	2	-51	5	4.24
503	-54	2	-51	5	4.24
504	-54	2	-51	5	4.24
505	-54	2	-51	5	4.24
506	-54	2	-51	5	4.24
507	-54	2	-51	5	4.24
508	-53	2	-51	5	3.60
509	-54	2	-51	5	4.24
510	-54	2	-51	5	4.24
511	-53	3	-51	5	2.82
512	-53	2	-47	2	6.00
513	-53	2	-46	1	7.07
514	-53	3	-46	1	7.28
515	-53	3	-46	1	7.28
516	-53	3	-46	1	7.28
517	-53	3	-46	1	7.28
518	-53	3	-46	1	7.28
519	-53	3	-46	1	7.28
520	-53	3	-46	1	7.28
521	-53	3	-45	1	8.24
522	-53	3	-45	1	8.24
523	-52	3	-45	1	7.28
524	-52	3	-45	1	7.28
525	-52	3	-45	1	7.28
526	-52	3	-45	1	7.28
527	-52	3	-45	1	7.28
528	-52	3	-45	1	7.28
529	-52	4	-44	1	8.54
530	-52	4	-44	1	8.54
531	-51	4	-44	1	7.61
532	-51	4	-44	1	7.61
533	-51	4	-44	1	7.61
534	-48	6	-44	1	6.40
535	-48	6	-44	1	6.40
536	-44	8	-44	1	7.00
537	-42	9	-43	1	8.06
538	-42	9	-43	1	8.06
539	-40	11	-43	1	10.43
540	-40	11	-43	1	10.43
541	-38	11	-43	1	11.17
542	-36	12	-43	1	13.01
543	-36	12	-43	1	13.01
544	-32	14	-55	1	26.20
545	-32	14	-55	0	26.73
546	-28	14	-55	0	30.17
547	-26	15	-55	0	32.35
548	-24	15	-55	0	34.11
549	-22	16	-55	0	36.28
550	-22	16	-55	0	36.28
551	-18	17	-55	0	40.21
552	-16	18	-55	0	42.34
553	-16	18	-55	0	42.34
554	-15	17	-55	0	42.90
555	-15	17	-55	0	42.90
556	-13	17	-55	0	44.71
557	-11	18	-55	0	46.83
558	-10	18	-55	0	47.74
559	-8	18	-55	0	49.56
560	-8	18	-56	0	50.48
561	-5	18	-56	0	53.24
562	-4	18	-56	0	54.16
563	-3	18	-56	0	55.09
564	-2	17	-56	0	55.80
565	-2	17	-56	0	55.80
566	-1	16	-56	0	56.54
567	0	16	-56	0	57.48
568	1	16	-56	0	58.43
569	3	16	-56	0	60.32
570	3	16	-56	0	60.32
571	4	16	-56	0	61.27
572	5	16	-56	0	62.22
573	6	16	-56	0	63.17
574	7	16	-56	0	64.13
575	7	16	-56	0	64.13
576	9	15	-11	26	21.68
577	11	15	-10	26	22.49
578	11	15	-9	26	21.68
579	12	15	-9	27	22.93
580	13	15	-8	27	22.93
581	13	14	-7	27	22.75
582	14	13	-7	28	24.66
583	14	13	-6	28	23.93
584	15	12	-5	29	25.22
585	15	12	-5	29	25.22
586	16	11	-4	29	25.94
587	16	10	-3	30	26.72
588	16	10	-3	30	26.72
589	17	9	-2	30	27.50
590	18	7	-1	31	29.87
591	18	7	-1	31	29.87
592	18	5	0	32	31.83
593	18	5	0	32	31.83
594	18	3	0	32	33.57
595	19	2	1	33	35.30
596	19	2	2	33	34.86
597	19	1	2	33	35.77
598	19	1	3	34	36.24
599	19	0	4	34	36.79
600	18	-2	4	35	39.26
601	18	-4	5	35	40.87
602	17	-6	6	35	42.29
603	17	-8	6	36	45.20
604	16	-10	7	36	46.78
605	16	-11	8	36	47.60
606	15	-12	8	37	49.44
607	15	-12	9	37	49.32
608	15	-12	50	16	44.53
609	14	-12	51	16	46.08
610	13	-12	52	16	47.67
611	13	-12	53	16	48.47
612	12	-12	55	16	50.92
613	12	-12	56	16	51.75
614	11	-12	57	16	53.43
615	10	-12	58	16	55.12
616	8	-12	60	16	58.56
617	6	-12	61	16	61.18
618	6	-12	62	16	62.06
619	2	-11	64	16	67.02
620	0	-10	65	16	69.38
621	-2	-10	66	16	72.14
622	-4	-9	67	16	74.57
623	-4	-9	69	16	76.44
624	-6	-9	70	16	79.25
625	-7	-8	71	16	80.82
626	-7	-7	73	16	82.41
627	-8	-7	74	16	84.31
628	-8	-7	75	16	85.26
629	-9	-6	76	16	86.88
630	-10	-5	78	16	89.46
631	-10	-5	79	16	90.42
632	-11	-4	80	16	92.06
633	-11	-4	82	16	93.98
634	-12	-3	83	16	95.63
635	-13	-1	84	16	97.00
636	-14	-1	85	16	98.93
637	-15	0	87	16	101.53
638	-15	0	88	16	102.49
639	-14	0	89	16	102.49
640	-13	0	21	-39	49.89
641	-12	1	21	-39	50.16
642	-12	1	21	-40	50.87
643	-12	1	21	-41	51.58
644	-11	1	21	-42	51.80
645	-11	2	21	-43	53.41
646	-11	2	22	-44	54.64
647	-10	2	22	-44	54.17
648	-10	2	22	-45	54.93
649	-10	2	22	-46	55.69
650	-10	2	22	-47	56.46
651	-9	2	23	-48	57.24
652	-9	2	23	-49	58.02
653	-9	2	23	-49	58.02
654	-7	3	23	-50	58.95
655	-6	4	23	-51	60.34
656	-5	4	24	-52	61.17
657	-4	6	24	-53	63.58
658	-4	6	24	-54	64.43
659	-2	8	24	-55	66.64
660	-2	9	24	-55	67.60
661	-2	9	24	-56	68.49
662	-1	9	25	-57	69.37
663	-1	9	25	-58	70.26
664	-1	8	25	-59	70.18
665	0	8	25	-60	70.84
666	0	8	25	-60	70.84
667	0	9	26	-61	72.93
668	0	9	26	-62	73.82
669	0	10	26	-63	75.69
670	0	10	26	-64	76.59
671	0	10	26	-65	77.48
672	3	11	-41	12	43.08
673	3	11	-41	12	43.08
674	6	11	-42	12	46.99
675	10	12	-43	13	51.66
676	10	12	-44	13	52.63
677	16	13	-45	13	59.28
678	16	13	-46	14	60.11
679	18	13	-47	14	63.00
680	17	12	-48	15	63.06
681	17	12	-48	15	63.06
682	15	12	-49	15	62.10
683	15	12	-50	16	62.96
684	14	12	-51	16	62.96
685	14	12	-52	16	63.91
686	14	12	-53	17	64.77
687	15	11	-54	17	66.91
688	15	11	-55	18	67.77
689	16	12	-55	18	68.46
690	17	12	-56	18	70.35
691	17	12	-57	19	71.18
692	19	12	-58	19	73.99
693	20	11	-59	19	76.16
694	20	11	-60	20	76.97
695	22	11	-61	20	79.77
696	22	11	-62	21	80.55
697	22	11	-62	21	80.55
698	21	11	-63	21	80.55
699	21	11	-64	22	81.33
700	21	10	-65	22	82.60
701	21	10	-66	22	83.52
702	21	10	-67	23	84.29
703	21	10	-68	23	85.20
704	21	10	19	22	12.15
705	21	11	19	22	11.17
706	21	11	20	22	11.04
707	21	11	20	23	12.04
708	21	11	21	23	12.00
709	21	11	21	23	12.00
710	21	11	22	24	13.03
711	21	11	22	24	13.03
712	21	11	23	24	13.14
713	21	11	23	25	14.13
714	21	11	24	25	14.29
715	21	11	24	25	14.29
716	21	11	25	26	15.47
717	21	11	25	26	15.47
718	21	11	26	26	15.73
719	21	11	26	27	16.68
720	21	11	27	27	16.97
721	21	11	27	27	16.97
722	21	10	28	28	19.17
723	21	10	28	28	19.17
724	21	10	29	28	19.51
725	21	11	29	29	19.49
726	21	11	30	29	19.87
727	21	10	30	29	20.79
728	21	11	31	30	21.16
729	21	11	31	30	21.16
730	21	10	32	30	22.48
731	21	10	32	31	23.35
732	21	10	33	31	23.78
733	21	11	33	31	22.88
734	21	11	34	32	24.18
735	21	10	34	32	25.07
736	21	10	39	9	17.78
737	21	11	39	8	18.00
738	21	11	40	8	18.97
739	21	11	40	8	18.97
740	21	11	41	8	19.95
741	21	11	41	8	19.95
742	21	10	42	8	20.83
743	21	11	42	8	20.92
744	21	11	43	8	21.90
745	21	11	44	8	22.88
746	21	11	44	8	22.88
747	21	10	45	8	23.78
748	21	11	45	8	23.85
749	21	11	46	8	24.83
750	20	10	46	8	25.75
751	20	10	47	8	26.73
752	21	10	48	8	26.73
753	20	11	48	8	27.77
754	20	11	49	8	28.75
755	20	11	49	8	28.75
756	20	11	50	8	29.73
757	20	10	50	8	29.69
758	20	10	51	8	30.67
759	20	10	51	8	30.67
760	21	10	52	8	30.67
761	21	10	53	8	31.66
762	21	10	53	8	31.66
763	21	10	54	8	32.64
764	21	10	54	8	32.64
765	21	10	55	8	33.63
766	21	10	55	8	33.63
767	21	10	56	8	34.61
768	21	10	21	10	0.00
769	21	10	21	10	0.00
770	20	10	21	10	0.98
771	21	11	21	10	1.00
772	21	11	21	10	1.00
773	21	11	21	10	1.00
774	21	10	21	10	0.00
775	21	10	21	10	0.00
776	21	10	21	10	0.00
777	21	10	21	10	0.00
778	21	10	21	10	0.00
779	21	10	21	10	0.00
780	21	10	21	10	0.00
781	21	10	21	10	0.00
782	21	10	21	10	0.00
783	20	10	21	10	0.98
784	20	10	21	10	0.98
785	21	10	21	10	0.00
786	21	10	21	10	0.00
787	21	10	21	10	0.00
788	21	10	21	10	0.00
789	21	10	21	10	0.00
790	20	10	21	10	0.98
791	20	10	21	10	0.98
792	21	10	21	10	0.00
793	20	10	21	10	0.98
794	20	10	21	10	0.98
795	20	10	21	10	0.98
796	20	10	21	10	0.98
797	20	10	21	10	0.98
798	21	10	21	10	0.00
799	21	10	21	10	0.00
800	21	10	21	10	0.00
801	21	10	21	10	0.00
802	20	10	21	10	0.98
803	20	10	21	10	0.98
804	20	10	21	10	0.98
805	21	10	21	10	0.00
806	21	10	21	10	0.00
807	21	10	21	10	0.00
808	21	10	21	10	0.00
809	21	10	21	10	0.00
810	21	10	21	10	0.00
811	21	10	21	10	0.00
812	21	10	21	10	0.00
813	21	10	21	10	0.00
814	21	10	21	10	0.00
815	21	10	21	10	0.00
816	21	10	21	10	0.00
817	21	10	21	10	0.00
818	20	10	21	10	0.98
819	20	10	21	10	0.98
820	21	10	21	10	0.00
821	21	10	21	10	0.00
822	21	10	21	10	0.00
823	21	10	21	10	0.00
824	21	10	21	10	0.00
825	21	10	21	10	0.00
826	21	10	21	10	0.00
827	21	10	21	10	0.00
828	20	10	21	10	0.98
829	20	10	21	10	0.98
830	20	10	21	10	0.98
831	20	10	21	10	0.98
832	20	10	21	10	0.98
833	20	10	21	10	0.98
834	20	10	21	10	0.98
835	20	10	21	10	0.98
836	20	10	21	10	0.98
837	20	10	21	10	0.98
838	20	10	21	10	0.98
839	20	10	21	10	0.98
840	20	10	21	10	0.98
841	20	10	21	10	0.98
842	20	10	21	10	0.98
843	20	10	21	10	0.98
844	20	10	21	10	0.98
845	20	10	21	10	0.98
846	20	10	21	10	0.98
847	20	10	21	10	0.98
848	20	10	21	10	0.98
849	20	10	21	10	0.98
850	20	10	21	10	0.98
851	20	10	21	10	0.98
852	20	10	21	10	0.98
853	21	10	21	10	0.00
854	21	10	21	10	0.00
855	20	10	21	10	0.98
856	20	10	21	10	0.98
857	20	10	21	10	0.98
858	20	10	21	10	0.98
859	20	10	21	10	0.98
860	21	10	21	10	0.00
861	21	10	21	10	0.00
862	21	10	21	10	0.00
863	20	10	21	10	0.98
864	20	10	19	10	0.98
865	21	10	18	10	2.95
866	21	10	18	10	2.95
867	21	10	18	10	2.95
868	21	10	18	10	2.95
869	21	10	18	10	2.95
870	22	10	18	10	3.94
871	22	10	18	10	3.94
872	22	10	18	10	3.94
873	24	11	18	10	5.98
874	24	11	18	10	5.98
875	25	11	18	10	6.95
876	27	10	18	10	8.86
877	27	10	18	10	8.86
878	29	11	18	10	10.86
879	29	11	18	10	10.86
880	30	11	18	10	11.84
881	31	11	18	10	12.82
882	31	11	18	10	12.82
883	33	10	18	10	14.77
884	33	10	18	10	14.77
885	35	9	18	10	16.79
886	37	6	18	10	19.23
887	37	6	18	10	19.23
888	38	0	18	10	22.27
889	38	0	18	10	22.27
890	39	-1	18	10	23.62
891	41	-3	18	10	26.34
892	41	-3	18	10	26.34
893	43	-7	18	10	30.15
894	43	-7	18	10	30.15
895	43	-10	18	10	31.92
896	41	-13	20	10	31.04
897	41	-13	20	10	31.04
898	39	-15	20	10	31.30
899	39	-15	20	10	31.30
900	37	-17	20	10	31.80
901	35	-19	20	10	32.55
902	35	-19	20	10	32.55
903	32	-21	20	10	33.17
904	32	-21	20	10	33.17
905	30	-22	20	10	33.47
906	29	-23	20	10	34.16
907	29	-23	20	10	34.16
908	27	-24	20	10	34.68
909	26	-25	20	10	35.49
910	26	-25	20	10	35.49
911	24	-26	20	10	36.21
912	24	-26	20	10	36.21
913	22	-28	20	10	38.05
914	20	-29	20	10	39.00
915	18	-29	20	10	39.05
916	16	-30	20	10	40.18
917	16	-30	20	10	40.18
918	14	-30	20	10	40.41
919	12	-30	20	10	40.73
920	12	-30	20	10	40.73
921	7	-30	20	10	41.91
922	7	-30	20	10	41.91
923	3	-30	20	10	43.22
924	0	-30	20	10	44.39
925	0	-30	20	10	44.39
926	-5	-30	20	10	46.67
927	-5	-30	20	10	46.67
928	-9	-29	62	-36	58.98
929	-12	-29	62	-36	61.31
930	-14	-29	63	-37	63.33
931	-16	-29	63	-38	64.53
932	-16	-29	64	-38	65.28
933	-18	-28	65	-39	67.72
934	-19	-27	65	-40	68.71
935	-19	-27	66	-41	69.12
936	-19	-27	67	-41	69.83
937	-19	-26	67	-42	70.13
938	-19	-25	68	-43	71.16
939	-19	-25	69	-43	71.86
940	-19	-25	69	-44	71.56
941	-19	-25	70	-45	71.94
942	-19	-25	71	-46	72.30
943	-19	-26	71	-46	71.62
944	-19	-26	72	-47	71.95
945	-20	-27	73	-48	72.17
946	-22	-27	73	-48	73.42
947	-23	-28	74	-49	73.52
948	-25	-28	75	-50	74.87
949	-27	-29	75	-51	74.79
950	-29	-30	76	-51	75.67
951	-32	-31	77	-52	76.46
952	-33	-31	77	-53	76.41
953	-34	-32	78	-53	76.58
954	-35	-33	79	-54	76.11
955	-36	-33	79	-55	75.95
956	-36	-34	80	-56	74.91
957	-37	-35	81	-56	74.90
958	-37	-36	81	-57	73.38
959	-38	-37	82	-58	72.62
960	-38	-37	-59	-45	17.68
961	-38	-38	-60	-45	17.83
962	-39	-38	-62	-46	18.78
963	-39	-38	-63	-46	19.45
964	-39	-38	-65	-47	21.05
965	-40	-38	-66	-47	21.05
966	-40	-39	-68	-48	22.06
967	-40	-39	-69	-48	22.71
968	-40	-39	-71	-49	24.22
969	-40	-39	-73	-49	25.50
970	-40	-39	-74	-50	26.33
971	-41	-39	-76	-50	26.96
972	-40	-39	-77	-51	28.40
973	-40	-39	-79	-51	29.64
974	-41	-39	-80	-52	29.80
975	-42	-39	-82	-52	30.41
976	-45	-39	-84	-53	30.00
977	-48	-38	-85	-53	29.49
978	-52	-38	-87	-54	28.66
979	-57	-37	-88	-54	27.22
980	-59	-37	-90	-55	27.67
981	-62	-36	-91	-55	27.46
982	-63	-36	-93	-56	28.47
983	-65	-35	-94	-56	28.82
984	-67	-35	-96	-57	29.40
985	-68	-35	-98	-57	29.84
986	-70	-35	-99	-58	29.99
987	-71	-35	-101	-58	30.42
988	-72	-36	-102	-59	30.15
989	-73	-36	-104	-59	30.57
990	-74	-36	-105	-60	31.16
991	-75	-36	-107	-60	31.56
992	-76	-36	-67	-45	11.29
993	-76	-36	-67	-45	11.29
994	-77	-37	-68	-45	10.48
995	-77	-37	-69	-45	10.01
996	-78	-39	-70	-46	9.14
997	-79	-40	-71	-46	8.37
998	-79	-41	-72	-46	7.12
999	-79	-42	-73	-46	5.88
1000	-80	-42	-74	-47	6.58
1001	-81	-44	-75	-47	5.16
1002	-82	-44	-76	-47	5.16
1003	-82	-45	-76	-47	4.62
1004	-81	-44	-77	-48	4.87
1005	-81	-44	-78	-48	4.51
1006	-81	-44	-79	-48	4.23
1007	-81	-45	-80	-48	3.08
1008	-81	-45	-81	-49	4.00
1009	-80	-45	-82	-49	4.23
1010	-80	-45	-83	-49	4.49
1011	-80	-45	-84	-49	4.84
1012	-79	-45	-85	-50	6.43
1013	-77	-44	-86	-50	8.57
1014	-74	-42	-86	-50	11.53
1015	-72	-40	-87	-50	14.53
1016	-68	-38	-88	-51	19.18
1017	-66	-36	-89	-51	22.26
1018	-64	-34	-90	-51	25.38
1019	-61	-32	-91	-51	29.07
1020	-60	-30	-92	-52	32.20
1021	-58	-28	-93	-52	35.39
1022	-56	-25	-94	-52	39.40
1023	-56	-24	-95	-52	40.75
1024	-54	-22	-114	-35	53.51
1025	-54	-21	-115	-34	54.86
1026	-54	-20	-116	-34	56.15
1027	-53	-19	-117	-34	58.29
1028	-52	-18	-118	-34	60.43
1029	-51	-17	-119	-34	62.58
1030	-51	-17	-121	-34	64.24
1031	-49	-15	-122	-34	67.74
1032	-48	-14	-123	-34	69.91
1033	-47	-14	-124	-34	71.56
1034	-45	-15	-125	-34	73.51
1035	-45	-15	-127	-34	75.16
1036	-43	-16	-128	-34	77.08
1037	-39	-16	-129	-34	81.13
1038	-39	-16	-130	-34	81.94
1039	-32	-15	-131	-34	88.89
1040	-32	-15	-133	-34	90.46
1041	-26	-14	-134	-34	96.51
1042	-23	-14	-135	-34	99.56
1043	-21	-13	-136	-34	102.45
1044	-20	-13	-137	-34	103.94
1045	-20	-13	-138	-34	104.68
1046	-19	-13	-140	-34	106.87
1047	-20	-13	-141	-34	106.87
1048	-20	-13	-142	-34	107.59
1049	-19	-12	-143	-34	109.71
1050	-19	-12	-144	-34	110.42
1051	-17	-9	-146	-34	115.33
1052	-15	-6	-147	-34	119.55
1053	-14	-5	-148	-34	121.67
1054	-13	-5	-149	-34	123.05
1055	-13	-5	-150	-34	123.73
1056	-13	-4	-32	-8	19.31
1057	-13	-2	-31	-7	18.62
1058	-13	-2	-30	-7	17.66
1059	-13	-2	-29	-6	16.45
1060	-13	-2	-29	-6	16.45
1061	-12	-4	-28	-5	15.98
1062	-10	-7	-27	-5	17.02
1063	-9	-9	-27	-4	18.56
1064	-7	-11	-26	-4	20.08
1065	-7	-11	-25	-4	19.16
1066	-5	-14	-25	-3	22.60
1067	-5	-16	-24	-3	22.77
1068	-5	-16	-23	-2	22.59
1069	-3	-19	-23	-2	25.93
1070	-3	-19	-22	-1	25.90
1071	-2	-20	-21	-1	26.58
1072	-1	-22	-21	-1	28.64
1073	-1	-22	-20	0	28.76
1074	0	-24	-19	0	30.26
1075	0	-24	-18	0	29.68
1076	0	-26	-18	0	31.26
1077	0	-28	-17	1	33.28
1078	0	-28	-16	1	32.82
1079	-1	-32	-16	2	36.85
1080	-1	-32	-15	2	36.50
1081	-3	-35	-14	2	38.41
1082	-4	-37	-14	3	41.07
1083	-4	-37	-13	3	40.87
1084	-6	-38	-12	4	42.37
1085	-6	-38	-12	4	42.37
1086	-6	-39	-11	5	44.24
1087	-6	-40	-10	5	45.15
1088	-6	-40	28	14	62.57
1089	-5	-42	29	14	64.16
1090	-5	-42	30	15	65.49
1091	-3	-43	31	15	65.85
1092	-2	-44	33	16	67.98
1093	-1	-45	34	16	68.78
1094	0	-45	35	17	69.69
1095	0	-45	36	17	70.10
1096	1	-45	38	18	71.42
1097	1	-46	39	19	73.54
1098	1	-46	40	19	73.96
1099	0	-48	42	20	77.70
1100	0	-48	43	20	78.13
1101	-2	-50	44	21	81.82
1102	-5	-51	45	21	84.31
1103	-5	-51	47	22	86.09
1104	-11	-52	48	23	90.92
1105	-11	-52	49	23	91.41
1106	-16	-52	51	24	95.78
1107	-18	-51	52	24	96.86
1108	-18	-51	53	25	98.21
1109	-17	-51	54	25	98.21
1110	-17	-51	56	26	100.10
1111	-14	-51	57	26	99.01
1112	-13	-50	58	27	99.28
1113	-13	-50	60	28	101.17
1114	-11	-48	61	28	99.57
1115	-11	-48	62	29	100.90
1116	-8	-44	63	29	97.58
1117	-3	-41	65	30	94.77
1118	-3	-41	66	30	95.38
1119	0	-38	67	31	93.05
1120	0	-38	1	-76	38.00
1121	2	-39	1	-77	38.00
1122	3	-39	1	-78	39.01
1123	3	-39	1	-79	40.01
1124	3	-41	1	-80	39.01
1125	3	-41	2	-81	40.00
1126	5	-43	2	-82	39.01
1127	7	-45	2	-83	38.03
1128	7	-45	2	-85	40.02
1129	10	-46	2	-86	40.04
1130	10	-46	3	-87	41.02
1131	11	-46	3	-88	42.02
1132	12	-45	3	-89	44.01
1133	12	-45	3	-90	45.00
1134	15	-45	4	-90	45.00
1135	15	-45	4	-90	45.00
1136	17	-45	4	-90	45.00
1137	19	-44	4	-90	46.00
1138	19	-44	4	-90	46.00
1139	21	-43	5	-90	47.00
1140	21	-43	5	-90	47.00
1141	23	-42	5	-90	48.00
1142	26	-40	5	-90	50.00
1143	26	-40	6	-90	50.00
1144	30	-38	6	-90	52.00
1145	30	-38	6	-90	52.00
1146	32	-37	6	-90	53.00
1147	33	-37	6	-90	53.00
1148	33	-37	7	-90	53.00
1149	34	-35	7	-90	55.00
1150	34	-33	7	-90	57.00
1151	35	-32	7	-90	58.00
1152	38	-31	6	-36	27.02
1153	38	-31	6	-35	27.02
1154	42	-30	6	-35	30.60
1155	45	-29	6	-35	33.40
1156	47	-29	6	-35	35.04
1157	49	-29	6	-35	36.67
1158	49	-29	7	-35	35.86
1159	53	-28	7	-35	39.49
1160	55	-28	7	-35	41.13
1161	57	-28	7	-35	42.76
1162	59	-28	7	-35	44.39
1163	59	-28	8	-35	43.58
1164	61	-28	8	-35	45.21
1165	62	-28	8	-35	46.02
1166	64	-27	8	-35	48.05
1167	66	-27	8	-35	49.67
1168	66	-27	9	-35	48.86
1169	68	-27	9	-34	50.63
1170	70	-26	9	-34	52.67
1171	70	-26	9	-34	52.67
1172	72	-25	9	-34	54.73
1173	72	-25	9	-34	54.73
1174	72	-24	10	-34	54.34
1175	73	-24	10	-34	55.16
1176	74	-23	10	-34	56.42
1177	75	-23	10	-34	57.25
1178	75	-23	10	-34	57.25
1179	77	-23	11	-34	58.07
1180	78	-23	11	-34	58.89
1181	79	-23	11	-34	59.71
1182	80	-23	11	-34	60.53
1183	80	-23	11	-34	60.53
1184	81	-23	76	-24	4.69
1185	83	-24	77	-23	5.59
1186	84	-24	78	-23	5.59
1187	86	-24	79	-23	6.50
1188	87	-24	80	-23	6.50
1189	87	-24	81	-22	5.87
1190	88	-24	83	-22	5.02
1191	88	-24	84	-22	4.19
1192	89	-24	85	-22	4.19
1193	89	-24	86	-22	3.41
1194	90	-24	87	-21	4.08
1195	91	-23	89	-21	2.73
1196	91	-23	90	-21	2.20
1197	92	-23	91	-21	2.20
1198	92	-23	92	-20	3.00
1199	92	-23	93	-20	3.14
1200	92	-23	95	-20	4.10
1201	92	-23	96	-20	4.78
1202	91	-23	97	-20	6.34
1203	91	-23	98	-19	7.66
1204	91	-23	99	-19	8.47
1205	91	-23	100	-19	9.30
1206	91	-23	102	-19	11.02
1207	91	-22	103	-18	11.96
1208	91	-22	104	-18	12.85
1209	91	-22	105	-18	13.74
1210	91	-22	106	-18	14.64
1211	90	-22	108	-18	17.37
1212	90	-22	109	-17	18.58
1213	90	-22	110	-17	19.49
1214	90	-22	111	-17	20.40
1215	90	-21	112	-17	21.16
1216	90	-22	124	-15	32.92
1217	90	-22	125	-14	34.15
1218	90	-22	126	-14	35.07
1219	90	-22	128	-14	36.91
1220	90	-22	129	-14	37.84
1221	90	-22	130	-13	39.07
1222	90	-22	132	-13	40.92
1223	90	-22	133	-13	41.84
1224	90	-22	134	-13	42.77
1225	90	-22	136	-12	44.94
1226	90	-22	137	-12	45.86
1227	90	-22	138	-12	46.79
1228	90	-22	140	-12	48.64
1229	90	-22	141	-11	49.89
1230	90	-22	142	-11	50.82
1231	90	-22	144	-11	52.67
1232	89	-22	145	-11	54.52
1233	89	-22	146	-10	55.78
1234	89	-22	148	-10	57.63
1235	89	-22	149	-10	58.56
1236	89	-22	150	-10	59.49
1237	89	-22	152	-9	61.68
1238	89	-22	153	-9	62.61
1239	89	-22	154	-9	63.54
1240	89	-22	156	-9	65.39
1241	89	-22	157	-8	66.67
1242	89	-22	158	-8	67.59
1243	89	-22	160	-8	69.45
1244	89	-22	161	-8	70.38
1245	89	-22	162	-7	71.66
1246	89	-21	164	-7	73.53
1247	89	-21	165	-7	74.46
1248	89	-21	99	-21	9.33
1249	89	-21	99	-20	9.42
1250	89	-21	99	-20	9.42
1251	89	-21	99	-20	9.42
1252	89	-21	100	-20	10.35
1253	90	-21	100	-20	9.42
1254	90	-21	100	-20	9.42
1255	90	-21	100	-20	9.42
1256	90	-21	101	-20	10.35
1257	90	-21	101	-20	10.35
1258	90	-20	101	-20	10.33
1259	90	-20	102	-20	11.27
1260	90	-20	102	-20	11.27
1261	90	-19	102	-20	11.35
1262	90	-19	102	-20	11.35
1263	90	-19	103	-20	12.29
1264	90	-19	103	-20	12.29
1265	90	-19	103	-20	12.29
1266	90	-19	104	-20	13.23
1267	90	-19	104	-20	13.23
1268	90	-19	104	-20	13.23
1269	90	-19	104	-20	13.23
1270	89	-19	105	-20	15.11
1271	89	-19	105	-20	15.11
1272	90	-18	105	-20	14.32
1273	90	-18	106	-20	15.25
1274	90	-18	106	-20	15.25
1275	91	-19	106	-20	14.17
1276	90	-18	106	-20	15.25
1277	90	-19	107	-20	16.05
1278	90	-18	107	-20	16.19
1279	90	-18	107	-20	16.19
1280	90	-19	88	-20	2.13
1281	90	-19	87	-19	2.84
1282	90	-19	87	-19	2.84
1283	90	-18	87	-19	3.02
1284	90	-18	87	-19	3.02
1285	89	-18	87	-19	2.14
1286	89	-18	87	-19	2.14
1287	89	-19	87	-19	1.89
1288	90	-19	87	-19	2.84
1289	90	-19	87	-19	2.84
1290	90	-19	87	-19	2.84
1291	90	-19	87	-19	2.84
1292	90	-20	87	-19	3.00
1293	88	-21	87	-19	2.21
1294	87	-22	87	-19	3.00
1295	83	-25	87	-19	7.05
1296	83	-25	87	-19	7.05
1297	79	-26	87	-19	10.17
1298	78	-27	87	-19	11.51
1299	78	-27	87	-19	11.51
1300	76	-27	87	-19	12.89
1301	76	-27	87	-19	12.89
1302	73	-27	87	-19	15.15
1303	72	-27	87	-19	15.94
1304	72	-27	87	-19	15.94
1305	72	-28	87	-19	16.41
1306	72	-28	87	-19	16.41
1307	72	-29	87	-19	16.94
1308	72	-29	87	-19	16.94
1309	72	-29	87	-19	16.94
1310	72	-29	87	-19	16.94
1311	72	-29	87	-19	16.94
1312	73	-29	91	-17	20.41
1313	75	-29	91	-16	19.64
1314	76	-28	91	-16	18.34
1315	78	-28	91	-16	16.98
1316	78	-28	91	-16	16.98
1317	79	-27	91	-16	15.65
1318	80	-27	91	-16	15.01
1319	80	-27	91	-16	15.01
1320	80	-27	91	-16	15.01
1321	80	-27	91	-16	15.01
1322	80	-26	91	-16	14.32
1323	81	-26	91	-16	13.67
1324	81	-26	91	-16	13.67
1325	81	-26	91	-16	13.67
1326	81	-26	91	-16	13.67
1327	80	-26	91	-16	14.32
1328	79	-26	91	-16	15.00
1329	79	-26	91	-15	15.71
1330	79	-26	91	-15	15.71
1331	79	-26	91	-15	15.71
1332	79	-25	91	-15	15.05
1333	80	-25	91	-15	14.37
1334	80	-25	91	-15	14.37
1335	81	-25	91	-15	13.71
1336	81	-25	91	-15	13.71
1337	82	-24	91	-15	12.36
1338	83	-24	91	-15	11.73
1339	83	-24	91	-15	11.73
1340	83	-24	91	-15	11.73
1341	83	-24	91	-15	11.73
1342	83	-24	91	-15	11.73
1343	83	-24	91	-15	11.73
1344	83	-24	56	-39	27.31
1345	83	-23	55	-39	28.65
1346	83	-23	54	-39	29.36
1347	85	-23	54	-39	30.79
1348	86	-23	53	-40	32.59
1349	86	-23	53	-40	32.59
1350	88	-23	52	-40	34.75
1351	88	-23	52	-41	35.08
1352	88	-23	51	-41	35.79
1353	89	-23	51	-41	36.51
1354	89	-23	50	-42	37.53
1355	89	-23	50	-42	37.53
1356	89	-23	49	-42	38.24
1357	89	-23	49	-43	38.54
1358	89	-24	48	-43	38.59
1359	89	-24	48	-43	38.59
1360	89	-24	47	-44	39.57
1361	89	-24	46	-44	40.26
1362	89	-24	46	-44	40.26
1363	89	-24	45	-44	40.95
1364	89	-24	45	-45	41.21
1365	89	-24	44	-45	41.89
1366	89	-24	44	-45	41.89
1367	89	-23	43	-46	43.51
1368	89	-24	43	-46	42.83
1369	89	-24	42	-46	43.50
1370	89	-24	42	-47	43.75
1371	89	-24	41	-47	44.41
1372	89	-25	41	-47	43.72
1373	89	-27	40	-48	43.24
1374	89	-27	40	-48	43.24
1375	89	-30	39	-48	41.92
1376	89	-31	93	-19	12.53
1377	89	-31	93	-18	13.50
1378	88	-32	93	-18	14.71
1379	88	-32	93	-18	14.71
1380	87	-35	94	-18	18.10
1381	87	-37	94	-18	19.97
1382	86	-39	94	-18	22.12
1383	86	-40	95	-17	24.29
1384	86	-40	95	-17	24.29
1385	84	-41	95	-17	25.80
1386	82	-40	96	-17	26.01
1387	81	-40	96	-17	26.42
1388	80	-38	96	-17	25.26
1389	80	-38	97	-16	26.61
1390	78	-34	97	-16	24.82
1391	77	-31	97	-16	23.62
1392	76	-29	98	-16	24.06
1393	76	-27	98	-16	23.18
1394	76	-27	98	-16	23.18
1395	76	-24	98	-16	22.13
1396	76	-22	99	-15	22.88
1397	75	-21	99	-15	23.57
1398	75	-20	99	-15	23.40
1399	75	-20	100	-15	24.33
1400	75	-18	100	-15	24.14
1401	74	-16	100	-15	25.06
1402	74	-15	101	-14	26.14
1403	74	-13	101	-14	26.26
1404	74	-13	101	-14	26.26
1405	73	-9	102	-14	28.83
1406	73	-8	102	-14	29.07
1407	73	-8	102	-14	29.07
1408	74	-8	95	-38	35.49
1409	74	-8	95	-38	35.49
1410	75	-8	95	-38	35.02
1411	75	-8	95	-38	35.02
1412	76	-7	95	-38	35.46
1413	77	-7	95	-39	35.88
1414	77	-7	96	-39	36.29
1415	78	-7	96	-39	35.88
1416	78	-6	96	-39	36.79
1417	79	-7	96	-39	35.48
1418	80	-6	96	-40	36.92
1419	80	-6	97	-40	37.27
1420	81	-7	97	-40	35.98
1421	83	-8	97	-40	34.36
1422	83	-8	97	-41	35.27
1423	85	-9	97	-41	33.72
1424	85	-9	98	-41	34.01
1425	86	-9	98	-41	33.72
1426	87	-10	98	-41	32.49
1427	87	-11	98	-42	32.46
1428	88	-12	98	-42	31.24
1429	88	-12	98	-42	31.24
1430	91	-14	99	-42	28.84
1431	93	-15	99	-43	28.47
1432	94	-16	99	-43	27.34
1433	95	-17	99	-43	26.22
1434	95	-17	99	-43	26.22
1435	95	-18	100	-43	25.36
1436	95	-18	100	-44	26.34
1437	95	-19	100	-44	25.35
1438	95	-19	100	-44	25.35
1439	95	-19	100	-44	25.35
1440	96	-20	59	15	50.48
1441	96	-21	58	15	51.84
1442	97	-22	58	16	53.89
1443	99	-25	57	17	58.63
1444	100	-27	57	17	60.63
1445	101	-29	56	18	64.00
1446	101	-31	56	19	66.08
1447	101	-32	55	20	68.14
1448	99	-32	55	20	66.92
1449	98	-33	54	21	68.41
1450	98	-34	54	22	69.91
1451	97	-35	53	22	70.64
1452	97	-36	53	23	72.18
1453	97	-38	52	24	75.01
1454	97	-39	52	25	76.58
1455	98	-40	51	25	78.36
1456	97	-41	51	26	79.42
1457	97	-41	51	27	80.25
1458	96	-42	50	27	81.01
1459	96	-42	50	28	81.86
1460	96	-43	49	29	83.94
1461	97	-43	49	30	85.25
1462	97	-44	48	30	86.48
1463	98	-45	48	31	88.54
1464	98	-45	47	32	89.85
1465	99	-46	47	32	91.06
1466	100	-46	46	33	92.83
1467	101	-47	46	34	94.86
1468	103	-48	45	35	97.80
1469	104	-48	45	35	98.28
1470	106	-49	44	36	101.21
1471	109	-50	44	37	104.13
1472	111	-50	118	-32	18.74
1473	113	-50	118	-32	18.38
1474	115	-49	119	-32	17.26
1475	117	-49	120	-33	16.16
1476	119	-49	120	-33	16.02
1477	121	-49	121	-33	16.00
1478	121	-49	122	-34	15.02
1479	125	-50	122	-34	16.15
1480	127	-50	123	-35	15.28
1481	129	-49	124	-35	14.48
1482	130	-49	124	-35	14.68
1483	132	-49	125	-36	13.97
1484	134	-49	126	-36	14.26
1485	136	-49	126	-36	14.92
1486	137	-49	127	-37	14.03
1487	138	-48	128	-37	13.22
1488	138	-48	129	-38	11.95
1489	139	-48	129	-38	12.37
1490	140	-47	130	-38	11.61
1491	142	-46	131	-39	10.70
1492	143	-46	131	-39	11.26
1493	144	-45	132	-39	10.73
1494	147	-44	133	-40	11.13
1495	149	-44	133	-40	12.52
1496	151	-44	134	-41	12.86
1497	152	-44	135	-41	12.86
1498	152	-44	135	-41	12.86
1499	153	-44	136	-42	12.57
1500	153	-43	137	-42	11.82
1501	155	-43	137	-42	13.28
1502	156	-43	138	-43	13.14
1503	157	-43	139	-43	13.14
1504	159	-42	126	-80	39.90
1505	160	-42	126	-80	40.01
1506	162	-42	126	-81	40.98
1507	162	-42	127	-82	41.64
1508	163	-42	127	-83	42.49
1509	163	-42	128	-84	43.19
1510	164	-42	128	-85	44.03
1511	164	-42	129	-86	44.77
1512	164	-42	129	-87	45.57
1513	164	-42	130	-88	46.35
1514	165	-42	130	-89	47.18
1515	165	-42	131	-90	48.00
1516	165	-42	131	-90	48.00
1517	165	-42	132	-90	48.00
1518	165	-42	132	-90	48.00
1519	165	-42	133	-90	48.00
1520	164	-42	133	-90	48.00
1521	164	-42	133	-90	48.00
1522	164	-42	134	-90	48.00
1523	164	-42	134	-90	48.00
1524	164	-42	135	-90	48.00
1525	163	-42	135	-90	48.00
1526	163	-42	136	-90	48.00
1527	163	-42	136	-90	48.00
1528	163	-42	137	-90	48.00
1529	162	-42	137	-90	48.00
1530	162	-42	138	-90	48.00
1531	161	-42	138	-90	48.00
1532	161	-42	139	-90	48.00
1533	161	-42	139	-90	48.00
1534	160	-42	140	-90	48.00
1535	159	-41	140	-90	49.00
1536	158	-41	-153	-34	38.98
1537	158	-41	-152	-33	40.17
1538	157	-41	-150	-33	42.42
1539	155	-41	-149	-33	44.66
1540	154	-41	-147	-33	46.90
1541	152	-41	-146	-32	49.60
1542	150	-41	-144	-32	52.56
1543	148	-41	-143	-32	54.76
1544	146	-41	-141	-32	57.67
1545	144	-41	-140	-31	60.37
1546	142	-41	-138	-31	63.24
1547	141	-41	-137	-31	64.66
1548	140	-42	-135	-31	66.41
1549	139	-43	-134	-30	68.03
1550	139	-43	-132	-30	69.39
1551	137	-44	-131	-30	71.00
1552	136	-45	-129	-30	72.53
1553	135	-47	-128	-29	73.63
1554	133	-50	-126	-29	74.69
1555	132	-53	-125	-29	74.41
1556	128	-57	-123	-29	75.43
1557	126	-57	-122	-28	77.67
1558	124	-57	-120	-28	79.46
1559	123	-58	-119	-28	79.72
1560	122	-59	-117	-28	80.32
1561	120	-60	-116	-27	81.72
1562	120	-60	-114	-27	82.45
1563	119	-61	-113	-27	82.47
1564	117	-60	-111	-27	84.54
1565	116	-60	-110	-26	86.13
1566	115	-59	-108	-26	87.87
1567	114	-59	-107	-26	88.49
1568	112	-59	157	-40	33.91
1569	111	-59	156	-39	34.67
1570	110	-59	156	-39	35.17
1571	108	-59	156	-39	36.17
1572	107	-59	156	-39	36.68
1573	105	-59	156	-39	37.69
1574	103	-59	156	-39	38.71
1575	101	-59	156	-39	39.73
1576	97	-59	156	-39	41.79
1577	95	-58	156	-39	42.83
1578	94	-58	156	-39	43.36
1579	93	-58	156	-39	43.89
1580	93	-58	156	-39	43.89
1581	92	-58	156	-39	44.42
1582	92	-58	156	-39	44.42
1583	91	-58	156	-39	44.95
1584	89	-58	156	-39	46.00
1585	88	-58	156	-39	46.53
1586	87	-58	156	-39	47.06
1587	86	-58	156	-39	47.58
1588	86	-58	156	-39	47.58
1589	85	-58	156	-39	48.10
1590	85	-58	156	-39	48.10
1591	84	-58	156	-39	48.63
1592	83	-58	156	-39	49.15
1593	82	-58	156	-39	49.67
1594	81	-57	156	-39	50.41
1595	81	-56	156	-39	50.64
1596	81	-55	156	-39	50.89
1597	82	-55	156	-39	50.33
1598	81	-56	156	-39	50.64
1599	82	-56	156	-39	50.10
1600	83	-57	66	-77	20.88
1601	83	-58	64	-77	20.11
1602	82	-58	63	-78	20.98
1603	81	-59	61	-78	20.11
1604	81	-59	60	-79	21.07
1605	81	-58	58	-79	22.25
1606	81	-57	57	-80	24.17
1607	81	-57	55	-80	24.37
1608	81	-58	54	-81	24.29
1609	81	-58	53	-82	25.19
1610	81	-58	51	-82	25.36
1611	81	-58	50	-83	26.22
1612	80	-61	48	-83	23.33
1613	80	-59	47	-84	26.15
1614	80	-56	45	-84	29.26
1615	80	-56	44	-85	30.08
1616	80	-58	43	-86	28.90
1617	80	-57	41	-86	29.99
1618	80	-57	40	-87	30.76
1619	82	-56	38	-87	31.90
1620	82	-57	37	-88	31.61
1621	83	-58	35	-88	30.69
1622	83	-58	34	-89	31.35
1623	83	-57	32	-89	32.38
1624	83	-57	31	-90	33.00
1625	83	-57	30	-90	33.00
1626	83	-57	28	-90	33.00
1627	83	-57	27	-90	33.00
1628	83	-58	25	-90	32.00
1629	82	-58	24	-90	32.00
1630	81	-59	22	-90	31.00
1631	79	-60	21	-90	30.00
1632	76	-61	54	-55	13.02
1633	75	-61	53	-54	13.64
1634	74	-61	52	-54	13.64
1635	74	-61	51	-54	14.10
1636	73	-61	50	-54	14.10
1637	73	-61	49	-54	14.55
1638	71	-64	48	-54	15.35
1639	69	-65	47	-54	15.52
1640	69	-65	46	-54	15.87
1641	69	-64	45	-54	15.73
1642	69	-65	44	-54	16.59
1643	70	-65	44	-54	16.96
1644	71	-66	43	-54	18.16
1645	72	-66	42	-54	18.89
1646	71	-66	41	-54	18.89
1647	70	-65	40	-54	18.50
1648	69	-65	39	-54	18.50
1649	69	-66	38	-53	20.05
1650	69	-66	37	-53	20.42
1651	69	-66	36	-53	20.79
1652	70	-64	35	-53	20.95
1653	69	-64	34	-53	20.95
1654	69	-64	34	-53	20.95
1655	69	-64	33	-53	21.37
1656	68	-65	32	-53	21.63
1657	68	-66	31	-53	22.32
1658	68	-66	30	-53	22.71
1659	69	-66	29	-53	23.49
1660	69	-66	28	-53	23.89
1661	69	-67	27	-53	24.51
1662	70	-68	26	-53	25.49
1663	70	-69	25	-53	26.09
1664	69	-70	69	-65	5.00
1665	68	-70	68	-65	5.00
1666	67	-70	68	-65	5.01
1667	66	-70	68	-65	5.06
1668	65	-70	68	-65	5.13
1669	63	-70	67	-65	5.23
1670	63	-70	67	-65	5.23
1671	63	-69	67	-65	4.29
1672	63	-70	67	-66	4.27
1673	61	-70	67	-66	4.58
1674	57	-70	66	-66	5.22
1675	55	-69	66	-66	5.16
1676	52	-69	66	-66	6.12
1677	50	-69	66	-66	6.79
1678	47	-68	65	-66	7.28
1679	44	-68	65	-66	8.40
1680	42	-67	65	-67	8.94
1681	39	-67	65	-67	10.09
1682	35	-67	65	-67	11.61
1683	33	-66	64	-67	12.27
1684	30	-65	64	-67	13.79
1685	28	-64	64	-67	15.00
1686	26	-64	64	-67	15.78
1687	23	-65	63	-67	16.10
1688	21	-65	63	-68	16.67
1689	19	-66	63	-68	16.94
1690	18	-66	63	-68	17.30
1691	18	-66	63	-68	17.30
1692	16	-65	62	-68	18.14
1693	15	-65	62	-68	18.51
1694	12	-65	62	-68	19.60
1695	9	-65	62	-68	20.68
1696	7	-65	62	-79	20.62
1697	5	-65	61	-79	20.81
1698	5	-65	61	-79	20.81
1699	5	-65	61	-79	20.81
1700	6	-65	61	-80	20.83
1701	7	-64	60	-80	21.42
1702	8	-63	60	-80	22.18
1703	8	-63	60	-80	22.18
1704	7	-63	60	-81	22.66
1705	5	-64	60	-81	22.02
1706	3	-64	59	-81	22.17
1707	2	-64	59	-82	22.59
1708	2	-64	59	-82	22.59
1709	3	-64	59	-82	22.46
1710	4	-63	58	-82	23.15
1711	4	-63	58	-83	23.53
1712	4	-63	58	-83	23.53
1713	4	-63	58	-83	23.53
1714	4	-63	58	-84	23.93
1715	4	-63	57	-84	23.84
1716	5	-63	57	-84	23.75
1717	5	-63	57	-84	23.75
1718	6	-63	57	-85	24.14
1719	5	-63	56	-85	24.14
1720	5	-63	56	-85	24.14
1721	4	-63	56	-86	24.72
1722	4	-63	56	-86	24.72
1723	5	-63	56	-86	24.66
1724	5	-63	55	-86	24.61
1725	6	-62	55	-87	26.12
1726	7	-62	55	-87	26.08
1727	8	-61	55	-87	27.04
1728	8	-61	-55	-60	29.83
1729	7	-60	-56	-59	30.77
1730	6	-60	-58	-59	31.22
1731	6	-60	-60	-59	32.11
1732	5	-60	-62	-59	32.55
1733	5	-60	-64	-59	33.42
1734	4	-60	-66	-59	33.86
1735	4	-60	-68	-58	35.28
1736	3	-60	-70	-58	35.72
1737	1	-59	-72	-58	36.22
1738	0	-59	-74	-58	36.66
1739	-2	-59	-76	-58	36.66
1740	-6	-59	-78	-58	35.78
1741	-6	-59	-80	-57	37.23
1742	-14	-58	-82	-57	34.98
1743	-17	-58	-84	-57	34.51
1744	-19	-58	-86	-57	34.51
1745	-22	-58	-87	-57	33.57
1746	-24	-58	-89	-57	33.57
1747	-25	-58	-91	-57	34.04
1748	-27	-58	-93	-56	34.55
1749	-28	-59	-95	-56	34.60
1750	-29	-59	-97	-56	35.06
1751	-30	-59	-99	-56	35.53
1752	-33	-59	-101	-56	35.06
1753	-35	-59	-103	-56	35.06
1754	-36	-58	-105	-55	36.52
1755	-39	-58	-107	-55	36.05
1756	-40	-58	-109	-55	36.52
1757	-43	-58	-111	-55	36.05
1758	-44	-58	-113	-55	36.52
1759	-46	-57	-115	-55	36.97
1760	-49	-57	9	-57	30.62
1761	-51	-57	9	-56	32.05
1762	-53	-57	9	-56	33.04
1763	-55	-57	9	-56	34.02
1764	-56	-57	9	-56	34.51
1765	-56	-57	9	-56	34.51
1766	-57	-57	9	-56	35.00
1767	-58	-57	9	-56	35.48
1768	-58	-57	9	-56	35.48
1769	-59	-57	9	-55	36.48
1770	-59	-57	9	-55	36.48
1771	-59	-58	9	-55	36.05
1772	-59	-58	9	-55	36.05
1773	-59	-58	9	-55	36.05
1774	-59	-58	9	-55	36.05
1775	-58	-58	9	-55	35.57
1776	-58	-58	9	-55	35.57
1777	-57	-58	9	-54	35.63
1778	-56	-58	9	-54	35.14
1779	-56	-58	9	-54	35.14
1780	-55	-58	9	-54	34.65
1781	-54	-57	9	-54	34.53
1782	-53	-57	9	-54	34.03
1783	-53	-57	9	-54	34.03
1784	-52	-57	9	-54	33.52
1785	-51	-57	9	-53	33.52
1786	-51	-57	9	-53	33.52
1787	-49	-57	9	-53	32.49
1788	-49	-56	9	-53	32.81
1789	-48	-56	9	-53	32.29
1790	-46	-55	9	-53	31.55
1791	-44	-54	9	-53	30.80
