frame_id	phi	theta	est_phi	est_theta	err_phi	err_theta	speed	err_ang
0	36	4	0	0	36.19
1	35	4	0	0	35.20
2	35	4	0	0	35.20
3	35	4	0	0	35.20
4	34	4	0	0	34.21
5	34	4	0	0	34.21
6	34	4	0	0	34.21
7	34	4	0	0	34.21
8	34	4	0	0	34.21
9	34	4	0	0	34.21
10	34	5	0	0	34.32
11	34	4	0	0	34.21
12	34	4	0	0	34.21
13	34	4	0	0	34.21
14	34	5	0	0	34.32
15	33	5	0	0	33.33
16	32	6	0	0	32.50
17	32	6	0	0	32.50
18	31	6	0	0	31.52
19	30	7	0	0	30.73
20	28	8	0	0	29.03
21	28	8	0	0	29.03
22	27	9	0	0	28.35
23	26	12	0	0	28.46
24	23	15	0	0	27.23
25	21	18	0	0	27.39
26	21	18	0	0	27.39
27	20	21	0	0	28.68
28	17	23	0	0	28.32
29	16	24	0	0	28.58
30	14	26	0	0	29.30
31	14	26	0	0	29.30
32	14	27	36	4	31.15
33	13	28	36	4	32.49
34	12	29	36	4	33.81
35	12	29	36	4	33.81
36	12	28	36	4	33.13
37	11	29	36	4	34.46
38	10	31	36	4	36.44
39	9	32	36	4	37.75
40	9	32	36	4	37.75
41	8	34	36	4	39.72
42	7	36	36	4	41.68
43	6	38	36	4	43.64
44	6	38	36	4	43.64
45	5	41	36	4	46.28
46	4	43	36	4	48.22
47	4	45	36	4	49.64
48	3	45	36	4	50.14
49	3	45	36	4	50.14
50	2	47	36	4	52.05
51	2	48	36	4	52.76
52	1	49	36	4	53.93
53	1	50	36	4	54.64
54	1	50	36	4	54.64
55	1	51	36	4	55.36
56	0	51	36	4	55.80
57	0	52	36	4	56.51
58	0	52	36	4	56.51
59	0	53	36	4	57.22
60	0	54	36	4	57.94
61	0	55	36	4	58.66
62	0	56	36	4	59.39
63	0	56	36	4	59.39
64	0	55	-8	50	6.97
65	0	55	-8	50	6.97
66	0	55	-9	51	6.72
67	1	55	-10	52	7.19
68	1	55	-10	52	7.19
69	1	55	-11	53	7.32
70	1	55	-12	54	7.60
71	1	55	-12	55	7.45
72	1	55	-13	55	8.02
73	2	55	-14	56	9.10
74	2	56	-14	57	8.87
75	2	56	-15	57	9.41
76	2	56	-16	58	9.97
77	2	56	-16	59	10.09
78	2	55	-17	60	11.31
79	3	55	-18	60	12.27
80	3	55	-19	61	13.02
81	4	54	-19	62	14.46
82	4	54	-20	62	14.89
83	5	54	-21	63	16.12
84	6	53	-21	64	17.66
85	7	52	-22	65	19.65
86	7	52	-23	65	20.03
87	10	51	-23	66	22.39
88	11	51	-24	67	23.54
89	14	49	-25	67	26.63
90	16	48	-25	68	28.57
91	16	48	-26	69	29.31
92	19	46	-27	70	32.75
93	21	43	-27	70	36.08
94	24	40	-28	71	40.42
95	26	37	-29	72	44.45
96	26	37	-14	83	47.79
97	30	34	-14	83	51.12
98	33	32	-14	84	54.02
99	36	29	-15	85	57.93
100	36	29	-15	86	58.53
101	39	27	-16	87	61.31
102	43	25	-16	88	63.98
103	47	23	-17	89	66.56
104	49	22	-17	90	68.00
105	49	22	-17	90	68.00
106	52	21	-18	90	69.00
107	54	20	-18	90	70.00
108	56	18	-19	90	72.00
109	56	18	-19	90	72.00
110	58	17	-20	90	73.00
111	61	16	-20	90	74.00
112	63	15	-21	90	75.00
113	65	15	-21	90	75.00
114	65	15	-21	90	75.00
115	67	14	-22	90	76.00
116	68	15	-22	90	75.00
117	69	15	-23	90	75.00
118	70	15	-23	90	75.00
119	70	15	-24	90	75.00
120	70	15	-24	90	75.00
121	71	15	-24	90	75.00
122	72	15	-25	90	75.00
123	72	15	-25	90	75.00
124	72	16	-26	90	74.00
125	73	16	-26	90	74.00
126	73	16	-27	90	74.00
127	74	17	-27	90	73.00
128	74	17	52	19	21.00
129	74	17	52	18	20.99
130	75	17	53	17	21.03
131	76	17	54	17	21.03
132	77	18	55	16	21.12
133	77	18	56	16	20.17
134	79	17	56	15	22.19
135	81	17	57	15	23.14
136	82	17	58	14	23.31
137	82	17	59	13	22.56
138	83	17	60	13	22.56
139	85	18	60	12	24.86
140	87	18	61	12	25.79
141	89	19	62	11	27.24
142	89	19	63	11	26.32
143	90	20	64	10	26.98
144	91	20	65	10	26.98
145	92	20	65	9	28.30
146	93	20	66	8	28.75
147	93	20	67	8	27.87
148	94	21	68	7	28.78
149	94	22	69	7	28.39
150	96	21	69	6	30.15
151	96	21	70	6	29.31
152	97	21	71	5	29.87
153	99	21	72	4	31.26
154	100	21	73	4	31.26
155	102	21	73	3	33.47
156	102	21	74	3	32.66
157	103	21	75	2	33.25
158	105	20	76	2	33.56
159	106	18	77	1	33.17
160	108	18	122	-3	25.13
161	108	18	123	-3	25.68
162	110	17	125	-4	25.70
163	112	16	126	-4	24.33
164	114	15	128	-5	24.34
165	114	15	129	-6	25.73
166	117	14	131	-6	24.35
167	120	13	132	-7	23.28
168	123	12	134	-8	22.80
169	125	10	135	-8	20.57
170	125	10	137	-9	22.44
171	128	8	138	-9	19.70
172	131	6	140	-10	18.34
173	133	5	141	-11	17.87
174	136	3	143	-11	15.64
175	136	3	144	-12	16.98
176	139	1	146	-13	15.63
177	141	0	147	-13	14.30
178	143	0	149	-14	15.21
179	143	0	150	-14	15.62
180	146	0	152	-15	16.13
181	148	0	153	-16	16.74
182	150	-1	155	-16	15.79
183	153	-1	156	-17	16.27
184	153	-1	158	-18	17.70
185	156	0	159	-18	18.24
186	158	0	161	-19	19.23
187	160	0	162	-19	19.10
188	160	0	164	-20	20.38
189	163	0	165	-21	21.09
190	165	0	167	-21	21.09
191	168	0	168	-22	22.00
192	170	1	142	19	32.82
193	170	1	143	19	32.00
194	172	1	144	19	32.82
195	174	1	145	19	33.64
196	177	0	146	19	35.86
197	-179	0	147	19	38.38
198	-179	0	148	19	37.54
199	-177	0	149	19	38.38
200	-176	0	150	19	38.38
201	-174	0	151	19	39.24
202	-174	0	152	19	38.38
203	-172	-1	153	19	39.76
204	-169	-1	154	19	41.47
205	-167	-1	155	19	42.33
206	-166	-1	156	19	42.33
207	-166	-1	157	19	41.47
208	-165	-1	159	19	40.61
209	-164	-2	160	19	41.14
210	-163	-2	161	19	41.14
211	-161	-1	162	19	41.47
212	-161	-1	163	19	40.61
213	-159	-1	164	19	41.47
214	-158	-1	165	19	41.47
215	-156	-1	166	19	42.33
216	-156	-1	167	19	41.47
217	-156	0	168	19	40.10
218	-155	0	169	19	40.10
219	-157	2	170	19	36.50
220	-158	3	171	19	34.27
221	-158	3	172	19	33.41
222	-159	4	173	19	31.18
223	-159	5	174	19	29.82
224	-160	7	-128	-16	39.15
225	-160	7	-127	-16	39.95
226	-160	7	-125	-17	42.11
227	-160	8	-123	-17	44.31
228	-159	9	-121	-18	46.22
229	-159	10	-119	-18	48.41
230	-159	10	-117	-19	50.55
231	-159	11	-115	-19	52.73
232	-159	12	-113	-20	55.43
233	-159	12	-111	-20	57.05
234	-159	13	-109	-21	59.73
235	-159	13	-107	-21	61.35
236	-160	14	-105	-22	64.82
237	-161	16	-103	-22	68.34
238	-162	18	-101	-23	72.32
239	-162	18	-99	-23	73.94
240	-164	20	-97	-24	78.68
241	-167	22	-96	-25	83.38
242	-168	23	-94	-25	86.28
243	-169	24	-92	-26	89.63
244	-169	24	-90	-26	91.24
245	-169	25	-88	-27	93.76
246	-170	26	-86	-27	96.62
247	-171	27	-84	-28	99.90
248	-171	27	-82	-28	101.50
249	-172	27	-80	-29	104.32
250	-172	27	-78	-29	105.93
251	-173	27	-76	-30	108.73
252	-174	26	-74	-30	110.75
253	-174	26	-72	-31	112.70
254	-174	26	-70	-31	114.34
255	-174	26	-68	-32	116.26
256	-175	25	-130	13	43.99
257	-175	25	-129	13	44.89
258	-175	25	-128	13	45.79
259	-175	25	-127	13	46.69
260	-175	24	-126	13	47.51
261	-174	24	-125	13	47.51
262	-174	24	-124	14	48.07
263	-174	23	-123	14	48.96
264	-174	23	-122	14	49.88
265	-174	22	-121	14	50.80
266	-173	22	-120	14	50.80
267	-173	22	-119	15	51.44
268	-173	21	-118	15	52.41
269	-173	21	-117	15	53.34
270	-172	21	-116	15	53.34
271	-172	20	-115	15	54.35
272	-172	20	-115	16	54.11
273	-172	20	-114	16	55.04
274	-171	20	-113	16	55.04
275	-171	19	-112	16	56.09
276	-171	19	-111	16	57.03
277	-170	19	-110	16	57.03
278	-170	20	-109	17	57.61
279	-170	19	-108	17	58.69
280	-171	19	-107	17	60.56
281	-171	19	-106	17	61.49
282	-171	18	-105	17	62.60
283	-172	18	-104	18	64.26
284	-173	18	-103	18	66.12
285	-174	18	-102	18	67.98
286	-174	18	-101	18	68.90
287	-174	18	-100	18	69.83
288	-174	18	170	43	28.43
289	-174	18	170	43	28.43
290	-174	18	170	44	29.27
291	-174	18	169	44	29.67
292	-175	18	169	45	30.12
293	-175	18	168	45	30.50
294	-176	18	168	46	30.98
295	-176	18	167	46	31.34
296	-178	19	167	47	30.57
297	-178	20	166	48	30.84
298	-179	20	166	48	30.51
299	179	20	165	49	31.10
300	179	20	165	49	31.10
301	178	20	164	50	32.00
302	178	21	164	50	31.04
303	178	21	163	51	32.22
304	178	21	163	52	33.11
305	178	21	163	52	33.11
306	177	21	162	53	34.01
307	177	21	162	53	34.01
308	177	21	161	54	35.17
309	177	21	161	54	35.17
310	177	21	160	55	36.33
311	178	21	160	55	36.60
312	178	21	159	56	37.75
313	178	21	159	57	38.62
314	178	21	158	57	38.89
315	178	21	158	58	39.75
316	178	22	157	58	39.07
317	179	22	157	59	40.19
318	179	22	156	59	40.48
319	179	22	156	60	41.31
320	179	22	-173	11	13.40
321	180	22	-172	10	14.24
322	180	22	-172	10	14.24
323	180	22	-172	10	14.24
324	-179	22	-172	10	13.75
325	-179	21	-172	9	13.77
326	-178	21	-172	9	13.32
327	-178	22	-172	9	14.22
328	-178	22	-172	9	14.22
329	-178	22	-172	9	14.22
330	-177	23	-172	8	15.75
331	-177	24	-172	8	16.70
332	-177	25	-172	8	17.66
333	-177	25	-172	8	17.66
334	-178	27	-172	7	20.80
335	-178	29	-172	7	22.72
336	-179	31	-172	7	24.88
337	-179	31	-172	7	24.88
338	179	33	-172	7	27.31
339	179	34	-172	6	29.21
340	179	35	-172	6	30.16
341	179	36	-172	6	31.12
342	179	36	-172	6	31.12
343	178	37	-172	5	33.28
344	178	38	-172	5	34.23
345	177	38	-172	5	34.49
346	177	38	-172	5	34.49
347	177	39	-172	5	35.43
348	177	39	-172	4	36.40
349	176	40	-172	4	37.60
350	176	40	-172	4	37.60
351	176	40	-172	4	37.60
352	176	41	172	26	15.36
353	176	41	171	26	15.56
354	176	41	171	26	15.56
355	176	42	171	26	16.52
356	176	42	171	26	16.52
357	176	43	170	26	17.69
358	175	44	170	26	18.45
359	175	46	170	26	20.39
360	175	46	170	27	19.41
361	174	48	170	27	21.23
362	174	49	169	27	22.34
363	174	49	169	27	22.34
364	174	50	169	27	23.32
365	174	50	169	27	23.32
366	173	50	168	27	23.32
367	173	49	168	27	22.34
368	172	49	168	28	21.22
369	172	49	168	28	21.22
370	173	50	168	28	22.33
371	173	50	167	28	22.47
372	172	49	167	28	21.35
373	173	48	167	28	20.54
374	173	48	167	28	20.54
375	173	46	166	28	18.83
376	173	44	166	29	16.01
377	174	43	166	29	15.41
378	175	41	166	29	14.06
379	175	41	166	29	14.06
380	177	39	165	29	14.08
381	178	37	165	29	13.50
382	179	34	165	29	12.93
383	179	34	165	29	12.93
384	-179	32	173	60	28.50
385	-177	30	172	60	30.90
386	-176	29	172	61	32.99
387	-175	28	172	61	34.14
388	-175	28	172	62	35.07
389	-173	26	172	62	37.38
390	-172	25	172	63	39.46
391	-171	24	172	64	41.54
392	-170	24	172	64	41.72
393	-170	24	172	65	42.62
394	-170	23	172	65	43.61
395	-169	22	171	66	45.85
396	-169	22	171	67	46.74
397	-169	22	171	67	46.74
398	-169	22	171	68	47.65
399	-169	22	171	68	47.65
400	-169	21	171	69	49.54
401	-169	21	171	70	50.45
402	-169	21	171	70	50.45
403	-170	21	171	71	51.23
404	-170	21	171	71	51.23
405	-171	21	171	72	52.03
406	-172	21	170	73	52.97
407	-172	21	170	73	52.97
408	-172	21	170	74	53.90
409	-172	21	170	74	53.90
410	-173	21	170	75	54.74
411	-173	21	170	76	55.69
412	-173	21	170	76	55.69
413	-174	21	170	77	56.56
414	-174	21	170	77	56.56
415	-175	21	170	78	57.45
416	-175	21	-174	23	2.20
417	-175	21	-173	22	2.11
418	-175	21	-173	22	2.11
419	-175	21	-173	22	2.11
420	-176	22	-173	21	2.96
421	-176	22	-173	21	2.96
422	-176	21	-173	21	2.80
423	-176	21	-172	21	3.73
424	-177	22	-172	20	5.08
425	-177	22	-172	20	5.08
426	-177	22	-172	20	5.08
427	-178	22	-172	19	6.37
428	-178	21	-172	19	5.98
429	-177	22	-171	19	6.37
430	-177	22	-171	19	6.37
431	-177	22	-171	18	6.91
432	-176	22	-171	18	6.17
433	-175	22	-171	18	5.49
434	-175	22	-171	17	6.26
435	-174	22	-171	17	5.74
436	-173	22	-170	17	5.74
437	-173	23	-170	17	6.63
438	-173	23	-170	16	7.55
439	-173	22	-170	16	6.64
440	-173	22	-170	16	6.64
441	-173	23	-170	15	8.49
442	-172	23	-169	15	8.49
443	-172	23	-169	15	8.49
444	-172	23	-169	15	8.49
445	-171	23	-169	14	9.20
446	-170	23	-169	14	9.05
447	-170	23	-169	14	9.05
448	-169	23	-171	10	13.14
449	-167	23	-170	9	14.29
450	-165	24	-170	9	15.74
451	-163	24	-170	8	17.35
452	-163	24	-170	8	17.35
453	-161	24	-170	8	18.17
454	-159	23	-170	7	19.18
455	-158	22	-170	7	18.95
456	-158	22	-170	7	18.95
457	-156	22	-169	6	20.34
458	-155	22	-169	6	20.95
459	-153	22	-169	6	22.25
460	-152	22	-169	5	23.66
461	-152	22	-169	5	23.66
462	-151	22	-169	5	24.34
463	-150	22	-169	4	25.75
464	-149	21	-169	4	25.82
465	-148	21	-168	4	25.82
466	-148	21	-168	3	26.51
467	-147	21	-168	3	27.24
468	-147	21	-168	3	27.24
469	-146	21	-168	2	28.65
470	-146	21	-168	2	28.65
471	-145	20	-168	2	28.79
472	-144	20	-168	1	30.20
473	-144	19	-167	1	28.85
474	-143	19	-167	1	29.62
475	-143	19	-167	0	30.26
476	-142	18	-167	0	30.46
477	-142	18	-167	0	30.46
478	-141	18	-167	0	31.26
479	-141	17	-167	0	30.74
480	-141	17	-163	25	22.00
481	-141	17	-162	25	21.14
482	-141	16	-162	25	21.59
483	-142	15	-162	25	21.25
484	-143	14	-162	25	20.98
485	-143	14	-162	25	20.98
486	-144	12	-161	25	20.67
487	-145	11	-161	25	20.64
488	-148	9	-161	25	20.23
489	-148	9	-161	25	20.23
490	-150	9	-161	25	19.12
491	-151	9	-160	25	18.15
492	-153	8	-160	25	18.27
493	-154	7	-160	25	18.89
494	-154	7	-160	25	18.89
495	-156	6	-160	25	19.38
496	-158	6	-160	26	20.09
497	-160	5	-159	26	21.02
498	-160	5	-159	26	21.02
499	-162	4	-159	26	22.19
500	-164	4	-159	26	22.52
501	-166	2	-159	26	24.93
502	-168	1	-158	26	26.79
503	-168	1	-158	26	26.79
504	-170	0	-158	26	28.46
505	-172	-1	-158	26	30.20
506	-175	-2	-158	26	32.47
507	-175	-2	-157	26	32.97
508	-176	-3	-157	26	34.34
509	-178	-4	-157	26	36.25
510	180	-6	-157	26	39.01
511	178	-6	-157	26	40.16
512	178	-6	-113	11	70.74
513	177	-6	-112	10	72.50
514	176	-7	-111	10	74.66
515	176	-7	-110	10	75.63
516	176	-7	-109	10	76.60
517	176	-7	-108	10	77.57
518	175	-7	-107	9	79.35
519	175	-8	-106	9	80.51
520	175	-8	-106	9	80.51
521	174	-8	-105	9	82.46
522	174	-8	-104	9	83.43
523	174	-8	-103	8	84.25
524	174	-8	-102	8	85.23
525	174	-8	-101	8	86.21
526	174	-9	-100	8	87.34
527	175	-8	-99	8	87.19
528	175	-9	-99	8	87.34
529	175	-9	-98	7	88.15
530	176	-9	-97	7	88.15
531	177	-9	-96	7	88.15
532	179	-9	-95	7	87.17
533	-178	-8	-94	7	85.08
534	-178	-8	-93	6	85.91
535	-175	-8	-92	6	83.95
536	-170	-8	-92	6	79.03
537	-166	-8	-91	6	76.09
538	-166	-8	-90	6	77.07
539	-161	-8	-89	5	72.98
540	-157	-8	-88	5	70.04
541	-154	-8	-87	5	68.08
542	-153	-9	-86	5	68.23
543	-153	-9	-85	5	69.21
544	-152	-9	137	-29	69.08
545	-150	-9	135	-29	72.58
546	-149	-9	134	-30	74.30
547	-149	-9	133	-31	75.13
548	-147	-10	131	-31	78.06
549	-144	-10	130	-32	81.36
550	-142	-10	129	-33	83.74
551	-141	-10	128	-34	85.25
552	-141	-10	126	-34	86.88
553	-139	-10	125	-35	89.12
554	-137	-10	124	-36	91.29
555	-134	-9	122	-36	95.82
556	-132	-9	121	-37	97.84
557	-132	-9	120	-38	98.29
558	-130	-9	119	-39	100.17
559	-129	-8	117	-39	103.03
560	-127	-8	116	-40	104.77
561	-127	-8	115	-41	105.04
562	-125	-8	113	-41	107.74
563	-124	-8	112	-42	108.57
564	-122	-8	111	-43	109.93
565	-121	-7	110	-44	111.39
566	-121	-7	108	-44	112.57
567	-119	-7	107	-45	113.66
568	-117	-7	106	-46	114.62
569	-115	-7	104	-46	116.63
570	-113	-7	103	-47	117.29
571	-113	-7	102	-48	116.97
572	-111	-7	101	-49	117.40
573	-109	-6	99	-49	119.82
574	-108	-6	98	-50	119.64
575	-108	-6	97	-51	119.08
576	-107	-5	-122	-12	16.39
577	-106	-5	-121	-12	16.39
578	-105	-4	-120	-12	16.86
579	-104	-3	-119	-12	17.37
580	-104	-3	-118	-12	16.53
581	-103	-3	-117	-12	16.53
582	-102	-3	-116	-12	16.53
583	-102	-3	-115	-12	15.71
584	-101	-3	-114	-12	15.71
585	-101	-3	-113	-12	14.91
586	-101	-3	-112	-12	14.13
587	-101	-2	-111	-13	14.80
588	-101	-2	-110	-13	14.15
589	-101	-2	-109	-13	13.55
590	-101	-1	-108	-13	13.86
591	-101	0	-107	-13	14.30
592	-101	2	-107	-13	16.14
593	-100	3	-106	-13	17.07
594	-100	3	-105	-13	16.75
595	-99	5	-104	-13	18.67
596	-99	6	-103	-13	19.41
597	-98	8	-102	-13	21.37
598	-98	8	-101	-14	22.20
599	-98	8	-100	-14	22.09
600	-98	9	-99	-14	23.02
601	-98	9	-98	-14	23.00
602	-98	9	-97	-14	23.02
603	-98	9	-96	-14	23.09
604	-98	9	-95	-14	23.19
605	-99	8	-94	-14	22.55
606	-99	8	-93	-14	22.79
607	-99	8	-92	-14	23.07
608	-99	8	-62	-1	37.97
609	-99	8	-60	0	39.68
610	-98	7	-59	0	39.52
611	-99	7	-57	0	42.47
612	-99	6	-56	0	43.34
613	-99	6	-54	0	45.31
614	-99	5	-53	0	46.21
615	-100	5	-52	0	48.20
616	-100	5	-50	0	50.18
617	-100	5	-49	0	51.18
618	-100	5	-47	0	53.16
619	-100	5	-46	0	54.16
620	-99	5	-45	0	54.16
621	-99	6	-43	0	56.21
622	-99	6	-42	0	57.20
623	-99	6	-40	0	59.19
624	-98	6	-39	1	59.07
625	-98	6	-38	1	60.07
626	-98	6	-36	1	62.05
627	-99	7	-35	1	64.08
628	-99	8	-33	1	66.10
629	-99	8	-32	1	67.09
630	-100	7	-31	1	69.04
631	-100	7	-29	1	71.02
632	-100	8	-28	2	71.90
633	-101	9	-26	2	74.87
634	-101	9	-25	2	75.86
635	-101	9	-24	2	76.85
636	-101	9	-22	2	78.83
637	-101	9	-21	2	79.81
638	-101	10	-19	2	81.78
639	-101	10	-18	2	82.76
640	-101	10	-91	21	14.61
641	-101	10	-90	21	15.26
642	-101	10	-90	21	15.26
643	-101	10	-90	22	15.98
644	-101	10	-90	22	15.98
645	-101	10	-89	23	17.34
646	-102	10	-89	23	17.99
647	-102	10	-89	23	17.99
648	-102	10	-89	24	18.70
649	-102	10	-88	24	19.34
650	-102	10	-88	25	20.05
651	-102	10	-88	25	20.05
652	-103	10	-88	25	20.69
653	-103	11	-87	26	21.29
654	-103	11	-87	26	21.29
655	-103	10	-87	27	22.73
656	-104	10	-87	27	23.37
657	-104	11	-86	27	23.30
658	-105	11	-86	28	24.62
659	-105	11	-86	28	24.62
660	-106	11	-86	29	25.94
661	-107	11	-85	29	27.31
662	-107	11	-85	29	27.31
663	-107	11	-85	30	27.92
664	-108	11	-85	30	28.61
665	-109	11	-84	31	30.59
666	-110	11	-84	31	31.29
667	-110	12	-84	31	30.61
668	-110	12	-84	32	31.16
669	-111	12	-83	32	32.58
670	-112	12	-83	33	33.83
671	-112	12	-83	33	33.83
672	-112	12	-103	12	8.80
673	-113	12	-103	12	9.78
674	-113	13	-103	12	9.81
675	-114	13	-103	12	10.78
676	-116	13	-103	12	12.73
677	-116	13	-103	12	12.73
678	-117	14	-103	12	13.78
679	-118	15	-103	12	14.89
680	-119	15	-103	12	15.84
681	-120	16	-103	12	16.97
682	-120	16	-103	12	16.97
683	-120	17	-103	12	17.19
684	-121	18	-103	12	18.38
685	-121	18	-103	12	18.38
686	-121	18	-103	12	18.38
687	-121	18	-103	12	18.38
688	-121	18	-104	13	17.12
689	-121	18	-104	13	17.12
690	-121	18	-104	13	17.12
691	-121	18	-104	13	17.12
692	-121	18	-104	13	17.12
693	-121	18	-104	13	17.12
694	-121	18	-104	13	17.12
695	-121	19	-104	13	17.40
696	-121	19	-104	13	17.40
697	-122	19	-104	13	18.30
698	-123	20	-104	13	19.50
699	-125	20	-104	13	21.29
700	-125	20	-104	13	21.29
701	-127	20	-104	13	23.11
702	-128	21	-104	13	24.27
703	-130	22	-104	13	26.33
704	-132	24	-123	14	13.12
705	-132	24	-123	14	13.12
706	-132	26	-123	14	14.67
707	-132	28	-124	14	15.85
708	-131	29	-124	14	16.34
709	-130	30	-124	14	16.93
710	-130	30	-125	14	16.65
711	-129	30	-125	14	16.42
712	-127	31	-125	14	17.10
713	-126	31	-126	14	17.00
714	-126	31	-126	14	17.00
715	-125	32	-126	14	18.02
716	-124	33	-127	14	19.20
717	-123	34	-127	14	20.33
718	-123	34	-127	14	20.33
719	-123	34	-128	14	20.51
720	-122	35	-128	15	20.71
721	-120	35	-128	15	21.25
722	-119	35	-129	15	21.93
723	-118	35	-129	15	22.31
724	-118	35	-129	15	22.31
725	-117	35	-130	15	23.16
726	-115	35	-130	15	24.11
727	-114	35	-130	15	24.63
728	-114	35	-131	15	25.16
729	-112	35	-131	15	26.29
730	-111	35	-131	15	26.88
731	-110	35	-132	15	28.11
732	-109	35	-132	15	28.74
733	-109	35	-132	15	28.74
734	-108	35	-133	15	30.05
735	-107	35	-133	15	30.73
736	-106	36	-152	36	36.86
737	-106	36	-152	36	36.86
738	-105	36	-153	36	38.42
739	-104	37	-153	37	38.68
740	-103	39	-154	37	39.71
741	-102	41	-155	37	40.75
742	-102	41	-155	38	40.37
743	-101	43	-156	38	41.37
744	-101	44	-157	39	41.43
745	-99	46	-157	39	42.37
746	-98	46	-158	39	43.73
747	-98	46	-158	40	43.24
748	-96	46	-159	40	45.25
749	-94	46	-160	40	47.25
750	-92	46	-160	41	48.06
751	-92	46	-161	41	48.71
752	-90	47	-162	42	49.76
753	-88	47	-162	42	51.02
754	-86	48	-163	42	52.47
755	-85	48	-163	43	52.51
756	-85	48	-164	43	53.12
757	-84	49	-165	43	53.86
758	-84	49	-165	44	53.27
759	-84	50	-166	44	53.38
760	-83	50	-167	45	53.90
761	-83	50	-167	45	53.90
762	-83	51	-168	45	53.96
763	-83	51	-168	46	53.34
764	-82	52	-169	46	53.90
765	-82	52	-170	46	54.42
766	-82	53	-170	47	53.24
767	-81	53	-171	47	54.26
768	-80	53	-80	48	5.00
769	-79	53	-79	48	5.00
770	-79	53	-78	48	5.04
771	-77	53	-77	49	4.00
772	-75	52	-76	49	3.07
773	-73	52	-75	49	3.26
774	-73	52	-75	50	2.36
775	-71	52	-74	50	2.75
776	-70	51	-73	51	1.89
777	-68	51	-72	51	2.52
778	-67	50	-71	51	2.73
779	-67	50	-71	52	3.21
780	-66	50	-70	52	3.21
781	-65	49	-69	52	3.93
782	-65	48	-68	53	5.35
783	-66	47	-67	53	6.03
784	-66	47	-67	54	7.03
785	-66	46	-66	54	8.00
786	-67	45	-65	54	9.09
787	-68	44	-64	55	11.30
788	-70	41	-63	55	14.74
789	-70	41	-62	55	14.97
790	-70	38	-62	56	18.78
791	-69	36	-61	56	20.72
792	-69	32	-60	57	25.76
793	-69	32	-59	57	25.93
794	-68	28	-58	57	29.85
795	-68	24	-58	58	34.75
796	-67	22	-57	58	36.72
797	-67	19	-56	58	39.83
798	-67	19	-55	59	40.94
799	-66	15	-54	59	44.89
800	-66	12	-54	70	58.49
801	-65	10	-53	70	60.49
802	-65	8	-52	71	63.53
803	-65	8	-51	71	63.61
804	-64	5	-50	72	67.57
805	-64	3	-49	72	69.64
806	-64	0	-49	73	73.60
807	-64	0	-48	73	73.68
808	-63	-2	-47	74	76.63
809	-62	-5	-46	74	79.62
810	-62	-7	-45	75	82.65
811	-62	-10	-45	75	85.64
812	-62	-10	-44	76	86.67
813	-62	-11	-43	76	87.74
814	-62	-11	-42	77	88.76
815	-61	-12	-41	77	89.76
816	-61	-13	-41	78	91.70
817	-61	-13	-40	79	92.71
818	-60	-14	-39	79	93.71
819	-59	-14	-38	80	94.64
820	-58	-16	-37	80	96.64
821	-58	-16	-36	81	97.63
822	-57	-17	-36	81	98.58
823	-56	-18	-35	82	100.51
824	-55	-19	-34	82	101.51
825	-54	-19	-33	83	102.45
826	-54	-19	-32	83	102.49
827	-52	-20	-32	84	104.35
828	-51	-20	-31	84	104.35
829	-50	-20	-30	85	105.29
830	-49	-20	-29	85	105.29
831	-49	-20	-28	86	106.26
832	-48	-20	-52	-29	9.71
833	-48	-20	-51	-30	10.36
834	-47	-21	-51	-31	10.62
835	-47	-21	-50	-32	11.32
836	-47	-20	-50	-34	14.25
837	-47	-21	-49	-35	14.11
838	-47	-21	-49	-36	15.10
839	-47	-21	-48	-37	16.02
840	-47	-21	-48	-39	18.02
841	-46	-21	-48	-40	19.08
842	-46	-20	-47	-41	21.02
843	-46	-21	-47	-43	22.02
844	-46	-21	-46	-44	23.00
845	-46	-21	-46	-45	24.00
846	-46	-21	-45	-46	25.01
847	-46	-20	-45	-48	28.01
848	-47	-20	-45	-49	29.04
849	-47	-20	-44	-50	30.09
850	-47	-20	-44	-52	32.09
851	-47	-20	-43	-53	33.14
852	-47	-20	-43	-54	34.14
853	-48	-20	-42	-55	35.29
854	-48	-20	-42	-57	37.27
855	-48	-19	-41	-58	39.34
856	-49	-19	-41	-59	40.42
857	-51	-18	-41	-61	43.59
858	-51	-18	-40	-62	44.67
859	-55	-18	-40	-63	46.18
860	-60	-17	-39	-64	49.14
861	-67	-15	-39	-66	54.31
862	-67	-15	-38	-67	55.37
863	-75	-14	-38	-68	59.03
864	-82	-14	-30	-52	56.05
865	-87	-14	-29	-53	59.82
866	-91	-13	-28	-54	63.77
867	-91	-13	-28	-55	64.02
868	-94	-13	-27	-56	66.46
869	-96	-13	-27	-57	67.74
870	-98	-13	-26	-58	69.49
871	-98	-13	-26	-59	69.64
872	-100	-13	-25	-60	71.28
873	-102	-13	-24	-61	72.84
874	-104	-13	-24	-62	73.86
875	-106	-13	-23	-63	75.27
876	-106	-13	-23	-64	75.27
877	-108	-12	-22	-65	77.45
878	-109	-12	-22	-66	77.83
879	-110	-12	-21	-67	78.58
880	-110	-12	-21	-68	78.51
881	-111	-12	-20	-69	79.16
882	-111	-12	-19	-70	79.41
883	-113	-12	-19	-71	79.96
884	-114	-12	-18	-72	80.44
885	-114	-12	-18	-73	80.27
886	-116	-13	-17	-74	79.97
887	-118	-12	-17	-75	81.23
888	-120	-13	-16	-76	80.72
889	-122	-13	-15	-77	81.08
890	-122	-13	-15	-78	80.75
891	-125	-14	-14	-79	80.15
892	-129	-15	-14	-80	79.40
893	-131	-16	-13	-81	78.37
894	-131	-16	-13	-82	77.87
895	-134	-17	-12	-83	76.80
896	-136	-18	-116	-8	21.87
897	-138	-19	-117	-7	23.68
898	-140	-20	-118	-7	24.98
899	-140	-20	-119	-7	24.16
900	-141	-20	-120	-7	24.16
901	-143	-21	-121	-7	25.47
902	-143	-22	-122	-6	25.84
903	-143	-22	-123	-6	25.09
904	-144	-23	-124	-6	25.70
905	-144	-24	-125	-6	25.64
906	-144	-25	-126	-6	25.66
907	-144	-26	-127	-5	26.56
908	-144	-26	-128	-5	25.99
909	-144	-28	-129	-5	27.06
910	-143	-31	-130	-5	28.73
911	-141	-32	-131	-5	28.58
912	-139	-34	-133	-5	29.53
913	-139	-34	-134	-4	30.36
914	-137	-35	-135	-4	31.06
915	-134	-37	-136	-4	33.05
916	-130	-38	-137	-4	34.60
917	-130	-38	-138	-4	34.78
918	-126	-40	-139	-3	38.83
919	-123	-41	-140	-3	40.97
920	-119	-42	-141	-3	43.69
921	-114	-42	-142	-3	46.35
922	-114	-42	-143	-3	46.84
923	-110	-44	-144	-2	51.67
924	-108	-45	-145	-2	53.91
925	-106	-45	-146	-2	55.53
926	-106	-45	-147	-2	56.08
927	-104	-46	-148	-2	58.37
928	-103	-46	170	-22	72.35
929	-103	-47	169	-22	72.78
930	-102	-47	167	-22	74.76
931	-102	-47	165	-22	76.06
932	-102	-47	164	-22	76.71
933	-101	-47	162	-22	78.64
934	-100	-47	160	-22	80.55
935	-100	-47	159	-22	81.18
936	-100	-47	157	-23	81.69
937	-100	-48	155	-23	82.48
938	-100	-48	154	-23	83.07
939	-100	-49	152	-23	83.78
940	-100	-49	150	-23	84.93
941	-100	-49	149	-23	85.50
942	-100	-50	147	-23	86.09
943	-100	-51	145	-23	86.63
944	-99	-51	143	-24	87.35
945	-99	-51	142	-24	87.86
946	-99	-52	140	-24	88.23
947	-99	-52	138	-24	89.19
948	-99	-52	137	-24	89.66
949	-99	-52	135	-24	90.58
950	-99	-53	133	-24	90.78
951	-99	-53	132	-24	91.21
952	-99	-53	130	-25	91.16
953	-99	-53	128	-25	91.98
954	-99	-53	127	-25	92.37
955	-100	-53	125	-25	92.76
956	-100	-54	123	-25	92.73
957	-101	-54	122	-25	92.73
958	-101	-54	120	-25	93.45
959	-101	-54	118	-25	94.13
960	-101	-54	-70	-74	23.57
961	-102	-54	-68	-74	24.22
962	-102	-54	-67	-75	25.03
963	-102	-54	-66	-76	25.84
964	-102	-54	-65	-77	26.64
965	-103	-54	-64	-78	27.59
966	-103	-54	-63	-79	28.35
967	-103	-54	-62	-80	29.10
968	-103	-54	-61	-81	29.84
969	-104	-54	-60	-81	30.09
970	-104	-54	-59	-82	30.80
971	-104	-54	-58	-83	31.49
972	-104	-54	-57	-84	32.17
973	-104	-54	-56	-85	32.84
974	-104	-53	-55	-86	34.49
975	-104	-53	-54	-87	35.14
976	-104	-53	-53	-88	35.77
977	-104	-53	-52	-88	35.80
978	-104	-53	-51	-89	36.41
979	-104	-53	-50	-90	37.00
980	-105	-53	-49	-90	37.00
981	-105	-53	-48	-90	37.00
982	-105	-53	-47	-90	37.00
983	-105	-53	-46	-90	37.00
984	-105	-53	-45	-90	37.00
985	-105	-52	-44	-90	38.00
986	-105	-52	-43	-90	38.00
987	-105	-52	-42	-90	38.00
988	-105	-52	-41	-90	38.00
989	-105	-52	-40	-90	38.00
990	-105	-52	-39	-90	38.00
991	-105	-52	-38	-90	38.00
992	-105	-52	-99	-62	10.51
993	-105	-52	-98	-62	10.69
994	-105	-52	-98	-62	10.69
995	-105	-52	-98	-62	10.69
996	-105	-52	-98	-63	11.61
997	-105	-52	-98	-63	11.61
998	-105	-52	-98	-63	11.61
999	-105	-52	-98	-63	11.61
1000	-105	-52	-98	-64	12.54
1001	-104	-51	-98	-64	13.38
1002	-104	-50	-98	-64	14.36
1003	-104	-49	-98	-64	15.34
1004	-104	-49	-98	-65	16.31
1005	-105	-48	-98	-65	17.41
1006	-105	-47	-98	-65	18.39
1007	-105	-46	-98	-65	19.38
1008	-106	-45	-98	-66	21.44
1009	-106	-45	-97	-66	21.56
1010	-107	-44	-97	-66	22.67
1011	-108	-43	-97	-66	23.79
1012	-109	-42	-97	-67	25.85
1013	-109	-42	-97	-67	25.85
1014	-109	-42	-97	-67	25.85
1015	-110	-41	-97	-67	26.97
1016	-110	-41	-97	-68	27.90
1017	-110	-41	-97	-68	27.90
1018	-110	-41	-97	-68	27.90
1019	-111	-40	-97	-68	29.02
1020	-111	-39	-97	-69	30.93
1021	-111	-39	-97	-69	30.93
1022	-111	-39	-97	-69	30.93
1023	-111	-38	-97	-69	31.92
1024	-111	-38	-109	-50	12.08
1025	-111	-38	-109	-49	11.09
1026	-111	-37	-109	-49	12.09
1027	-111	-37	-109	-49	12.09
1028	-112	-37	-109	-49	12.20
1029	-112	-37	-109	-49	12.20
1030	-112	-36	-109	-49	13.18
1031	-112	-36	-109	-49	13.18
1032	-112	-36	-110	-49	13.08
1033	-112	-36	-110	-49	13.08
1034	-113	-36	-110	-49	13.18
1035	-113	-36	-110	-49	13.18
1036	-113	-36	-110	-49	13.18
1037	-113	-36	-110	-49	13.18
1038	-113	-35	-110	-49	14.17
1039	-114	-36	-110	-49	13.33
1040	-114	-36	-111	-49	13.18
1041	-114	-35	-111	-48	13.19
1042	-114	-35	-111	-48	13.19
1043	-114	-35	-111	-48	13.19
1044	-114	-35	-111	-48	13.19
1045	-114	-35	-111	-48	13.19
1046	-114	-35	-111	-48	13.19
1047	-114	-35	-111	-48	13.19
1048	-114	-35	-112	-48	13.08
1049	-114	-35	-112	-48	13.08
1050	-114	-35	-112	-48	13.08
1051	-114	-35	-112	-48	13.08
1052	-114	-35	-112	-48	13.08
1053	-114	-35	-112	-48	13.08
1054	-114	-35	-112	-48	13.08
1055	-114	-35	-112	-48	13.08
1056	-114	-35	-117	-24	11.30
1057	-114	-34	-117	-23	11.31
1058	-114	-34	-117	-23	11.31
1059	-114	-34	-117	-22	12.29
1060	-114	-34	-117	-22	12.29
1061	-114	-34	-117	-21	13.27
1062	-114	-33	-118	-21	12.51
1063	-114	-33	-118	-20	13.48
1064	-114	-33	-118	-20	13.48
1065	-115	-33	-118	-20	13.27
1066	-115	-32	-118	-19	13.28
1067	-115	-32	-119	-19	13.49
1068	-115	-32	-119	-18	14.46
1069	-116	-31	-119	-18	13.28
1070	-116	-30	-119	-17	13.29
1071	-118	-28	-119	-17	11.04
1072	-118	-28	-120	-17	11.15
1073	-120	-27	-120	-16	11.00
1074	-121	-26	-120	-16	10.04
1075	-123	-24	-120	-15	9.43
1076	-124	-24	-120	-15	9.76
1077	-124	-24	-120	-14	10.69
1078	-126	-24	-121	-14	11.06
1079	-127	-23	-121	-13	11.51
1080	-129	-23	-121	-13	12.56
1081	-129	-23	-121	-13	12.56
1082	-131	-23	-121	-12	14.55
1083	-133	-23	-122	-12	15.19
1084	-134	-23	-122	-11	16.58
1085	-135	-23	-122	-11	17.26
1086	-135	-23	-122	-10	17.99
1087	-136	-23	-122	-10	18.66
1088	-137	-23	-117	-32	19.85
1089	-138	-23	-117	-31	20.30
1090	-140	-23	-117	-31	21.94
1091	-140	-23	-117	-31	21.94
1092	-142	-23	-117	-31	23.60
1093	-143	-23	-117	-31	24.44
1094	-145	-23	-117	-31	26.12
1095	-145	-23	-117	-31	26.12
1096	-147	-23	-117	-31	27.80
1097	-148	-23	-117	-31	28.65
1098	-149	-23	-117	-31	29.50
1099	-150	-23	-118	-30	29.38
1100	-150	-23	-118	-30	29.38
1101	-151	-23	-118	-30	30.24
1102	-151	-23	-118	-30	30.24
1103	-152	-23	-118	-30	31.10
1104	-152	-23	-118	-30	31.10
1105	-152	-23	-118	-30	31.10
1106	-153	-23	-118	-30	31.96
1107	-153	-22	-118	-30	32.32
1108	-154	-22	-118	-30	33.18
1109	-154	-22	-118	-30	33.18
1110	-155	-21	-119	-29	33.45
1111	-155	-21	-119	-29	33.45
1112	-156	-21	-119	-29	34.33
1113	-156	-21	-119	-29	34.33
1114	-157	-20	-119	-29	35.56
1115	-158	-20	-119	-29	36.44
1116	-158	-20	-119	-29	36.44
1117	-159	-19	-119	-29	37.69
1118	-159	-19	-119	-29	37.69
1119	-159	-19	-119	-29	37.69
1120	-160	-19	-160	-11	8.00
1121	-160	-19	-160	-10	9.00
1122	-160	-19	-161	-10	9.05
1123	-161	-18	-162	-9	9.05
1124	-161	-18	-162	-9	9.05
1125	-161	-18	-163	-9	9.21
1126	-162	-18	-164	-8	10.19
1127	-162	-18	-165	-8	10.42
1128	-162	-18	-165	-8	10.42
1129	-163	-18	-166	-7	11.38
1130	-164	-17	-167	-7	10.42
1131	-164	-17	-167	-6	11.38
1132	-165	-17	-168	-6	11.38
1133	-165	-18	-169	-6	12.62
1134	-166	-18	-170	-5	13.58
1135	-166	-18	-170	-5	13.58
1136	-166	-18	-171	-5	13.89
1137	-166	-18	-172	-4	15.18
1138	-166	-17	-172	-4	14.27
1139	-166	-17	-173	-3	15.60
1140	-166	-17	-174	-3	16.05
1141	-165	-17	-175	-3	17.10
1142	-165	-17	-175	-2	17.94
1143	-165	-17	-176	-2	18.49
1144	-164	-17	-177	-2	19.71
1145	-164	-17	-177	-1	20.49
1146	-164	-17	-178	-1	21.11
1147	-163	-17	-179	0	23.18
1148	-163	-17	-180	0	23.86
1149	-163	-17	-180	0	23.86
1150	-163	-17	179	0	24.56
1151	-164	-16	178	0	23.91
1152	-166	-15	177	-15	16.42
1153	-172	-13	177	-14	10.74
1154	-172	-13	176	-14	11.71
1155	-175	-12	175	-14	9.95
1156	-178	-11	175	-14	7.46
1157	180	-10	174	-14	7.10
1158	179	-10	173	-14	7.10
1159	179	-10	172	-14	7.93
1160	179	-10	172	-14	7.93
1161	178	-10	171	-13	7.49
1162	178	-10	170	-13	8.39
1163	178	-10	170	-13	8.39
1164	177	-10	169	-13	8.39
1165	177	-9	168	-13	9.70
1166	176	-9	167	-13	9.70
1167	175	-8	167	-13	9.32
1168	175	-8	166	-13	10.16
1169	174	-7	165	-12	10.19
1170	173	-7	165	-12	9.34
1171	173	-6	164	-12	10.72
1172	172	-6	163	-12	10.72
1173	172	-6	162	-12	11.55
1174	172	-6	162	-12	11.55
1175	172	-6	161	-12	12.41
1176	172	-6	160	-12	13.28
1177	172	-6	160	-11	12.87
1178	172	-5	159	-11	14.20
1179	172	-5	158	-11	15.10
1180	172	-5	157	-11	16.01
1181	172	-5	157	-11	16.01
1182	172	-5	156	-11	16.93
1183	172	-5	155	-11	17.86
1184	172	-5	-172	-11	16.93
1185	172	-5	-172	-10	16.63
1186	173	-5	-172	-10	15.68
1187	173	-5	-172	-10	15.68
1188	173	-5	-172	-10	15.68
1189	173	-5	-172	-10	15.68
1190	173	-5	-173	-10	14.75
1191	173	-5	-173	-10	14.75
1192	173	-5	-173	-10	14.75
1193	173	-5	-173	-9	14.46
1194	173	-5	-173	-9	14.46
1195	173	-5	-174	-9	13.51
1196	173	-5	-174	-9	13.51
1197	173	-5	-174	-9	13.51
1198	173	-5	-174	-9	13.51
1199	172	-5	-174	-9	14.46
1200	172	-4	-175	-9	13.85
1201	172	-4	-175	-8	13.53
1202	172	-4	-175	-8	13.53
1203	172	-4	-175	-8	13.53
1204	173	-4	-175	-8	12.58
1205	173	-4	-175	-8	12.58
1206	173	-4	-176	-8	11.65
1207	174	-4	-176	-8	10.72
1208	176	-5	-176	-8	8.49
1209	176	-4	-176	-7	8.51
1210	176	-4	-176	-7	8.51
1211	177	-5	-177	-7	6.29
1212	177	-4	-177	-7	6.68
1213	177	-4	-177	-7	6.68
1214	177	-5	-177	-7	6.29
1215	177	-5	-177	-7	6.29
1216	177	-5	150	5	28.76
1217	177	-5	149	5	29.70
1218	176	-4	148	5	29.38
1219	176	-4	147	5	30.33
1220	176	-4	147	6	30.64
1221	175	-4	146	6	30.64
1222	175	-4	145	6	31.58
1223	174	-4	145	7	30.96
1224	174	-4	144	7	31.90
1225	174	-3	143	7	32.52
1226	173	-3	143	8	31.88
1227	173	-3	142	8	32.82
1228	173	-3	141	8	33.76
1229	173	-3	141	9	34.08
1230	173	-3	140	9	35.01
1231	173	-3	139	9	35.95
1232	173	-3	139	10	36.27
1233	173	-3	138	10	37.20
1234	173	-3	137	10	38.14
1235	172	-3	136	10	38.14
1236	172	-3	136	11	38.46
1237	172	-3	135	11	39.38
1238	172	-3	134	11	40.32
1239	172	-3	134	12	40.64
1240	171	-3	133	12	40.64
1241	171	-3	132	12	41.56
1242	171	-3	132	13	41.89
1243	171	-3	131	13	42.81
1244	171	-4	130	13	44.12
1245	170	-3	130	14	43.15
1246	170	-3	129	14	44.06
1247	170	-3	128	14	44.97
1248	169	-3	-178	-5	13.12
1249	169	-3	-178	-5	13.12
1250	168	-4	-178	-5	13.99
1251	167	-4	-178	-5	14.99
1252	167	-4	-178	-5	14.99
1253	166	-4	-178	-5	15.98
1254	166	-4	-178	-5	15.98
1255	165	-4	-177	-5	17.97
1256	165	-4	-177	-5	17.97
1257	164	-4	-177	-5	18.97
1258	164	-5	-177	-5	18.93
1259	163	-4	-177	-5	19.96
1260	162	-5	-177	-5	20.92
1261	162	-5	-176	-5	21.92
1262	162	-5	-176	-5	21.92
1263	160	-4	-176	-5	23.95
1264	159	-4	-176	-5	24.94
1265	158	-4	-176	-5	25.94
1266	158	-4	-176	-5	25.94
1267	157	-4	-176	-5	26.93
1268	156	-5	-175	-5	28.89
1269	155	-4	-175	-5	29.92
1270	155	-4	-175	-5	29.92
1271	154	-5	-175	-5	30.88
1272	153	-5	-175	-5	31.87
1273	153	-5	-175	-5	31.87
1274	152	-5	-174	-5	33.87
1275	152	-5	-174	-5	33.87
1276	152	-5	-174	-5	33.87
1277	152	-5	-174	-5	33.87
1278	151	-5	-174	-5	34.86
1279	151	-5	-174	-5	34.86
1280	151	-5	161	-1	10.76
1281	152	-5	160	0	9.43
1282	152	-5	160	0	9.43
1283	152	-5	160	0	9.43
1284	152	-5	160	0	9.43
1285	152	-5	159	0	8.60
1286	153	-4	159	0	7.21
1287	153	-4	159	0	7.21
1288	153	-4	159	0	7.21
1289	153	-4	158	0	6.40
1290	153	-4	158	0	6.40
1291	152	-4	158	0	7.21
1292	150	-4	158	0	8.94
1293	150	-4	157	0	8.06
1294	147	-5	157	0	11.17
1295	145	-5	157	0	12.99
1296	142	-6	157	0	16.13
1297	141	-6	156	0	16.13
1298	141	-6	156	0	16.13
1299	140	-6	156	0	17.06
1300	140	-6	156	0	17.06
1301	139	-7	155	0	17.43
1302	138	-7	155	0	18.35
1303	138	-7	155	0	18.35
1304	137	-7	155	0	19.27
1305	137	-7	154	0	18.35
1306	136	-7	154	0	19.27
1307	136	-8	154	0	19.64
1308	136	-8	154	0	19.64
1309	136	-8	153	0	18.74
1310	135	-9	153	0	20.06
1311	134	-10	153	0	21.38
1312	134	-10	133	-7	3.16
1313	134	-11	132	-7	4.46
1314	133	-12	131	-7	5.37
1315	133	-14	131	-7	7.27
1316	133	-14	130	-7	7.60
1317	133	-15	130	-7	8.52
1318	133	-15	129	-7	8.91
1319	133	-15	129	-7	8.91
1320	134	-15	128	-7	9.93
1321	134	-15	127	-7	10.54
1322	134	-15	127	-7	10.54
1323	134	-15	126	-7	11.21
1324	135	-15	126	-7	11.91
1325	135	-15	125	-7	12.66
1326	135	-15	125	-7	12.66
1327	136	-14	124	-7	13.71
1328	137	-15	124	-8	14.53
1329	137	-15	123	-8	15.39
1330	137	-15	122	-8	16.27
1331	138	-15	122	-8	17.16
1332	138	-14	121	-8	17.72
1333	138	-15	121	-8	18.06
1334	139	-15	120	-8	19.88
1335	139	-15	120	-8	19.88
1336	139	-15	119	-8	20.79
1337	139	-15	118	-8	21.72
1338	138	-15	118	-8	20.79
1339	138	-15	117	-8	21.72
1340	138	-15	117	-8	21.72
1341	139	-15	116	-8	23.58
1342	139	-15	116	-8	23.58
1343	139	-14	115	-8	24.29
1344	139	-14	117	-15	21.31
1345	140	-14	116	-15	23.25
1346	142	-14	115	-15	26.14
1347	143	-13	115	-15	27.22
1348	143	-13	114	-15	28.19
1349	144	-13	114	-15	29.16
1350	145	-13	113	-15	31.09
1351	147	-12	113	-16	33.19
1352	148	-12	112	-16	35.12
1353	148	-12	112	-16	35.12
1354	149	-11	111	-16	37.23
1355	150	-10	111	-16	38.41
1356	150	-9	110	-16	39.61
1357	150	-9	110	-17	39.71
1358	151	-8	109	-17	41.89
1359	151	-8	109	-17	41.89
1360	151	-7	108	-17	43.13
1361	151	-6	107	-17	44.38
1362	151	-6	107	-17	44.38
1363	151	-5	106	-17	45.64
1364	151	-5	106	-18	45.82
1365	151	-5	105	-18	46.76
1366	151	-5	105	-18	46.76
1367	151	-5	104	-18	47.69
1368	151	-5	104	-18	47.69
1369	151	-5	103	-18	48.63
1370	150	-5	103	-19	47.87
1371	150	-5	102	-19	48.80
1372	149	-6	102	-19	47.52
1373	147	-7	101	-19	46.24
1374	143	-8	101	-19	42.17
1375	137	-10	100	-19	36.85
1376	137	-10	144	-18	10.49
1377	133	-10	144	-18	13.33
1378	129	-11	144	-18	16.11
1379	127	-11	144	-18	17.87
1380	126	-11	144	-18	18.76
1381	126	-11	144	-18	18.76
1382	125	-11	144	-18	19.66
1383	125	-11	145	-18	20.57
1384	124	-11	145	-19	21.78
1385	124	-11	145	-19	21.78
1386	123	-12	145	-19	22.30
1387	122	-13	145	-19	22.89
1388	122	-16	145	-19	22.12
1389	121	-18	146	-19	23.71
1390	121	-18	146	-19	23.71
1391	121	-20	146	-19	23.57
1392	122	-23	146	-20	22.50
1393	123	-26	146	-20	21.97
1394	123	-26	146	-20	21.97
1395	125	-29	146	-20	21.08
1396	126	-31	147	-20	21.86
1397	128	-32	147	-20	20.82
1398	129	-34	147	-20	21.22
1399	129	-34	147	-20	21.22
1400	131	-34	147	-21	19.20
1401	133	-36	147	-21	19.35
1402	134	-37	148	-21	20.10
1403	137	-38	148	-21	19.47
1404	137	-38	148	-21	19.47
1405	139	-40	148	-21	20.49
1406	141	-41	148	-21	20.86
1407	143	-42	148	-21	21.42
1408	144	-43	135	-6	37.84
1409	144	-43	134	-5	39.02
1410	147	-43	134	-5	39.71
1411	149	-44	134	-5	41.17
1412	152	-45	134	-5	42.98
1413	152	-45	134	-5	42.98
1414	155	-46	134	-5	44.87
1415	159	-45	134	-5	45.57
1416	163	-46	134	-5	48.09
1417	165	-46	134	-4	49.90
1418	165	-46	134	-4	49.90
1419	167	-46	134	-4	50.85
1420	168	-47	134	-4	52.05
1421	169	-47	134	-4	52.53
1422	169	-48	134	-4	53.23
1423	169	-48	134	-4	53.23
1424	170	-49	134	-4	54.40
1425	172	-50	133	-3	57.39
1426	172	-51	133	-3	58.06
1427	172	-51	133	-3	58.06
1428	173	-51	133	-3	58.53
1429	174	-51	133	-3	59.00
1430	175	-52	133	-3	60.12
1431	175	-52	133	-3	60.12
1432	175	-52	133	-3	60.12
1433	176	-52	133	-2	61.48
1434	178	-52	133	-2	62.45
1435	179	-52	133	-2	62.94
1436	179	-52	133	-2	62.94
1437	-179	-52	133	-2	63.95
1438	-178	-52	133	-2	64.46
1439	-178	-52	133	-2	64.46
1440	-177	-52	151	-76	27.01
1441	-177	-52	151	-77	27.72
1442	-176	-51	151	-78	29.55
1443	-175	-50	151	-79	31.39
1444	-175	-50	151	-80	32.12
1445	-174	-50	152	-81	32.86
1446	-174	-50	152	-82	33.62
1447	-173	-49	152	-83	35.45
1448	-172	-49	152	-84	36.29
1449	-172	-49	152	-85	37.05
1450	-172	-49	153	-86	37.78
1451	-171	-49	153	-87	38.61
1452	-170	-49	153	-88	39.42
1453	-169	-48	153	-89	41.22
1454	-168	-48	154	-90	42.00
1455	-168	-48	154	-90	42.00
1456	-166	-48	154	-90	42.00
1457	-165	-48	154	-90	42.00
1458	-164	-48	154	-90	42.00
1459	-164	-48	155	-90	42.00
1460	-163	-48	155	-90	42.00
1461	-161	-48	155	-90	42.00
1462	-160	-48	155	-90	42.00
1463	-159	-48	156	-90	42.00
1464	-159	-48	156	-90	42.00
1465	-158	-48	156	-90	42.00
1466	-157	-48	156	-90	42.00
1467	-155	-48	156	-90	42.00
1468	-155	-48	157	-90	42.00
1469	-154	-48	157	-90	42.00
1470	-152	-48	157	-90	42.00
1471	-151	-47	157	-90	43.00
1472	-151	-47	-138	-61	15.88
1473	-151	-47	-136	-61	16.46
1474	-150	-47	-135	-61	16.46
1475	-149	-47	-134	-61	16.46
1476	-148	-47	-133	-62	17.25
1477	-147	-47	-131	-62	17.54
1478	-147	-47	-130	-62	17.84
1479	-146	-47	-129	-62	17.84
1480	-145	-47	-128	-63	18.61
1481	-145	-47	-127	-63	18.90
1482	-145	-47	-125	-63	19.51
1483	-145	-47	-124	-64	20.54
1484	-145	-47	-123	-64	20.85
1485	-146	-47	-122	-64	21.49
1486	-147	-47	-120	-64	22.52
1487	-147	-47	-119	-65	23.46
1488	-147	-46	-118	-65	24.67
1489	-148	-46	-117	-65	25.37
1490	-149	-45	-116	-66	27.48
1491	-152	-44	-114	-66	30.10
1492	-152	-44	-113	-66	30.46
1493	-155	-42	-112	-66	33.66
1494	-159	-39	-111	-67	38.51
1495	-162	-38	-109	-67	41.23
1496	-165	-38	-108	-67	42.74
1497	-165	-38	-107	-68	43.34
1498	-167	-37	-106	-68	45.33
1499	-169	-37	-105	-68	46.44
1500	-170	-36	-103	-68	48.44
1501	-170	-36	-102	-69	48.90
1502	-171	-35	-101	-69	50.51
1503	-173	-34	-100	-69	52.49
1504	-174	-33	-125	-42	39.35
1505	-176	-33	-124	-41	41.67
1506	-176	-33	-123	-41	42.42
1507	-177	-32	-122	-41	44.38
1508	-179	-32	-121	-41	46.62
1509	178	-31	-120	-41	50.09
1510	177	-30	-120	-41	51.34
1511	177	-30	-119	-40	52.25
1512	175	-30	-118	-40	54.51
1513	173	-28	-117	-40	57.78
1514	171	-28	-116	-40	60.03
1515	171	-28	-116	-40	60.03
1516	169	-27	-115	-40	62.81
1517	168	-26	-114	-39	65.10
1518	167	-26	-113	-39	66.60
1519	166	-25	-112	-39	68.65
1520	166	-25	-112	-39	68.65
1521	165	-24	-111	-39	70.72
1522	164	-23	-110	-39	72.79
1523	163	-22	-109	-39	74.88
1524	163	-22	-108	-38	75.91
1525	162	-20	-107	-38	78.60
1526	161	-19	-107	-38	79.95
1527	160	-18	-106	-38	82.07
1528	159	-17	-105	-38	84.19
1529	159	-17	-104	-38	84.94
1530	158	-16	-103	-37	87.38
1531	158	-15	-103	-37	87.99
1532	157	-15	-102	-37	89.51
1533	156	-14	-101	-37	91.65
1534	156	-14	-100	-37	92.40
1535	156	-12	-99	-37	94.42
1536	155	-12	163	-19	10.41
1537	153	-12	163	-18	11.37
1538	153	-12	162	-18	10.56
1539	151	-12	161	-17	10.89
1540	150	-12	161	-17	11.76
1541	148	-11	160	-16	12.69
1542	146	-12	159	-16	13.23
1543	146	-12	158	-15	12.05
1544	144	-11	158	-15	14.21
1545	142	-12	157	-15	14.89
1546	140	-12	156	-14	15.71
1547	140	-12	156	-14	15.71
1548	137	-13	155	-13	17.53
1549	133	-13	154	-13	20.46
1550	131	-14	153	-12	21.52
1551	129	-14	153	-12	23.46
1552	129	-14	152	-12	22.49
1553	128	-14	151	-11	22.64
1554	126	-14	151	-11	24.58
1555	124	-15	150	-10	25.85
1556	124	-15	149	-10	24.90
1557	122	-15	148	-9	26.11
1558	121	-15	148	-9	27.06
1559	120	-15	147	-8	27.34
1560	118	-15	146	-8	28.29
1561	118	-15	146	-8	28.29
1562	116	-15	145	-7	29.53
1563	114	-15	144	-7	30.48
1564	111	-15	143	-6	32.68
1565	111	-15	143	-6	32.68
1566	107	-15	142	-5	35.83
1567	104	-15	141	-5	37.72
1568	101	-16	124	9	33.82
1569	99	-16	123	9	34.49
1570	99	-16	122	10	34.56
1571	97	-17	121	10	35.94
1572	95	-17	120	11	37.35
1573	94	-17	119	12	38.10
1574	94	-17	118	12	37.46
1575	93	-18	117	13	39.01
1576	92	-18	116	14	39.80
1577	90	-19	115	14	41.17
1578	89	-20	114	15	42.77
1579	89	-20	113	16	43.04
1580	88	-20	112	16	43.04
1581	88	-21	111	17	44.19
1582	88	-23	110	18	46.29
1583	88	-25	109	18	47.62
1584	88	-25	108	19	48.11
1585	89	-28	107	20	51.06
1586	90	-30	106	20	52.32
1587	91	-33	105	21	55.63
1588	91	-33	104	22	56.38
1589	92	-35	103	22	57.95
1590	94	-37	102	23	60.47
1591	96	-39	101	24	63.17
1592	96	-39	100	24	63.11
1593	96	-39	99	25	64.06
1594	97	-40	98	26	66.01
1595	97	-40	97	26	66.00
1596	97	-40	96	27	67.01
1597	96	-41	95	28	69.01
1598	96	-41	94	28	69.02
1599	95	-41	93	29	70.02
1600	94	-42	47	-20	45.16
1601	93	-42	45	-20	45.88
1602	93	-42	43	-20	47.33
1603	91	-42	41	-20	47.33
1604	90	-43	40	-20	47.54
1605	89	-43	38	-20	48.26
1606	89	-43	36	-20	49.70
1607	89	-43	35	-20	50.42
1608	88	-43	33	-21	50.50
1609	87	-43	31	-21	51.23
1610	86	-43	30	-21	51.23
1611	86	-43	28	-21	52.68
1612	86	-43	26	-21	54.14
1613	85	-43	25	-21	54.14
1614	83	-42	23	-21	54.08
1615	82	-41	21	-21	54.78
1616	82	-41	20	-22	54.95
1617	79	-40	18	-22	54.19
1618	75	-39	16	-22	52.64
1619	71	-38	14	-22	51.06
1620	69	-37	13	-22	50.24
1621	69	-37	11	-22	51.84
1622	68	-36	9	-22	52.66
1623	67	-36	8	-22	52.66
1624	66	-35	6	-23	53.05
1625	66	-35	4	-23	54.68
1626	66	-35	3	-23	55.50
1627	65	-34	1	-23	56.42
1628	63	-33	0	-23	55.72
1629	62	-33	-1	-23	55.72
1630	62	-33	-3	-23	57.38
1631	62	-32	-5	-23	59.20
1632	62	-32	87	-68	38.81
1633	63	-32	86	-68	38.39
1634	64	-32	86	-69	39.06
1635	64	-32	86	-70	39.92
1636	65	-31	86	-71	41.62
1637	67	-31	85	-72	42.12
1638	68	-30	85	-72	42.99
1639	68	-30	85	-73	43.92
1640	68	-30	85	-74	44.85
1641	70	-29	85	-75	46.61
1642	71	-29	84	-76	47.42
1643	74	-28	84	-76	48.25
1644	74	-28	84	-77	49.23
1645	77	-27	84	-78	51.10
1646	81	-26	83	-79	53.01
1647	85	-26	83	-80	54.01
1648	85	-26	83	-81	55.01
1649	89	-25	83	-81	56.05
1650	93	-24	83	-82	58.13
1651	98	-24	82	-83	59.29
1652	102	-23	82	-84	61.38
1653	102	-23	82	-85	62.31
1654	106	-23	82	-85	62.45
1655	110	-23	81	-86	63.52
1656	113	-22	81	-87	65.47
1657	113	-22	81	-88	66.31
1658	114	-22	81	-89	67.16
1659	116	-21	81	-89	68.18
1660	116	-21	80	-90	69.00
1661	117	-21	80	-90	69.00
1662	117	-21	80	-90	69.00
1663	118	-21	80	-90	69.00
1664	118	-21	30	-22	80.53
1665	119	-21	29	-21	82.62
1666	119	-21	28	-21	83.50
1667	120	-20	27	-21	85.60
1668	121	-20	26	-20	87.71
1669	121	-20	25	-20	88.59
1670	122	-19	24	-20	90.70
1671	122	-19	23	-19	91.94
1672	123	-19	22	-19	93.70
1673	124	-19	21	-19	95.46
1674	125	-18	20	-18	97.97
1675	126	-18	19	-18	99.73
1676	126	-18	18	-18	100.60
1677	127	-17	17	-17	103.14
1678	129	-16	16	-17	106.18
1679	131	-15	15	-17	109.22
1680	131	-15	14	-17	110.10
1681	134	-14	13	-16	114.44
1682	137	-12	12	-16	118.82
1683	141	-11	11	-16	123.64
1684	144	-10	10	-15	128.01
1685	144	-10	9	-15	128.88
1686	147	-9	8	-15	132.81
1687	149	-8	7	-14	136.34
1688	151	-7	6	-14	139.41
1689	152	-7	5	-14	141.10
1690	152	-7	4	-13	142.44
1691	153	-6	3	-13	144.66
1692	154	-5	2	-13	146.87
1693	154	-5	1	-12	148.22
1694	154	-5	0	-12	149.06
1695	154	-4	-1	-12	150.44
1696	155	-4	174	-10	19.78
1697	155	-4	175	-9	20.48
1698	155	-4	177	-9	22.41
1699	155	-4	179	-8	24.19
1700	156	-4	-179	-8	25.18
1701	156	-3	-178	-8	26.35
1702	156	-3	-176	-7	28.17
1703	156	-3	-174	-7	30.14
1704	156	-3	-172	-7	32.12
1705	156	-3	-171	-6	33.03
1706	156	-3	-169	-6	35.01
1707	156	-3	-167	-6	37.00
1708	156	-3	-165	-5	38.95
1709	157	-3	-164	-5	38.95
1710	157	-3	-162	-5	40.94
1711	157	-3	-160	-4	42.93
1712	157	-3	-158	-4	44.92
1713	157	-3	-157	-4	45.92
1714	157	-3	-155	-3	47.93
1715	157	-3	-153	-3	49.93
1716	158	-3	-151	-3	50.93
1717	158	-3	-150	-2	51.96
1718	158	-3	-148	-2	53.95
1719	158	-3	-146	-2	55.95
1720	158	-3	-144	-1	57.99
1721	158	-3	-143	-1	58.99
1722	158	-3	-141	-1	60.99
1723	158	-3	-139	0	63.04
1724	159	-3	-137	0	64.04
1725	159	-4	-136	0	65.07
1726	158	-4	-134	0	68.06
1727	158	-4	-132	0	70.05
1728	158	-4	-168	13	37.80
1729	158	-4	-167	13	38.69
1730	158	-4	-166	14	39.99
1731	158	-4	-165	14	40.87
1732	158	-4	-164	15	42.16
1733	158	-4	-163	15	43.05
1734	158	-4	-162	16	44.33
1735	158	-4	-160	16	46.10
1736	158	-4	-159	17	47.37
1737	159	-4	-158	17	47.37
1738	159	-4	-157	18	48.63
1739	159	-4	-156	18	49.51
1740	159	-4	-155	19	50.77
1741	159	-4	-153	19	52.52
1742	159	-4	-152	20	53.76
1743	160	-4	-151	20	53.76
1744	160	-4	-150	21	55.00
1745	160	-4	-149	22	56.22
1746	160	-4	-148	22	57.09
1747	160	-4	-147	23	58.31
1748	161	-4	-145	23	59.17
1749	161	-4	-144	24	60.37
1750	161	-4	-143	24	61.23
1751	161	-4	-142	25	62.42
1752	162	-4	-141	25	62.42
1753	162	-4	-140	26	63.61
1754	163	-4	-138	26	64.46
1755	163	-4	-137	27	65.62
1756	163	-4	-136	27	66.47
1757	164	-4	-135	28	66.78
1758	165	-4	-134	28	66.78
1759	165	-4	-133	29	67.93
1760	165	-4	161	-4	3.99
1761	165	-4	161	-4	3.99
1762	165	-4	161	-4	3.99
1763	165	-4	161	-4	3.99
1764	165	-4	161	-4	3.99
1765	165	-4	161	-4	3.99
1766	166	-4	161	-4	4.99
1767	166	-4	161	-4	4.99
1768	166	-4	161	-4	4.99
1769	166	-4	161	-4	4.99
1770	166	-4	161	-4	4.99
1771	166	-4	162	-4	3.99
1772	166	-4	162	-4	3.99
1773	166	-4	162	-4	3.99
1774	166	-4	162	-4	3.99
1775	166	-4	162	-4	3.99
1776	166	-4	162	-4	3.99
1777	166	-4	162	-4	3.99
1778	166	-5	162	-4	4.11
1779	166	-5	162	-4	4.11
1780	167	-4	162	-4	4.99
1781	167	-5	162	-4	5.08
1782	167	-5	163	-4	4.11
1783	167	-5	163	-4	4.11
1784	167	-5	163	-4	4.11
1785	167	-5	163	-4	4.11
1786	167	-5	163	-4	4.11
1787	168	-5	163	-4	5.08
1788	168	-5	163	-4	5.08
1789	168	-5	163	-4	5.08
1790	168	-5	163	-4	5.08
1791	168	-5	163	-4	5.08
