frame_id	phi	theta	est_phi	est_theta	err_phi	err_theta	speed
0	61	0	0	0	61	0
1	61	0	0	0	61	0
2	61	0	0	0	61	0
3	61	0	0	0	61	0
4	61	0	0	0	61	0
5	61	0	0	0	61	0
6	61	0	0	0	61	0
7	61	0	0	0	61	0
8	61	0	0	0	61	0
9	61	0	0	0	61	0
10	61	0	0	0	61	0
11	61	0	0	0	61	0
12	61	0	0	0	61	0
13	61	0	0	0	61	0
14	61	0	0	0	61	0
15	61	0	0	0	61	0
16	61	0	0	0	61	0
17	61	-1	0	0	61	-1
18	61	-1	0	0	61	-1
19	61	-1	0	0	61	-1
20	61	-1	0	0	61	-1
21	61	-1	0	0	61	-1
22	61	-1	0	0	61	-1
23	61	-2	0	0	61	-2
24	61	-2	0	0	61	-2
25	62	-3	0	0	62	-3
26	62	-3	0	0	62	-3
27	63	-5	0	0	63	-5
28	64	-8	0	0	64	-8
29	64	-8	0	0	64	-8
30	64	-10	0	0	64	-10
31	64	-10	0	0	64	-10
32	65	-13	0	0	65	-13
33	64	-16	0	0	64	-16
34	64	-16	0	0	64	-16
35	63	-19	0	0	63	-19
36	63	-19	0	0	63	-19
37	62	-22	0	0	62	-22
38	62	-22	0	0	62	-22
39	60	-24	0	0	60	-24
40	58	-26	0	0	58	-26
41	58	-26	0	0	58	-26
42	56	-28	0	0	56	-28
43	56	-28	0	0	56	-28
44	55	-29	0	0	55	-29
45	54	-30	0	0	54	-30
46	54	-30	0	0	54	-30
47	53	-30	0	0	53	-30
48	53	-30	61	-4	-8	-26
49	51	-31	61	-4	-10	-27
50	49	-31	61	-4	-12	-27
51	49	-31	61	-4	-12	-27
52	47	-30	61	-4	-14	-26
53	47	-30	61	-4	-14	-26
54	44	-30	61	-4	-17	-26
55	41	-29	61	-4	-20	-25
56	41	-29	61	-4	-20	-25
57	38	-28	61	-4	-23	-24
58	38	-28	61	-4	-23	-24
59	36	-28	61	-4	-25	-24
60	33	-27	61	-5	-28	-22
61	33	-27	61	-5	-28	-22
62	30	-26	61	-5	-31	-21
63	30	-26	61	-5	-31	-21
64	28	-25	61	-5	-33	-20
65	28	-25	61	-5	-33	-20
66	27	-25	61	-5	-34	-20
67	25	-24	61	-5	-36	-19
68	25	-24	61	-5	-36	-19
69	23	-23	61	-5	-38	-18
70	23	-23	61	-5	-38	-18
71	20	-23	61	-5	-41	-18
72	18	-22	45	-58	-27	36
73	18	-22	44	-59	-26	37
74	16	-21	44	-60	-28	39
75	16	-21	44	-61	-28	40
76	15	-20	43	-62	-28	42
77	13	-20	43	-63	-30	43
78	13	-20	43	-65	-30	45
79	12	-20	42	-66	-30	46
80	12	-20	42	-67	-30	47
81	11	-20	42	-68	-31	48
82	11	-20	41	-69	-30	49
83	11	-19	41	-70	-30	51
84	10	-18	41	-72	-31	54
85	10	-18	40	-73	-30	55
86	10	-18	40	-74	-30	56
87	10	-18	40	-75	-30	57
88	9	-18	39	-76	-30	58
89	8	-18	39	-77	-31	59
90	8	-18	39	-79	-31	61
91	8	-18	38	-80	-30	62
92	8	-18	38	-81	-30	63
93	7	-18	38	-82	-31	64
94	7	-18	37	-83	-30	65
95	8	-18	37	-84	-29	66
96	8	-18	-17	-14	25	-4
97	8	-18	-18	-13	26	-5
98	9	-18	-19	-13	28	-5
99	9	-18	-21	-13	30	-5
100	10	-17	-22	-12	32	-5
101	11	-17	-24	-12	35	-5
102	11	-17	-25	-12	36	-5
103	11	-16	-27	-11	38	-5
104	11	-16	-28	-11	39	-5
105	11	-16	-30	-11	41	-5
106	11	-16	-31	-10	42	-6
107	10	-17	-33	-10	43	-7
108	9	-16	-34	-10	43	-6
109	9	-16	-35	-9	44	-7
110	8	-17	-37	-9	45	-8
111	8	-17	-38	-9	46	-8
112	7	-17	-40	-8	47	-9
113	7	-17	-41	-8	48	-9
114	7	-17	-43	-8	50	-9
115	6	-17	-44	-7	50	-10
116	6	-17	-46	-7	52	-10
117	7	-16	-47	-7	54	-9
118	6	-16	-49	-6	55	-10
119	6	-16	-50	-6	56	-10
120	6	-15	-2	-14	8	-1
121	6	-15	-2	-13	8	-2
122	4	-16	-2	-13	6	-3
123	3	-16	-3	-13	6	-3
124	3	-16	-3	-13	6	-3
125	2	-16	-4	-13	6	-3
126	2	-16	-4	-13	6	-3
127	1	-15	-4	-12	5	-3
128	1	-15	-5	-12	6	-3
129	1	-14	-5	-12	6	-2
130	1	-14	-6	-12	7	-2
131	1	-14	-6	-12	7	-2
132	1	-14	-7	-12	8	-2
133	1	-14	-7	-11	8	-3
134	1	-14	-7	-11	8	-3
135	1	-13	-8	-11	9	-2
136	1	-13	-8	-11	9	-2
137	1	-13	-9	-11	10	-2
138	1	-13	-9	-11	10	-2
139	1	-12	-9	-10	10	-2
140	1	-12	-10	-10	11	-2
141	1	-12	-10	-10	11	-2
142	2	-12	-11	-10	13	-2
143	2	-12	-11	-10	13	-2
144	1	-13	4	-12	-3	-1
145	1	-13	3	-11	-2	-2
146	1	-13	3	-11	-2	-2
147	2	-13	3	-11	-1	-2
148	2	-13	3	-11	-1	-2
149	2	-13	3	-11	-1	-2
150	2	-13	3	-11	-1	-2
151	3	-13	3	-11	0	-2
152	3	-13	3	-11	0	-2
153	3	-13	3	-10	0	-3
154	3	-13	3	-10	0	-3
155	3	-13	3	-10	0	-3
156	3	-13	3	-10	0	-3
157	3	-13	2	-10	1	-3
158	3	-13	2	-10	1	-3
159	3	-13	2	-10	1	-3
160	3	-13	2	-10	1	-3
161	4	-13	2	-9	2	-4
162	3	-13	2	-9	1	-4
163	3	-13	2	-9	1	-4
164	3	-13	2	-9	1	-4
165	3	-13	2	-9	1	-4
166	3	-13	2	-9	1	-4
167	3	-13	2	-9	1	-4
168	3	-13	-4	-11	7	-2
169	3	-13	-4	-10	7	-3
170	3	-13	-4	-10	7	-3
171	3	-13	-4	-10	7	-3
172	3	-13	-4	-10	7	-3
173	3	-13	-5	-10	8	-3
174	3	-13	-5	-10	8	-3
175	3	-13	-5	-10	8	-3
176	4	-13	-5	-10	9	-3
177	4	-13	-5	-10	9	-3
178	4	-14	-6	-10	10	-4
179	3	-14	-6	-10	9	-4
180	3	-14	-6	-10	9	-4
181	3	-14	-6	-9	9	-5
182	3	-14	-6	-9	9	-5
183	3	-14	-7	-9	10	-5
184	3	-14	-7	-9	10	-5
185	3	-14	-7	-9	10	-5
186	3	-14	-7	-9	10	-5
187	3	-14	-7	-9	10	-5
188	3	-14	-8	-9	11	-5
189	3	-14	-8	-9	11	-5
190	3	-14	-8	-9	11	-5
191	3	-14	-8	-9	11	-5
192	3	-14	5	-13	-2	-1
193	3	-14	5	-13	-2	-1
194	3	-14	5	-13	-2	-1
195	3	-14	5	-13	-2	-1
196	3	-14	5	-13	-2	-1
197	3	-14	5	-13	-2	-1
198	3	-14	5	-13	-2	-1
199	3	-14	5	-13	-2	-1
200	3	-14	5	-13	-2	-1
201	3	-13	5	-13	-2	0
202	3	-13	5	-13	-2	0
203	3	-14	5	-13	-2	-1
204	3	-14	6	-13	-3	-1
205	3	-14	6	-13	-3	-1
206	3	-13	6	-13	-3	0
207	3	-13	6	-13	-3	0
208	3	-14	6	-13	-3	-1
209	3	-14	6	-13	-3	-1
210	3	-13	6	-13	-3	0
211	3	-13	6	-13	-3	0
212	3	-13	6	-13	-3	0
213	3	-13	6	-13	-3	0
214	3	-13	6	-13	-3	0
215	3	-13	6	-13	-3	0
216	3	-13	3	-15	0	2
217	3	-13	3	-15	0	2
218	3	-13	3	-15	0	2
219	3	-13	3	-15	0	2
220	3	-13	3	-15	0	2
221	3	-13	3	-15	0	2
222	3	-13	3	-15	0	2
223	3	-13	3	-15	0	2
224	3	-13	3	-15	0	2
225	3	-13	3	-15	0	2
226	3	-13	3	-15	0	2
227	3	-13	3	-15	0	2
228	3	-13	3	-15	0	2
229	3	-13	3	-15	0	2
230	3	-13	3	-15	0	2
231	3	-13	3	-15	0	2
232	3	-14	3	-15	0	1
233	3	-14	3	-15	0	1
234	3	-14	3	-15	0	1
235	3	-14	3	-15	0	1
236	3	-14	3	-15	0	1
237	3	-14	3	-15	0	1
238	3	-14	3	-15	0	1
239	3	-14	3	-15	0	1
240	3	-14	3	-12	0	-2
241	3	-14	3	-11	0	-3
242	3	-14	3	-11	0	-3
243	3	-14	3	-11	0	-3
244	3	-14	3	-11	0	-3
245	3	-14	3	-11	0	-3
246	3	-14	3	-11	0	-3
247	3	-14	3	-11	0	-3
248	3	-14	3	-11	0	-3
249	3	-14	3	-11	0	-3
250	3	-14	3	-11	0	-3
251	3	-14	3	-11	0	-3
252	3	-14	3	-11	0	-3
253	3	-14	3	-11	0	-3
254	3	-14	3	-11	0	-3
255	3	-14	3	-11	0	-3
256	3	-14	3	-11	0	-3
257	3	-14	3	-11	0	-3
258	3	-14	3	-11	0	-3
259	3	-14	3	-11	0	-3
260	3	-14	3	-11	0	-3
261	3	-14	3	-11	0	-3
262	3	-14	3	-11	0	-3
263	3	-14	3	-11	0	-3
264	3	-14	3	-15	0	1
265	3	-14	3	-15	0	1
266	3	-14	3	-15	0	1
267	3	-14	3	-15	0	1
268	3	-14	3	-15	0	1
269	3	-14	3	-15	0	1
270	3	-14	3	-15	0	1
271	3	-14	3	-15	0	1
272	3	-14	3	-15	0	1
273	3	-14	3	-15	0	1
274	3	-14	3	-15	0	1
275	3	-14	3	-15	0	1
276	3	-14	3	-15	0	1
277	3	-14	3	-15	0	1
278	3	-14	3	-15	0	1
279	3	-14	3	-15	0	1
280	3	-14	3	-15	0	1
281	3	-14	3	-15	0	1
282	3	-14	3	-15	0	1
283	3	-14	3	-15	0	1
284	3	-14	3	-15	0	1
285	3	-14	3	-15	0	1
286	3	-14	3	-15	0	1
287	3	-14	3	-15	0	1
288	3	-14	3	-14	0	0
289	3	-14	3	-14	0	0
290	3	-14	3	-14	0	0
291	3	-14	3	-14	0	0
292	3	-14	3	-14	0	0
293	3	-15	3	-14	0	-1
294	3	-15	3	-14	0	-1
295	3	-15	3	-14	0	-1
296	4	-15	3	-14	1	-1
297	4	-15	3	-14	1	-1
298	4	-15	3	-14	1	-1
299	4	-15	3	-14	1	-1
300	4	-15	3	-14	1	-1
301	5	-15	3	-14	2	-1
302	5	-15	3	-14	2	-1
303	5	-15	3	-14	2	-1
304	5	-15	3	-14	2	-1
305	5	-16	3	-14	2	-2
306	5	-16	3	-14	2	-2
307	5	-16	3	-14	2	-2
308	4	-16	3	-14	1	-2
309	4	-16	3	-14	1	-2
310	3	-16	3	-14	0	-2
311	3	-16	3	-14	0	-2
312	3	-16	3	-14	0	-2
313	3	-16	3	-14	0	-2
314	3	-16	3	-14	0	-2
315	3	-16	3	-14	0	-2
316	3	-16	3	-14	0	-2
317	3	-16	3	-14	0	-2
318	3	-15	3	-14	0	-1
319	3	-15	3	-14	0	-1
320	3	-14	3	-14	0	0
321	3	-14	3	-14	0	0
322	3	-13	3	-14	0	1
323	3	-13	3	-14	0	1
324	3	-13	3	-14	0	1
325	3	-13	3	-14	0	1
326	3	-13	3	-14	0	1
327	2	-13	3	-14	-1	1
328	2	-13	3	-14	-1	1
329	1	-13	3	-14	-2	1
330	1	-14	3	-14	-2	0
331	1	-14	3	-14	-2	0
332	1	-13	3	-14	-2	1
333	1	-13	3	-14	-2	1
334	1	-12	3	-14	-2	2
335	0	-11	3	-14	-3	3
336	0	-11	3	-18	-3	7
337	-1	-11	3	-18	-4	7
338	-1	-11	3	-18	-4	7
339	-2	-12	3	-18	-5	6
340	-2	-12	3	-18	-5	6
341	-2	-12	3	-18	-5	6
342	-1	-12	3	-18	-4	6
343	-1	-12	3	-18	-4	6
344	0	-12	3	-18	-3	6
345	0	-12	3	-18	-3	6
346	0	-12	3	-18	-3	6
347	0	-12	3	-18	-3	6
348	0	-12	3	-19	-3	7
349	0	-13	3	-19	-3	6
350	0	-13	3	-19	-3	6
351	0	-13	3	-19	-3	6
352	0	-12	3	-19	-3	7
353	0	-12	3	-19	-3	7
354	0	-12	3	-19	-3	7
355	0	-12	3	-19	-3	7
356	1	-12	3	-19	-2	7
357	1	-12	3	-19	-2	7
358	1	-12	3	-19	-2	7
359	2	-12	3	-19	-1	7
360	2	-12	-3	-6	5	-6
361	2	-12	-3	-5	5	-7
362	2	-12	-3	-5	5	-7
363	2	-12	-3	-5	5	-7
364	2	-12	-3	-5	5	-7
365	2	-12	-3	-4	5	-8
366	2	-12	-3	-4	5	-8
367	2	-12	-3	-4	5	-8
368	2	-12	-4	-4	6	-8
369	2	-12	-4	-4	6	-8
370	2	-12	-4	-3	6	-9
371	3	-13	-4	-3	7	-10
372	3	-13	-4	-3	7	-10
373	2	-13	-4	-3	6	-10
374	3	-13	-4	-3	7	-10
375	3	-13	-4	-2	7	-11
376	3	-13	-5	-2	8	-11
377	3	-13	-5	-2	8	-11
378	3	-14	-5	-2	8	-12
379	2	-14	-5	-2	7	-12
380	2	-14	-5	-1	7	-13
381	2	-13	-5	-1	7	-12
382	2	-13	-5	-1	7	-12
383	2	-13	-5	-1	7	-12
384	2	-13	4	-13	-2	0
385	2	-13	4	-13	-2	0
386	2	-13	4	-13	-2	0
387	3	-14	4	-13	-1	-1
388	4	-16	4	-13	0	-3
389	4	-16	4	-13	0	-3
390	5	-17	4	-13	1	-4
391	5	-18	4	-13	1	-5
392	5	-18	4	-13	1	-5
393	5	-18	4	-13	1	-5
394	5	-18	4	-13	1	-5
395	5	-19	4	-13	1	-6
396	5	-18	5	-13	0	-5
397	5	-18	5	-13	0	-5
398	5	-18	5	-13	0	-5
399	6	-19	5	-13	1	-6
400	6	-19	5	-13	1	-6
401	8	-20	5	-13	3	-7
402	8	-20	5	-13	3	-7
403	8	-20	5	-13	3	-7
404	18	-23	5	-13	13	-10
405	18	-23	5	-13	13	-10
406	25	-24	5	-13	20	-11
407	25	-24	5	-13	20	-11
408	25	-24	2	-14	23	-10
409	31	-25	2	-14	29	-11
410	36	-27	2	-14	34	-13
411	36	-27	2	-14	34	-13
412	42	-28	2	-14	40	-14
413	47	-28	2	-14	45	-14
414	47	-28	2	-14	45	-14
415	51	-29	2	-14	49	-15
416	51	-29	2	-14	49	-15
417	54	-28	2	-14	52	-14
418	58	-28	2	-14	56	-14
419	58	-28	2	-14	56	-14
420	61	-27	2	-14	59	-13
421	61	-27	2	-14	59	-13
422	62	-27	2	-14	60	-13
423	62	-26	2	-14	60	-12
424	62	-26	2	-14	60	-12
425	62	-26	2	-14	60	-12
426	61	-26	2	-14	59	-12
427	61	-26	2	-14	59	-12
428	61	-26	2	-14	59	-12
429	61	-26	2	-14	59	-12
430	61	-26	2	-14	59	-12
431	61	-26	2	-14	59	-12
432	61	-26	48	-35	13	9
433	61	-26	48	-35	13	9
434	61	-26	49	-35	12	9
435	61	-26	50	-36	11	10
436	61	-26	51	-36	10	10
437	61	-26	52	-37	9	11
438	61	-26	53	-37	8	11
439	61	-26	54	-38	7	12
440	61	-26	55	-38	6	12
441	61	-26	56	-39	5	13
442	61	-26	57	-39	4	13
443	61	-25	58	-40	3	15
444	61	-25	59	-40	2	15
445	61	-25	60	-40	1	15
446	61	-25	61	-41	0	16
447	61	-25	62	-41	-1	16
448	61	-26	63	-42	-2	16
449	62	-26	64	-42	-2	16
450	62	-26	65	-43	-3	17
451	64	-25	66	-43	-2	18
452	65	-24	67	-44	-2	20
453	65	-24	68	-44	-3	20
454	66	-23	69	-45	-3	22
455	68	-23	70	-45	-2	22
456	68	-23	97	-28	-29	5
457	68	-23	98	-28	-30	5
458	69	-22	100	-28	-31	6
459	71	-21	101	-28	-30	7
460	71	-21	103	-28	-32	7
461	73	-20	104	-28	-31	8
462	74	-19	106	-28	-32	9
463	74	-19	107	-28	-33	9
464	73	-19	109	-28	-36	9
465	73	-19	110	-28	-37	9
466	73	-19	112	-28	-39	9
467	73	-19	113	-28	-40	9
468	74	-19	115	-29	-41	10
469	74	-19	116	-29	-42	10
470	74	-19	118	-29	-44	10
471	74	-19	119	-29	-45	10
472	74	-19	121	-29	-47	10
473	75	-18	122	-29	-47	11
474	75	-19	124	-29	-49	10
475	75	-19	125	-29	-50	10
476	75	-19	127	-29	-52	10
477	75	-19	128	-29	-53	10
478	75	-19	130	-29	-55	10
479	75	-18	131	-29	-56	11
480	75	-18	75	-20	0	2
481	75	-18	75	-19	0	1
482	75	-19	75	-19	0	0
483	75	-19	75	-19	0	0
484	75	-19	76	-19	-1	0
485	75	-19	76	-19	-1	0
486	74	-19	76	-19	-2	0
487	74	-19	77	-19	-3	0
488	74	-19	77	-19	-3	0
489	74	-19	77	-18	-3	-1
490	74	-19	77	-18	-3	-1
491	74	-19	78	-18	-4	-1
492	74	-19	78	-18	-4	-1
493	74	-19	78	-18	-4	-1
494	74	-19	79	-18	-5	-1
495	74	-19	79	-18	-5	-1
496	74	-19	79	-18	-5	-1
497	73	-19	79	-17	-6	-2
498	73	-19	80	-17	-7	-2
499	73	-19	80	-17	-7	-2
500	72	-19	80	-17	-8	-2
501	70	-19	81	-17	-11	-2
502	70	-19	81	-17	-11	-2
503	67	-19	81	-17	-14	-2
504	64	-20	82	-13	-18	-7
505	64	-20	82	-12	-18	-8
506	63	-20	82	-12	-19	-8
507	63	-20	82	-12	-19	-8
508	63	-20	83	-12	-20	-8
509	61	-20	83	-11	-22	-9
510	61	-20	83	-11	-22	-9
511	61	-20	84	-11	-23	-9
512	58	-21	84	-11	-26	-10
513	56	-21	84	-11	-28	-10
514	56	-21	84	-10	-28	-11
515	54	-21	85	-10	-31	-11
516	51	-21	85	-10	-34	-11
517	51	-21	85	-10	-34	-11
518	48	-22	86	-10	-38	-12
519	44	-22	86	-9	-42	-13
520	44	-22	86	-9	-42	-13
521	39	-23	86	-9	-47	-14
522	39	-23	87	-9	-48	-14
523	39	-23	87	-9	-48	-14
524	33	-23	87	-8	-54	-15
525	26	-23	88	-8	-62	-15
526	26	-23	88	-8	-62	-15
527	22	-23	88	-8	-66	-15
528	18	-23	53	-22	-35	-1
529	18	-23	52	-22	-34	-1
530	15	-23	52	-22	-37	-1
531	11	-23	51	-22	-40	-1
532	11	-23	51	-22	-40	-1
533	10	-23	50	-22	-40	-1
534	10	-23	50	-22	-40	-1
535	10	-23	49	-22	-39	-1
536	9	-23	49	-22	-40	-1
537	8	-23	48	-22	-40	-1
538	8	-23	48	-22	-40	-1
539	7	-23	47	-22	-40	-1
540	6	-23	47	-23	-41	0
541	6	-23	47	-23	-41	0
542	5	-23	46	-23	-41	0
543	3	-23	46	-23	-43	0
544	3	-23	45	-23	-42	0
545	0	-23	45	-23	-45	0
546	0	-23	44	-23	-44	0
547	0	-23	44	-23	-44	0
548	-3	-22	43	-23	-46	1
549	-8	-23	43	-23	-51	0
550	-8	-23	42	-23	-50	0
551	-11	-23	42	-23	-53	0
552	-14	-23	-28	-26	14	3
553	-14	-23	-29	-26	15	3
554	-17	-23	-31	-26	14	3
555	-17	-23	-33	-26	16	3
556	-20	-24	-35	-26	15	2
557	-22	-24	-37	-26	15	2
558	-22	-24	-39	-26	17	2
559	-22	-24	-41	-26	19	2
560	-22	-24	-43	-27	21	3
561	-22	-24	-45	-27	23	3
562	-20	-24	-47	-27	27	3
563	-20	-24	-49	-27	29	3
564	-20	-24	-51	-27	31	3
565	-19	-24	-52	-27	33	3
566	-19	-24	-54	-27	35	3
567	-19	-24	-56	-27	37	3
568	-18	-24	-58	-28	40	4
569	-18	-24	-60	-28	42	4
570	-18	-24	-62	-28	44	4
571	-18	-23	-64	-28	46	5
572	-16	-23	-66	-28	50	5
573	-16	-23	-68	-28	52	5
574	-15	-23	-70	-28	55	5
575	-15	-23	-72	-28	57	5
576	-15	-23	-46	-23	31	0
577	-12	-22	-47	-23	35	1
578	-12	-22	-48	-23	36	1
579	-11	-22	-50	-23	39	1
580	-11	-22	-51	-23	40	1
581	-11	-22	-52	-23	41	1
582	-10	-22	-54	-23	44	1
583	-10	-22	-55	-23	45	1
584	-9	-23	-56	-23	47	0
585	-9	-23	-58	-23	49	0
586	-8	-23	-59	-23	51	0
587	-8	-23	-60	-23	52	0
588	-7	-24	-62	-23	55	-1
589	-7	-24	-63	-23	56	-1
590	-6	-25	-64	-23	58	-2
591	-6	-25	-66	-23	60	-2
592	-5	-25	-67	-23	62	-2
593	-5	-25	-68	-23	63	-2
594	-5	-25	-70	-23	65	-2
595	-5	-25	-71	-23	66	-2
596	-4	-26	-72	-23	68	-3
597	-4	-26	-74	-23	70	-3
598	-3	-26	-75	-23	72	-3
599	-3	-26	-76	-23	73	-3
600	-2	-26	-16	-23	14	-3
601	-2	-26	-16	-23	14	-3
602	-2	-27	-16	-23	14	-4
603	-2	-27	-16	-23	14	-4
604	-1	-27	-16	-23	15	-4
605	-1	-27	-16	-23	15	-4
606	-1	-27	-16	-23	15	-4
607	-1	-28	-16	-23	15	-5
608	-1	-28	-16	-23	15	-5
609	0	-28	-16	-23	16	-5
610	0	-28	-16	-23	16	-5
611	0	-28	-16	-23	16	-5
612	0	-28	-16	-23	16	-5
613	0	-27	-16	-23	16	-4
614	0	-27	-16	-23	16	-4
615	0	-27	-16	-23	16	-4
616	0	-27	-16	-23	16	-4
617	0	-28	-16	-23	16	-5
618	0	-28	-16	-23	16	-5
619	0	-27	-16	-23	16	-4
620	0	-27	-16	-23	16	-4
621	0	-27	-16	-23	16	-4
622	1	-27	-16	-23	17	-4
623	1	-27	-16	-23	17	-4
624	1	-27	11	-29	-10	2
625	1	-27	11	-29	-10	2
626	1	-27	12	-29	-11	2
627	1	-27	12	-29	-11	2
628	1	-27	13	-29	-12	2
629	1	-27	13	-29	-12	2
630	2	-27	14	-29	-12	2
631	2	-27	14	-29	-12	2
632	2	-27	15	-30	-13	3
633	2	-27	15	-30	-13	3
634	2	-27	16	-30	-14	3
635	2	-27	16	-30	-14	3
636	2	-27	17	-30	-15	3
637	2	-27	18	-30	-16	3
638	2	-27	18	-30	-16	3
639	2	-27	19	-30	-17	3
640	2	-27	19	-31	-17	4
641	3	-27	20	-31	-17	4
642	3	-27	20	-31	-17	4
643	3	-27	21	-31	-18	4
644	3	-27	21	-31	-18	4
645	3	-27	22	-31	-19	4
646	3	-27	22	-31	-19	4
647	3	-27	23	-31	-20	4
648	3	-27	4	-28	-1	1
649	4	-28	4	-28	0	0
650	4	-28	4	-28	0	0
651	4	-28	4	-28	0	0
652	4	-28	4	-28	0	0
653	4	-28	4	-28	0	0
654	4	-28	4	-28	0	0
655	5	-29	4	-28	1	-1
656	5	-29	5	-28	0	-1
657	6	-29	5	-28	1	-1
658	6	-29	5	-28	1	-1
659	6	-29	5	-28	1	-1
660	6	-29	5	-28	1	-1
661	6	-30	5	-28	1	-2
662	6	-30	5	-28	1	-2
663	7	-29	5	-28	2	-1
664	7	-29	6	-28	1	-1
665	7	-29	6	-28	1	-1
666	7	-29	6	-28	1	-1
667	8	-29	6	-28	2	-1
668	8	-29	6	-28	2	-1
669	9	-28	6	-28	3	0
670	9	-28	6	-28	3	0
671	9	-28	6	-28	3	0
672	10	-28	5	-27	5	-1
673	11	-28	5	-27	6	-1
674	11	-28	5	-27	6	-1
675	13	-27	5	-27	8	0
676	14	-26	5	-27	9	1
677	14	-26	5	-27	9	1
678	14	-26	5	-27	9	1
679	14	-26	5	-27	9	1
680	14	-26	5	-27	9	1
681	14	-26	5	-27	9	1
682	15	-26	5	-27	10	1
683	15	-26	5	-27	10	1
684	16	-27	6	-27	10	0
685	16	-27	6	-27	10	0
686	16	-27	6	-27	10	0
687	16	-27	6	-27	10	0
688	16	-27	6	-27	10	0
689	16	-27	6	-27	10	0
690	16	-28	6	-27	10	-1
691	16	-28	6	-27	10	-1
692	16	-28	6	-27	10	-1
693	16	-29	6	-27	10	-2
694	16	-29	6	-27	10	-2
695	16	-29	6	-27	10	-2
696	16	-29	17	-29	-1	0
697	15	-29	17	-29	-2	0
698	15	-29	17	-29	-2	0
699	15	-29	17	-29	-2	0
700	15	-29	18	-29	-3	0
701	15	-29	18	-29	-3	0
702	15	-29	18	-29	-3	0
703	15	-29	19	-29	-4	0
704	15	-29	19	-29	-4	0
705	15	-29	19	-29	-4	0
706	14	-29	19	-29	-5	0
707	15	-29	20	-29	-5	0
708	15	-29	20	-29	-5	0
709	15	-29	20	-29	-5	0
710	15	-29	21	-29	-6	0
711	15	-29	21	-29	-6	0
712	15	-29	21	-29	-6	0
713	15	-29	21	-29	-6	0
714	15	-29	22	-29	-7	0
715	15	-29	22	-29	-7	0
716	15	-29	22	-29	-7	0
717	15	-29	23	-29	-8	0
718	15	-29	23	-29	-8	0
719	15	-29	23	-29	-8	0
720	15	-29	22	-30	-7	1
721	15	-29	22	-30	-7	1
722	15	-29	22	-30	-7	1
723	15	-29	22	-30	-7	1
724	15	-29	23	-30	-8	1
725	16	-29	23	-30	-7	1
726	16	-29	23	-30	-7	1
727	16	-29	23	-30	-7	1
728	16	-29	24	-30	-8	1
729	16	-29	24	-30	-8	1
730	17	-29	24	-30	-7	1
731	16	-29	24	-30	-8	1
732	16	-29	25	-30	-9	1
733	17	-29	25	-30	-8	1
734	17	-29	25	-30	-8	1
735	17	-29	25	-30	-8	1
736	16	-29	26	-30	-10	1
737	16	-29	26	-30	-10	1
738	16	-29	26	-30	-10	1
739	16	-29	26	-30	-10	1
740	16	-28	27	-30	-11	2
741	16	-28	27	-30	-11	2
742	16	-28	27	-30	-11	2
743	16	-28	27	-30	-11	2
744	16	-28	14	-29	2	1
745	16	-28	13	-29	3	1
746	16	-28	13	-29	3	1
747	16	-28	13	-29	3	1
748	16	-28	13	-29	3	1
749	16	-27	13	-29	3	2
750	16	-27	13	-29	3	2
751	15	-27	13	-29	2	2
752	15	-27	13	-29	2	2
753	15	-27	13	-29	2	2
754	15	-26	13	-29	2	3
755	15	-26	13	-29	2	3
756	15	-26	13	-29	2	3
757	15	-26	13	-29	2	3
758	15	-26	13	-29	2	3
759	15	-26	13	-29	2	3
760	15	-26	13	-29	2	3
761	15	-26	13	-29	2	3
762	15	-26	13	-29	2	3
763	15	-26	13	-29	2	3
764	15	-26	13	-29	2	3
765	15	-26	13	-29	2	3
766	15	-26	13	-29	2	3
767	15	-26	13	-29	2	3
768	15	-26	17	-27	-2	1
769	15	-26	17	-26	-2	0
770	15	-26	17	-26	-2	0
771	15	-26	17	-26	-2	0
772	15	-26	17	-26	-2	0
773	15	-26	17	-26	-2	0
774	15	-26	17	-26	-2	0
775	15	-26	17	-26	-2	0
776	15	-26	17	-26	-2	0
777	15	-26	17	-26	-2	0
778	15	-26	17	-26	-2	0
779	15	-26	17	-26	-2	0
780	15	-26	17	-26	-2	0
781	15	-26	17	-26	-2	0
782	15	-26	17	-26	-2	0
783	15	-26	17	-26	-2	0
784	15	-25	17	-26	-2	1
785	15	-25	17	-26	-2	1
786	15	-25	17	-26	-2	1
787	15	-25	17	-26	-2	1
788	15	-25	17	-26	-2	1
789	15	-25	17	-26	-2	1
790	15	-25	17	-26	-2	1
791	15	-25	17	-26	-2	1
792	15	-25	14	-24	1	-1
793	15	-25	13	-23	2	-2
794	15	-25	13	-23	2	-2
795	15	-25	13	-23	2	-2
796	15	-25	13	-23	2	-2
797	15	-25	13	-23	2	-2
798	15	-25	13	-23	2	-2
799	15	-25	13	-23	2	-2
800	15	-25	13	-23	2	-2
801	15	-25	13	-23	2	-2
802	15	-25	13	-23	2	-2
803	15	-26	13	-23	2	-3
804	15	-26	13	-23	2	-3
805	15	-25	13	-22	2	-3
806	15	-25	13	-22	2	-3
807	15	-25	13	-22	2	-3
808	15	-25	13	-22	2	-3
809	15	-25	13	-22	2	-3
810	15	-25	13	-22	2	-3
811	15	-25	13	-22	2	-3
812	15	-25	13	-22	2	-3
813	15	-25	13	-22	2	-3
814	15	-25	13	-22	2	-3
815	15	-25	13	-22	2	-3
816	15	-25	15	-24	0	-1
817	15	-25	15	-23	0	-2
818	15	-25	15	-23	0	-2
819	15	-26	15	-23	0	-3
820	15	-26	15	-23	0	-3
821	15	-26	15	-23	0	-3
822	15	-26	15	-23	0	-3
823	15	-26	15	-23	0	-3
824	15	-26	15	-23	0	-3
825	15	-26	15	-23	0	-3
826	15	-26	15	-23	0	-3
827	15	-25	15	-23	0	-2
828	15	-25	15	-23	0	-2
829	15	-26	15	-23	0	-3
830	15	-26	15	-23	0	-3
831	15	-25	15	-23	0	-2
832	15	-25	15	-23	0	-2
833	15	-25	15	-23	0	-2
834	15	-25	15	-23	0	-2
835	15	-25	15	-23	0	-2
836	15	-25	15	-23	0	-2
837	15	-25	15	-23	0	-2
838	15	-25	15	-23	0	-2
839	15	-25	15	-23	0	-2
840	15	-25	15	-25	0	0
841	15	-25	15	-25	0	0
842	15	-25	15	-25	0	0
843	15	-25	15	-25	0	0
844	15	-25	15	-25	0	0
845	15	-25	15	-25	0	0
846	15	-25	15	-25	0	0
847	15	-25	15	-25	0	0
848	15	-25	15	-25	0	0
849	15	-25	15	-25	0	0
850	15	-25	15	-25	0	0
851	15	-25	15	-25	0	0
852	15	-24	15	-25	0	1
853	15	-24	15	-25	0	1
854	15	-24	15	-25	0	1
855	15	-24	15	-25	0	1
856	15	-24	15	-25	0	1
857	15	-24	15	-25	0	1
858	15	-23	15	-25	0	2
859	15	-22	15	-25	0	3
860	15	-22	15	-25	0	3
861	15	-22	15	-25	0	3
862	15	-21	15	-25	0	4
863	15	-21	15	-25	0	4
