frame_id	phi	theta	est_phi	est_theta	err_phi	err_theta	speed	err_ang
0	72	-15	0	0	72.63
1	72	-15	0	0	72.63
2	72	-15	0	0	72.63
3	72	-15	0	0	72.63
4	72	-15	0	0	72.63
5	72	-15	0	0	72.63
6	72	-15	0	0	72.63
7	72	-15	0	0	72.63
8	72	-15	0	0	72.63
9	72	-15	0	0	72.63
10	72	-15	0	0	72.63
11	72	-15	0	0	72.63
12	72	-15	0	0	72.63
13	72	-15	0	0	72.63
14	72	-15	0	0	72.63
15	72	-15	0	0	72.63
16	72	-15	0	0	72.63
17	72	-15	0	0	72.63
18	72	-15	0	0	72.63
19	72	-15	0	0	72.63
20	71	-15	0	0	71.67
21	70	-15	0	0	70.71
22	70	-15	0	0	70.71
23	68	-16	0	0	68.89
24	68	-16	0	0	68.89
25	67	-17	0	0	68.06
26	67	-17	0	0	68.06
27	67	-18	0	0	68.19
28	67	-19	0	0	68.32
29	67	-19	0	0	68.32
30	67	-19	0	0	68.32
31	67	-19	0	0	68.32
32	66	-18	72	-15	6.49
33	66	-18	72	-15	6.49
34	63	-14	72	-15	8.77
35	63	-14	72	-15	8.77
36	62	-12	72	-15	10.17
37	62	-12	72	-15	10.17
38	62	-12	72	-15	10.17
39	61	-12	72	-15	11.11
40	61	-12	72	-15	11.11
41	61	-11	72	-15	11.44
42	61	-11	72	-15	11.44
43	61	-11	72	-15	11.44
44	60	-11	72	-15	12.35
45	60	-11	72	-15	12.35
46	60	-11	72	-15	12.35
47	61	-11	72	-15	11.44
48	61	-11	72	-15	11.44
49	61	-11	72	-15	11.44
50	61	-11	72	-15	11.44
51	61	-11	72	-15	11.44
52	61	-11	72	-15	11.44
53	63	-11	72	-15	9.64
54	63	-11	72	-15	9.64
55	63	-11	72	-15	9.64
56	64	-12	72	-15	8.34
57	64	-12	72	-15	8.34
58	65	-13	72	-15	7.08
59	65	-13	72	-15	7.08
60	66	-13	72	-15	6.16
61	66	-13	72	-15	6.16
62	67	-13	72	-15	5.25
63	67	-13	72	-15	5.25
64	69	-13	60	-21	11.74
65	69	-13	59	-21	12.46
66	71	-12	59	-21	14.59
67	71	-12	59	-21	14.59
68	73	-10	59	-21	17.39
69	73	-10	59	-21	17.39
70	75	-8	58	-21	20.94
71	75	-8	58	-21	20.94
72	80	-4	58	-21	27.32
73	80	-4	58	-21	27.32
74	82	-4	58	-21	28.86
75	82	-4	57	-22	30.19
76	82	-4	57	-22	30.19
77	85	-4	57	-22	32.56
78	87	-4	57	-22	34.19
79	87	-4	57	-22	34.19
80	88	-4	57	-22	35.02
81	88	-4	56	-22	35.85
82	89	-4	56	-22	36.69
83	89	-4	56	-22	36.69
84	89	-4	56	-22	36.69
85	89	-4	56	-22	36.69
86	88	-4	55	-23	37.12
87	88	-4	55	-23	37.12
88	88	-4	55	-23	37.12
89	88	-4	55	-23	37.12
90	88	-4	55	-23	37.12
91	88	-4	54	-23	37.95
92	88	-4	54	-23	37.95
93	88	-4	54	-23	37.95
94	88	-4	54	-23	37.95
95	88	-4	54	-23	37.95
96	88	-4	72	-8	16.40
97	87	-5	72	-7	15.05
98	87	-5	72	-7	15.05
99	83	-7	72	-7	10.92
100	83	-7	72	-7	10.92
101	77	-8	72	-7	5.06
102	77	-8	72	-7	5.06
103	74	-8	72	-6	2.82
104	74	-8	72	-6	2.82
105	71	-7	72	-6	1.41
106	71	-7	72	-6	1.41
107	70	-7	73	-6	3.14
108	70	-7	73	-6	3.14
109	68	-8	73	-5	5.80
110	67	-8	73	-5	6.67
111	67	-8	73	-5	6.67
112	66	-8	73	-5	7.57
113	65	-9	73	-5	8.89
114	65	-9	73	-5	8.89
115	65	-8	73	-5	8.49
116	65	-8	73	-4	8.90
117	64	-8	73	-4	9.80
118	64	-8	74	-4	10.72
119	64	-7	74	-4	10.39
120	64	-7	74	-4	10.39
121	63	-5	74	-4	11.01
122	63	-5	74	-3	11.15
123	56	-1	74	-3	18.10
124	56	-1	74	-3	18.10
125	53	0	74	-3	21.20
126	53	0	74	-3	21.20
127	51	-1	74	-3	23.07
128	51	-1	107	5	56.26
129	51	-2	107	5	56.38
130	51	-3	108	5	57.50
131	51	-3	108	5	57.50
132	51	-4	109	6	58.77
133	50	-4	109	6	59.76
134	50	-4	110	6	60.74
135	49	-4	111	6	62.71
136	49	-4	111	7	62.85
137	49	-3	112	7	63.67
138	49	-4	112	7	63.83
139	49	-4	113	8	64.95
140	50	-4	114	8	64.95
141	50	-4	114	8	64.95
142	50	-4	115	8	65.93
143	51	-5	115	9	65.31
144	51	-5	116	9	66.28
145	52	-6	117	9	66.50
146	52	-6	117	10	66.69
147	52	-6	118	10	67.65
148	52	-5	118	10	67.42
149	53	-5	119	10	67.42
150	53	-5	120	11	68.56
151	53	-5	120	11	68.56
152	54	-5	121	11	68.56
153	54	-5	121	12	68.74
154	54	-6	122	12	69.96
155	54	-6	123	12	70.92
156	54	-6	123	12	70.92
157	54	-6	124	13	72.07
158	54	-6	124	13	72.07
159	54	-6	125	13	73.02
160	54	-6	14	2	40.73
161	54	-6	12	2	42.69
162	54	-6	11	2	43.68
163	54	-6	10	2	44.66
164	54	-6	9	2	45.64
165	53	-6	8	2	45.64
166	53	-6	7	2	46.62
167	53	-6	5	2	48.59
168	53	-6	4	2	49.58
169	53	-6	3	2	50.56
170	53	-6	2	2	51.55
171	54	-7	1	3	53.83
172	54	-7	0	3	54.81
173	54	-7	-1	3	55.80
174	54	-7	-2	3	56.78
175	54	-7	-3	3	57.76
176	54	-7	-4	3	58.74
177	54	-7	-5	3	59.73
178	54	-7	-6	3	60.71
179	54	-7	-7	3	61.70
180	54	-7	-9	3	63.67
181	54	-7	-10	3	64.65
182	54	-7	-11	4	65.80
183	54	-7	-12	4	66.78
184	55	-6	-13	4	68.63
185	55	-6	-14	4	69.62
186	55	-4	-16	4	71.39
187	55	-4	-17	4	72.38
188	56	-3	-18	4	74.28
189	56	-2	-19	4	75.19
190	56	-2	-20	4	76.19
191	56	-2	-21	4	77.18
192	56	-2	57	-11	9.05
193	57	-3	57	-11	8.00
194	57	-3	57	-11	8.00
195	57	-3	57	-11	8.00
196	57	-3	57	-11	8.00
197	57	-4	57	-11	7.00
198	57	-3	57	-11	8.00
199	57	-3	57	-12	9.00
200	57	-4	57	-12	8.00
201	57	-4	57	-12	8.00
202	58	-4	57	-12	8.06
203	58	-4	58	-12	8.00
204	59	-4	58	-12	8.06
205	59	-4	58	-13	9.05
206	61	-4	58	-13	9.48
207	61	-4	58	-13	9.48
208	63	-4	58	-13	10.27
209	63	-4	58	-13	10.27
210	66	-4	58	-13	11.98
211	66	-4	58	-13	11.98
212	68	-4	58	-14	14.05
213	68	-4	58	-14	14.05
214	72	-4	59	-14	16.26
215	72	-4	59	-14	16.26
216	75	-4	59	-14	18.68
217	77	-4	59	-14	20.38
218	77	-4	59	-15	20.86
219	77	-4	59	-15	20.86
220	76	-4	59	-15	20.03
221	76	-4	59	-15	20.03
222	76	-4	59	-15	20.03
223	76	-4	59	-15	20.03
224	77	-4	58	2	19.91
225	77	-4	58	2	19.91
226	76	-4	58	2	18.96
227	76	-4	58	2	18.96
228	75	-5	58	2	18.37
229	75	-5	58	2	18.37
230	74	-5	58	2	17.45
231	74	-5	58	2	17.45
232	74	-5	58	3	17.87
233	74	-5	58	3	17.87
234	74	-5	58	3	17.87
235	74	-5	58	3	17.87
236	73	-5	58	3	16.99
237	73	-5	58	3	16.99
238	72	-6	58	3	16.63
239	72	-6	58	3	16.63
240	74	-5	59	4	17.48
241	74	-5	59	4	17.48
242	76	-5	59	4	19.22
243	76	-5	59	4	19.22
244	76	-5	59	4	19.22
245	76	-5	59	4	19.22
246	77	-5	59	4	20.11
247	77	-5	59	4	20.11
248	77	-5	59	5	20.57
249	77	-5	59	5	20.57
250	78	-5	59	5	21.45
251	78	-5	59	5	21.45
252	78	-5	59	5	21.45
253	78	-5	59	5	21.45
254	77	-6	59	5	21.07
255	77	-6	59	5	21.07
256	76	-6	98	-6	21.88
257	76	-6	98	-6	21.88
258	75	-6	99	-6	23.87
259	75	-6	99	-6	23.87
260	74	-6	100	-6	25.86
261	74	-6	101	-6	26.85
262	73	-6	101	-6	27.84
263	73	-6	102	-6	28.84
264	72	-6	103	-6	30.83
265	72	-6	103	-6	30.83
266	71	-6	104	-6	32.81
267	71	-6	105	-6	33.81
268	69	-6	105	-6	35.80
269	68	-7	106	-6	37.76
270	68	-7	107	-6	38.75
271	68	-7	107	-6	38.75
272	67	-8	108	-7	40.65
273	65	-8	109	-7	43.62
274	64	-7	109	-7	44.65
275	64	-7	110	-7	45.64
276	62	-7	111	-7	48.61
277	62	-7	111	-7	48.61
278	62	-7	112	-7	49.60
279	60	-6	113	-7	52.64
280	60	-6	113	-7	52.64
281	61	-6	114	-7	52.64
282	61	-6	115	-7	53.63
283	61	-5	115	-7	53.71
284	61	-5	116	-7	54.71
285	61	-3	117	-7	55.90
286	61	-3	117	-7	55.90
287	62	-1	118	-7	56.15
288	62	0	75	-8	15.23
289	62	0	74	-8	14.39
290	63	0	74	-8	13.57
291	63	0	74	-8	13.57
292	63	0	74	-8	13.57
293	63	0	74	-8	13.57
294	63	0	74	-8	13.57
295	63	0	74	-8	13.57
296	63	-1	74	-8	13.00
297	63	-1	74	-8	13.00
298	63	-1	74	-8	13.00
299	63	-1	74	-8	13.00
300	63	-1	74	-8	13.00
301	63	-1	74	-8	13.00
302	63	-2	74	-8	12.49
303	63	-2	74	-8	12.49
304	63	-2	74	-9	12.99
305	63	-2	74	-9	12.99
306	63	-3	74	-9	12.47
307	63	-3	74	-9	12.47
308	63	-4	74	-9	12.02
309	63	-4	74	-9	12.02
310	64	-4	74	-9	11.12
311	64	-4	74	-9	11.12
312	64	-3	74	-9	11.61
313	64	-3	74	-9	11.61
314	65	-3	74	-9	10.77
315	65	-3	74	-9	10.77
316	65	-4	74	-9	10.24
317	65	-4	74	-9	10.24
318	65	-4	74	-9	10.24
319	65	-4	74	-9	10.24
320	65	-4	48	6	19.70
321	65	-4	47	6	20.57
322	66	-4	47	6	21.45
323	66	-4	46	6	22.34
324	66	-5	46	6	22.80
325	66	-5	45	6	23.68
326	66	-5	45	7	24.15
327	66	-5	44	7	25.02
328	66	-5	44	7	25.02
329	66	-5	44	7	25.02
330	66	-5	43	7	25.90
331	66	-5	43	8	26.37
332	67	-4	42	8	27.68
333	67	-4	42	8	27.68
334	67	-5	41	8	29.01
335	67	-5	41	8	29.01
336	67	-5	41	9	29.46
337	67	-5	40	9	30.34
338	67	-5	40	9	30.34
339	67	-5	39	9	31.23
340	68	-6	39	9	32.57
341	68	-6	38	9	33.45
342	68	-6	38	10	33.90
343	68	-6	37	10	34.78
344	68	-6	37	10	34.78
345	68	-6	37	10	34.78
346	68	-6	36	10	35.67
347	69	-6	36	11	36.98
348	69	-6	35	11	37.87
349	69	-6	35	11	37.87
350	69	-5	34	11	38.33
351	69	-5	34	11	38.33
352	69	-6	68	-8	2.23
353	69	-6	68	-8	2.23
354	69	-6	68	-8	2.23
355	69	-6	68	-8	2.23
356	69	-6	68	-8	2.23
357	69	-6	68	-8	2.23
358	69	-6	68	-8	2.23
359	70	-6	68	-8	2.82
360	70	-6	68	-9	3.60
361	70	-6	68	-9	3.60
362	70	-6	68	-9	3.60
363	71	-7	69	-9	2.81
364	71	-7	69	-9	2.81
365	73	-7	69	-9	4.44
366	73	-7	69	-9	4.44
367	74	-7	69	-9	5.34
368	74	-7	69	-10	5.78
369	75	-8	69	-10	6.25
370	75	-8	69	-10	6.25
371	75	-8	69	-10	6.25
372	75	-8	69	-10	6.25
373	75	-8	69	-10	6.25
374	77	-8	70	-10	7.20
375	77	-8	70	-10	7.20
376	77	-8	70	-11	7.53
377	77	-8	70	-11	7.53
378	77	-8	70	-11	7.53
379	77	-8	70	-11	7.53
380	77	-8	70	-11	7.53
381	77	-8	70	-11	7.53
382	77	-8	70	-11	7.53
383	77	-7	70	-11	7.99
384	77	-7	73	-8	4.09
385	77	-8	73	-8	3.96
386	76	-7	73	-8	3.14
387	76	-7	73	-8	3.14
388	76	-8	73	-8	2.97
389	76	-8	73	-8	2.97
390	76	-8	73	-8	2.97
391	76	-8	73	-8	2.97
392	76	-8	74	-8	1.98
393	76	-8	74	-8	1.98
394	77	-9	74	-8	3.13
395	77	-9	74	-8	3.13
396	77	-8	74	-8	2.97
397	77	-8	74	-8	2.97
398	78	-8	74	-8	3.96
399	78	-8	74	-8	3.96
400	78	-8	75	-9	3.13
401	78	-8	75	-9	3.13
402	79	-8	75	-9	4.08
403	79	-9	75	-9	3.95
404	79	-9	75	-9	3.95
405	80	-9	75	-9	4.94
406	80	-9	75	-9	4.94
407	81	-11	75	-9	6.24
408	82	-14	76	-9	7.72
409	82	-14	76	-9	7.72
410	82	-14	76	-9	7.72
411	83	-17	76	-9	10.51
412	85	-21	76	-9	14.81
413	88	-24	76	-9	18.88
414	88	-24	76	-9	18.88
415	90	-28	76	-9	23.13
416	90	-28	85	-8	20.55
417	92	-31	85	-8	23.91
418	92	-31	85	-8	23.91
419	93	-33	85	-8	26.07
420	94	-34	86	-8	27.03
421	94	-34	86	-8	27.03
422	94	-34	86	-8	27.03
423	95	-36	86	-8	29.18
424	95	-36	87	-8	28.94
425	95	-36	87	-8	28.94
426	95	-36	87	-8	28.94
427	95	-36	87	-8	28.94
428	95	-36	88	-8	28.72
429	96	-36	88	-8	28.94
430	96	-36	88	-8	28.94
431	96	-36	88	-8	28.94
432	96	-36	89	-8	28.72
433	98	-35	89	-8	28.23
434	98	-35	89	-8	28.23
435	100	-35	89	-8	28.82
436	100	-35	90	-8	28.52
437	105	-35	90	-8	30.30
438	105	-35	90	-8	30.30
439	105	-35	90	-8	30.30
440	107	-34	91	-8	29.89
441	110	-34	91	-8	31.34
442	110	-34	91	-8	31.34
443	113	-33	91	-8	32.24
444	118	-33	92	-8	34.69
445	118	-33	92	-8	34.69
446	122	-32	92	-8	36.77
447	122	-32	92	-8	36.77
448	122	-32	103	-49	22.18
449	128	-32	103	-49	25.29
450	128	-32	103	-50	25.84
451	131	-32	104	-50	26.92
452	131	-32	104	-51	27.46
453	133	-32	105	-52	28.53
454	133	-32	105	-52	28.53
455	136	-31	105	-53	31.41
456	136	-31	106	-54	31.46
457	139	-31	106	-54	32.94
458	139	-31	107	-55	32.98
459	142	-31	107	-56	34.95
460	144	-31	107	-56	35.92
461	144	-31	108	-57	35.94
462	147	-30	108	-58	38.68
463	148	-29	109	-58	39.53
464	148	-29	109	-59	40.04
465	150	-29	109	-60	41.42
466	150	-29	110	-60	40.99
467	151	-28	110	-61	42.80
468	151	-28	111	-62	42.94
469	152	-27	111	-62	44.23
470	153	-26	111	-63	46.07
471	155	-25	112	-64	47.90
472	155	-25	112	-64	47.90
473	157	-23	113	-65	50.66
474	157	-23	113	-66	51.22
475	159	-22	113	-66	52.83
476	159	-22	114	-67	53.06
477	160	-21	114	-68	54.89
478	161	-21	115	-68	54.89
479	161	-21	115	-69	55.46
480	161	-21	154	-36	16.20
481	161	-20	155	-36	16.84
482	162	-19	156	-36	17.80
483	162	-19	157	-36	17.56
484	163	-18	158	-36	18.54
485	163	-18	159	-36	18.34
486	163	-18	160	-36	18.19
487	163	-18	161	-36	18.09
488	163	-18	162	-37	19.02
489	163	-18	163	-37	19.00
490	162	-17	164	-37	20.08
491	162	-17	165	-37	20.17
492	162	-17	166	-37	20.31
493	162	-17	167	-37	20.48
494	161	-17	168	-37	20.93
495	161	-16	169	-37	22.16
496	161	-16	170	-38	23.39
497	161	-16	171	-38	23.70
498	160	-16	172	-38	24.41
499	160	-16	173	-38	24.80
500	160	-16	174	-38	25.22
501	160	-15	175	-38	26.55
502	160	-15	176	-38	27.00
503	160	-15	177	-38	27.47
504	160	-15	178	-39	28.74
505	159	-15	179	-39	29.74
506	159	-15	-180	-39	30.27
507	159	-15	-179	-39	30.81
508	159	-15	-178	-39	31.36
509	158	-15	-177	-39	32.52
510	158	-15	-176	-39	33.12
511	158	-15	-175	-39	33.72
512	157	-15	-160	-10	42.21
513	157	-15	-159	-9	43.38
514	157	-15	-158	-9	44.35
515	157	-15	-157	-8	45.53
516	156	-15	-156	-8	47.46
517	154	-15	-154	-8	51.32
518	154	-15	-153	-7	52.52
519	150	-16	-152	-7	57.37
520	150	-16	-151	-7	58.33
521	145	-16	-150	-6	64.35
522	140	-16	-148	-6	71.08
523	140	-16	-147	-6	72.04
524	136	-17	-146	-5	77.08
525	136	-17	-145	-5	78.04
526	133	-17	-143	-5	82.82
527	133	-17	-142	-4	84.06
528	130	-17	-141	-4	87.88
529	128	-18	-140	-4	90.66
530	128	-18	-139	-3	91.92
531	125	-18	-137	-3	96.66
532	125	-18	-136	-3	97.61
533	123	-19	-135	-2	100.67
534	120	-19	-134	-2	104.42
535	120	-19	-132	-2	106.30
536	118	-19	-131	-1	109.46
537	118	-19	-130	-1	110.39
538	115	-18	-129	-1	114.30
539	111	-18	-128	0	119.33
540	111	-18	-126	0	121.20
541	109	-18	-125	0	123.99
542	109	-18	-124	0	124.91
543	107	-18	-123	0	127.69
544	106	-18	153	-9	46.45
545	106	-18	152	-8	45.79
546	105	-18	152	-8	46.74
547	105	-18	152	-8	46.74
548	104	-18	152	-8	47.69
549	103	-18	152	-8	48.63
550	103	-18	152	-7	48.93
551	102	-18	152	-7	49.88
552	102	-18	152	-7	49.88
553	102	-18	151	-7	48.93
554	102	-18	151	-7	48.93
555	102	-18	151	-6	49.24
556	102	-18	151	-6	49.24
557	102	-18	151	-6	49.24
558	101	-18	151	-6	50.19
559	101	-18	151	-6	50.19
560	101	-18	151	-6	50.19
561	101	-18	150	-5	49.57
562	101	-18	150	-5	49.57
563	101	-18	150	-5	49.57
564	101	-18	150	-5	49.57
565	101	-17	150	-5	49.42
566	102	-17	150	-4	48.80
567	102	-17	150	-4	48.80
568	101	-17	150	-4	49.74
569	101	-17	149	-4	48.80
570	102	-17	149	-4	47.86
571	102	-17	149	-3	48.19
572	102	-17	149	-3	48.19
573	102	-17	149	-3	48.19
574	102	-17	149	-3	48.19
575	102	-17	149	-3	48.19
576	102	-17	55	-21	44.47
577	102	-17	53	-21	46.33
578	102	-16	51	-21	48.43
579	102	-16	50	-21	49.36
580	103	-16	48	-21	52.16
581	103	-16	47	-21	53.09
582	103	-16	45	-21	54.95
583	103	-16	43	-21	56.81
584	103	-16	42	-21	57.73
585	103	-15	40	-21	59.86
586	103	-15	39	-21	60.79
587	104	-14	37	-22	63.76
588	104	-14	35	-22	65.60
589	106	-10	34	-22	69.68
590	109	-7	32	-22	75.36
591	109	-7	31	-22	76.29
592	109	-7	29	-22	78.14
593	112	-4	27	-22	83.87
594	112	-4	26	-22	84.80
595	116	-2	24	-22	91.10
596	116	-2	23	-22	92.03
597	116	-2	21	-22	93.88
598	118	-2	19	-23	97.49
599	118	-2	18	-23	98.40
600	121	-1	16	-23	103.38
601	121	-1	15	-23	104.29
602	123	0	13	-23	108.35
603	123	0	11	-23	110.17
604	125	0	10	-23	112.89
605	125	0	8	-23	114.70
606	127	0	7	-23	117.40
607	128	1	5	-23	120.54
608	128	1	98	-16	34.15
609	130	2	97	-15	36.82
610	130	2	97	-15	36.82
611	132	3	97	-15	39.05
612	132	3	97	-15	39.05
613	134	4	97	-15	41.28
614	136	5	97	-15	43.51
615	136	5	97	-15	43.51
616	137	5	97	-15	44.39
617	138	6	96	-15	46.62
618	138	6	96	-15	46.62
619	139	7	96	-15	47.96
620	139	7	96	-15	47.96
621	140	7	96	-15	48.84
622	140	7	96	-15	48.84
623	141	8	96	-15	50.18
624	141	8	96	-15	50.18
625	141	8	95	-15	51.07
626	141	9	95	-15	51.52
627	141	9	95	-15	51.52
628	142	10	95	-15	52.86
629	143	12	95	-15	54.66
630	143	12	95	-15	54.66
631	145	14	95	-15	57.33
632	145	14	95	-15	57.33
633	147	15	94	-15	60.36
634	148	15	94	-15	61.22
635	148	15	94	-15	61.22
636	148	15	94	-15	61.22
637	148	15	94	-15	61.22
638	148	15	94	-15	61.22
639	149	15	94	-15	62.08
640	149	16	154	19	5.63
641	149	16	154	19	5.63
642	149	16	155	20	6.97
643	149	16	156	20	7.76
644	149	16	157	21	9.08
645	149	15	158	21	10.45
646	149	15	158	22	11.03
647	149	15	159	22	11.78
648	149	15	160	23	13.11
649	149	15	161	24	14.44
650	149	16	162	24	14.59
651	148	15	162	25	16.50
652	148	15	163	25	17.26
653	148	15	164	26	18.56
654	148	15	165	26	19.32
655	148	15	166	27	20.61
656	148	15	167	28	21.89
657	148	16	167	28	21.27
658	148	16	168	29	22.53
659	148	16	169	29	23.29
660	147	16	170	30	25.30
661	147	16	171	30	26.06
662	147	16	171	31	26.53
663	145	12	172	31	31.34
664	145	12	173	32	32.58
665	143	9	174	33	37.32
666	143	9	175	33	38.03
667	142	5	175	34	42.15
668	142	0	176	34	46.58
669	142	0	177	35	47.85
670	143	-4	178	35	51.00
671	143	-4	179	36	52.27
672	144	-8	170	31	46.27
673	144	-8	170	31	46.27
674	146	-11	171	31	48.37
675	146	-14	171	32	51.86
676	146	-14	172	32	52.31
677	148	-15	173	33	53.61
678	148	-15	173	33	53.61
679	150	-17	174	34	55.89
680	152	-17	175	34	55.51
681	152	-17	175	35	56.40
682	154	-18	176	35	56.97
683	154	-18	177	36	58.22
684	156	-18	177	36	57.54
685	158	-19	178	37	59.09
686	158	-19	179	37	59.40
687	160	-19	179	38	59.73
688	160	-19	-180	38	60.02
689	162	-20	-179	38	60.69
690	162	-20	-179	39	61.62
691	163	-21	-178	39	62.58
692	165	-21	-177	40	63.27
693	165	-21	-177	40	63.27
694	166	-22	-176	41	65.18
695	166	-22	-175	41	65.43
696	168	-23	-175	42	66.88
697	169	-23	-174	42	66.88
698	169	-23	-173	43	68.05
699	171	-22	-173	43	66.65
700	171	-22	-172	44	67.82
701	172	-23	-171	44	68.79
702	173	-23	-171	45	69.55
703	173	-23	-170	45	69.75
704	173	-23	139	-32	31.33
705	173	-23	138	-32	32.17
706	173	-23	138	-33	32.31
707	173	-23	138	-34	32.48
708	173	-23	138	-35	32.67
709	173	-23	138	-35	32.67
710	173	-23	138	-36	32.89
711	173	-22	137	-37	34.46
712	173	-22	137	-38	34.74
713	172	-22	137	-38	33.99
714	173	-21	137	-39	35.66
715	173	-21	137	-40	36.01
716	172	-21	137	-41	35.68
717	172	-21	136	-41	36.38
718	172	-21	136	-42	36.77
719	172	-20	136	-43	37.88
720	172	-20	136	-44	38.33
721	172	-20	136	-44	38.33
722	172	-20	136	-45	38.79
723	171	-20	136	-46	38.67
724	171	-20	135	-47	39.77
725	171	-20	135	-47	39.77
726	171	-20	135	-48	40.28
727	171	-20	135	-49	40.81
728	171	-20	135	-50	41.35
729	171	-20	135	-50	41.35
730	171	-20	134	-51	42.43
731	171	-20	134	-52	42.98
732	171	-20	134	-53	43.55
733	172	-20	134	-53	44.05
734	172	-20	134	-54	44.61
735	171	-20	134	-55	44.71
736	171	-20	-158	-38	32.30
737	171	-20	-158	-38	32.30
738	171	-20	-157	-38	33.01
739	171	-20	-156	-39	34.14
740	171	-20	-155	-39	34.85
741	171	-20	-154	-40	35.95
742	171	-20	-153	-40	36.66
743	171	-20	-152	-41	37.74
744	171	-20	-151	-41	38.44
745	171	-19	-150	-42	40.19
746	171	-19	-149	-42	40.88
747	171	-19	-149	-43	41.26
748	171	-19	-148	-43	41.93
749	171	-19	-147	-44	42.98
750	171	-19	-146	-44	43.65
751	171	-19	-145	-45	44.67
752	171	-19	-144	-45	45.33
753	171	-19	-143	-45	46.00
754	171	-19	-142	-46	46.99
755	171	-19	-141	-46	47.65
756	171	-19	-140	-47	48.61
757	171	-19	-139	-47	49.26
758	171	-19	-139	-48	49.56
759	170	-19	-138	-48	50.84
760	170	-19	-137	-49	51.76
761	170	-19	-136	-49	52.39
762	170	-19	-135	-50	53.27
763	170	-19	-134	-50	53.90
764	170	-19	-133	-51	54.75
765	170	-19	-132	-51	55.37
766	170	-19	-131	-52	56.20
767	170	-18	-130	-52	57.57
768	170	-18	169	-17	1.38
769	170	-18	168	-16	2.77
770	170	-18	168	-16	2.77
771	170	-18	168	-16	2.77
772	170	-18	168	-16	2.77
773	170	-18	168	-16	2.77
774	170	-18	168	-16	2.77
775	169	-18	168	-16	2.22
776	169	-18	168	-16	2.22
777	169	-18	168	-16	2.22
778	169	-18	168	-16	2.22
779	169	-18	168	-15	3.15
780	169	-18	168	-15	3.15
781	169	-18	168	-15	3.15
782	169	-18	168	-15	3.15
783	169	-18	168	-15	3.15
784	169	-18	168	-15	3.15
785	169	-18	167	-15	3.56
786	169	-18	167	-15	3.56
787	169	-18	167	-15	3.56
788	169	-18	167	-15	3.56
789	170	-18	167	-15	4.16
790	170	-18	167	-14	4.93
791	170	-18	167	-14	4.93
792	170	-18	167	-14	4.93
793	170	-18	167	-14	4.93
794	170	-18	167	-14	4.93
795	170	-18	167	-14	4.93
796	170	-18	167	-14	4.93
797	170	-18	167	-14	4.93
798	169	-18	167	-14	4.44
799	169	-18	167	-14	4.44
800	169	-18	169	-16	2.00
801	169	-19	168	-15	4.11
802	169	-19	168	-15	4.11
803	170	-20	168	-15	5.35
804	170	-20	168	-15	5.35
805	170	-22	168	-15	7.25
806	170	-22	168	-15	7.25
807	171	-23	168	-15	8.49
808	172	-24	168	-15	9.76
809	172	-24	168	-15	9.76
810	173	-25	168	-15	11.05
811	173	-25	168	-15	11.05
812	174	-26	168	-15	12.35
813	175	-26	168	-15	12.80
814	175	-26	168	-15	12.80
815	176	-27	168	-15	14.12
816	176	-27	168	-15	14.12
817	177	-27	168	-14	15.48
818	177	-27	168	-14	15.48
819	177	-28	168	-14	16.31
820	177	-29	168	-14	17.16
821	177	-29	168	-14	17.16
822	177	-31	168	-14	18.90
823	177	-31	168	-14	18.90
824	177	-33	168	-14	20.69
825	176	-34	168	-14	21.27
826	176	-34	168	-14	21.27
827	175	-35	168	-14	21.93
828	175	-35	168	-14	21.93
829	175	-35	168	-14	21.93
830	175	-35	168	-14	21.93
831	175	-35	168	-14	21.93
832	174	-36	168	-18	18.77
833	174	-36	167	-18	19.03
834	174	-36	167	-18	19.03
835	174	-36	167	-18	19.03
836	174	-36	167	-18	19.03
837	174	-36	167	-18	19.03
838	175	-37	167	-18	20.26
839	174	-37	167	-18	19.97
840	174	-37	167	-18	19.97
841	174	-37	167	-18	19.97
842	174	-37	167	-18	19.97
843	173	-37	167	-18	19.72
844	173	-37	167	-18	19.72
845	173	-37	167	-18	19.72
846	172	-37	167	-18	19.50
847	172	-37	167	-18	19.50
848	172	-37	167	-18	19.50
849	171	-37	167	-18	19.32
850	170	-37	167	-18	19.18
851	170	-37	167	-18	19.18
852	169	-37	167	-18	19.08
853	168	-38	167	-18	20.02
854	168	-38	167	-18	20.02
855	168	-38	167	-18	20.02
856	167	-38	167	-18	20.00
857	167	-38	167	-18	20.00
858	166	-39	167	-18	21.02
859	166	-39	167	-18	21.02
860	166	-39	167	-18	21.02
861	164	-40	167	-18	22.15
862	161	-41	167	-18	23.57
863	161	-41	167	-18	23.57
864	159	-42	179	-54	17.86
865	157	-43	179	-54	18.14
866	157	-43	179	-55	18.63
867	156	-43	179	-55	19.13
868	155	-44	179	-56	19.37
869	155	-44	179	-56	19.37
870	154	-45	179	-57	19.60
871	153	-46	-180	-57	19.88
872	153	-46	-180	-58	20.28
873	152	-48	-180	-59	19.73
874	152	-48	-180	-59	19.73
875	152	-48	-180	-60	20.12
876	151	-49	-180	-60	19.86
877	150	-50	-179	-61	20.43
878	150	-50	-179	-61	20.43
879	148	-50	-179	-62	21.65
880	147	-51	-179	-63	21.67
881	147	-51	-179	-63	21.67
882	147	-52	-179	-64	21.25
883	146	-52	-179	-64	21.67
884	146	-52	-178	-65	22.38
885	145	-52	-178	-65	22.78
886	145	-52	-178	-66	23.09
887	145	-52	-178	-66	23.09
888	144	-51	-178	-67	24.61
889	143	-51	-178	-68	25.34
890	143	-51	-177	-68	25.69
891	141	-51	-177	-69	26.73
892	139	-51	-177	-69	27.41
893	139	-51	-177	-70	27.74
894	136	-51	-177	-70	28.71
895	134	-51	-177	-71	29.63
896	134	-51	144	-48	7.15
897	132	-51	143	-48	7.74
898	132	-51	143	-48	7.74
899	130	-51	142	-48	8.34
900	130	-51	142	-48	8.34
901	128	-51	141	-48	8.95
902	126	-51	141	-49	9.83
903	126	-51	140	-49	9.20
904	124	-51	140	-49	10.46
905	124	-51	139	-49	9.83
906	122	-51	139	-49	11.08
907	122	-51	138	-50	10.21
908	121	-51	138	-50	10.84
909	121	-51	137	-50	10.21
910	117	-52	137	-50	12.70
911	117	-52	136	-50	12.09
912	115	-51	136	-51	13.17
913	115	-51	136	-51	13.17
914	115	-51	135	-51	12.55
915	113	-51	135	-51	13.79
916	111	-50	134	-51	14.60
917	111	-50	134	-51	14.60
918	110	-50	133	-52	14.55
919	109	-50	133	-52	15.16
920	109	-50	132	-52	14.55
921	109	-50	132	-52	14.55
922	108	-50	131	-52	14.55
923	108	-50	131	-53	14.56
924	108	-50	130	-53	13.96
925	108	-50	130	-53	13.96
926	108	-50	129	-53	13.36
927	108	-50	129	-53	13.36
928	107	-50	109	-60	10.06
929	107	-50	108	-60	10.02
930	108	-50	107	-60	10.02
931	108	-50	106	-60	10.06
932	108	-50	105	-61	11.13
933	108	-50	105	-61	11.13
934	108	-50	104	-61	11.23
935	108	-50	103	-61	11.35
936	108	-50	102	-62	12.45
937	108	-50	101	-62	12.60
938	108	-50	101	-62	12.60
939	108	-50	100	-63	13.70
940	108	-50	99	-63	13.89
941	108	-50	98	-63	14.08
942	108	-49	98	-63	15.03
943	108	-49	97	-64	16.13
944	109	-49	96	-64	16.55
945	109	-49	95	-64	16.79
946	109	-49	94	-65	17.86
947	109	-49	94	-65	17.86
948	108	-49	93	-65	17.86
949	108	-49	92	-65	18.10
950	108	-49	91	-66	19.15
951	108	-49	91	-66	19.15
952	108	-49	90	-66	19.40
953	108	-49	89	-67	20.43
954	108	-49	88	-67	20.68
955	107	-49	87	-67	20.68
956	107	-49	87	-67	20.68
957	107	-48	86	-68	22.62
958	107	-48	85	-68	22.86
959	107	-48	84	-68	23.11
960	107	-47	80	-49	18.08
961	107	-46	79	-48	19.09
962	107	-46	78	-48	19.76
963	107	-44	77	-48	21.08
964	107	-44	76	-48	21.75
965	107	-42	75	-48	23.23
966	107	-42	74	-48	23.89
967	107	-41	74	-48	24.35
968	107	-41	73	-48	25.01
969	107	-39	72	-48	26.67
970	107	-39	71	-48	27.33
971	107	-39	70	-48	28.00
972	107	-39	69	-48	28.66
973	107	-39	69	-48	28.66
974	107	-39	68	-48	29.33
975	107	-39	67	-48	30.00
976	107	-38	66	-48	31.19
977	107	-38	65	-48	31.86
978	107	-38	64	-48	32.53
979	107	-38	63	-48	33.19
980	107	-38	63	-48	33.19
981	107	-38	62	-48	33.86
982	107	-39	61	-48	34.01
983	107	-39	60	-48	34.68
984	107	-39	59	-48	35.35
985	107	-39	58	-48	36.02
986	107	-39	58	-48	36.02
987	107	-39	57	-48	36.68
988	106	-39	56	-48	36.68
989	106	-39	55	-48	37.35
990	105	-39	54	-48	37.35
991	102	-39	53	-48	36.02
992	102	-39	107	-44	6.24
993	98	-39	107	-43	7.88
994	98	-39	107	-43	7.88
995	98	-39	107	-43	7.88
996	97	-38	107	-43	9.09
997	97	-38	107	-43	9.09
998	97	-38	107	-43	9.09
999	97	-38	107	-43	9.09
1000	98	-38	107	-43	8.47
1001	98	-38	107	-43	8.47
1002	98	-37	107	-43	9.13
1003	98	-37	107	-42	8.55
1004	97	-37	107	-42	9.19
1005	97	-37	107	-42	9.19
1006	97	-36	107	-42	9.81
1007	97	-36	107	-42	9.81
1008	95	-35	107	-42	11.69
1009	95	-35	107	-42	11.69
1010	95	-35	107	-42	11.69
1011	94	-35	107	-42	12.33
1012	94	-35	107	-42	12.33
1013	94	-35	107	-42	12.33
1014	94	-35	107	-41	11.85
1015	93	-35	107	-41	12.54
1016	93	-35	107	-41	12.54
1017	93	-35	107	-41	12.54
1018	92	-35	107	-41	13.23
1019	92	-35	107	-41	13.23
1020	90	-36	107	-41	14.18
1021	90	-36	107	-41	14.18
1022	88	-36	107	-41	15.65
1023	88	-36	107	-41	15.65
1024	85	-36	97	-31	11.17
1025	85	-36	96	-30	10.99
1026	81	-36	96	-30	13.92
1027	78	-36	96	-30	16.21
1028	78	-36	96	-30	16.21
1029	78	-36	96	-29	16.68
1030	74	-36	96	-29	19.78
1031	74	-36	95	-29	18.99
1032	68	-35	95	-29	23.59
1033	68	-35	95	-28	23.98
1034	68	-35	95	-28	23.98
1035	66	-35	95	-28	25.60
1036	66	-35	95	-28	25.60
1037	63	-35	94	-27	27.62
1038	63	-35	94	-27	27.62
1039	62	-36	94	-27	28.58
1040	62	-36	94	-27	28.58
1041	61	-36	94	-26	29.83
1042	61	-36	94	-26	29.83
1043	60	-36	94	-26	30.63
1044	60	-36	93	-26	29.83
1045	60	-37	93	-25	30.53
1046	60	-37	93	-25	30.53
1047	60	-37	93	-25	30.53
1048	60	-37	93	-25	30.53
1049	60	-37	93	-24	31.06
1050	60	-37	92	-24	30.29
1051	60	-37	92	-24	30.29
1052	60	-37	92	-24	30.29
1053	60	-37	92	-23	30.84
1054	60	-37	92	-23	30.84
1055	61	-37	92	-23	30.08
1056	61	-37	68	-33	6.99
1057	61	-38	67	-32	7.75
1058	61	-38	66	-32	7.26
1059	61	-39	66	-32	8.09
1060	61	-39	65	-32	7.72
1061	60	-40	65	-32	8.96
1062	60	-40	64	-32	8.63
1063	59	-41	64	-32	9.85
1064	59	-41	63	-32	9.55
1065	58	-41	63	-32	9.85
1066	58	-41	62	-32	9.55
1067	58	-41	62	-31	10.51
1068	58	-41	61	-31	10.29
1069	58	-41	61	-31	10.29
1070	58	-41	60	-31	10.13
1071	58	-41	60	-31	10.13
1072	57	-41	59	-31	10.13
1073	57	-42	58	-31	11.03
1074	57	-42	58	-31	11.03
1075	56	-42	57	-31	11.03
1076	56	-42	57	-31	11.03
1077	56	-42	56	-31	11.00
1078	56	-42	56	-30	12.00
1079	55	-42	55	-30	12.00
1080	55	-42	55	-30	12.00
1081	55	-41	54	-30	11.03
1082	55	-41	54	-30	11.03
1083	54	-41	53	-30	11.03
1084	54	-41	53	-30	11.03
1085	54	-41	52	-30	11.12
1086	54	-41	52	-30	11.12
1087	54	-41	51	-30	11.27
1088	54	-41	37	-38	13.43
1089	55	-41	36	-38	14.93
1090	55	-41	35	-38	15.68
1091	57	-41	34	-38	17.95
1092	57	-41	34	-38	17.95
1093	58	-41	33	-38	19.45
1094	58	-41	32	-38	20.21
1095	59	-40	31	-38	21.76
1096	59	-40	31	-38	21.76
1097	60	-40	30	-38	23.29
1098	60	-40	29	-38	24.05
1099	62	-40	28	-38	26.34
1100	62	-40	28	-38	26.34
1101	62	-40	27	-38	27.10
1102	63	-40	26	-38	28.62
1103	63	-40	25	-38	29.38
1104	63	-40	25	-38	29.38
1105	64	-39	24	-38	31.07
1106	65	-39	23	-38	32.59
1107	65	-39	22	-38	33.35
1108	66	-39	22	-38	34.11
1109	66	-39	21	-38	34.87
1110	66	-39	20	-38	35.62
1111	67	-39	19	-38	37.13
1112	67	-39	19	-38	37.13
1113	67	-39	18	-38	37.89
1114	68	-38	17	-38	39.66
1115	69	-37	16	-38	41.47
1116	69	-37	16	-38	41.47
1117	70	-35	15	-38	43.67
1118	72	-32	14	-38	47.13
1119	74	-29	13	-38	50.76
1120	74	-29	47	-45	26.64
1121	76	-27	46	-45	29.93
1122	76	-27	46	-45	29.93
1123	77	-24	46	-45	32.72
1124	79	-22	46	-45	35.44
1125	81	-21	45	-45	38.05
1126	81	-21	45	-45	38.05
1127	82	-20	45	-45	39.42
1128	82	-20	45	-46	39.88
1129	83	-19	45	-46	41.26
1130	83	-19	44	-46	41.87
1131	84	-16	44	-46	44.78
1132	84	-16	44	-46	44.78
1133	84	-14	44	-46	46.34
1134	84	-14	43	-46	46.94
1135	84	-11	43	-46	49.32
1136	84	-11	43	-47	49.85
1137	84	-5	43	-47	54.80
1138	84	-5	43	-47	54.80
1139	84	-3	42	-47	57.02
1140	84	-3	42	-47	57.02
1141	84	0	42	-47	59.55
1142	84	0	42	-47	59.55
1143	84	0	41	-47	60.08
1144	84	0	41	-48	60.70
1145	84	0	41	-48	60.70
1146	84	0	41	-48	60.70
1147	84	0	41	-48	60.70
1148	84	0	40	-48	61.23
1149	84	0	40	-48	61.23
1150	84	0	40	-48	61.23
1151	84	0	40	-48	61.23
1152	84	0	94	-17	19.65
1153	84	0	94	-16	18.80
1154	84	0	95	-16	19.33
1155	84	0	95	-15	18.53
1156	85	-1	96	-15	17.72
1157	85	-1	97	-15	18.34
1158	85	-1	97	-14	17.60
1159	85	-1	98	-14	18.29
1160	85	-1	99	-14	18.99
1161	85	-2	99	-13	17.69
1162	85	-2	100	-13	18.48
1163	84	-1	100	-12	19.31
1164	84	-1	101	-12	20.13
1165	84	-1	102	-12	20.97
1166	84	-1	102	-11	20.48
1167	83	-1	103	-11	22.24
1168	83	-1	104	-11	23.13
1169	83	-2	104	-10	22.35
1170	83	-1	105	-10	23.65
1171	83	-2	105	-9	22.98
1172	83	-2	106	-9	23.92
1173	83	-2	107	-9	24.88
1174	83	-4	107	-8	24.19
1175	83	-6	108	-8	24.89
1176	83	-6	109	-8	25.88
1177	84	-9	109	-7	24.83
1178	84	-9	110	-7	25.82
1179	85	-9	110	-6	24.96
1180	86	-10	111	-6	25.07
1181	85	-9	112	-6	26.93
1182	85	-9	112	-5	27.09
1183	84	-9	113	-5	29.05
1184	84	-9	94	29	39.21
1185	84	-9	94	29	39.21
1186	84	-9	94	30	40.17
1187	84	-9	94	31	41.13
1188	84	-9	95	32	42.33
1189	84	-9	95	33	43.29
1190	84	-9	95	34	44.25
1191	84	-9	96	35	45.44
1192	84	-9	96	36	46.40
1193	84	-9	96	37	47.36
1194	84	-9	97	38	48.54
1195	84	-9	97	38	48.54
1196	84	-9	97	39	49.50
1197	84	-9	98	40	50.68
1198	83	-9	98	41	51.87
1199	83	-9	98	42	52.82
1200	83	-8	99	43	53.04
1201	83	-8	99	44	53.98
1202	83	-8	99	45	54.92
1203	83	-8	99	46	55.87
1204	83	-8	100	47	57.04
1205	83	-8	100	48	57.98
1206	82	-8	100	48	58.21
1207	82	-8	101	49	59.39
1208	83	-8	101	50	60.08
1209	83	-8	101	51	61.02
1210	82	-8	102	52	62.40
1211	82	-10	102	53	65.28
1212	82	-10	102	54	66.21
1213	81	-12	103	55	69.52
1214	81	-12	103	56	70.44
1215	80	-17	103	57	76.45
1216	80	-17	84	-18	3.94
1217	80	-17	84	-18	3.94
1218	80	-17	84	-18	3.94
1219	81	-17	84	-18	3.03
1220	81	-17	84	-19	3.48
1221	81	-18	84	-19	3.02
1222	81	-18	84	-19	3.02
1223	81	-18	84	-19	3.02
1224	81	-18	84	-20	3.47
1225	81	-18	84	-20	3.47
1226	82	-18	84	-20	2.75
1227	82	-18	84	-21	3.54
1228	82	-18	84	-21	3.54
1229	81	-18	84	-21	4.12
1230	82	-18	84	-21	3.54
1231	82	-18	84	-22	4.42
1232	81	-18	84	-22	4.89
1233	81	-18	84	-22	4.89
1234	82	-18	84	-23	5.34
1235	82	-18	84	-23	5.34
1236	82	-18	84	-23	5.34
1237	82	-18	84	-23	5.34
1238	82	-18	84	-24	6.28
1239	82	-18	84	-24	6.28
1240	82	-18	84	-24	6.28
1241	82	-18	84	-25	7.24
1242	82	-18	84	-25	7.24
1243	83	-18	84	-25	7.06
1244	83	-18	84	-25	7.06
1245	83	-18	84	-26	8.05
1246	83	-18	84	-26	8.05
1247	83	-18	84	-26	8.05
1248	83	-18	76	-25	9.56
1249	83	-18	75	-25	10.21
1250	83	-18	75	-25	10.21
1251	83	-18	75	-25	10.21
1252	83	-17	75	-26	11.67
1253	83	-17	75	-26	11.67
1254	83	-17	75	-26	11.67
1255	83	-17	75	-26	11.67
1256	83	-17	75	-27	12.44
1257	83	-17	74	-27	13.01
1258	83	-17	74	-27	13.01
1259	83	-17	74	-27	13.01
1260	83	-17	74	-28	13.78
1261	84	-17	74	-28	14.35
1262	84	-17	74	-28	14.35
1263	84	-17	74	-28	14.35
1264	84	-17	74	-29	15.11
1265	84	-17	73	-29	15.68
1266	84	-17	73	-29	15.68
1267	84	-17	73	-29	15.68
1268	84	-17	73	-30	16.43
1269	84	-16	73	-30	17.25
1270	85	-16	73	-30	17.80
1271	85	-16	73	-30	17.80
1272	85	-16	73	-31	18.57
1273	85	-16	72	-31	19.12
1274	85	-16	72	-31	19.12
1275	85	-16	72	-31	19.12
1276	86	-15	72	-32	21.26
1277	86	-15	72	-32	21.26
1278	86	-15	72	-32	21.26
1279	86	-15	72	-32	21.26
1280	86	-15	86	-19	4.00
1281	86	-15	86	-19	4.00
1282	86	-15	86	-19	4.00
1283	86	-15	86	-19	4.00
1284	86	-15	86	-19	4.00
1285	86	-15	86	-19	4.00
1286	85	-15	86	-19	4.11
1287	85	-15	86	-19	4.11
1288	85	-15	86	-19	4.11
1289	86	-15	86	-19	4.00
1290	86	-15	86	-19	4.00
1291	86	-15	87	-19	4.11
1292	86	-15	87	-19	4.11
1293	86	-15	87	-19	4.11
1294	86	-15	87	-19	4.11
1295	86	-15	87	-19	4.11
1296	86	-15	87	-19	4.11
1297	86	-15	87	-19	4.11
1298	86	-15	87	-19	4.11
1299	86	-15	87	-19	4.11
1300	86	-15	87	-19	4.11
1301	86	-15	87	-19	4.11
1302	86	-15	88	-19	4.43
1303	86	-15	88	-19	4.43
1304	86	-15	88	-19	4.43
1305	86	-15	88	-19	4.43
1306	86	-15	88	-19	4.43
1307	86	-15	88	-19	4.43
1308	86	-16	88	-19	3.55
1309	86	-16	88	-19	3.55
1310	86	-16	88	-19	3.55
1311	85	-17	88	-19	3.48
1312	85	-17	89	-12	6.32
1313	83	-21	89	-11	11.54
1314	80	-25	89	-11	16.39
1315	77	-29	89	-11	21.20
1316	77	-29	89	-11	21.20
1317	75	-35	89	-11	27.17
1318	73	-40	89	-11	32.28
1319	73	-43	89	-11	34.89
1320	73	-43	89	-11	34.89
1321	74	-44	89	-11	35.45
1322	76	-45	89	-11	35.78
1323	76	-45	90	-10	37.02
1324	76	-46	90	-10	37.94
1325	76	-46	90	-10	37.94
1326	76	-46	90	-10	37.94
1327	76	-46	90	-10	37.94
1328	76	-46	90	-10	37.94
1329	76	-47	90	-10	38.86
1330	76	-47	90	-10	38.86
1331	76	-47	90	-10	38.86
1332	75	-47	90	-10	39.13
1333	75	-47	90	-10	39.13
1334	75	-47	91	-9	40.37
1335	74	-47	91	-9	40.66
1336	74	-47	91	-9	40.66
1337	73	-47	91	-9	40.97
1338	72	-47	91	-9	41.30
1339	72	-47	91	-9	41.30
1340	71	-47	91	-9	41.64
1341	71	-47	91	-9	41.64
1342	70	-47	91	-9	41.99
1343	70	-47	91	-9	41.99
1344	69	-46	84	-19	29.70
1345	69	-46	83	-19	29.37
1346	68	-46	83	-19	29.70
1347	67	-46	83	-19	30.05
1348	67	-46	83	-19	30.05
1349	67	-46	83	-19	30.05
1350	67	-46	83	-19	30.05
1351	67	-46	83	-19	30.05
1352	66	-46	83	-19	30.42
1353	66	-46	83	-19	30.42
1354	65	-46	83	-19	30.81
1355	65	-46	83	-19	30.81
1356	65	-46	83	-19	30.81
1357	65	-46	83	-19	30.81
1358	64	-45	83	-19	30.42
1359	64	-45	83	-19	30.42
1360	63	-45	83	-20	29.98
1361	63	-45	83	-20	29.98
1362	62	-45	83	-20	30.44
1363	62	-45	83	-20	30.44
1364	62	-44	83	-20	29.70
1365	62	-44	83	-20	29.70
1366	60	-43	83	-20	30.02
1367	60	-43	83	-20	30.02
1368	60	-43	83	-20	30.02
1369	60	-44	83	-20	30.70
1370	60	-44	83	-20	30.70
1371	60	-44	83	-20	30.70
1372	60	-44	83	-20	30.70
1373	60	-44	83	-20	30.70
1374	60	-43	83	-20	30.02
1375	60	-43	83	-20	30.02
1376	60	-43	53	-75	32.15
1377	60	-43	52	-75	32.20
1378	59	-44	52	-76	32.14
1379	58	-44	51	-77	33.13
1380	58	-44	51	-78	34.11
1381	57	-44	50	-79	35.10
1382	56	-44	50	-80	36.07
1383	56	-44	49	-81	37.08
1384	55	-44	49	-82	38.05
1385	54	-44	48	-83	39.04
1386	53	-45	48	-84	39.03
1387	53	-45	47	-84	39.04
1388	53	-45	47	-85	40.03
1389	50	-46	46	-86	40.01
1390	50	-46	46	-87	41.01
1391	50	-46	45	-88	42.01
1392	48	-46	45	-89	43.00
1393	47	-46	44	-90	44.00
1394	47	-46	44	-90	44.00
1395	45	-46	43	-90	44.00
1396	45	-46	43	-90	44.00
1397	45	-46	42	-90	44.00
1398	44	-46	42	-90	44.00
1399	43	-46	41	-90	44.00
1400	43	-46	41	-90	44.00
1401	43	-46	40	-90	44.00
1402	42	-46	40	-90	44.00
1403	42	-46	39	-90	44.00
1404	42	-46	39	-90	44.00
1405	41	-46	38	-90	44.00
1406	41	-46	38	-90	44.00
1407	41	-46	37	-90	44.00
1408	40	-46	51	-40	10.02
1409	40	-46	50	-39	10.15
1410	40	-46	50	-39	10.15
1411	40	-46	50	-39	10.15
1412	40	-46	49	-39	9.63
1413	39	-46	49	-39	10.15
1414	38	-46	49	-39	10.70
1415	38	-46	49	-39	10.70
1416	38	-46	48	-39	10.15
1417	38	-46	48	-39	10.15
1418	38	-46	48	-39	10.15
1419	37	-46	47	-38	10.90
1420	37	-46	47	-38	10.90
1421	37	-46	47	-38	10.90
1422	37	-46	47	-38	10.90
1423	37	-46	46	-38	10.41
1424	37	-46	46	-38	10.41
1425	37	-46	46	-38	10.41
1426	36	-46	45	-38	10.41
1427	36	-46	45	-38	10.41
1428	36	-46	45	-38	10.41
1429	36	-46	45	-38	10.41
1430	37	-46	44	-37	10.41
1431	37	-46	44	-37	10.41
1432	37	-46	44	-37	10.41
1433	37	-46	43	-37	10.05
1434	37	-46	43	-37	10.05
1435	38	-45	43	-37	8.84
1436	38	-45	43	-37	8.84
1437	40	-45	42	-37	8.14
1438	40	-45	42	-37	8.14
1439	40	-45	42	-37	8.14
1440	41	-44	20	-49	15.24
1441	41	-44	19	-49	15.88
1442	42	-44	18	-49	17.18
1443	42	-44	18	-49	17.18
1444	42	-44	17	-49	17.83
1445	43	-44	16	-49	19.13
1446	43	-44	16	-49	19.13
1447	43	-44	15	-49	19.79
1448	43	-44	15	-49	19.79
1449	43	-44	14	-49	20.44
1450	43	-44	13	-49	21.10
1451	43	-44	13	-50	21.16
1452	43	-44	12	-50	21.80
1453	44	-44	11	-50	23.08
1454	44	-44	11	-50	23.08
1455	44	-44	10	-50	23.73
1456	44	-44	10	-50	23.73
1457	45	-44	9	-50	25.01
1458	45	-44	8	-50	25.66
1459	45	-44	8	-50	25.66
1460	46	-44	7	-50	26.94
1461	46	-43	6	-50	28.05
1462	46	-43	6	-51	28.04
1463	46	-43	5	-51	28.67
1464	47	-43	5	-51	29.30
1465	47	-43	4	-51	29.93
1466	47	-43	3	-51	30.56
1467	48	-43	3	-51	31.19
1468	48	-43	2	-51	31.82
1469	48	-44	1	-51	31.94
1470	49	-44	1	-51	32.57
1471	49	-44	0	-51	33.19
1472	49	-44	42	-42	5.49
1473	49	-44	42	-41	5.97
1474	49	-44	42	-41	5.97
1475	49	-44	42	-41	5.97
1476	49	-44	42	-41	5.97
1477	50	-44	42	-41	6.61
1478	50	-44	42	-41	6.61
1479	50	-44	42	-41	6.61
1480	50	-44	42	-41	6.61
1481	50	-44	42	-41	6.61
1482	49	-44	42	-41	5.97
1483	49	-44	42	-41	5.97
1484	49	-44	42	-41	5.97
1485	49	-44	42	-41	5.97
1486	50	-44	42	-41	6.61
1487	50	-44	42	-41	6.61
1488	49	-44	42	-41	5.97
1489	49	-44	42	-40	6.56
1490	50	-44	42	-40	7.16
1491	50	-44	42	-40	7.16
1492	50	-44	42	-40	7.16
1493	49	-44	42	-40	6.56
1494	50	-44	42	-40	7.16
1495	50	-44	42	-40	7.16
1496	50	-44	42	-40	7.16
1497	50	-44	42	-40	7.16
1498	50	-44	42	-40	7.16
1499	50	-44	42	-40	7.16
1500	50	-44	42	-40	7.16
1501	50	-44	42	-40	7.16
1502	51	-44	42	-40	7.79
1503	51	-44	42	-40	7.79
1504	51	-44	57	-44	4.32
1505	51	-44	57	-44	4.32
1506	51	-44	57	-44	4.32
1507	51	-44	57	-44	4.32
1508	51	-44	58	-44	5.03
1509	51	-44	58	-44	5.03
1510	51	-44	58	-44	5.03
1511	51	-44	58	-44	5.03
1512	51	-44	59	-44	5.75
1513	51	-44	59	-44	5.75
1514	51	-44	59	-44	5.75
1515	51	-44	59	-44	5.75
1516	51	-44	60	-44	6.47
1517	51	-44	60	-44	6.47
1518	51	-44	60	-44	6.47
1519	51	-44	60	-44	6.47
1520	51	-44	61	-44	7.19
1521	51	-44	61	-44	7.19
1522	50	-44	61	-44	7.91
1523	50	-44	61	-44	7.91
1524	50	-44	62	-44	8.62
1525	50	-44	62	-44	8.62
1526	50	-44	62	-44	8.62
1527	50	-44	62	-44	8.62
1528	49	-44	63	-44	10.06
1529	49	-44	63	-44	10.06
1530	49	-44	63	-44	10.06
1531	48	-44	63	-44	10.78
1532	48	-44	64	-44	11.49
1533	48	-44	64	-44	11.49
1534	48	-44	64	-44	11.49
1535	48	-44	64	-44	11.49
1536	48	-44	53	-44	3.60
1537	47	-44	53	-44	4.32
1538	47	-44	53	-44	4.32
1539	47	-44	53	-44	4.32
1540	47	-44	53	-44	4.32
1541	47	-44	53	-44	4.32
1542	48	-44	53	-44	3.60
1543	48	-44	53	-44	3.60
1544	48	-44	53	-44	3.60
1545	48	-44	53	-44	3.60
1546	47	-44	53	-44	4.32
1547	48	-43	53	-44	3.76
1548	48	-43	53	-44	3.76
1549	48	-43	53	-44	3.76
1550	47	-44	53	-44	4.32
1551	47	-43	53	-44	4.46
1552	47	-43	54	-44	5.17
1553	46	-43	54	-44	5.89
1554	46	-43	54	-44	5.89
1555	45	-43	54	-44	6.60
1556	45	-44	54	-44	6.47
1557	45	-44	54	-44	6.47
1558	45	-44	54	-44	6.47
1559	42	-44	54	-44	8.62
1560	42	-44	54	-44	8.62
1561	42	-44	54	-44	8.62
1562	42	-44	54	-44	8.62
1563	42	-44	54	-44	8.62
1564	42	-44	54	-44	8.62
1565	42	-44	54	-44	8.62
1566	42	-44	54	-44	8.62
1567	43	-44	54	-44	7.91
1568	43	-45	45	-44	1.74
1569	43	-45	44	-44	1.23
1570	43	-45	44	-44	1.23
1571	43	-45	44	-44	1.23
1572	43	-45	44	-44	1.23
1573	43	-45	44	-44	1.23
1574	43	-45	44	-44	1.23
1575	43	-45	44	-44	1.23
1576	43	-45	44	-44	1.23
1577	43	-45	44	-44	1.23
1578	42	-45	44	-44	1.74
1579	42	-45	43	-44	1.23
1580	42	-45	43	-44	1.23
1581	42	-45	43	-44	1.23
1582	41	-45	43	-44	1.74
1583	40	-44	43	-44	2.16
1584	40	-44	43	-44	2.16
1585	36	-39	43	-44	7.24
1586	36	-39	43	-44	7.24
1587	36	-36	43	-44	9.62
1588	36	-34	43	-44	11.37
1589	36	-34	43	-44	11.37
1590	37	-33	42	-44	11.67
1591	38	-33	42	-44	11.43
1592	38	-33	42	-44	11.43
1593	38	-32	42	-44	12.40
1594	38	-31	42	-44	13.38
1595	38	-31	42	-44	13.38
1596	38	-30	42	-44	14.35
1597	38	-29	42	-44	15.34
1598	39	-28	42	-44	16.18
1599	39	-29	42	-44	15.19
1600	39	-29	38	-46	17.02
1601	39	-29	37	-46	17.07
1602	39	-29	37	-46	17.07
1603	39	-29	37	-46	17.07
1604	39	-30	37	-46	16.08
1605	40	-29	37	-46	17.16
1606	40	-29	37	-46	17.16
1607	40	-29	36	-46	17.29
1608	40	-29	36	-46	17.29
1609	41	-29	36	-46	17.45
1610	42	-29	36	-46	17.64
1611	43	-28	36	-46	18.83
1612	43	-28	36	-46	18.83
1613	43	-28	35	-46	19.08
1614	43	-28	35	-46	19.08
1615	44	-26	35	-46	21.25
1616	45	-24	35	-46	23.43
1617	47	-21	35	-46	26.86
1618	49	-18	35	-46	30.31
1619	51	-17	35	-46	31.91
1620	51	-17	34	-46	32.26
1621	53	-14	34	-46	35.77
1622	55	-11	34	-46	39.30
1623	55	-11	34	-46	39.30
1624	59	-8	34	-46	43.65
1625	62	-5	34	-46	47.65
1626	66	-3	33	-46	51.72
1627	66	-3	33	-46	51.72
1628	68	-2	33	-46	53.57
1629	69	-2	33	-46	54.07
1630	69	-2	33	-46	54.07
1631	69	-1	33	-46	54.94
1632	70	-1	35	-13	36.68
1633	70	-1	34	-12	37.36
1634	70	-1	34	-12	37.36
1635	70	-1	34	-11	37.12
1636	71	-2	34	-11	37.80
1637	71	-2	34	-10	37.62
1638	72	-2	34	-10	38.59
1639	72	-2	34	-9	38.44
1640	72	-2	34	-9	38.44
1641	72	-2	33	-8	39.29
1642	72	-2	33	-8	39.29
1643	72	-2	33	-7	39.18
1644	72	-2	33	-7	39.18
1645	72	-1	33	-6	39.23
1646	72	-1	33	-6	39.23
1647	70	0	33	-5	37.29
1648	70	0	33	-5	37.29
1649	69	0	32	-4	37.18
1650	67	1	32	-4	35.33
1651	67	1	32	-3	35.22
1652	65	3	32	-3	33.53
1653	65	3	32	-2	33.36
1654	65	3	32	-2	33.36
1655	66	3	32	-1	34.22
1656	66	3	32	-1	34.22
1657	68	4	31	0	37.18
1658	69	4	31	0	38.18
1659	69	4	31	0	38.18
1660	72	5	31	1	41.13
1661	72	5	31	1	41.13
1662	74	6	31	2	43.07
1663	76	7	31	2	45.12
1664	76	7	101	27	31.04
1665	79	7	101	27	28.92
1666	79	7	102	28	30.24
1667	84	7	103	29	28.37
1668	84	7	104	30	29.70
1669	86	8	105	31	29.04
1670	88	8	106	32	29.26
1671	88	8	107	33	30.56
1672	88	8	108	34	31.87
1673	92	10	109	34	28.61
1674	95	11	110	35	27.61
1675	95	11	111	36	28.89
1676	97	11	112	37	29.30
1677	99	11	113	38	29.77
1678	99	11	114	39	31.02
1679	101	12	115	40	30.61
1680	101	12	116	41	31.85
1681	102	11	117	41	32.78
1682	103	12	118	42	32.73
1683	103	12	119	43	33.96
1684	106	12	120	44	34.19
1685	106	12	121	45	35.40
1686	108	12	122	46	36.02
1687	110	12	123	47	36.67
1688	110	12	124	48	37.85
1689	112	13	125	48	36.64
1690	112	13	126	49	37.81
1691	116	15	127	50	36.12
1692	117	16	128	51	36.10
1693	117	16	129	52	37.24
1694	118	18	130	53	36.23
1695	118	20	131	54	35.42
1696	118	20	82	15	34.63
1697	119	20	82	15	35.57
1698	121	22	82	15	37.54
1699	121	22	82	15	37.54
1700	121	23	82	16	37.31
1701	122	26	82	16	38.49
1702	122	26	83	16	37.60
1703	121	29	83	16	37.24
1704	122	31	83	17	38.04
1705	122	31	83	17	38.04
1706	123	32	83	17	39.09
1707	124	32	84	17	39.09
1708	124	32	84	18	38.59
1709	125	33	84	18	39.62
1710	124	33	84	18	38.80
1711	124	33	84	18	38.80
1712	124	34	85	19	37.70
1713	123	34	85	19	36.89
1714	123	34	85	19	36.89
1715	123	34	85	19	36.89
1716	123	34	85	20	36.38
1717	123	34	85	20	36.38
1718	123	34	86	20	35.57
1719	123	34	86	20	35.57
1720	123	34	86	21	35.06
1721	123	35	86	21	35.28
1722	123	35	86	21	35.28
1723	123	35	87	21	34.49
1724	123	35	87	22	33.97
1725	123	35	87	22	33.97
1726	123	35	87	22	33.97
1727	123	35	87	22	33.97
1728	123	35	160	33	30.56
1729	123	35	161	33	31.38
1730	123	35	162	33	32.19
1731	122	34	163	34	33.76
1732	122	34	165	34	35.38
1733	122	35	166	35	35.74
1734	122	34	167	35	36.78
1735	122	34	169	35	38.38
1736	122	34	170	36	38.97
1737	122	34	171	36	39.76
1738	122	34	173	37	41.13
1739	121	34	174	37	42.69
1740	121	34	175	37	43.47
1741	121	34	177	38	44.80
1742	121	34	178	38	45.57
1743	120	34	179	39	46.86
1744	120	34	-179	39	48.37
1745	120	34	-178	39	49.13
1746	119	34	-177	40	50.37
1747	119	34	-176	40	51.11
1748	119	34	-174	41	52.31
1749	118	34	-173	41	53.77
1750	118	34	-172	41	54.49
1751	117	34	-170	42	56.34
1752	117	34	-169	42	57.04
1753	115	34	-168	43	58.82
1754	114	33	-166	43	61.45
1755	114	33	-165	43	62.13
1756	112	33	-164	44	63.81
1757	110	33	-162	44	66.46
1758	110	33	-161	45	66.70
1759	110	33	-160	45	67.35
1760	109	32	128	50	22.87
1761	109	32	128	50	22.87
1762	109	32	128	50	22.87
1763	109	32	128	51	23.59
1764	108	32	128	51	24.03
1765	108	32	128	52	24.74
1766	108	31	128	52	25.61
1767	104	28	129	53	31.07
1768	104	28	129	53	31.07
1769	99	22	129	54	39.19
1770	94	17	129	54	45.81
1771	90	13	129	55	51.79
1772	90	13	129	55	51.79
1773	87	12	130	56	55.08
1774	87	12	130	56	55.08
1775	86	11	130	57	57.00
1776	85	12	130	57	56.56
1777	85	12	130	57	56.56
1778	85	11	130	58	58.02
1779	85	11	130	58	58.02
1780	85	11	131	59	59.02
1781	84	11	131	59	59.45
1782	84	11	131	60	60.00
1783	84	11	131	60	60.00
1784	84	12	131	61	59.65
1785	84	12	131	61	59.65
1786	83	12	132	62	61.00
1787	83	12	132	62	61.00
1788	83	12	132	63	61.54
1789	83	12	132	63	61.54
1790	83	12	132	64	62.08
1791	83	12	132	64	62.08
