frame_id	phi	theta	est_phi	est_theta	err_phi	err_theta	speed
0	0	-7	0	0	0	-7
1	-3	-6	0	0	-3	-6
2	-5	-6	0	0	-5	-6
3	-7	-5	0	0	-7	-5
4	-9	-5	0	0	-9	-5
5	-11	-4	0	0	-11	-4
6	-12	-4	0	0	-12	-4
7	-13	-4	0	0	-13	-4
8	-14	-3	0	0	-14	-3
9	-13	-3	0	0	-13	-3
10	-13	-3	0	0	-13	-3
11	-13	-3	0	0	-13	-3
12	-12	-3	0	0	-12	-3
13	-11	-3	0	0	-11	-3
14	-10	-3	0	0	-10	-3
15	-8	-3	0	0	-8	-3
16	-7	-3	0	0	-7	-3
17	-5	-3	0	0	-5	-3
18	-3	-4	0	0	-3	-4
19	0	-3	0	0	0	-3
20	0	-2	0	0	0	-2
21	1	-2	0	0	1	-2
22	0	-1	0	0	0	-1
23	0	-2	0	0	0	-2
24	0	-2	0	0	0	-2
25	0	-3	0	0	0	-3
26	-1	-3	0	0	-1	-3
27	-1	-3	0	0	-1	-3
28	-1	-3	0	0	-1	-3
29	-1	-2	0	0	-1	-2
30	-1	-2	0	0	-1	-2
31	-1	-2	0	0	-1	-2
32	-1	-3	0	0	-1	-3
33	-1	-3	0	0	-1	-3
34	-1	-3	0	0	-1	-3
35	-1	-3	0	0	-1	-3
36	-1	-3	0	0	-1	-3
37	-1	-3	0	0	-1	-3
38	-1	-3	0	0	-1	-3
39	-1	-4	0	0	-1	-4
40	-1	-3	0	0	-1	-3
41	0	-3	0	0	0	-3
42	-1	-3	0	0	-1	-3
43	-1	-3	0	0	-1	-3
44	-1	-3	0	0	-1	-3
45	0	-3	0	0	0	-3
46	0	-3	0	0	0	-3
47	0	-3	0	0	0	-3
48	-1	-3	0	3	-1	-6
49	-2	-3	0	3	-2	-6
50	-4	-2	0	3	-4	-5
51	-7	-2	0	3	-7	-5
52	-11	-1	0	3	-11	-4
53	-17	0	0	4	-17	-4
54	-23	0	0	4	-23	-4
55	-27	0	0	4	-27	-4
56	-29	0	0	4	-29	-4
57	-31	0	0	4	-31	-4
58	-31	-1	0	5	-31	-6
59	-32	-1	0	5	-32	-6
60	-32	-1	0	5	-32	-6
61	-32	-2	0	5	-32	-7
62	-32	-2	0	5	-32	-7
63	-32	-2	0	6	-32	-8
64	-33	-2	0	6	-33	-8
65	-36	-2	0	6	-36	-8
66	-39	-1	0	6	-39	-7
67	-45	-1	0	6	-45	-7
68	-50	-1	0	7	-50	-8
69	-55	-2	0	7	-55	-9
70	-59	-2	0	7	-59	-9
71	-61	-3	0	7	-61	-10
72	-62	-3	-2	-4	-60	1
73	-62	-3	-2	-4	-60	1
74	-62	-3	-2	-4	-60	1
75	-63	-3	-2	-4	-61	1
76	-64	-3	-2	-4	-62	1
77	-65	-3	-2	-4	-63	1
78	-65	-3	-2	-4	-63	1
79	-64	-3	-2	-4	-62	1
80	-63	-3	-2	-4	-61	1
81	-63	-2	-2	-4	-61	2
82	-63	-2	-2	-4	-61	2
83	-63	-2	-2	-4	-61	2
84	-63	-2	-2	-4	-61	2
85	-62	-3	-2	-4	-60	1
86	-60	-3	-2	-4	-58	1
87	-54	-3	-2	-4	-52	1
88	-44	-3	-2	-4	-42	1
89	-32	-4	-2	-4	-30	0
90	-21	-5	-2	-4	-19	-1
91	-11	-6	-2	-4	-9	-2
92	0	-6	-2	-4	2	-2
93	11	-7	-2	-4	13	-3
94	22	-7	-2	-4	24	-3
95	32	-7	-2	-4	34	-3
96	43	-7	-123	-3	166	-4
97	52	-6	-125	-3	177	-3
98	61	-5	-128	-3	-171	-2
99	71	-4	-130	-3	-159	-1
100	81	-1	-133	-3	-146	2
101	91	0	-135	-3	-134	3
102	100	1	-138	-3	-122	4
103	107	2	-140	-3	-113	5
104	112	2	-143	-3	-105	5
105	115	2	-145	-3	-100	5
106	118	2	-148	-3	-94	5
107	121	1	-150	-3	-89	4
108	125	1	-153	-3	-82	4
109	129	1	-156	-3	-75	4
110	133	0	-158	-3	-69	3
111	137	0	-161	-3	-62	3
112	141	0	-163	-3	-56	3
113	145	0	-166	-3	-49	3
114	149	0	-168	-3	-43	3
115	153	0	-171	-3	-36	3
116	156	0	-173	-3	-31	3
117	159	0	-176	-3	-25	3
118	161	0	-178	-3	-21	3
119	162	0	179	-3	-17	3
120	163	1	148	-11	15	12
121	163	0	152	-11	11	11
122	164	0	156	-11	8	11
123	165	0	161	-11	4	11
124	166	0	165	-11	1	11
125	167	0	169	-11	-2	11
126	167	0	174	-12	-7	12
127	166	0	178	-12	-12	12
128	166	0	-177	-12	-17	12
129	167	0	-173	-12	-20	12
130	169	0	-169	-12	-22	12
131	170	1	-164	-12	-26	13
132	172	1	-160	-13	-28	14
133	173	2	-156	-13	-31	15
134	175	2	-151	-13	-34	15
135	175	3	-147	-13	-38	16
136	175	3	-142	-13	-43	16
137	175	3	-138	-13	-47	16
138	175	3	-134	-14	-51	17
139	175	3	-129	-14	-56	17
140	176	3	-125	-14	-59	17
141	176	3	-121	-14	-63	17
142	176	3	-116	-14	-68	17
143	177	3	-112	-14	-71	17
144	177	3	-77	9	-106	-6
145	178	3	-72	9	-110	-6
146	178	3	-67	9	-115	-6
147	179	3	-62	10	-119	-7
148	179	3	-57	10	-124	-7
149	179	3	-52	10	-129	-7
150	178	3	-47	11	-135	-8
151	178	2	-42	11	-140	-9
152	178	3	-37	11	-145	-8
153	178	2	-32	12	-150	-10
154	179	3	-27	12	-154	-9
155	179	3	-22	12	-159	-9
156	179	3	-17	13	-164	-10
157	179	3	-12	13	-169	-10
158	178	3	-7	13	-175	-10
159	177	3	-2	14	179	-11
160	177	3	3	14	174	-11
161	177	3	8	14	169	-11
162	176	2	13	15	163	-13
163	176	2	18	15	158	-13
164	176	2	23	15	153	-13
165	176	2	28	16	148	-14
166	176	2	33	16	143	-14
167	176	2	38	16	138	-14
168	176	2	-169	5	-15	-3
169	176	2	-169	5	-15	-3
170	176	2	-168	5	-16	-3
171	176	1	-168	5	-16	-4
172	176	1	-167	5	-17	-4
173	174	1	-167	5	-19	-4
174	172	1	-166	5	-22	-4
175	168	1	-165	5	-27	-4
176	164	2	-165	5	-31	-3
177	160	3	-164	5	-36	-2
178	157	3	-164	5	-39	-2
179	154	3	-163	5	-43	-2
180	149	2	-162	6	-49	-4
181	143	0	-162	6	-55	-6
182	135	0	-161	6	-64	-6
183	126	-2	-161	6	-73	-8
184	118	-3	-160	6	-82	-9
185	109	-5	-160	6	-91	-11
186	99	-8	-159	6	-102	-14
187	88	-12	-158	6	-114	-18
188	76	-14	-158	6	-126	-20
189	63	-16	-157	6	-140	-22
190	51	-18	-157	6	-152	-24
191	41	-18	-156	6	-163	-24
192	30	-18	175	1	-145	-19
193	20	-18	174	0	-154	-18
194	12	-16	174	0	-162	-16
195	6	-14	174	0	-168	-14
196	2	-12	174	0	-172	-12
197	1	-11	174	0	-173	-11
198	0	-10	174	0	-174	-10
199	0	-8	174	0	-174	-8
200	-1	-7	174	0	-175	-7
201	-2	-5	174	0	-176	-5
202	-3	-4	174	0	-177	-4
203	-4	-2	174	0	-178	-2
204	-6	-1	174	0	-180	-1
205	-7	-2	174	0	179	-2
206	-8	-3	174	0	178	-3
207	-8	-4	174	0	178	-4
208	-7	-5	174	0	179	-5
209	-6	-7	174	0	-180	-7
210	-4	-8	174	0	-178	-8
211	-1	-8	174	0	-175	-8
212	2	-8	174	0	-172	-8
213	6	-9	174	0	-168	-9
214	11	-10	174	0	-163	-10
215	15	-10	174	0	-159	-10
216	18	-11	-116	-38	134	27
217	21	-11	-122	-38	143	27
218	22	-12	-128	-39	150	27
219	25	-14	-134	-40	159	26
220	24	-14	-140	-41	164	27
221	23	-15	-146	-42	169	27
222	21	-16	-152	-43	173	27
223	19	-17	-158	-43	177	26
224	19	-17	-164	-44	-177	27
225	20	-17	-170	-45	-170	28
226	21	-18	-176	-46	-163	28
227	23	-18	178	-47	-155	29
228	25	-18	171	-48	-146	30
229	28	-18	165	-48	-137	30
230	30	-18	159	-49	-129	31
231	32	-18	153	-50	-121	32
232	33	-17	147	-51	-114	34
233	34	-17	141	-52	-107	35
234	35	-17	135	-53	-100	36
235	36	-16	129	-53	-93	37
236	37	-16	123	-54	-86	38
237	37	-15	117	-55	-80	40
238	38	-14	111	-56	-73	42
239	39	-13	105	-57	-66	44
240	40	-13	6	-4	34	-9
241	41	-12	5	-3	36	-9
242	42	-12	5	-3	37	-9
243	42	-12	4	-3	38	-9
244	43	-11	4	-2	39	-9
245	43	-11	3	-2	40	-9
246	44	-11	3	-2	41	-9
247	45	-10	2	-1	43	-9
248	46	-10	2	-1	44	-9
249	47	-9	1	-1	46	-8
250	49	-8	1	-1	48	-7
251	51	-8	0	0	51	-8
252	54	-7	0	0	54	-7
253	59	-6	0	0	59	-6
254	65	-5	-1	0	66	-5
255	70	-5	-1	0	71	-5
256	75	-4	-2	0	77	-4
257	80	-4	-2	0	82	-4
258	84	-4	-3	1	87	-5
259	88	-4	-3	1	91	-5
260	92	-4	-4	1	96	-5
261	96	-5	-4	2	100	-7
262	100	-5	-5	2	105	-7
263	103	-4	-5	2	108	-6
264	106	-4	62	-15	44	11
265	108	-4	62	-15	46	11
266	111	-4	63	-15	48	11
267	114	-4	64	-15	50	11
268	116	-5	65	-15	51	10
269	119	-6	66	-15	53	9
270	121	-6	67	-15	54	9
271	124	-6	68	-15	56	9
272	126	-6	69	-15	57	9
273	129	-5	70	-15	59	10
274	132	-6	71	-15	61	9
275	135	-6	72	-15	63	9
276	137	-5	73	-16	64	11
277	139	-4	73	-16	66	12
278	141	-3	74	-16	67	13
279	142	-2	75	-16	67	14
280	143	-2	76	-16	67	14
281	144	-1	77	-16	67	15
282	146	0	78	-16	68	16
283	147	0	79	-16	68	16
284	149	0	80	-16	69	16
285	151	-1	81	-16	70	15
286	153	-2	82	-16	71	14
287	154	-3	83	-16	71	13
288	156	-3	172	5	-16	-8
289	157	-4	174	5	-17	-9
290	157	-3	177	5	-20	-8
291	155	-3	-180	6	-25	-9
292	148	-4	-177	6	-35	-10
293	140	-6	-175	6	-45	-12
294	131	-7	-172	7	-57	-14
295	125	-7	-169	7	-66	-14
296	121	-8	-166	8	-73	-16
297	113	-9	-164	8	-83	-17
298	106	-10	-161	8	-93	-18
299	100	-11	-158	9	-102	-20
300	94	-12	-155	9	-111	-21
301	90	-12	-153	9	-117	-21
302	87	-11	-150	10	-123	-21
303	85	-11	-147	10	-128	-21
304	83	-11	-144	11	-133	-22
305	82	-10	-142	11	-136	-21
306	82	-10	-139	11	-139	-21
307	81	-10	-136	12	-143	-22
308	81	-9	-133	12	-146	-21
309	81	-9	-131	12	-148	-21
310	81	-9	-128	13	-151	-22
311	82	-9	-125	13	-153	-22
312	82	-9	-154	-2	-124	-7
313	82	-9	-152	-1	-126	-8
314	82	-8	-150	-1	-128	-7
315	82	-8	-148	-1	-130	-7
316	81	-8	-146	-1	-133	-7
317	81	-7	-144	-1	-135	-6
318	80	-7	-142	-1	-138	-6
319	79	-6	-140	-1	-141	-5
320	77	-6	-138	-1	-145	-5
321	75	-6	-136	-1	-149	-5
322	72	-5	-134	-1	-154	-4
323	70	-5	-132	-1	-158	-4
324	68	-5	-129	-1	-163	-4
325	67	-5	-127	-1	-166	-4
326	67	-5	-125	-1	-168	-4
327	66	-5	-123	-1	-171	-4
328	66	-5	-121	-1	-173	-4
329	66	-5	-119	-1	-175	-4
330	66	-4	-117	-1	-177	-3
331	66	-4	-115	-1	-179	-3
332	66	-4	-113	-1	179	-3
333	67	-3	-111	-1	178	-2
334	66	-3	-109	-1	175	-2
335	67	-3	-107	-1	174	-2
336	67	-3	8	-15	59	12
337	67	-3	4	-15	63	12
338	67	-3	1	-15	66	12
339	68	-4	-1	-15	69	11
340	68	-4	-4	-16	72	12
341	69	-5	-7	-16	76	11
342	72	-5	-10	-16	82	11
343	79	-7	-13	-16	92	9
344	87	-7	-16	-17	103	10
345	97	-7	-19	-17	116	10
346	104	-7	-22	-17	126	10
347	112	-7	-25	-17	137	10
348	121	-7	-29	-18	150	11
349	129	-6	-32	-18	161	12
350	137	-6	-35	-18	172	12
351	144	-6	-38	-18	-178	12
352	151	-6	-41	-19	-168	13
353	157	-6	-44	-19	-159	13
354	163	-6	-47	-19	-150	13
355	167	-6	-50	-19	-143	13
356	173	-7	-53	-20	-134	13
357	178	-7	-56	-20	-126	13
358	-178	-7	-59	-20	-119	13
359	-177	-7	-62	-20	-115	13
360	-175	-7	52	3	133	-10
361	-173	-7	51	3	136	-10
362	-171	-7	50	3	139	-10
363	-169	-7	50	3	141	-10
364	-167	-7	49	4	144	-11
365	-165	-7	48	4	147	-11
366	-162	-6	48	4	150	-10
367	-160	-6	47	4	153	-10
368	-158	-5	47	5	155	-10
369	-156	-4	46	5	158	-9
370	-154	-3	45	5	161	-8
371	-153	-3	45	5	162	-8
372	-151	-2	44	6	165	-8
373	-149	-2	43	6	168	-8
374	-147	-2	43	6	170	-8
375	-146	-2	42	6	172	-8
376	-144	-2	42	7	174	-9
377	-143	-3	41	7	176	-10
378	-141	-3	40	7	179	-10
379	-139	-3	40	7	-179	-10
380	-138	-3	39	8	-177	-11
381	-136	-3	38	8	-174	-11
382	-134	-3	38	8	-172	-11
383	-133	-3	37	8	-170	-11
384	-131	-4	-57	-11	-74	7
385	-130	-4	-52	-11	-78	7
386	-128	-4	-47	-11	-81	7
387	-127	-3	-42	-11	-85	8
388	-126	-2	-37	-11	-89	9
389	-125	-2	-32	-11	-93	9
390	-123	-2	-27	-12	-96	10
391	-122	-3	-22	-12	-100	9
392	-121	-3	-17	-12	-104	9
393	-119	-3	-12	-12	-107	9
394	-118	-3	-7	-12	-111	9
395	-117	-3	-2	-12	-115	9
396	-115	-3	2	-13	-117	10
397	-114	-2	6	-13	-120	11
398	-112	-2	11	-13	-123	11
399	-111	-2	16	-13	-127	11
400	-110	-2	21	-13	-131	11
401	-108	-3	26	-13	-134	10
402	-107	-3	31	-14	-138	11
403	-105	-4	36	-14	-141	10
404	-104	-4	41	-14	-145	10
405	-103	-4	46	-14	-149	10
406	-102	-4	51	-14	-153	10
407	-101	-4	56	-14	-157	10
408	-100	-5	-87	-1	-13	-4
409	-99	-5	-85	0	-14	-5
410	-98	-6	-83	0	-15	-6
411	-97	-6	-81	0	-16	-6
412	-96	-6	-79	0	-17	-6
413	-94	-6	-77	0	-17	-6
414	-93	-5	-76	0	-17	-5
415	-93	-5	-74	0	-19	-5
416	-92	-4	-72	0	-20	-4
417	-91	-4	-70	0	-21	-4
418	-90	-3	-68	0	-22	-3
419	-89	-3	-66	0	-23	-3
420	-88	-2	-65	0	-23	-2
421	-87	-1	-63	0	-24	-1
422	-85	-1	-61	0	-24	-1
423	-84	0	-59	0	-25	0
424	-83	0	-57	1	-26	-1
425	-83	0	-55	1	-28	-1
426	-83	1	-54	1	-29	0
427	-83	1	-52	1	-31	0
428	-82	2	-50	1	-32	1
429	-82	1	-48	1	-34	0
430	-81	1	-46	1	-35	0
431	-80	1	-44	1	-36	0
432	-79	1	-69	-6	-10	7
433	-78	1	-67	-6	-11	7
434	-78	1	-66	-6	-12	7
435	-78	0	-65	-6	-13	6
436	-79	0	-63	-6	-16	6
437	-80	-2	-62	-6	-18	4
438	-81	-4	-61	-6	-20	2
439	-81	-6	-59	-6	-22	0
440	-81	-6	-58	-6	-23	0
441	-82	-5	-57	-6	-25	1
442	-82	-5	-56	-6	-26	1
443	-83	-4	-54	-6	-29	2
444	-83	-3	-53	-6	-30	3
445	-84	-3	-52	-6	-32	3
446	-85	-3	-50	-6	-35	3
447	-86	-3	-49	-6	-37	3
448	-86	-3	-48	-6	-38	3
449	-86	-2	-47	-6	-39	4
450	-87	-2	-45	-6	-42	4
451	-89	-2	-44	-6	-45	4
452	-93	-2	-43	-6	-50	4
453	-99	-3	-41	-6	-58	3
454	-105	-5	-40	-6	-65	1
455	-110	-5	-39	-6	-71	1
456	-116	-4	-58	7	-58	-11
457	-121	-3	-57	7	-64	-10
458	-125	-1	-56	7	-69	-8
459	-129	0	-55	7	-74	-7
460	-132	0	-54	8	-78	-8
461	-136	0	-53	8	-83	-8
462	-139	0	-52	8	-87	-8
463	-141	0	-51	8	-90	-8
464	-142	0	-51	9	-91	-9
465	-144	0	-50	9	-94	-9
466	-144	1	-49	9	-95	-8
467	-144	1	-48	9	-96	-8
468	-144	1	-47	10	-97	-9
469	-143	1	-46	10	-97	-9
470	-143	0	-45	10	-98	-10
471	-142	0	-44	10	-98	-10
472	-142	0	-44	11	-98	-11
473	-142	1	-43	11	-99	-10
474	-142	1	-42	11	-100	-10
475	-142	1	-41	11	-101	-10
476	-142	2	-40	12	-102	-10
477	-142	2	-39	12	-103	-10
478	-141	3	-38	12	-103	-9
479	-140	5	-37	12	-103	-7
480	-138	6	-153	-9	15	15
481	-136	7	-154	-9	18	16
482	-132	8	-156	-9	24	17
483	-128	8	-157	-9	29	17
484	-122	8	-159	-9	37	17
485	-118	8	-160	-10	42	18
486	-115	8	-162	-10	47	18
487	-113	7	-163	-10	50	17
488	-113	6	-165	-10	52	16
489	-114	6	-166	-10	52	16
490	-116	6	-168	-11	52	17
491	-118	6	-169	-11	51	17
492	-120	6	-171	-11	51	17
493	-121	7	-173	-11	52	18
494	-122	8	-174	-11	52	19
495	-124	9	-176	-12	52	21
496	-125	11	-177	-12	52	23
497	-126	15	-179	-12	53	27
498	-127	21	-180	-12	53	33
499	-128	25	178	-12	54	37
500	-129	26	177	-13	54	39
501	-129	27	175	-13	56	40
502	-130	28	174	-13	56	41
503	-130	28	172	-13	58	41
504	-130	28	-160	16	30	12
505	-130	28	-160	16	30	12
506	-131	28	-161	16	30	12
507	-131	27	-162	17	31	10
508	-132	27	-163	17	31	10
509	-134	27	-164	18	30	9
510	-138	26	-165	18	27	8
511	-143	26	-166	18	23	8
512	-148	25	-167	19	19	6
513	-153	25	-168	19	15	6
514	-158	24	-169	20	11	4
515	-162	23	-170	20	8	3
516	-165	22	-171	21	6	1
517	-166	24	-171	21	5	3
518	-166	25	-172	21	6	4
519	-168	26	-173	22	5	4
520	-170	26	-174	22	4	4
521	-173	26	-175	23	2	3
522	-176	26	-176	23	0	3
523	-178	26	-177	23	-1	3
524	179	26	-178	24	-3	2
525	177	25	-179	24	-4	1
526	176	25	-180	25	-4	0
527	175	25	179	25	-4	0
528	175	24	-122	50	-63	-26
529	175	24	-121	50	-64	-26
530	175	24	-121	51	-64	-27
531	175	24	-121	52	-64	-28
532	175	24	-120	53	-65	-29
533	176	24	-120	54	-64	-30
534	176	24	-120	55	-64	-31
535	175	24	-119	56	-66	-32
536	175	24	-119	57	-66	-33
537	175	24	-119	58	-66	-34
538	175	24	-118	59	-67	-35
539	175	24	-118	60	-67	-36
540	175	24	-118	61	-67	-37
541	175	24	-117	61	-68	-37
542	175	24	-117	62	-68	-38
543	175	24	-117	63	-68	-39
544	175	23	-116	64	-69	-41
545	174	23	-116	65	-70	-42
546	175	23	-116	66	-69	-43
547	175	23	-115	67	-70	-44
548	175	23	-115	68	-70	-45
549	175	23	-115	69	-70	-46
550	175	23	-114	70	-71	-47
551	175	22	-114	71	-71	-49
552	175	22	120	20	55	2
553	175	22	117	19	58	3
554	175	22	115	19	60	3
555	175	22	113	19	62	3
556	175	22	110	19	65	3
557	175	22	108	19	67	3
558	175	22	106	19	69	3
559	175	22	103	18	72	4
560	175	22	101	18	74	4
561	175	22	99	18	76	4
562	175	22	97	18	78	4
563	174	21	94	18	80	3
564	174	21	92	18	82	3
565	173	20	90	17	83	3
566	173	20	87	17	86	3
567	172	19	85	17	87	2
568	171	19	83	17	88	2
569	170	19	81	17	89	2
570	170	19	78	17	92	2
571	169	19	76	16	93	3
572	169	19	74	16	95	3
573	169	19	71	16	98	3
574	169	19	69	16	100	3
575	169	19	67	16	102	3
576	169	19	175	20	-6	-1
577	168	19	175	19	-7	0
578	168	19	175	19	-7	0
579	168	19	175	19	-7	0
580	168	19	175	19	-7	0
581	168	19	175	19	-7	0
582	168	19	175	19	-7	0
583	168	19	175	19	-7	0
584	168	19	175	19	-7	0
585	168	19	175	19	-7	0
586	168	19	175	19	-7	0
587	168	19	175	19	-7	0
588	167	19	175	19	-8	0
589	167	19	175	18	-8	1
590	166	19	175	18	-9	1
591	166	18	175	18	-9	0
592	165	19	175	18	-10	1
593	164	20	175	18	-11	2
594	162	21	175	18	-13	3
595	159	22	175	18	-16	4
596	156	22	175	18	-19	4
597	154	23	175	18	-21	5
598	151	22	175	18	-24	4
599	148	22	175	18	-27	4
600	145	23	163	16	-18	7
601	142	24	162	15	-20	9
602	140	24	162	15	-22	9
603	138	25	162	15	-24	10
604	136	26	162	15	-26	11
605	133	26	161	15	-28	11
606	130	27	161	15	-31	12
607	128	27	161	15	-33	12
608	126	28	161	15	-35	13
609	125	29	160	14	-35	15
610	125	30	160	14	-35	16
611	125	30	160	14	-35	16
612	125	31	160	14	-35	17
613	126	31	159	14	-33	17
614	127	31	159	14	-32	17
615	126	32	159	14	-33	18
616	126	32	159	14	-33	18
617	126	31	158	13	-32	18
618	126	31	158	13	-32	18
619	127	31	158	13	-31	18
620	127	30	158	13	-31	17
621	128	29	157	13	-29	16
622	128	29	157	13	-29	16
623	128	28	157	13	-29	15
624	128	28	121	27	7	1
625	129	28	120	27	9	1
626	129	29	119	27	10	2
627	129	29	118	27	11	2
628	129	29	117	27	12	2
629	129	29	116	27	13	2
630	129	29	115	28	14	1
631	129	28	114	28	15	0
632	129	28	113	28	16	0
633	129	28	112	28	17	0
634	130	28	111	28	19	0
635	130	28	110	28	20	0
636	131	27	109	29	22	-2
637	131	27	108	29	23	-2
638	131	27	107	29	24	-2
639	131	26	106	29	25	-3
640	131	26	105	29	26	-3
641	131	26	104	29	27	-3
642	131	26	103	30	28	-4
643	131	26	102	30	29	-4
644	130	26	101	30	29	-4
645	130	26	100	30	30	-4
646	130	25	99	30	31	-5
647	130	25	98	30	32	-5
648	129	23	111	33	18	-10
649	129	21	110	33	19	-12
650	131	19	109	33	22	-14
651	136	18	108	33	28	-15
652	141	17	108	33	33	-16
653	147	16	107	34	40	-18
654	152	16	106	34	46	-18
655	157	16	106	34	51	-18
656	160	17	105	34	55	-17
657	163	17	104	34	59	-17
658	165	17	103	35	62	-18
659	167	16	103	35	64	-19
660	168	15	102	35	66	-20
661	170	16	101	35	69	-19
662	171	17	101	35	70	-18
663	174	17	100	36	74	-19
664	176	18	99	36	77	-18
665	180	18	98	36	82	-18
666	-176	18	98	36	86	-18
667	-173	18	97	36	90	-18
668	-171	18	96	37	93	-19
669	-168	18	96	37	96	-19
670	-165	17	95	37	100	-20
671	-163	17	94	37	103	-20
672	-159	17	130	18	71	-1
673	-154	17	130	17	76	0
674	-147	17	130	17	83	0
675	-140	17	130	17	90	0
676	-132	16	130	17	98	-1
677	-126	16	130	16	104	0
678	-121	16	130	16	109	0
679	-117	16	130	16	113	0
680	-113	16	130	16	117	0
681	-109	16	130	16	121	0
682	-105	16	130	15	125	1
683	-100	16	130	15	130	1
684	-95	15	130	15	135	0
685	-90	14	130	15	140	-1
686	-86	13	130	15	144	-2
687	-83	12	130	14	147	-2
688	-79	11	130	14	151	-3
689	-76	10	130	14	154	-4
690	-73	10	130	14	157	-4
691	-70	10	130	14	160	-4
692	-67	9	130	13	163	-4
693	-65	9	130	13	165	-4
694	-63	8	130	13	167	-5
695	-63	7	130	13	167	-6
696	-63	7	-87	11	24	-4
697	-63	6	-84	10	21	-4
698	-64	6	-81	10	17	-4
699	-65	5	-78	10	13	-5
700	-65	4	-75	10	10	-6
701	-64	3	-72	9	8	-6
702	-63	3	-69	9	6	-6
703	-62	3	-66	9	4	-6
704	-62	3	-63	9	1	-6
705	-62	3	-60	8	-2	-5
706	-62	3	-57	8	-5	-5
707	-63	2	-54	8	-9	-6
708	-63	1	-51	8	-12	-7
709	-63	0	-48	7	-15	-7
710	-63	0	-45	7	-18	-7
711	-63	0	-42	7	-21	-7
712	-63	0	-39	7	-24	-7
713	-63	0	-36	6	-27	-6
714	-63	0	-33	6	-30	-6
715	-63	0	-30	6	-33	-6
716	-63	0	-27	6	-36	-6
717	-62	0	-24	5	-38	-5
718	-62	0	-21	5	-41	-5
719	-62	0	-18	5	-44	-5
720	-62	0	33	-3	-95	3
721	-62	0	37	-3	-99	3
722	-62	0	41	-3	-103	3
723	-61	0	45	-4	-106	4
724	-61	0	49	-4	-110	4
725	-60	0	53	-5	-113	5
726	-60	0	57	-5	-117	5
727	-58	0	61	-5	-119	5
728	-57	0	65	-6	-122	6
729	-55	0	69	-6	-124	6
730	-54	0	73	-7	-127	7
731	-52	0	77	-7	-129	7
732	-50	0	81	-8	-131	8
733	-48	0	85	-8	-133	8
734	-46	0	89	-8	-135	8
735	-45	1	93	-9	-138	10
736	-45	1	97	-9	-142	10
737	-45	1	101	-10	-146	11
738	-46	0	105	-10	-151	10
739	-46	0	109	-10	-155	10
740	-47	-2	113	-11	-160	9
741	-48	-2	117	-11	-165	9
742	-49	-2	121	-12	-170	10
743	-50	-3	125	-12	-175	9
744	-50	-4	-61	-7	11	3
745	-50	-3	-60	-7	10	4
746	-50	-3	-60	-7	10	4
747	-49	-3	-60	-7	11	4
748	-48	-4	-60	-8	12	4
749	-47	-4	-60	-8	13	4
750	-46	-5	-60	-8	14	3
751	-45	-6	-60	-9	15	3
752	-43	-6	-60	-9	17	3
753	-42	-6	-60	-9	18	3
754	-41	-6	-60	-9	19	3
755	-39	-5	-60	-10	21	5
756	-37	-5	-60	-10	23	5
757	-35	-5	-60	-10	25	5
758	-32	-4	-60	-11	28	7
759	-30	-4	-60	-11	30	7
760	-28	-3	-60	-11	32	8
761	-26	-3	-60	-11	34	8
762	-25	-3	-60	-12	35	9
763	-25	-3	-60	-12	35	9
764	-25	-3	-60	-12	35	9
765	-26	-3	-60	-13	34	10
766	-26	-3	-60	-13	34	10
767	-26	-2	-60	-13	34	11
768	-26	-2	-38	-8	12	6
769	-26	-2	-37	-8	11	6
770	-26	-1	-37	-8	11	7
771	-26	-1	-36	-8	10	7
772	-25	-1	-36	-8	11	7
773	-25	-1	-35	-8	10	7
774	-25	-1	-35	-9	10	8
775	-25	-1	-34	-9	9	8
776	-25	0	-34	-9	9	9
777	-26	0	-33	-9	7	9
778	-27	0	-33	-9	6	9
779	-28	0	-32	-9	4	9
780	-28	0	-32	-10	4	10
781	-29	0	-31	-10	2	10
782	-30	-1	-31	-10	1	9
783	-32	-1	-30	-10	-2	9
784	-33	-1	-30	-10	-3	9
785	-34	-2	-29	-10	-5	8
786	-36	-2	-29	-11	-7	9
787	-36	-2	-28	-11	-8	9
788	-37	-2	-28	-11	-9	9
789	-36	-2	-27	-11	-9	9
790	-36	-2	-27	-11	-9	9
791	-35	-2	-26	-11	-9	9
792	-33	-2	-2	0	-31	-2
793	-31	-2	-1	0	-30	-2
794	-29	-2	0	0	-29	-2
795	-27	-1	1	0	-28	-1
796	-26	-1	2	0	-28	-1
797	-24	-1	3	0	-27	-1
798	-23	0	4	0	-27	0
799	-21	0	5	0	-26	0
800	-20	0	6	0	-26	0
801	-18	1	7	0	-25	1
802	-17	1	8	0	-25	1
803	-16	2	9	0	-25	2
804	-15	4	10	1	-25	3
805	-15	6	11	1	-26	5
806	-14	8	12	1	-26	7
807	-12	10	13	1	-25	9
808	-11	12	14	1	-25	11
809	-10	14	15	1	-25	13
810	-8	15	16	1	-24	14
811	-7	14	17	1	-24	13
812	-4	14	18	1	-22	13
813	-1	14	19	1	-20	13
814	0	13	20	1	-20	12
815	3	12	21	1	-18	11
816	6	11	-40	-2	46	13
817	9	9	-40	-2	49	11
818	11	5	-40	-2	51	7
819	14	2	-40	-2	54	4
820	17	0	-41	-2	58	2
821	19	-1	-41	-2	60	1
822	21	-1	-41	-2	62	1
823	23	-2	-42	-2	65	0
824	25	-3	-42	-2	67	-1
825	27	-4	-42	-2	69	-2
826	29	-6	-42	-2	71	-4
827	30	-6	-43	-2	73	-4
828	33	-7	-43	-2	76	-5
829	34	-6	-43	-2	77	-4
830	36	-6	-44	-2	80	-4
831	38	-6	-44	-2	82	-4
832	40	-6	-44	-2	84	-4
833	41	-6	-44	-2	85	-4
834	42	-6	-45	-2	87	-4
835	42	-7	-45	-2	87	-5
836	42	-7	-45	-2	87	-5
837	42	-7	-46	-2	88	-5
838	40	-7	-46	-2	86	-5
839	38	-7	-46	-2	84	-5
840	34	-7	45	24	-11	-31
841	28	-8	46	24	-18	-32
842	20	-9	48	25	-28	-34
843	12	-10	49	25	-37	-35
844	3	-10	51	26	-48	-36
845	-6	-11	53	26	-59	-37
846	-15	-11	54	27	-69	-38
847	-24	-11	56	27	-80	-38
848	-33	-11	58	28	-91	-39
849	-41	-11	59	28	-100	-39
850	-49	-11	61	29	-110	-40
851	-55	-11	62	29	-117	-40
852	-62	-10	64	30	-126	-40
853	-68	-10	66	31	-134	-41
854	-74	-10	67	31	-141	-41
855	-79	-10	69	32	-148	-42
856	-83	-10	71	32	-154	-42
857	-87	-9	72	33	-159	-42
858	-91	-9	74	33	-165	-42
859	-94	-8	75	34	-169	-42
860	-96	-7	77	34	-173	-41
861	-98	-6	79	35	-177	-41
862	-99	-5	80	35	-179	-40
863	-100	-5	82	36	178	-41
