frame_id	phi	theta	est_phi	est_theta	err_phi	err_theta	speed	err_ang
0	50	-13	0	0	51.22
1	50	-13	0	0	51.22
2	51	-13	0	0	52.18
3	51	-13	0	0	52.18
4	51	-12	0	0	52.01
5	51	-12	0	0	52.01
6	51	-12	0	0	52.01
7	51	-12	0	0	52.01
8	50	-11	0	0	50.88
9	50	-11	0	0	50.88
10	50	-10	0	0	50.73
11	50	-10	0	0	50.73
12	49	-10	0	0	49.75
13	49	-10	0	0	49.75
14	49	-10	0	0	49.75
15	49	-10	0	0	49.75
16	48	-10	0	0	48.78
17	48	-10	0	0	48.78
18	47	-9	0	0	47.65
19	47	-9	0	0	47.65
20	47	-9	0	0	47.65
21	47	-9	0	0	47.65
22	48	-9	0	0	48.63
23	48	-9	0	0	48.63
24	48	-9	0	0	48.63
25	48	-9	0	0	48.63
26	48	-9	0	0	48.63
27	48	-9	0	0	48.63
28	47	-9	0	0	47.65
29	47	-9	0	0	47.65
30	46	-8	0	0	46.54
31	46	-8	0	0	46.54
32	43	-8	50	-13	8.51
33	43	-8	50	-13	8.51
34	41	-7	50	-13	10.70
35	41	-7	50	-13	10.70
36	38	-7	50	-13	13.25
37	38	-7	50	-13	13.25
38	36	-6	50	-13	15.47
39	36	-6	50	-13	15.47
40	35	-6	50	-13	16.36
41	35	-6	50	-13	16.36
42	34	-6	50	-13	17.25
43	34	-6	50	-13	17.25
44	35	-6	50	-13	16.36
45	35	-6	50	-13	16.36
46	34	-6	50	-13	17.25
47	34	-6	50	-13	17.25
48	33	-6	50	-13	18.16
49	33	-6	50	-13	18.16
50	32	-6	50	-13	19.07
51	32	-6	50	-13	19.07
52	31	-6	50	-13	19.99
53	31	-6	50	-13	19.99
54	29	-6	50	-13	21.85
55	29	-6	50	-13	21.85
56	27	-6	50	-13	23.72
57	27	-6	50	-13	23.72
58	26	-6	50	-13	24.66
59	26	-6	50	-13	24.66
60	24	-6	50	-13	26.56
61	24	-6	50	-13	26.56
62	23	-6	50	-13	27.51
63	23	-6	50	-13	27.51
64	23	-6	36	-3	13.30
65	23	-6	35	-2	12.62
66	22	-6	35	-2	13.57
67	22	-6	35	-2	13.57
68	21	-5	35	-2	14.29
69	21	-5	34	-2	13.32
70	20	-5	34	-2	14.29
71	20	-5	34	-1	14.54
72	18	-5	34	-1	16.47
73	18	-5	34	-1	16.47
74	17	-4	33	-1	16.26
75	17	-4	33	-1	16.26
76	17	-4	33	-1	16.26
77	17	-4	33	0	16.48
78	16	-4	32	0	16.48
79	16	-4	32	0	16.48
80	15	-4	32	0	17.45
81	15	-4	32	0	17.45
82	14	-4	32	0	18.42
83	14	-4	31	0	17.45
84	14	-4	31	0	17.45
85	14	-4	31	0	17.45
86	14	-4	31	0	17.45
87	14	-4	30	0	16.48
88	14	-4	30	0	16.48
89	14	-4	30	0	16.48
90	14	-4	30	1	16.75
91	14	-4	30	1	16.75
92	15	-5	29	1	15.22
93	15	-5	29	1	15.22
94	15	-5	29	1	15.22
95	15	-5	29	1	15.22
96	15	-5	3	-4	12.00
97	15	-5	2	-3	13.12
98	15	-5	1	-3	14.11
99	15	-5	1	-3	14.11
100	14	-5	0	-3	14.11
101	14	-5	0	-3	14.11
102	14	-5	0	-3	14.11
103	14	-5	-1	-3	15.10
104	14	-5	-2	-3	16.08
105	14	-5	-2	-3	16.08
106	14	-5	-3	-3	17.07
107	14	-5	-3	-3	17.07
108	14	-5	-4	-3	18.07
109	14	-5	-5	-3	19.06
110	14	-5	-5	-3	19.06
111	14	-5	-6	-3	20.05
112	14	-5	-7	-3	21.04
113	14	-5	-7	-2	21.17
114	14	-6	-8	-2	22.30
115	14	-6	-8	-2	22.30
116	14	-6	-9	-2	23.28
117	14	-6	-10	-2	24.27
118	14	-6	-10	-2	24.27
119	14	-6	-11	-2	25.25
120	14	-6	-12	-2	26.24
121	14	-6	-12	-2	26.24
122	14	-6	-13	-2	27.22
123	14	-6	-13	-2	27.22
124	14	-6	-14	-2	28.21
125	14	-6	-15	-2	29.20
126	14	-6	-15	-2	29.20
127	14	-6	-16	-2	30.19
128	14	-6	7	-4	7.25
129	14	-6	6	-3	8.52
130	13	-6	6	-3	7.60
131	13	-6	6	-3	7.60
132	14	-6	6	-3	8.52
133	14	-6	5	-3	9.46
134	14	-5	5	-3	9.20
135	14	-5	5	-3	9.20
136	14	-5	5	-3	9.20
137	14	-5	4	-3	10.17
138	13	-5	4	-3	9.20
139	13	-5	4	-3	9.20
140	14	-6	4	-3	10.41
141	14	-6	3	-3	11.37
142	14	-6	3	-3	11.37
143	14	-6	3	-3	11.37
144	14	-6	3	-3	11.37
145	14	-6	2	-3	12.33
146	13	-6	2	-3	11.37
147	13	-6	2	-3	11.37
148	13	-6	2	-3	11.37
149	13	-6	1	-3	12.33
150	13	-6	1	-3	12.33
151	13	-6	1	-3	12.33
152	14	-6	1	-3	13.30
153	14	-6	0	-3	14.27
154	13	-6	0	-3	13.30
155	13	-6	0	-3	13.30
156	13	-6	0	-3	13.30
157	13	-6	0	-3	13.30
158	13	-7	0	-3	13.55
159	13	-7	0	-3	13.55
160	13	-7	13	-7	0.00
161	13	-7	12	-7	0.99
162	13	-7	12	-7	0.99
163	13	-7	12	-7	0.99
164	13	-7	12	-7	0.99
165	13	-7	12	-7	0.99
166	13	-7	12	-7	0.99
167	13	-7	12	-7	0.99
168	13	-7	12	-7	0.99
169	13	-7	12	-7	0.99
170	13	-7	12	-7	0.99
171	13	-7	12	-7	0.99
172	13	-7	12	-7	0.99
173	13	-7	12	-7	0.99
174	13	-7	12	-7	0.99
175	13	-7	12	-7	0.99
176	13	-7	12	-7	0.99
177	13	-7	12	-7	0.99
178	13	-7	12	-7	0.99
179	13	-7	12	-7	0.99
180	13	-7	12	-7	0.99
181	13	-7	12	-7	0.99
182	13	-7	12	-7	0.99
183	13	-7	12	-7	0.99
184	13	-7	12	-7	0.99
185	13	-7	12	-7	0.99
186	13	-7	12	-7	0.99
187	13	-7	12	-7	0.99
188	13	-7	12	-7	0.99
189	13	-7	12	-7	0.99
190	13	-7	12	-7	0.99
191	13	-7	12	-7	0.99
192	13	-7	12	-8	1.41
193	13	-7	11	-8	2.22
194	13	-7	11	-8	2.22
195	13	-7	11	-8	2.22
196	13	-7	11	-8	2.22
197	13	-7	11	-8	2.22
198	13	-7	11	-8	2.22
199	13	-7	11	-8	2.22
200	13	-7	11	-8	2.22
201	13	-7	11	-8	2.22
202	13	-7	11	-8	2.22
203	13	-7	11	-8	2.22
204	13	-7	11	-8	2.22
205	13	-7	11	-8	2.22
206	14	-7	11	-8	3.14
207	14	-7	11	-8	3.14
208	14	-8	11	-8	2.97
209	14	-8	11	-8	2.97
210	14	-8	11	-8	2.97
211	14	-8	11	-8	2.97
212	14	-7	11	-8	3.14
213	14	-7	11	-8	3.14
214	14	-7	11	-8	3.14
215	14	-7	11	-8	3.14
216	14	-7	11	-8	3.14
217	14	-7	11	-8	3.14
218	13	-8	11	-8	1.98
219	13	-8	11	-8	1.98
220	13	-8	11	-8	1.98
221	13	-8	11	-8	1.98
222	13	-8	11	-8	1.98
223	13	-8	11	-8	1.98
224	13	-8	13	-7	1.00
225	13	-8	13	-7	1.00
226	14	-8	13	-7	1.41
227	14	-8	13	-7	1.41
228	14	-8	13	-7	1.41
229	14	-8	13	-7	1.41
230	14	-8	13	-7	1.41
231	14	-8	13	-7	1.41
232	13	-8	13	-7	1.00
233	13	-8	13	-7	1.00
234	13	-8	13	-7	1.00
235	13	-8	13	-7	1.00
236	13	-8	13	-7	1.00
237	13	-8	13	-7	1.00
238	13	-8	13	-7	1.00
239	13	-8	13	-7	1.00
240	13	-8	13	-7	1.00
241	13	-8	13	-7	1.00
242	13	-8	13	-7	1.00
243	13	-8	13	-7	1.00
244	13	-8	13	-7	1.00
245	13	-8	13	-7	1.00
246	13	-8	13	-7	1.00
247	13	-8	13	-7	1.00
248	13	-8	13	-7	1.00
249	13	-8	13	-7	1.00
250	13	-8	13	-7	1.00
251	13	-8	13	-7	1.00
252	13	-8	13	-7	1.00
253	13	-8	13	-7	1.00
254	13	-8	13	-7	1.00
255	13	-8	13	-7	1.00
256	13	-8	13	-9	1.00
257	13	-8	13	-9	1.00
258	13	-8	13	-9	1.00
259	13	-8	13	-9	1.00
260	13	-8	13	-9	1.00
261	13	-8	13	-9	1.00
262	13	-8	13	-9	1.00
263	13	-8	13	-9	1.00
264	14	-8	13	-9	1.41
265	14	-8	13	-9	1.41
266	13	-8	13	-9	1.00
267	13	-8	13	-9	1.00
268	13	-8	13	-9	1.00
269	13	-8	13	-9	1.00
270	13	-8	13	-9	1.00
271	13	-8	13	-9	1.00
272	13	-8	13	-9	1.00
273	13	-8	13	-9	1.00
274	13	-8	13	-9	1.00
275	13	-8	13	-9	1.00
276	13	-8	13	-9	1.00
277	13	-8	13	-9	1.00
278	13	-8	13	-9	1.00
279	13	-8	13	-9	1.00
280	13	-8	13	-9	1.00
281	13	-8	13	-9	1.00
282	13	-8	13	-9	1.00
283	13	-8	13	-9	1.00
284	13	-8	13	-9	1.00
285	13	-8	13	-9	1.00
286	13	-8	13	-9	1.00
287	13	-8	13	-9	1.00
288	13	-8	13	-8	nan
289	13	-8	13	-8	nan
290	13	-8	13	-8	nan
291	13	-8	13	-8	nan
292	13	-8	13	-8	nan
293	13	-8	13	-8	nan
294	13	-8	13	-8	nan
295	13	-8	13	-8	nan
296	13	-8	13	-8	nan
297	13	-8	13	-8	nan
298	13	-8	13	-8	nan
299	13	-8	13	-8	nan
300	13	-9	13	-8	1.00
301	13	-9	13	-8	1.00
302	13	-9	13	-8	1.00
303	13	-9	13	-8	1.00
304	13	-9	13	-8	1.00
305	13	-9	13	-8	1.00
306	13	-9	13	-8	1.00
307	13	-9	13	-8	1.00
308	13	-9	13	-8	1.00
309	13	-9	13	-8	1.00
310	13	-9	13	-8	1.00
311	13	-9	13	-8	1.00
312	13	-9	13	-8	1.00
313	13	-9	13	-8	1.00
314	13	-9	13	-8	1.00
315	13	-9	13	-8	1.00
316	13	-9	13	-8	1.00
317	13	-9	13	-8	1.00
318	13	-9	13	-8	1.00
319	13	-9	13	-8	1.00
320	13	-9	13	-8	1.00
321	13	-9	13	-8	1.00
322	14	-9	13	-8	1.41
323	14	-9	13	-8	1.41
324	13	-9	13	-8	1.00
325	13	-9	13	-8	1.00
326	13	-9	13	-8	1.00
327	13	-9	13	-8	1.00
328	13	-9	13	-8	1.00
329	13	-9	13	-8	1.00
330	13	-9	13	-8	1.00
331	13	-9	13	-8	1.00
332	14	-9	13	-8	1.41
333	14	-9	13	-8	1.41
334	13	-9	13	-8	1.00
335	13	-9	13	-8	1.00
336	14	-9	13	-8	1.41
337	14	-9	13	-8	1.41
338	13	-9	13	-8	1.00
339	13	-9	13	-8	1.00
340	13	-9	13	-8	1.00
341	13	-9	13	-8	1.00
342	13	-9	13	-8	1.00
343	13	-9	13	-8	1.00
344	14	-9	13	-8	1.41
345	14	-9	13	-8	1.41
346	14	-9	13	-8	1.41
347	14	-9	13	-8	1.41
348	14	-9	13	-8	1.41
349	14	-9	13	-8	1.41
350	14	-9	13	-8	1.41
351	14	-9	13	-8	1.41
352	14	-9	13	-10	1.40
353	14	-9	13	-10	1.40
354	14	-9	13	-10	1.40
355	14	-9	13	-10	1.40
356	14	-9	13	-10	1.40
357	14	-9	13	-10	1.40
358	14	-9	13	-10	1.40
359	14	-9	13	-10	1.40
360	14	-9	13	-10	1.40
361	14	-9	13	-10	1.40
362	14	-9	13	-10	1.40
363	14	-9	13	-10	1.40
364	14	-9	13	-10	1.40
365	14	-9	13	-10	1.40
366	14	-9	13	-10	1.40
367	14	-9	13	-10	1.40
368	14	-9	13	-10	1.40
369	14	-9	13	-10	1.40
370	14	-9	13	-10	1.40
371	14	-9	13	-10	1.40
372	15	-9	13	-10	2.21
373	15	-9	13	-10	2.21
374	15	-9	13	-10	2.21
375	15	-9	13	-10	2.21
376	17	-9	13	-10	4.07
377	17	-9	13	-10	4.07
378	19	-9	13	-10	6.00
379	19	-9	13	-10	6.00
380	21	-8	13	-10	8.15
381	21	-8	13	-10	8.15
382	23	-8	13	-10	10.08
383	23	-8	13	-10	10.08
384	25	-8	15	-9	9.94
385	25	-8	15	-9	9.94
386	25	-8	15	-9	9.94
387	25	-8	15	-9	9.94
388	26	-8	15	-9	10.92
389	26	-8	15	-9	10.92
390	27	-8	15	-9	11.91
391	27	-8	15	-9	11.91
392	28	-7	15	-9	13.03
393	28	-7	15	-9	13.03
394	29	-7	15	-9	14.01
395	29	-7	15	-9	14.01
396	30	-7	15	-9	14.99
397	30	-7	15	-9	14.99
398	30	-7	15	-9	14.99
399	30	-7	15	-9	14.99
400	30	-7	15	-9	14.99
401	30	-7	15	-9	14.99
402	29	-7	15	-9	14.01
403	29	-7	15	-9	14.01
404	30	-7	15	-9	14.99
405	30	-7	15	-9	14.99
406	30	-7	15	-9	14.99
407	30	-7	15	-9	14.99
408	30	-7	15	-9	14.99
409	30	-7	15	-9	14.99
410	30	-7	15	-9	14.99
411	30	-7	15	-9	14.99
412	31	-7	15	-9	15.97
413	31	-7	15	-9	15.97
414	31	-7	15	-9	15.97
415	31	-7	15	-9	15.97
416	32	-7	36	-7	3.97
417	32	-7	36	-6	4.10
418	32	-7	36	-6	4.10
419	32	-7	37	-6	5.07
420	31	-7	37	-6	6.04
421	31	-7	37	-6	6.04
422	31	-7	38	-6	7.03
423	31	-7	38	-6	7.03
424	32	-7	38	-6	6.04
425	32	-7	39	-6	7.03
426	32	-7	39	-6	7.03
427	32	-7	39	-6	7.03
428	32	-7	40	-6	8.01
429	32	-7	40	-6	8.01
430	31	-8	40	-6	9.15
431	31	-8	41	-6	10.12
432	31	-7	41	-6	9.99
433	31	-7	41	-6	9.99
434	31	-8	42	-6	11.10
435	31	-8	42	-6	11.10
436	31	-8	42	-6	11.10
437	31	-8	43	-6	12.08
438	31	-8	43	-6	12.08
439	31	-8	43	-6	12.08
440	30	-8	44	-6	14.04
441	30	-8	44	-6	14.04
442	30	-8	44	-6	14.04
443	30	-8	45	-6	15.02
444	30	-8	45	-6	15.02
445	30	-8	45	-6	15.02
446	30	-8	46	-6	16.00
447	30	-8	46	-6	16.00
448	29	-8	39	-6	10.12
449	29	-8	39	-5	10.38
450	28	-8	39	-5	11.33
451	28	-8	39	-5	11.33
452	27	-8	39	-5	12.29
453	27	-8	40	-5	13.26
454	26	-8	40	-5	14.23
455	26	-8	40	-5	14.23
456	25	-8	40	-5	15.20
457	25	-8	40	-5	15.20
458	25	-8	41	-5	16.18
459	25	-8	41	-5	16.18
460	25	-8	41	-5	16.18
461	25	-8	41	-5	16.18
462	24	-8	42	-5	18.13
463	24	-8	42	-5	18.13
464	24	-8	42	-5	18.13
465	24	-8	42	-5	18.13
466	23	-8	42	-5	19.11
467	23	-8	43	-5	20.09
468	22	-8	43	-5	21.08
469	22	-8	43	-5	21.08
470	22	-8	43	-5	21.08
471	22	-8	44	-5	22.06
472	21	-9	44	-5	23.17
473	21	-9	44	-5	23.17
474	21	-9	44	-5	23.17
475	21	-9	44	-5	23.17
476	22	-9	45	-5	23.17
477	22	-9	45	-5	23.17
478	22	-9	45	-5	23.17
479	22	-9	45	-5	23.17
480	22	-9	26	-9	3.95
481	22	-9	25	-9	2.96
482	21	-9	25	-9	3.95
483	21	-9	25	-9	3.95
484	22	-9	25	-9	2.96
485	22	-9	25	-9	2.96
486	22	-9	25	-9	2.96
487	22	-9	25	-9	2.96
488	22	-9	25	-9	2.96
489	22	-9	25	-9	2.96
490	22	-9	25	-9	2.96
491	22	-9	24	-9	1.98
492	22	-9	24	-9	1.98
493	22	-9	24	-9	1.98
494	22	-9	24	-9	1.98
495	22	-9	24	-9	1.98
496	22	-9	24	-9	1.98
497	22	-9	24	-9	1.98
498	22	-9	24	-9	1.98
499	22	-9	24	-9	1.98
500	22	-9	24	-9	1.98
501	22	-9	24	-9	1.98
502	21	-9	23	-9	1.98
503	21	-9	23	-9	1.98
504	21	-9	23	-9	1.98
505	21	-9	23	-9	1.98
506	21	-9	23	-9	1.98
507	21	-9	23	-9	1.98
508	21	-9	23	-9	1.98
509	21	-9	23	-9	1.98
510	21	-9	23	-9	1.98
511	21	-9	23	-9	1.98
512	21	-9	15	-10	6.00
513	21	-9	14	-10	6.98
514	19	-9	14	-10	5.03
515	19	-9	14	-10	5.03
516	17	-10	14	-10	2.95
517	17	-10	13	-10	3.94
518	15	-10	13	-10	1.97
519	15	-10	13	-10	1.97
520	14	-10	13	-10	0.98
521	14	-10	13	-10	0.98
522	12	-10	12	-10	0.00
523	12	-10	12	-10	0.00
524	11	-10	12	-10	0.98
525	11	-10	12	-10	0.98
526	9	-10	11	-10	1.97
527	9	-10	11	-10	1.97
528	8	-10	11	-10	2.95
529	8	-10	11	-10	2.95
530	7	-10	11	-10	3.94
531	7	-10	10	-10	2.95
532	7	-10	10	-10	2.95
533	7	-10	10	-10	2.95
534	7	-10	10	-10	2.95
535	7	-10	9	-10	1.97
536	6	-10	9	-10	2.95
537	6	-10	9	-10	2.95
538	6	-10	9	-10	2.95
539	6	-10	9	-10	2.95
540	5	-11	8	-10	3.11
541	5	-11	8	-10	3.11
542	5	-11	8	-10	3.11
543	5	-11	8	-10	3.11
544	4	-12	20	-9	16.01
545	4	-12	19	-9	15.05
546	4	-12	19	-9	15.05
547	4	-12	19	-9	15.05
548	4	-12	19	-9	15.05
549	4	-12	19	-9	15.05
550	3	-12	19	-9	16.01
551	3	-12	19	-9	16.01
552	3	-12	19	-9	16.01
553	3	-12	19	-9	16.01
554	2	-12	19	-9	16.98
555	2	-12	19	-9	16.98
556	2	-12	19	-9	16.98
557	2	-12	19	-9	16.98
558	1	-12	19	-9	17.95
559	1	-12	19	-9	17.95
560	0	-12	19	-9	18.92
561	0	-12	19	-9	18.92
562	0	-12	19	-9	18.92
563	0	-12	19	-9	18.92
564	0	-12	19	-9	18.92
565	0	-12	19	-9	18.92
566	0	-12	19	-9	18.92
567	0	-12	19	-9	18.92
568	0	-12	19	-9	18.92
569	0	-12	19	-9	18.92
570	0	-11	19	-9	18.81
571	0	-11	19	-9	18.81
572	0	-11	19	-9	18.81
573	0	-11	19	-9	18.81
574	0	-11	19	-9	18.81
575	0	-11	19	-9	18.81
576	0	-11	-13	-15	13.28
577	0	-11	-13	-15	13.28
578	0	-11	-14	-15	14.21
579	0	-11	-14	-15	14.21
580	0	-11	-15	-15	15.15
581	0	-11	-15	-15	15.15
582	0	-11	-16	-15	16.09
583	0	-11	-16	-15	16.09
584	0	-11	-17	-15	17.03
585	0	-11	-17	-15	17.03
586	0	-11	-18	-15	17.98
587	0	-11	-18	-16	18.19
588	0	-11	-19	-16	19.13
589	0	-11	-19	-16	19.13
590	0	-11	-20	-16	20.07
591	0	-11	-20	-16	20.07
592	1	-11	-21	-16	21.95
593	1	-11	-22	-16	22.90
594	1	-11	-22	-16	22.90
595	1	-11	-23	-16	23.85
596	1	-11	-23	-16	23.85
597	1	-11	-24	-16	24.80
598	1	-11	-24	-17	24.96
599	1	-11	-25	-17	25.91
600	1	-12	-25	-17	25.64
601	1	-12	-26	-17	26.59
602	2	-12	-26	-17	27.54
603	2	-12	-27	-17	28.49
604	2	-12	-27	-17	28.49
605	2	-12	-28	-17	29.44
606	2	-12	-28	-17	29.44
607	2	-12	-29	-17	30.39
608	2	-12	-4	-10	6.22
609	2	-12	-4	-9	6.62
610	3	-12	-4	-9	7.51
611	3	-12	-4	-9	7.51
612	3	-12	-4	-9	7.51
613	3	-12	-4	-9	7.51
614	3	-12	-4	-9	7.51
615	3	-12	-4	-9	7.51
616	3	-12	-5	-9	8.42
617	3	-12	-5	-9	8.42
618	3	-12	-5	-9	8.42
619	3	-12	-5	-9	8.42
620	3	-12	-5	-9	8.42
621	3	-12	-5	-9	8.42
622	4	-13	-5	-9	9.70
623	4	-13	-5	-9	9.70
624	5	-13	-6	-9	11.51
625	5	-13	-6	-9	11.51
626	7	-12	-6	-9	13.13
627	7	-12	-6	-9	13.13
628	10	-11	-6	-9	15.88
629	10	-11	-6	-9	15.88
630	14	-10	-6	-9	19.75
631	14	-10	-6	-9	19.75
632	17	-10	-7	-9	23.69
633	17	-10	-7	-9	23.69
634	18	-9	-7	-9	24.69
635	18	-9	-7	-9	24.69
636	18	-9	-7	-9	24.69
637	18	-9	-7	-9	24.69
638	19	-9	-7	-9	25.67
639	19	-9	-7	-9	25.67
640	19	-9	4	-13	15.25
641	19	-9	4	-13	15.25
642	20	-9	4	-13	16.20
643	20	-9	4	-13	16.20
644	20	-9	4	-13	16.20
645	20	-9	4	-13	16.20
646	21	-9	4	-13	17.15
647	21	-9	4	-13	17.15
648	22	-8	4	-13	18.38
649	22	-8	4	-13	18.38
650	22	-8	4	-13	18.38
651	22	-8	4	-13	18.38
652	22	-8	4	-13	18.38
653	22	-8	4	-13	18.38
654	21	-8	4	-13	17.44
655	21	-8	4	-13	17.44
656	21	-8	5	-13	16.50
657	21	-8	5	-13	16.50
658	22	-7	5	-13	17.77
659	22	-7	5	-13	17.77
660	23	-7	5	-13	18.70
661	23	-7	5	-13	18.70
662	24	-7	5	-13	19.64
663	24	-7	5	-13	19.64
664	25	-6	5	-13	20.92
665	25	-6	5	-13	20.92
666	25	-6	5	-13	20.92
667	25	-6	5	-13	20.92
668	24	-6	5	-13	19.99
669	24	-6	5	-13	19.99
670	24	-7	5	-13	19.64
671	24	-7	5	-13	19.64
672	23	-7	36	-6	12.95
673	23	-7	36	-5	13.08
674	23	-7	37	-5	14.07
675	23	-7	37	-5	14.07
676	23	-7	38	-5	15.05
677	23	-7	38	-5	15.05
678	23	-7	39	-5	16.04
679	23	-7	39	-5	16.04
680	24	-7	40	-5	16.04
681	24	-7	40	-5	16.04
682	24	-7	41	-5	17.02
683	24	-7	41	-4	17.18
684	24	-7	42	-4	18.16
685	24	-7	42	-4	18.16
686	25	-7	43	-4	18.16
687	25	-7	43	-4	18.16
688	25	-8	44	-4	19.31
689	25	-8	45	-4	20.28
690	25	-8	45	-4	20.28
691	25	-8	46	-4	21.26
692	26	-9	46	-4	20.48
693	26	-9	47	-4	21.45
694	26	-9	47	-3	21.72
695	26	-9	48	-3	22.68
696	28	-8	48	-3	20.52
697	28	-8	49	-3	21.49
698	28	-8	49	-3	21.49
699	28	-8	50	-3	22.45
700	29	-8	50	-3	21.49
701	29	-8	51	-3	22.45
702	29	-8	51	-3	22.45
703	29	-8	52	-3	23.43
704	29	-8	27	-5	3.60
705	29	-8	27	-4	4.47
706	30	-9	27	-4	5.82
707	30	-9	27	-4	5.82
708	30	-9	27	-4	5.82
709	30	-9	27	-4	5.82
710	30	-9	27	-4	5.82
711	30	-9	27	-4	5.82
712	30	-9	28	-4	5.38
713	30	-9	28	-4	5.38
714	31	-9	28	-4	5.82
715	31	-9	28	-4	5.82
716	31	-9	28	-4	5.82
717	31	-9	28	-4	5.82
718	31	-10	28	-4	6.70
719	31	-10	28	-4	6.70
720	32	-10	29	-4	6.70
721	32	-10	29	-3	7.61
722	32	-10	29	-3	7.61
723	32	-10	29	-3	7.61
724	32	-11	29	-3	8.54
725	32	-11	29	-3	8.54
726	34	-11	29	-3	9.41
727	34	-11	29	-3	9.41
728	35	-12	30	-3	10.27
729	35	-12	30	-3	10.27
730	37	-13	30	-3	12.16
731	37	-13	30	-3	12.16
732	40	-14	30	-3	14.78
733	40	-14	30	-3	14.78
734	44	-14	30	-3	17.67
735	44	-14	30	-3	17.67
736	48	-15	35	-9	14.05
737	48	-15	35	-9	14.05
738	50	-15	35	-9	15.84
739	50	-15	35	-9	15.84
740	52	-15	35	-9	17.67
741	52	-15	35	-9	17.67
742	54	-15	36	-9	18.59
743	54	-15	36	-9	18.59
744	56	-16	36	-9	20.73
745	56	-16	36	-9	20.73
746	58	-16	36	-9	22.57
747	58	-16	37	-9	21.65
748	63	-16	37	-9	26.30
749	63	-16	37	-9	26.30
750	69	-16	37	-9	31.98
751	69	-16	37	-9	31.98
752	75	-15	38	-9	36.64
753	75	-15	38	-9	36.64
754	79	-16	38	-9	40.57
755	79	-16	38	-9	40.57
756	82	-16	38	-9	43.44
757	82	-16	38	-9	43.44
758	84	-15	39	-9	44.35
759	84	-15	39	-9	44.35
760	86	-16	39	-9	46.32
761	86	-16	39	-9	46.32
762	84	-16	39	-9	44.40
763	84	-16	40	-9	43.44
764	82	-15	40	-9	41.46
765	82	-15	40	-9	41.46
766	83	-15	40	-9	42.42
767	83	-15	40	-9	42.42
768	85	-15	67	-22	18.43
769	85	-15	67	-22	18.43
770	88	-15	68	-22	20.19
771	88	-15	68	-22	20.19
772	92	-16	69	-22	22.53
773	92	-16	69	-23	22.75
774	97	-17	70	-23	26.03
775	97	-17	71	-23	25.12
776	103	-18	71	-23	30.33
777	103	-18	72	-23	29.41
778	110	-18	72	-24	35.87
779	110	-18	73	-24	34.96
780	115	-18	74	-24	38.61
781	115	-18	74	-24	38.61
782	118	-18	75	-25	40.45
783	118	-18	75	-25	40.45
784	119	-18	76	-25	40.45
785	119	-18	77	-25	39.54
786	119	-17	77	-25	39.86
787	119	-17	78	-26	39.03
788	119	-17	78	-26	39.03
789	119	-17	79	-26	38.13
790	120	-17	80	-26	38.13
791	120	-17	80	-27	38.24
792	122	-16	81	-27	39.51
793	122	-16	81	-27	39.51
794	125	-14	82	-27	42.09
795	125	-14	83	-27	41.21
796	127	-13	83	-28	43.58
797	127	-13	84	-28	42.71
798	129	-11	84	-28	45.38
799	129	-11	85	-28	44.52
800	130	-9	122	-15	9.86
801	130	-9	123	-15	9.10
802	132	-7	124	-15	11.21
803	132	-7	125	-15	10.54
804	133	-6	126	-15	11.33
805	133	-6	127	-15	10.76
806	135	-5	128	-15	12.14
807	135	-5	130	-15	11.14
808	137	-4	131	-15	12.49
809	137	-4	132	-15	12.05
810	139	-3	133	-15	13.38
811	139	-3	134	-15	12.97
812	141	-2	135	-15	14.28
813	141	-2	137	-15	13.59
814	142	-1	138	-15	14.55
815	142	-1	139	-15	14.31
816	143	0	140	-15	15.29
817	143	0	141	-15	15.13
818	143	0	142	-15	15.03
819	143	0	143	-15	15.00
820	142	0	145	-15	15.29
821	142	0	146	-15	15.51
822	142	0	147	-15	15.79
823	142	0	148	-15	16.13
824	142	1	149	-15	17.43
825	142	1	150	-15	17.85
826	142	1	152	-15	18.81
827	142	1	153	-15	19.35
828	142	2	154	-15	20.74
829	142	2	155	-15	21.32
830	142	2	156	-15	21.93
831	142	2	157	-15	22.57
832	142	3	175	-3	33.53
833	142	3	176	-2	34.35
834	142	3	177	-2	35.34
835	142	3	179	-2	37.32
836	141	3	-180	-2	39.31
837	141	3	-178	-2	41.29
838	140	3	-177	-1	43.17
839	140	3	-176	-1	44.17
840	140	3	-174	-1	46.16
841	140	3	-173	-1	47.15
842	139	3	-171	-1	50.14
843	139	3	-170	0	51.06
844	137	3	-169	0	54.06
845	137	3	-167	0	56.05
846	135	2	-166	0	59.02
847	135	2	-164	0	61.02
848	131	1	-163	0	66.00
849	131	1	-162	0	67.00
850	128	0	-160	0	72.00
851	128	0	-159	0	73.00
852	127	0	-157	0	76.00
853	127	0	-156	0	77.00
854	126	0	-155	1	79.00
855	125	0	-153	1	82.00
856	125	0	-152	1	83.00
857	124	0	-150	1	86.00
858	124	0	-149	1	87.00
859	122	0	-148	2	90.00
860	122	0	-146	2	92.00
861	121	0	-145	2	94.00
862	120	0	-143	2	97.00
863	120	0	-142	2	98.00
864	120	0	154	15	36.79
865	119	0	154	15	37.70
866	119	0	154	15	37.70
867	118	0	155	16	39.85
868	118	0	155	16	39.85
869	118	0	155	16	39.85
870	118	0	156	17	41.10
871	117	0	156	17	42.00
872	117	0	157	18	43.23
873	117	-1	157	18	43.69
874	117	-1	157	18	43.69
875	117	-1	158	19	44.94
876	116	-1	158	19	45.82
877	116	-1	158	19	45.82
878	115	-2	159	20	48.42
879	115	-2	159	20	48.42
880	115	-2	160	21	49.67
881	115	-2	160	21	49.67
882	114	-2	160	21	50.53
883	114	-2	161	22	51.77
884	114	-2	161	22	51.77
885	114	-2	161	22	51.77
886	114	-2	162	23	52.99
887	113	-2	162	23	53.85
888	113	-2	163	24	55.06
889	113	-2	163	24	55.06
890	113	-2	163	24	55.06
891	113	-2	164	25	56.27
892	113	-2	164	25	56.27
893	113	-2	164	25	56.27
894	112	-2	165	26	58.31
895	112	-2	165	26	58.31
896	112	-2	98	-3	14.02
897	112	-2	97	-3	15.02
898	112	-2	96	-3	16.02
899	112	-2	95	-3	17.01
900	112	-2	95	-3	17.01
901	112	-2	94	-3	18.01
902	112	-2	93	-3	19.01
903	112	-2	93	-3	19.01
904	112	-2	92	-3	20.01
905	112	-2	91	-3	21.00
906	112	-2	91	-3	21.00
907	111	-2	90	-4	21.06
908	110	-2	89	-4	21.06
909	110	-2	89	-4	21.06
910	109	-2	88	-4	21.06
911	109	-3	87	-4	21.98
912	108	-3	87	-4	20.98
913	107	-3	86	-4	20.98
914	107	-3	85	-4	21.98
915	107	-3	84	-4	22.98
916	107	-3	84	-4	22.98
917	104	-3	83	-4	20.98
918	104	-3	82	-5	22.04
919	102	-4	82	-5	19.96
920	102	-4	81	-5	20.96
921	99	-4	80	-5	18.97
922	99	-4	80	-5	18.97
923	95	-5	79	-5	15.94
924	95	-5	78	-5	16.93
925	92	-5	78	-5	13.95
926	92	-5	77	-5	14.94
927	90	-6	76	-5	13.97
928	90	-6	104	-4	14.09
929	87	-6	103	-4	16.06
930	87	-6	103	-4	16.06
931	85	-6	103	-4	18.04
932	85	-6	103	-4	18.04
933	83	-7	102	-4	19.15
934	83	-7	102	-4	19.15
935	82	-7	102	-4	20.13
936	82	-7	102	-4	20.13
937	81	-7	101	-4	20.13
938	81	-7	101	-4	20.13
939	79	-7	101	-4	22.10
940	79	-7	101	-4	22.10
941	78	-7	100	-4	22.10
942	78	-7	100	-4	22.10
943	76	-7	100	-4	24.07
944	76	-7	100	-5	23.95
945	74	-7	99	-5	24.94
946	74	-7	99	-5	24.94
947	73	-7	99	-5	25.93
948	73	-7	99	-5	25.93
949	72	-7	98	-5	25.93
950	72	-7	98	-5	25.93
951	70	-7	98	-5	27.91
952	70	-7	98	-5	27.91
953	68	-7	97	-5	28.91
954	68	-7	97	-5	28.91
955	66	-7	97	-5	30.89
956	66	-7	97	-5	30.89
957	64	-7	96	-5	31.88
958	64	-7	96	-5	31.88
959	61	-7	96	-5	34.86
960	61	-7	68	-10	7.54
961	59	-7	67	-10	8.46
962	59	-7	66	-10	7.54
963	58	-7	65	-10	7.54
964	58	-7	65	-10	7.54
965	57	-7	64	-10	7.54
966	57	-7	63	-10	6.65
967	57	-7	63	-10	6.65
968	57	-7	62	-11	6.35
969	57	-7	61	-11	5.62
970	57	-7	61	-11	5.62
971	58	-7	60	-11	4.46
972	58	-7	59	-11	4.12
973	58	-7	59	-11	4.12
974	58	-7	58	-11	4.00
975	58	-7	57	-11	4.12
976	58	-7	57	-12	5.10
977	58	-7	56	-12	5.37
978	58	-7	55	-12	5.81
979	58	-7	54	-12	6.37
980	58	-7	54	-12	6.37
981	57	-7	53	-12	6.37
982	57	-7	52	-12	7.02
983	57	-7	52	-12	7.02
984	57	-7	51	-13	8.42
985	56	-7	50	-13	8.42
986	56	-7	50	-13	8.42
987	56	-7	49	-13	9.14
988	56	-7	48	-13	9.90
989	56	-7	48	-13	9.90
990	56	-7	47	-13	10.70
991	55	-7	46	-13	10.70
992	55	-7	32	-8	22.82
993	55	-7	31	-8	23.81
994	55	-7	30	-8	24.80
995	55	-7	29	-8	25.79
996	55	-7	28	-8	26.78
997	55	-7	27	-8	27.77
998	55	-7	26	-8	28.76
999	54	-7	25	-8	28.76
1000	54	-7	24	-8	29.75
1001	51	-7	23	-8	27.77
1002	51	-7	22	-8	28.76
1003	48	-7	22	-8	25.79
1004	48	-7	21	-8	26.78
1005	45	-7	20	-8	24.80
1006	45	-7	19	-8	25.79
1007	43	-8	18	-8	24.75
1008	43	-8	17	-8	25.74
1009	41	-8	16	-8	24.75
1010	41	-8	15	-8	25.74
1011	39	-8	14	-8	24.75
1012	39	-8	13	-8	25.74
1013	37	-9	12	-8	24.74
1014	37	-9	12	-8	24.74
1015	35	-9	11	-8	23.75
1016	35	-9	10	-8	24.74
1017	33	-9	9	-8	23.75
1018	33	-9	8	-8	24.74
1019	31	-9	7	-8	23.75
1020	31	-9	6	-8	24.74
1021	29	-9	5	-8	23.75
1022	29	-9	4	-8	24.74
1023	29	-8	3	-8	25.74
1024	29	-8	49	-7	19.85
1025	28	-8	48	-7	19.85
1026	28	-8	48	-7	19.85
1027	27	-7	48	-7	20.84
1028	27	-7	48	-7	20.84
1029	26	-7	48	-7	21.83
1030	26	-7	47	-7	20.84
1031	26	-7	47	-7	20.84
1032	26	-7	47	-7	20.84
1033	26	-7	47	-7	20.84
1034	26	-7	47	-7	20.84
1035	26	-7	46	-7	19.85
1036	26	-7	46	-7	19.85
1037	26	-7	46	-7	19.85
1038	26	-7	46	-7	19.85
1039	26	-7	46	-7	19.85
1040	26	-7	46	-7	19.85
1041	26	-8	45	-7	18.86
1042	26	-8	45	-7	18.86
1043	26	-8	45	-7	18.86
1044	26	-8	45	-7	18.86
1045	26	-8	45	-7	18.86
1046	26	-8	44	-7	17.87
1047	26	-8	44	-7	17.87
1048	26	-8	44	-7	17.87
1049	26	-8	44	-7	17.87
1050	26	-8	44	-7	17.87
1051	26	-8	43	-7	16.88
1052	26	-8	43	-7	16.88
1053	26	-8	43	-7	16.88
1054	26	-8	43	-7	16.88
1055	26	-8	43	-7	16.88
1056	26	-8	3	-9	22.77
1057	27	-8	2	-9	24.74
1058	27	-8	1	-9	25.73
1059	27	-8	0	-9	26.72
1060	27	-8	0	-9	26.72
1061	27	-9	-1	-9	27.65
1062	27	-9	-1	-9	27.65
1063	27	-9	-2	-9	28.64
1064	27	-9	-3	-9	29.62
1065	27	-9	-4	-9	30.61
1066	27	-9	-5	-9	31.60
1067	28	-9	-5	-9	32.58
1068	28	-9	-6	-9	33.57
1069	28	-9	-7	-9	34.56
1070	28	-9	-8	-9	35.54
1071	30	-9	-9	-9	38.50
1072	30	-9	-10	-9	39.49
1073	32	-10	-10	-9	41.41
1074	32	-10	-11	-9	42.39
1075	33	-10	-12	-9	44.36
1076	33	-10	-13	-9	45.34
1077	34	-10	-14	-9	47.31
1078	34	-10	-14	-9	47.31
1079	34	-10	-15	-9	48.29
1080	34	-10	-16	-9	49.28
1081	35	-10	-17	-9	51.24
1082	35	-10	-18	-9	52.23
1083	37	-10	-18	-9	54.19
1084	37	-10	-19	-9	55.17
1085	40	-11	-20	-9	59.03
1086	40	-11	-21	-9	60.01
1087	42	-11	-22	-9	62.94
1088	42	-11	23	-8	18.97
1089	44	-11	22	-8	21.90
1090	44	-11	22	-8	21.90
1091	45	-11	22	-8	22.88
1092	45	-11	22	-8	22.88
1093	46	-11	22	-8	23.85
1094	46	-11	22	-8	23.85
1095	47	-11	22	-8	24.83
1096	47	-11	22	-8	24.83
1097	47	-11	22	-8	24.83
1098	47	-11	22	-8	24.83
1099	47	-11	21	-8	25.81
1100	47	-11	21	-8	25.81
1101	47	-11	21	-8	25.81
1102	47	-11	21	-8	25.81
1103	47	-11	21	-8	25.81
1104	46	-10	21	-8	24.77
1105	46	-10	21	-8	24.77
1106	46	-11	21	-8	24.83
1107	46	-11	21	-8	24.83
1108	46	-11	21	-8	24.83
1109	46	-11	21	-8	24.83
1110	46	-11	20	-8	25.81
1111	46	-11	20	-8	25.81
1112	46	-11	20	-8	25.81
1113	46	-11	20	-8	25.81
1114	46	-11	20	-8	25.81
1115	46	-11	20	-8	25.81
1116	46	-11	20	-8	25.81
1117	46	-11	20	-8	25.81
1118	46	-11	20	-8	25.81
1119	46	-11	20	-8	25.81
1120	45	-11	58	-14	13.04
1121	45	-11	58	-14	13.04
1122	45	-11	59	-14	13.99
1123	45	-11	59	-14	13.99
1124	45	-11	60	-14	14.94
1125	45	-11	60	-14	14.94
1126	45	-11	61	-14	15.90
1127	45	-11	61	-14	15.90
1128	45	-11	62	-14	16.86
1129	45	-11	62	-14	16.86
1130	45	-11	63	-14	17.82
1131	45	-11	63	-15	17.98
1132	45	-11	64	-15	18.93
1133	45	-10	64	-15	19.20
1134	45	-10	65	-15	20.14
1135	45	-10	65	-15	20.14
1136	45	-10	66	-15	21.09
1137	45	-10	66	-15	21.09
1138	45	-10	67	-15	22.04
1139	44	-10	67	-15	22.99
1140	44	-10	68	-15	23.94
1141	44	-10	68	-15	23.94
1142	44	-10	69	-16	25.07
1143	44	-10	69	-16	25.07
1144	44	-10	70	-16	26.01
1145	44	-10	70	-16	26.01
1146	44	-10	71	-16	26.96
1147	44	-10	71	-16	26.96
1148	44	-10	72	-16	27.91
1149	44	-10	72	-16	27.91
1150	44	-10	73	-16	28.86
1151	44	-10	73	-16	28.86
1152	44	-10	48	-11	4.06
1153	44	-10	48	-11	4.06
1154	44	-10	48	-11	4.06
1155	44	-10	48	-11	4.06
1156	44	-10	48	-11	4.06
1157	44	-10	48	-11	4.06
1158	44	-10	48	-11	4.06
1159	44	-10	48	-11	4.06
1160	44	-10	48	-11	4.06
1161	44	-10	48	-11	4.06
1162	44	-10	48	-11	4.06
1163	44	-10	49	-11	5.02
1164	44	-10	49	-11	5.02
1165	44	-10	49	-11	5.02
1166	44	-10	49	-11	5.02
1167	44	-10	49	-11	5.02
1168	44	-10	49	-11	5.02
1169	44	-10	49	-11	5.02
1170	44	-10	49	-11	5.02
1171	44	-10	49	-11	5.02
1172	44	-10	49	-11	5.02
1173	44	-10	49	-11	5.02
1174	44	-10	50	-11	5.98
1175	44	-10	50	-11	5.98
1176	44	-10	50	-11	5.98
1177	44	-9	50	-11	6.24
1178	44	-9	50	-11	6.24
1179	44	-9	50	-11	6.24
1180	44	-9	50	-11	6.24
1181	44	-9	50	-11	6.24
1182	44	-9	50	-11	6.24
1183	44	-9	50	-11	6.24
1184	44	-9	43	-9	0.99
1185	44	-10	42	-8	2.81
1186	44	-10	42	-8	2.81
1187	44	-9	42	-8	2.22
1188	44	-9	42	-8	2.22
1189	44	-9	42	-8	2.22
1190	44	-9	42	-8	2.22
1191	44	-9	42	-8	2.22
1192	44	-9	42	-8	2.22
1193	44	-10	42	-8	2.81
1194	44	-10	42	-8	2.81
1195	44	-10	42	-8	2.81
1196	44	-10	42	-8	2.81
1197	44	-10	42	-8	2.81
1198	44	-10	42	-8	2.81
1199	44	-10	42	-8	2.81
1200	44	-10	42	-8	2.81
1201	44	-10	42	-8	2.81
1202	44	-10	42	-8	2.81
1203	44	-10	42	-8	2.81
1204	44	-10	42	-8	2.81
1205	44	-10	42	-8	2.81
1206	44	-10	42	-8	2.81
1207	44	-10	42	-8	2.81
1208	44	-10	42	-8	2.81
1209	44	-10	42	-8	2.81
1210	44	-10	42	-8	2.81
1211	44	-10	42	-8	2.81
1212	44	-10	42	-8	2.81
1213	44	-10	42	-8	2.81
1214	43	-10	42	-8	2.23
1215	43	-10	42	-8	2.23
1216	43	-10	44	-8	2.23
1217	43	-10	44	-7	3.16
1218	43	-10	44	-7	3.16
1219	43	-10	44	-7	3.16
1220	43	-10	44	-7	3.16
1221	43	-10	44	-7	3.16
1222	43	-10	44	-7	3.16
1223	43	-10	44	-7	3.16
1224	42	-10	44	-7	3.59
1225	42	-10	44	-7	3.59
1226	41	-10	44	-7	4.22
1227	41	-10	44	-7	4.22
1228	39	-10	44	-7	5.78
1229	39	-10	44	-7	5.78
1230	38	-10	44	-7	6.65
1231	38	-10	44	-7	6.65
1232	36	-10	44	-7	8.46
1233	36	-10	44	-7	8.46
1234	35	-10	44	-7	9.39
1235	35	-10	44	-7	9.39
1236	35	-10	44	-7	9.39
1237	35	-10	44	-7	9.39
1238	34	-10	44	-7	10.33
1239	34	-10	44	-7	10.33
1240	33	-9	44	-7	11.07
1241	33	-9	44	-7	11.07
1242	32	-10	44	-7	12.24
1243	32	-10	44	-7	12.24
1244	31	-10	44	-7	13.20
1245	31	-10	44	-7	13.20
1246	30	-10	44	-7	14.17
1247	30	-10	44	-7	14.17
1248	29	-10	42	-11	12.82
1249	29	-10	41	-11	11.84
1250	28	-10	41	-11	12.82
1251	28	-10	41	-11	12.82
1252	27	-9	41	-11	13.93
1253	27	-9	41	-11	13.93
1254	26	-7	41	-11	15.34
1255	26	-7	41	-11	15.34
1256	23	-6	41	-11	18.48
1257	23	-6	41	-11	18.48
1258	20	-5	41	-11	21.63
1259	20	-5	41	-11	21.63
1260	17	-4	41	-11	24.79
1261	17	-4	41	-11	24.79
1262	16	-4	41	-11	25.74
1263	16	-4	41	-11	25.74
1264	15	-4	41	-11	26.69
1265	15	-4	41	-11	26.69
1266	15	-4	41	-11	26.69
1267	15	-4	41	-11	26.69
1268	15	-4	41	-11	26.69
1269	15	-4	41	-11	26.69
1270	16	-4	41	-11	25.74
1271	16	-4	41	-11	25.74
1272	16	-3	41	-11	26.05
1273	16	-3	41	-11	26.05
1274	15	-2	41	-11	27.33
1275	15	-2	41	-11	27.33
1276	15	-2	41	-11	27.33
1277	15	-2	41	-11	27.33
1278	15	-2	41	-11	27.33
1279	15	-2	41	-11	27.33
1280	15	-1	15	-10	9.00
1281	15	-1	14	-10	9.05
1282	16	-1	14	-10	9.22
1283	16	-1	13	-10	9.48
1284	16	-1	13	-10	9.48
1285	16	-1	12	-10	9.84
1286	16	-1	12	-10	9.84
1287	16	-1	11	-10	10.28
1288	16	-1	11	-10	10.28
1289	16	-1	11	-10	10.28
1290	16	-1	10	-10	10.80
1291	16	-1	10	-10	10.80
1292	16	-1	9	-10	11.38
1293	16	-1	9	-10	11.38
1294	16	-1	8	-10	12.01
1295	16	-1	8	-10	12.01
1296	16	-1	8	-10	12.01
1297	16	-1	7	-10	12.69
1298	17	-1	7	-10	13.41
1299	17	-1	6	-10	14.16
1300	17	-1	6	-10	14.16
1301	17	-1	5	-10	14.95
1302	17	-1	5	-10	14.95
1303	17	-1	4	-10	15.75
1304	17	-1	4	-10	15.75
1305	17	-1	4	-10	15.75
1306	18	-1	3	-10	17.42
1307	18	-1	3	-10	17.42
1308	19	-2	2	-10	18.69
1309	19	-2	2	-10	18.69
1310	21	-2	1	-10	21.42
1311	21	-2	1	-10	21.42
1312	22	-2	1	8	23.21
1313	22	-2	0	8	24.11
1314	23	-2	0	8	25.02
1315	23	-2	0	8	25.02
1316	23	-2	0	9	25.42
1317	23	-2	-1	9	26.33
1318	23	-2	-1	9	26.33
1319	23	-2	-2	9	27.23
1320	22	-2	-2	10	26.74
1321	22	-2	-2	10	26.74
1322	22	-2	-3	10	27.63
1323	22	-2	-3	11	28.06
1324	23	-2	-4	11	29.84
1325	23	-2	-4	11	29.84
1326	23	-2	-5	11	30.74
1327	23	-2	-5	12	31.14
1328	23	-2	-6	12	32.03
1329	23	-2	-6	12	32.03
1330	23	-3	-6	13	32.94
1331	23	-3	-7	13	33.81
1332	25	-3	-7	13	35.57
1333	25	-3	-8	13	36.46
1334	27	-4	-8	14	39.10
1335	27	-4	-9	14	39.99
1336	29	-4	-9	14	41.77
1337	29	-4	-9	15	42.16
1338	31	-4	-10	15	44.83
1339	31	-4	-10	15	44.83
1340	34	-5	-11	15	48.86
1341	34	-5	-11	16	49.22
1342	36	-5	-12	16	51.92
1343	36	-5	-12	16	51.92
1344	38	-5	29	-3	9.20
1345	38	-5	29	-3	9.20
1346	39	-5	29	-3	10.17
1347	39	-5	29	-3	10.17
1348	40	-6	29	-3	11.37
1349	40	-6	30	-3	10.41
1350	40	-6	30	-3	10.41
1351	40	-6	30	-3	10.41
1352	39	-6	30	-3	9.46
1353	39	-6	30	-3	9.46
1354	39	-6	31	-3	8.52
1355	39	-6	31	-3	8.52
1356	39	-6	31	-3	8.52
1357	39	-6	31	-3	8.52
1358	39	-6	32	-3	7.60
1359	39	-6	32	-3	7.60
1360	39	-6	32	-3	7.60
1361	39	-6	32	-3	7.60
1362	39	-6	32	-3	7.60
1363	39	-6	33	-3	6.69
1364	39	-6	33	-3	6.69
1365	39	-6	33	-3	6.69
1366	39	-6	33	-3	6.69
1367	39	-6	34	-3	5.82
1368	40	-6	34	-3	6.69
1369	40	-6	34	-3	6.69
1370	40	-6	34	-3	6.69
1371	40	-6	34	-3	6.69
1372	40	-6	35	-3	5.82
1373	40	-6	35	-3	5.82
1374	40	-6	35	-3	5.82
1375	40	-6	35	-3	5.82
1376	40	-5	54	-8	14.23
1377	40	-5	54	-8	14.23
1378	39	-5	55	-8	16.18
1379	39	-5	55	-8	16.18
1380	39	-6	56	-8	16.99
1381	39	-6	56	-8	16.99
1382	39	-5	57	-8	18.13
1383	39	-5	57	-8	18.13
1384	39	-5	58	-8	19.11
1385	39	-5	58	-8	19.11
1386	39	-5	59	-8	20.09
1387	39	-5	59	-9	20.24
1388	39	-5	60	-9	21.22
1389	39	-5	60	-9	21.22
1390	39	-5	61	-9	22.19
1391	39	-5	61	-9	22.19
1392	39	-5	62	-9	23.17
1393	39	-5	62	-9	23.17
1394	39	-5	63	-9	24.15
1395	39	-5	63	-9	24.15
1396	39	-5	64	-9	25.13
1397	39	-5	64	-9	25.13
1398	39	-5	65	-10	26.25
1399	39	-5	65	-10	26.25
1400	39	-5	66	-10	27.22
1401	39	-5	66	-10	27.22
1402	39	-5	67	-10	28.19
1403	39	-5	67	-10	28.19
1404	39	-5	68	-10	29.17
1405	39	-5	68	-10	29.17
1406	39	-5	69	-10	30.14
1407	39	-5	69	-10	30.14
1408	39	-5	42	-5	2.99
1409	39	-5	42	-5	2.99
1410	39	-5	42	-5	2.99
1411	39	-5	42	-5	2.99
1412	39	-5	42	-5	2.99
1413	39	-5	42	-5	2.99
1414	39	-5	42	-5	2.99
1415	39	-5	42	-5	2.99
1416	39	-5	42	-5	2.99
1417	39	-5	42	-5	2.99
1418	39	-5	42	-5	2.99
1419	39	-5	42	-5	2.99
1420	39	-5	42	-5	2.99
1421	39	-5	42	-5	2.99
1422	39	-5	42	-5	2.99
1423	39	-5	42	-5	2.99
1424	39	-6	43	-5	4.11
1425	39	-6	43	-5	4.11
1426	39	-6	43	-5	4.11
1427	39	-6	43	-5	4.11
1428	39	-6	43	-5	4.11
1429	39	-6	43	-5	4.11
1430	39	-6	43	-5	4.11
1431	39	-6	43	-5	4.11
1432	38	-6	43	-5	5.08
1433	38	-6	43	-5	5.08
1434	37	-6	43	-5	6.06
1435	37	-6	43	-5	6.06
1436	34	-6	43	-5	9.01
1437	34	-6	43	-5	9.01
1438	30	-6	43	-5	12.98
1439	30	-6	43	-5	12.98
1440	26	-6	38	-5	11.99
1441	26	-6	37	-5	10.99
1442	22	-7	37	-5	15.05
1443	22	-7	37	-5	15.05
1444	18	-6	37	-5	18.94
1445	18	-6	37	-5	18.94
1446	14	-6	37	-5	22.91
1447	13	-6	37	-5	23.91
1448	12	-6	37	-5	24.90
1449	12	-6	37	-5	24.90
1450	8	-6	37	-5	28.88
1451	8	-6	37	-5	28.88
1452	4	-6	37	-5	32.86
1453	4	-6	37	-5	32.86
1454	0	-6	37	-5	36.84
1455	0	-6	37	-5	36.84
1456	-2	-6	37	-5	38.83
1457	-2	-6	37	-5	38.83
1458	-5	-7	37	-5	41.80
1459	-5	-7	37	-5	41.80
1460	-7	-7	37	-5	43.79
1461	-7	-7	37	-5	43.79
1462	-10	-7	37	-5	46.77
1463	-10	-7	37	-5	46.77
1464	-13	-7	37	-5	49.75
1465	-13	-7	37	-5	49.75
1466	-15	-8	37	-5	51.72
1467	-15	-8	37	-5	51.72
1468	-17	-8	37	-5	53.70
1469	-17	-8	37	-5	53.70
1470	-19	-7	37	-5	55.70
1471	-19	-7	37	-5	55.70
1472	-20	-7	13	-7	32.75
1473	-20	-7	12	-7	31.76
1474	-21	-6	12	-7	32.80
1475	-21	-6	11	-7	31.80
1476	-23	-6	11	-7	33.79
1477	-23	-6	10	-7	32.80
1478	-25	-6	10	-7	34.78
1479	-25	-6	10	-7	34.78
1480	-27	-6	9	-7	35.77
1481	-27	-6	9	-7	35.77
1482	-28	-5	8	-7	35.85
1483	-28	-5	8	-7	35.85
1484	-30	-5	8	-7	37.83
1485	-30	-5	7	-7	36.84
1486	-33	-4	7	-7	39.92
1487	-33	-4	6	-7	38.92
1488	-36	-4	6	-7	41.90
1489	-36	-4	6	-7	41.90
1490	-39	-4	5	-7	43.88
1491	-39	-4	5	-7	43.88
1492	-42	-3	4	-7	45.98
1493	-42	-3	4	-7	45.98
1494	-44	-3	4	-7	47.96
1495	-44	-3	3	-7	46.97
1496	-46	-3	3	-7	48.95
1497	-46	-3	2	-7	47.96
1498	-48	-3	2	-7	49.95
1499	-48	-3	2	-7	49.95
1500	-48	-3	1	-7	48.95
1501	-49	-3	1	-7	49.95
1502	-49	-3	0	-7	48.95
1503	-49	-3	0	-7	48.95
1504	-49	-3	-66	-8	17.64
1505	-49	-2	-67	-8	18.90
1506	-49	-2	-68	-8	19.85
1507	-50	-2	-70	-8	20.80
1508	-50	-2	-71	-8	21.75
1509	-50	-2	-73	-8	23.67
1510	-50	-2	-74	-8	24.64
1511	-50	-2	-76	-8	26.57
1512	-50	-2	-77	-8	27.54
1513	-50	-2	-78	-8	28.52
1514	-50	-2	-80	-8	30.47
1515	-50	-2	-81	-8	31.44
1516	-49	-2	-83	-8	34.38
1517	-49	-2	-84	-8	35.36
1518	-48	-2	-86	-8	38.30
1519	-48	-2	-87	-8	39.29
1520	-48	-2	-89	-8	41.26
1521	-48	-2	-90	-8	42.24
1522	-47	-3	-91	-8	44.06
1523	-47	-3	-93	-8	46.03
1524	-47	-2	-94	-8	47.17
1525	-47	-2	-96	-8	49.15
1526	-47	-2	-97	-8	50.13
1527	-47	-2	-99	-8	52.11
1528	-47	-2	-100	-8	53.10
1529	-47	-2	-101	-8	54.09
1530	-46	-2	-103	-8	57.05
1531	-46	-2	-104	-8	58.04
1532	-44	-2	-106	-8	62.00
1533	-44	-2	-107	-8	62.99
1534	-41	-2	-109	-8	67.94
1535	-41	-2	-110	-8	68.93
1536	-38	-2	-78	1	40.11
1537	-38	-2	-78	1	40.11
1538	-34	-2	-79	1	45.09
1539	-34	-2	-80	1	46.09
1540	-29	-3	-81	1	52.13
1541	-29	-3	-82	1	53.13
1542	-25	-2	-83	1	58.07
1543	-25	-2	-84	1	59.07
1544	-22	-3	-85	2	63.18
1545	-22	-3	-86	2	64.17
1546	-18	-3	-87	2	69.16
1547	-18	-3	-87	2	69.16
1548	-13	-4	-88	2	75.19
1549	-13	-4	-89	2	76.19
1550	-8	-4	-90	2	82.17
1551	-8	-4	-91	2	83.16
1552	-4	-4	-92	3	88.22
1553	-4	-4	-93	3	89.21
1554	0	-5	-94	3	94.24
1555	0	-5	-95	3	95.24
1556	2	-4	-96	3	98.18
1557	2	-4	-97	3	99.18
1558	4	-4	-97	3	101.17
1559	4	-4	-98	3	102.17
1560	5	-4	-99	4	104.22
1561	5	-4	-100	4	105.21
1562	5	-4	-101	4	106.21
1563	5	-4	-102	4	107.21
1564	6	-4	-103	4	109.20
1565	6	-4	-104	4	110.20
1566	7	-4	-105	4	112.19
1567	7	-4	-106	4	113.18
1568	7	-4	-27	-1	34.09
1569	7	-4	-26	0	33.21
1570	9	-4	-26	0	35.20
1571	9	-4	-25	0	34.21
1572	10	-4	-25	0	35.20
1573	10	-4	-25	0	35.20
1574	11	-4	-24	0	35.20
1575	11	-4	-24	0	35.20
1576	11	-5	-24	0	35.31
1577	11	-5	-23	0	34.32
1578	11	-5	-23	0	34.32
1579	11	-5	-23	0	34.32
1580	11	-5	-22	0	33.33
1581	11	-5	-22	0	33.33
1582	11	-5	-22	0	33.33
1583	11	-5	-21	0	32.35
1584	11	-5	-21	0	32.35
1585	11	-5	-21	0	32.35
1586	12	-4	-20	0	32.22
1587	12	-4	-20	0	32.22
1588	12	-4	-20	0	32.22
1589	12	-4	-19	0	31.23
1590	12	-4	-19	0	31.23
1591	12	-4	-19	0	31.23
1592	12	-4	-18	0	30.24
1593	12	-4	-18	0	30.24
1594	12	-4	-18	0	30.24
1595	12	-4	-17	0	29.25
1596	12	-4	-17	0	29.25
1597	12	-4	-17	0	29.25
1598	12	-4	-16	0	28.26
1599	12	-4	-16	0	28.26
1600	12	-4	52	-6	39.89
1601	12	-4	53	-6	40.88
1602	13	-4	54	-6	40.88
1603	13	-4	56	-6	42.87
1604	13	-3	57	-6	43.95
1605	13	-3	59	-6	45.94
1606	13	-3	60	-6	46.94
1607	13	-3	61	-6	47.93
1608	13	-4	63	-6	49.83
1609	13	-4	64	-6	50.83
1610	13	-4	66	-6	52.82
1611	13	-4	67	-6	53.81
1612	13	-4	68	-6	54.81
1613	13	-4	70	-6	56.80
1614	13	-4	71	-6	57.79
1615	13	-4	73	-6	59.78
1616	13	-4	74	-7	60.76
1617	13	-4	75	-7	61.75
1618	12	-4	77	-7	64.73
1619	12	-4	78	-7	65.72
1620	12	-4	80	-7	67.70
1621	12	-4	81	-7	68.70
1622	12	-4	82	-7	69.69
1623	12	-4	84	-7	71.67
1624	13	-4	85	-7	71.67
1625	13	-4	87	-7	73.66
1626	13	-4	88	-7	74.65
1627	13	-4	89	-7	75.64
1628	13	-5	91	-7	77.51
1629	13	-5	92	-7	78.50
1630	14	-5	94	-7	79.50
1631	14	-5	95	-7	80.49
1632	16	-6	17	-4	2.23
1633	16	-6	17	-4	2.23
1634	19	-6	17	-4	2.82
1635	19	-6	17	-4	2.82
1636	22	-8	17	-4	6.38
1637	22	-8	17	-4	6.38
1638	26	-9	17	-4	10.24
1639	26	-9	18	-4	9.39
1640	31	-10	18	-4	14.22
1641	31	-10	18	-4	14.22
1642	36	-12	18	-4	19.52
1643	36	-12	18	-4	19.52
1644	40	-12	18	-4	23.19
1645	40	-12	19	-4	22.26
1646	45	-13	19	-4	27.21
1647	45	-13	19	-4	27.21
1648	50	-14	19	-4	32.16
1649	50	-14	19	-4	32.16
1650	54	-14	19	-4	35.93
1651	54	-14	19	-4	35.93
1652	58	-14	20	-4	38.77
1653	58	-14	20	-4	38.77
1654	61	-15	20	-4	41.82
1655	61	-15	20	-4	41.82
1656	64	-14	20	-4	44.51
1657	64	-14	20	-4	44.51
1658	67	-14	21	-4	46.43
1659	67	-14	21	-4	46.43
1660	68	-14	21	-4	47.39
1661	68	-14	21	-4	47.39
1662	68	-14	21	-4	47.39
1663	68	-14	21	-4	47.39
1664	68	-14	20	-8	47.42
1665	68	-14	20	-8	47.42
1666	69	-14	20	-8	48.39
1667	69	-14	20	-8	48.39
1668	70	-14	20	-8	49.36
1669	70	-14	20	-8	49.36
1670	70	-14	20	-8	49.36
1671	70	-14	20	-8	49.36
1672	71	-14	21	-8	49.36
1673	71	-14	21	-8	49.36
1674	71	-14	21	-8	49.36
1675	71	-14	21	-8	49.36
1676	72	-14	21	-8	50.33
1677	72	-14	21	-8	50.33
1678	73	-14	21	-8	51.30
1679	73	-14	21	-8	51.30
1680	72	-14	22	-9	49.17
1681	72	-14	22	-9	49.17
1682	72	-14	22	-9	49.17
1683	72	-14	22	-9	49.17
1684	72	-14	22	-9	49.17
1685	72	-14	22	-9	49.17
1686	72	-14	22	-9	49.17
1687	72	-14	22	-9	49.17
1688	72	-14	23	-9	48.20
1689	72	-14	23	-9	48.20
1690	72	-14	23	-9	48.20
1691	72	-14	23	-9	48.20
1692	72	-14	23	-9	48.20
1693	72	-14	23	-9	48.20
1694	72	-14	23	-9	48.20
1695	72	-14	23	-9	48.20
1696	72	-13	120	-22	46.47
1697	72	-13	121	-22	47.39
1698	73	-13	123	-22	48.32
1699	73	-13	124	-22	49.25
1700	74	-13	126	-23	50.20
1701	74	-13	128	-23	52.04
1702	74	-13	129	-23	52.96
1703	74	-13	131	-23	54.80
1704	74	-12	133	-24	56.99
1705	74	-12	134	-24	57.90
1706	75	-12	136	-24	58.82
1707	75	-12	137	-24	59.73
1708	75	-12	139	-25	61.54
1709	75	-12	141	-25	63.36
1710	76	-12	142	-25	63.36
1711	76	-12	144	-25	65.17
1712	78	-12	146	-26	65.14
1713	79	-12	147	-26	65.14
1714	80	-12	149	-26	66.03
1715	80	-12	150	-26	66.93
1716	81	-12	152	-27	67.78
1717	82	-12	154	-27	68.67
1718	83	-12	155	-27	68.67
1719	83	-12	157	-27	70.45
1720	83	-12	159	-28	72.15
1721	87	-12	160	-28	69.51
1722	89	-12	162	-28	69.51
1723	89	-12	163	-28	70.39
1724	90	-12	165	-29	71.20
1725	91	-12	167	-29	72.08
1726	93	-11	168	-29	71.66
1727	94	-11	170	-29	72.53
1728	95	-11	76	-12	18.64
1729	95	-11	76	-11	18.65
1730	98	-10	76	-11	21.65
1731	100	-10	76	-11	23.61
1732	101	-10	76	-11	24.59
1733	101	-10	76	-11	24.59
1734	105	-9	76	-11	28.62
1735	106	-9	76	-11	29.60
1736	107	-9	77	-11	29.60
1737	107	-9	77	-11	29.60
1738	110	-8	77	-11	32.67
1739	110	-8	77	-11	32.67
1740	111	-8	77	-11	33.65
1741	112	-8	77	-11	34.63
1742	113	-7	77	-11	35.76
1743	114	-7	77	-11	36.74
1744	114	-7	78	-11	35.76
1745	115	-7	78	-11	36.74
1746	116	-7	78	-11	37.72
1747	116	-7	78	-11	37.72
1748	118	-7	78	-11	39.68
1749	118	-6	78	-11	39.84
1750	119	-6	78	-11	40.82
1751	119	-6	78	-11	40.82
1752	119	-6	79	-11	39.84
1753	119	-6	79	-11	39.84
1754	119	-6	79	-11	39.84
1755	119	-6	79	-11	39.84
1756	120	-6	79	-11	40.82
1757	120	-6	79	-11	40.82
1758	120	-6	79	-11	40.82
1759	120	-6	79	-11	40.82
1760	120	-6	118	-9	3.60
1761	120	-6	118	-8	2.82
1762	120	-6	119	-8	2.23
1763	120	-6	120	-8	2.00
1764	121	-5	120	-8	3.16
1765	121	-5	121	-8	3.00
1766	121	-5	122	-8	3.16
1767	121	-5	123	-8	3.60
1768	122	-4	123	-8	4.12
1769	122	-4	124	-8	4.47
1770	123	-4	125	-8	4.47
1771	123	-4	125	-8	4.47
1772	123	-4	126	-8	4.99
1773	123	-4	127	-8	5.64
1774	124	-4	128	-8	5.64
1775	124	-4	128	-8	5.64
1776	124	-4	129	-8	6.38
1777	124	-4	130	-7	6.68
1778	124	-4	130	-7	6.68
1779	124	-4	131	-7	7.59
1780	123	-4	132	-7	9.45
1781	123	-4	133	-7	10.39
1782	123	-4	133	-7	10.39
1783	123	-4	134	-7	11.35
1784	122	-4	135	-7	13.28
1785	122	-4	135	-7	13.28
1786	122	-4	136	-7	14.25
1787	122	-4	137	-7	15.23
1788	121	-5	138	-7	17.02
1789	121	-5	138	-7	17.02
1790	120	-5	139	-7	19.00
1791	120	-5	140	-7	19.99
