frame_id	phi	theta	est_phi	est_theta	err_phi	err_theta	speed	err_ang
0	20	-5	0	0	20.59
1	19	-5	0	0	19.62
2	19	-5	0	0	19.62
3	19	-4	0	0	19.40
4	19	-4	0	0	19.40
5	19	-3	0	0	19.23
6	19	-3	0	0	19.23
7	19	-3	0	0	19.23
8	19	-3	0	0	19.23
9	19	-3	0	0	19.23
10	18	-4	0	0	18.42
11	18	-6	0	0	18.94
12	16	-7	0	0	17.43
13	15	-7	0	0	16.52
14	13	-7	0	0	14.74
15	12	-8	0	0	14.39
16	11	-9	0	0	14.18
17	10	-10	0	0	14.11
18	9	-11	0	0	14.18
19	8	-11	0	0	13.57
20	7	-11	0	0	13.02
21	7	-12	0	0	13.87
22	6	-12	0	0	13.40
23	6	-13	0	0	14.30
24	5	-14	0	0	14.85
25	5	-15	0	0	15.79
26	4	-16	0	0	16.48
27	4	-17	0	0	17.45
28	3	-19	0	0	19.23
29	3	-20	0	0	20.21
30	3	-21	0	0	21.20
31	3	-22	0	0	22.19
32	3	-22	20	-5	23.66
33	3	-22	20	-5	23.66
34	3	-23	20	-5	24.36
35	3	-23	20	-5	24.36
36	3	-24	20	-5	25.08
37	4	-24	20	-5	24.46
38	4	-25	20	-5	25.21
39	4	-25	20	-5	25.21
40	5	-25	20	-5	24.64
41	5	-25	20	-5	24.64
42	5	-25	20	-5	24.64
43	6	-25	20	-5	24.09
44	6	-25	20	-5	24.09
45	6	-26	20	-5	24.91
46	7	-26	20	-5	24.41
47	8	-25	20	-5	23.08
48	9	-25	20	-5	22.62
49	10	-24	20	-5	21.30
50	10	-23	20	-5	20.43
51	11	-23	20	-5	19.99
52	12	-22	20	-5	18.68
53	13	-23	20	-5	19.23
54	15	-23	20	-5	18.64
55	17	-23	20	-5	18.23
56	19	-24	20	-5	19.02
57	21	-24	20	-5	19.02
58	24	-24	20	-5	19.39
59	27	-25	20	-5	21.10
60	30	-25	20	-5	22.18
61	33	-24	20	-5	22.75
62	35	-25	20	-5	24.64
63	37	-26	20	-5	26.56
64	38	-27	-14	-39	44.60
65	38	-27	-14	-39	44.60
66	38	-27	-15	-40	45.36
67	36	-27	-15	-40	43.83
68	35	-26	-16	-41	44.40
69	33	-25	-16	-41	43.45
70	31	-25	-17	-42	42.82
71	28	-25	-17	-42	40.62
72	25	-24	-18	-43	40.00
73	22	-24	-18	-43	37.89
74	19	-24	-19	-44	36.83
75	17	-24	-19	-44	35.49
76	15	-24	-20	-45	35.24
77	13	-24	-20	-45	33.97
78	12	-24	-21	-46	34.43
79	12	-24	-21	-46	34.43
80	12	-23	-22	-47	36.27
81	11	-24	-23	-48	36.00
82	11	-23	-23	-48	36.77
83	11	-23	-24	-49	37.85
84	10	-23	-24	-49	37.29
85	10	-23	-25	-50	38.37
86	8	-22	-25	-50	38.11
87	7	-22	-26	-51	38.70
88	6	-22	-26	-51	38.19
89	5	-22	-27	-52	38.80
90	4	-22	-27	-52	38.33
91	3	-22	-28	-53	38.97
92	2	-23	-28	-53	37.65
93	1	-23	-29	-54	38.31
94	0	-24	-29	-54	36.99
95	0	-25	-30	-55	37.21
96	0	-26	73	-32	62.93
97	-1	-27	74	-32	64.14
98	-1	-28	75	-32	64.54
99	-1	-29	76	-32	64.93
100	-1	-31	77	-32	64.91
101	-1	-31	78	-32	65.69
102	-2	-32	79	-32	66.84
103	-1	-32	80	-33	66.43
104	-1	-32	81	-33	67.19
105	-1	-32	82	-33	67.96
106	-1	-33	83	-33	68.27
107	0	-32	85	-33	69.48
108	0	-32	86	-33	70.23
109	0	-32	87	-34	70.54
110	0	-32	88	-34	71.28
111	0	-33	89	-34	71.54
112	0	-33	90	-34	72.27
113	0	-33	91	-34	73.00
114	0	-33	92	-34	73.72
115	0	-32	93	-34	74.96
116	0	-32	94	-35	75.20
117	0	-31	95	-35	76.45
118	0	-32	97	-35	77.33
119	0	-32	98	-35	78.04
120	0	-32	99	-35	78.74
121	-1	-32	100	-35	80.13
122	-1	-32	101	-36	80.28
123	-1	-32	102	-36	80.96
124	-1	-32	103	-36	81.63
125	-1	-32	104	-36	82.30
126	-2	-32	105	-36	83.63
127	-3	-32	106	-36	84.95
128	-3	-32	-38	-25	31.40
129	-4	-33	-39	-24	31.88
130	-5	-35	-40	-24	32.19
131	-6	-36	-41	-24	32.38
132	-7	-37	-42	-24	32.60
133	-9	-39	-43	-24	32.38
134	-11	-41	-45	-24	33.03
135	-14	-42	-46	-24	32.02
136	-17	-44	-47	-24	31.61
137	-19	-45	-48	-24	31.51
138	-20	-45	-49	-24	31.51
139	-21	-45	-51	-24	32.11
140	-22	-45	-52	-24	32.11
141	-23	-46	-53	-24	32.63
142	-23	-46	-54	-24	33.22
143	-24	-46	-55	-24	33.22
144	-24	-45	-57	-24	33.97
145	-24	-45	-58	-24	34.60
146	-23	-45	-59	-24	35.88
147	-23	-45	-60	-24	36.53
148	-22	-45	-61	-24	37.85
149	-22	-44	-62	-24	38.19
150	-22	-44	-64	-24	39.57
151	-21	-43	-65	-24	40.71
152	-21	-43	-66	-24	41.42
153	-20	-42	-67	-24	42.68
154	-20	-42	-68	-24	43.41
155	-20	-41	-70	-24	44.76
156	-20	-41	-71	-24	45.51
157	-19	-41	-72	-24	47.02
158	-19	-41	-73	-24	47.77
159	-19	-41	-74	-24	48.52
160	-18	-40	-6	-38	9.53
161	-17	-40	-6	-38	8.77
162	-15	-39	-6	-38	7.11
163	-14	-39	-6	-38	6.34
164	-12	-39	-6	-38	4.80
165	-10	-38	-6	-38	3.15
166	-9	-38	-6	-39	2.55
167	-7	-37	-6	-39	2.15
168	-7	-37	-6	-39	2.15
169	-6	-37	-6	-39	2.00
170	-6	-37	-6	-39	2.00
171	-6	-37	-7	-40	3.10
172	-7	-37	-7	-40	3.00
173	-7	-38	-7	-40	2.00
174	-8	-38	-7	-40	2.15
175	-8	-38	-7	-40	2.15
176	-9	-38	-7	-41	3.37
177	-9	-38	-7	-41	3.37
178	-8	-38	-7	-41	3.10
179	-9	-38	-7	-41	3.37
180	-9	-38	-7	-41	3.37
181	-9	-39	-7	-41	2.52
182	-8	-39	-8	-42	3.00
183	-8	-38	-8	-42	4.00
184	-8	-39	-8	-42	3.00
185	-8	-39	-8	-42	3.00
186	-7	-38	-8	-42	4.07
187	-7	-38	-8	-43	5.06
188	-7	-38	-8	-43	5.06
189	-6	-38	-8	-43	5.23
190	-6	-38	-8	-43	5.23
191	-6	-37	-8	-43	6.19
192	-6	-37	-33	-48	22.57
193	-5	-36	-33	-48	23.83
194	-5	-36	-33	-48	23.83
195	-5	-36	-34	-48	24.46
196	-5	-36	-34	-49	24.79
197	-4	-35	-35	-49	26.68
198	-4	-35	-35	-49	26.68
199	-4	-35	-36	-49	27.30
200	-4	-35	-36	-50	27.64
201	-3	-35	-37	-50	28.85
202	-3	-35	-37	-50	28.85
203	-3	-35	-38	-50	29.46
204	-3	-34	-38	-51	30.46
205	-3	-34	-39	-51	31.06
206	-3	-33	-39	-51	31.76
207	-3	-33	-40	-51	32.35
208	-3	-33	-40	-52	32.70
209	-3	-33	-40	-52	32.70
210	-3	-33	-41	-52	33.27
211	-3	-33	-41	-52	33.27
212	-3	-33	-42	-53	34.19
213	-3	-33	-42	-53	34.19
214	-3	-33	-43	-53	34.75
215	-3	-33	-43	-53	34.75
216	-3	-33	-44	-54	35.64
217	-3	-33	-44	-54	35.64
218	-3	-33	-45	-54	36.20
219	-3	-33	-45	-54	36.20
220	-3	-33	-46	-55	37.06
221	-3	-33	-46	-55	37.06
222	-3	-33	-47	-55	37.61
223	-2	-33	-47	-55	38.16
224	-2	-33	6	-34	6.74
225	-2	-33	6	-33	6.71
226	-2	-33	6	-33	6.71
227	-2	-32	7	-33	7.65
228	-2	-33	7	-33	7.55
229	-2	-33	7	-33	7.55
230	-2	-32	8	-33	8.49
231	-2	-32	8	-33	8.49
232	-2	-33	9	-33	9.22
233	-2	-33	9	-33	9.22
234	-2	-33	9	-33	9.22
235	-2	-33	10	-32	10.16
236	-2	-33	10	-32	10.16
237	-2	-33	10	-32	10.16
238	-1	-33	11	-32	10.16
239	-1	-34	11	-32	10.25
240	-1	-34	12	-32	11.08
241	-1	-34	12	-32	11.08
242	-1	-34	12	-32	11.08
243	-1	-35	13	-32	12.04
244	-1	-35	13	-32	12.04
245	-2	-35	13	-32	12.85
246	-2	-35	14	-31	13.98
247	-1	-36	14	-31	13.45
248	-1	-36	15	-31	14.23
249	-1	-36	15	-31	14.23
250	-1	-36	15	-31	14.23
251	-1	-35	16	-31	14.79
252	-1	-36	16	-31	15.01
253	-1	-35	16	-31	14.79
254	-1	-35	17	-31	15.59
255	-1	-35	17	-31	15.59
256	-1	-35	2	-29	6.52
257	-1	-35	2	-28	7.45
258	-1	-35	2	-28	7.45
259	-1	-35	2	-28	7.45
260	-1	-35	2	-28	7.45
261	-1	-35	2	-28	7.45
262	-1	-35	2	-28	7.45
263	-1	-35	2	-28	7.45
264	-1	-35	3	-28	7.78
265	-1	-35	3	-27	8.70
266	-1	-35	3	-27	8.70
267	-1	-35	3	-27	8.70
268	-1	-35	3	-27	8.70
269	-1	-35	3	-27	8.70
270	-2	-35	3	-27	9.07
271	-2	-35	3	-27	9.07
272	-2	-36	4	-27	10.35
273	-2	-36	4	-26	11.24
274	-2	-36	4	-26	11.24
275	-2	-35	4	-26	10.37
276	-2	-35	4	-26	10.37
277	-2	-34	4	-26	9.53
278	-3	-34	4	-26	10.03
279	-3	-34	4	-26	10.03
280	-3	-35	5	-26	11.33
281	-4	-34	5	-25	11.92
282	-3	-34	5	-25	11.37
283	-3	-34	5	-25	11.37
284	-3	-34	5	-25	11.37
285	-3	-33	5	-25	10.62
286	-3	-33	5	-25	10.62
287	-3	-34	5	-25	11.37
288	-3	-34	0	-37	3.87
289	-3	-34	0	-37	3.87
290	-3	-34	0	-37	3.87
291	-2	-34	0	-37	3.41
292	-2	-34	0	-37	3.41
293	-2	-34	0	-37	3.41
294	-2	-33	0	-37	4.32
295	-2	-33	0	-37	4.32
296	-2	-33	0	-37	4.32
297	-1	-32	0	-37	5.07
298	-1	-32	0	-37	5.07
299	-1	-33	0	-37	4.08
300	-1	-33	0	-37	4.08
301	-1	-32	0	-37	5.07
302	-2	-32	0	-37	5.26
303	-2	-32	0	-37	5.26
304	-2	-31	0	-38	7.19
305	-2	-31	0	-38	7.19
306	-2	-30	0	-38	8.17
307	-2	-30	0	-38	8.17
308	-1	-31	0	-38	7.05
309	-1	-31	0	-38	7.05
310	-1	-31	0	-38	7.05
311	-1	-31	0	-38	7.05
312	-1	-31	0	-38	7.05
313	-1	-31	0	-38	7.05
314	-1	-31	0	-38	7.05
315	-1	-31	0	-38	7.05
316	-1	-30	0	-38	8.04
317	-2	-30	0	-38	8.17
318	-2	-30	0	-38	8.17
319	-2	-30	0	-38	8.17
320	-2	-30	-5	-33	3.94
321	-2	-30	-5	-32	3.26
322	-2	-30	-5	-32	3.26
323	-2	-30	-5	-32	3.26
324	-2	-30	-5	-32	3.26
325	-2	-30	-5	-32	3.26
326	-3	-30	-5	-32	2.63
327	-3	-31	-5	-32	1.98
328	-3	-31	-5	-32	1.98
329	-3	-31	-5	-32	1.98
330	-3	-31	-5	-32	1.98
331	-2	-30	-5	-32	3.26
332	-2	-29	-5	-32	3.96
333	-2	-30	-5	-32	3.26
334	-2	-30	-5	-32	3.26
335	-2	-29	-5	-32	3.96
336	-3	-29	-6	-32	3.96
337	-3	-29	-6	-32	3.96
338	-4	-29	-6	-32	3.46
339	-4	-29	-6	-32	3.46
340	-4	-29	-6	-32	3.46
341	-4	-29	-6	-32	3.46
342	-4	-29	-6	-32	3.46
343	-4	-30	-6	-32	2.63
344	-4	-30	-6	-32	2.63
345	-4	-30	-6	-32	2.63
346	-4	-30	-6	-32	2.63
347	-4	-30	-6	-32	2.63
348	-4	-30	-6	-32	2.63
349	-3	-30	-6	-32	3.26
350	-3	-30	-6	-32	3.26
351	-3	-30	-6	-32	3.26
352	-3	-30	-1	-26	4.37
353	-3	-30	0	-25	5.66
354	-3	-31	0	-25	6.56
355	-3	-31	0	-25	6.56
356	-3	-31	0	-25	6.56
357	-3	-31	0	-25	6.56
358	-3	-31	0	-25	6.56
359	-3	-31	0	-25	6.56
360	-3	-30	0	-25	5.66
361	-3	-31	0	-24	7.49
362	-3	-30	0	-24	6.57
363	-2	-30	0	-24	6.26
364	-2	-29	0	-24	5.31
365	-2	-29	0	-24	5.31
366	-2	-29	0	-24	5.31
367	-1	-28	0	-24	4.10
368	0	-28	0	-24	4.00
369	0	-27	0	-23	4.00
370	0	-27	0	-23	4.00
371	0	-26	0	-23	3.00
372	1	-26	0	-23	3.13
373	1	-25	0	-23	2.20
374	1	-25	0	-23	2.20
375	1	-24	0	-23	1.36
376	1	-25	0	-23	2.20
377	1	-25	0	-22	3.14
378	1	-24	0	-22	2.20
379	1	-24	0	-22	2.20
380	1	-24	0	-22	2.20
381	1	-24	0	-22	2.20
382	1	-24	0	-22	2.20
383	1	-24	0	-22	2.20
384	0	-25	-4	-30	6.13
385	0	-25	-4	-30	6.13
386	0	-24	-4	-30	6.98
387	0	-23	-4	-30	7.86
388	1	-23	-4	-30	8.31
389	1	-22	-4	-30	9.17
390	1	-22	-4	-30	9.17
391	1	-22	-4	-30	9.17
392	1	-21	-4	-30	10.06
393	1	-21	-4	-30	10.06
394	1	-21	-4	-30	10.06
395	1	-21	-4	-30	10.06
396	1	-22	-4	-30	9.17
397	1	-22	-4	-30	9.17
398	1	-22	-4	-30	9.17
399	1	-22	-4	-30	9.17
400	1	-22	-4	-30	9.17
401	0	-23	-4	-30	7.86
402	0	-23	-4	-30	7.86
403	0	-24	-4	-30	6.98
404	0	-24	-4	-30	6.98
405	0	-25	-4	-30	6.13
406	0	-25	-4	-30	6.13
407	0	-26	-4	-30	5.34
408	0	-26	-4	-30	5.34
409	0	-26	-4	-30	5.34
410	0	-26	-4	-30	5.34
411	0	-25	-4	-30	6.13
412	1	-25	-4	-30	6.68
413	1	-25	-4	-30	6.68
414	1	-25	-4	-30	6.68
415	1	-24	-4	-30	7.47
416	2	-25	3	-20	5.08
417	2	-25	3	-19	6.07
418	3	-25	3	-19	6.00
419	3	-25	3	-19	6.00
420	5	-25	3	-19	6.28
421	6	-25	3	-19	6.61
422	6	-25	3	-19	6.61
423	6	-24	3	-18	6.62
424	6	-23	3	-18	5.73
425	4	-23	3	-18	5.09
426	4	-22	3	-18	4.11
427	4	-22	4	-18	4.00
428	4	-21	4	-18	3.00
429	4	-20	4	-17	3.00
430	3	-20	4	-17	3.15
431	2	-19	4	-17	2.76
432	2	-19	4	-17	2.76
433	1	-19	4	-17	3.48
434	1	-19	4	-17	3.48
435	1	-18	4	-17	3.03
436	1	-18	4	-16	3.50
437	2	-17	4	-16	2.16
438	3	-17	5	-16	2.16
439	4	-17	5	-16	1.39
440	4	-17	5	-16	1.39
441	3	-18	5	-16	2.77
442	1	-18	5	-15	4.87
443	0	-17	5	-15	5.21
444	0	-16	5	-15	4.92
445	0	-16	5	-15	4.92
446	0	-16	5	-15	4.92
447	0	-16	5	-15	4.92
448	0	-15	4	-25	10.68
449	0	-14	4	-25	11.63
450	0	-14	4	-25	11.63
451	0	-13	4	-25	12.58
452	-1	-12	4	-25	13.83
453	-2	-11	4	-25	15.11
454	-2	-9	4	-25	16.99
455	-2	-10	4	-25	16.05
456	-2	-10	4	-25	16.05
457	-1	-11	4	-25	14.78
458	-1	-10	4	-25	15.73
459	0	-10	4	-25	15.47
460	0	-10	4	-25	15.47
461	0	-9	4	-25	16.45
462	1	-9	4	-25	16.25
463	1	-10	4	-25	15.27
464	1	-10	5	-25	15.47
465	1	-11	5	-25	14.50
466	1	-11	5	-25	14.50
467	1	-12	5	-25	13.54
468	1	-13	5	-25	12.58
469	1	-13	5	-25	12.58
470	1	-13	5	-25	12.58
471	2	-15	5	-25	10.39
472	2	-16	5	-25	9.43
473	2	-16	5	-25	9.43
474	2	-15	5	-25	10.39
475	1	-14	5	-25	11.63
476	1	-14	5	-25	11.63
477	1	-15	5	-25	10.68
478	1	-15	5	-25	10.68
479	2	-16	5	-25	9.43
480	2	-16	-2	-5	11.68
481	3	-16	-2	-4	12.97
482	3	-15	-2	-4	12.05
483	3	-13	-2	-4	10.27
484	4	-13	-2	-3	11.63
485	4	-12	-2	-3	10.78
486	4	-11	-2	-3	9.97
487	4	-11	-2	-2	10.79
488	4	-11	-2	-2	10.79
489	4	-12	-2	-2	11.63
490	4	-13	-2	-1	13.39
491	4	-13	-2	-1	13.39
492	4	-12	-2	-1	12.51
493	4	-12	-2	0	13.40
494	4	-12	-2	0	13.40
495	4	-12	-2	0	13.40
496	3	-11	-3	0	12.51
497	2	-12	-3	0	12.99
498	2	-13	-3	0	13.91
499	2	-14	-3	0	14.85
500	3	-14	-3	1	16.13
501	2	-13	-3	1	14.85
502	2	-13	-3	1	14.85
503	2	-13	-3	2	15.80
504	2	-13	-3	2	15.80
505	2	-13	-3	2	15.80
506	1	-14	-3	3	17.46
507	1	-15	-3	3	18.43
508	2	-15	-3	3	18.67
509	2	-15	-3	4	19.64
510	2	-16	-3	4	20.60
511	2	-15	-3	4	19.64
512	2	-15	4	-17	2.77
513	2	-16	4	-17	2.16
514	2	-16	4	-17	2.16
515	2	-16	4	-17	2.16
516	3	-15	4	-17	2.22
517	3	-13	4	-17	4.11
518	4	-12	4	-17	5.00
519	4	-11	4	-17	6.00
520	4	-11	4	-17	6.00
521	3	-12	4	-17	5.09
522	2	-13	4	-17	4.44
523	1	-14	4	-17	4.17
524	0	-15	4	-17	4.33
525	0	-15	4	-17	4.33
526	0	-16	4	-17	3.96
527	0	-15	4	-17	4.33
528	1	-14	5	-17	4.88
529	1	-14	5	-17	4.88
530	1	-14	5	-17	4.88
531	1	-14	5	-17	4.88
532	2	-14	5	-17	4.17
533	2	-14	5	-17	4.17
534	3	-13	5	-17	4.44
535	3	-13	5	-17	4.44
536	3	-13	5	-17	4.44
537	3	-13	5	-17	4.44
538	2	-12	5	-17	5.78
539	2	-12	5	-17	5.78
540	2	-12	5	-17	5.78
541	2	-12	5	-17	5.78
542	2	-13	5	-17	4.94
543	2	-14	5	-17	4.17
544	2	-14	2	-14	0.00
545	2	-14	2	-13	1.00
546	2	-15	2	-13	2.00
547	2	-15	2	-13	2.00
548	2	-15	2	-13	2.00
549	2	-16	2	-13	3.00
550	2	-16	2	-13	3.00
551	3	-15	2	-13	2.22
552	3	-15	2	-13	2.22
553	3	-15	2	-13	2.22
554	3	-15	2	-13	2.22
555	3	-15	2	-13	2.22
556	3	-15	2	-13	2.22
557	3	-15	2	-13	2.22
558	3	-15	2	-13	2.22
559	3	-15	2	-13	2.22
560	3	-15	2	-13	2.22
561	3	-14	2	-13	1.39
562	3	-14	2	-13	1.39
563	3	-14	2	-13	1.39
564	2	-14	2	-13	1.00
565	2	-15	2	-13	2.00
566	2	-16	2	-13	3.00
567	2	-16	2	-13	3.00
568	2	-16	2	-13	3.00
569	2	-16	2	-13	3.00
570	2	-16	2	-13	3.00
571	2	-16	2	-13	3.00
572	2	-17	2	-13	4.00
573	2	-17	2	-13	4.00
574	2	-17	2	-13	4.00
575	2	-17	2	-13	4.00
576	2	-16	2	-13	3.00
577	2	-16	2	-12	4.00
578	2	-17	2	-12	5.00
579	2	-17	2	-12	5.00
580	2	-18	2	-12	6.00
581	2	-19	2	-12	7.00
582	3	-19	2	-12	7.07
583	3	-20	2	-12	8.06
584	3	-21	2	-12	9.05
585	2	-21	2	-12	9.00
586	2	-21	2	-12	9.00
587	2	-21	2	-12	9.00
588	2	-21	2	-12	9.00
589	2	-23	2	-12	11.00
590	3	-25	2	-12	13.03
591	3	-25	2	-12	13.03
592	3	-25	2	-12	13.03
593	4	-26	2	-12	14.13
594	4	-25	2	-12	13.14
595	4	-25	2	-12	13.14
596	4	-25	2	-12	13.14
597	3	-25	2	-12	13.03
598	4	-25	2	-12	13.14
599	3	-26	2	-12	14.03
600	3	-26	2	-12	14.03
601	3	-26	2	-12	14.03
602	3	-26	2	-12	14.03
603	3	-26	2	-12	14.03
604	3	-27	2	-12	15.03
605	3	-27	2	-12	15.03
606	3	-28	2	-12	16.03
607	3	-30	2	-12	18.02
608	3	-30	2	-18	12.03
609	3	-31	2	-18	13.03
610	3	-32	2	-18	14.03
611	4	-31	2	-18	13.13
612	4	-33	2	-18	15.11
613	4	-34	2	-18	16.10
614	4	-36	2	-18	18.09
615	3	-35	2	-18	17.02
616	2	-35	2	-18	17.00
617	2	-36	2	-18	18.00
618	2	-33	2	-18	15.00
619	2	-30	2	-18	12.00
620	4	-29	2	-18	11.15
621	4	-29	2	-18	11.15
622	4	-28	2	-18	10.17
623	4	-27	2	-18	9.19
624	3	-27	2	-19	8.05
625	2	-27	2	-19	8.00
626	2	-27	2	-19	8.00
627	2	-27	2	-19	8.00
628	2	-28	2	-19	9.00
629	2	-29	2	-19	10.00
630	1	-29	2	-19	10.04
631	1	-29	2	-19	10.04
632	1	-28	2	-19	9.05
633	2	-28	2	-19	9.00
634	2	-27	2	-19	8.00
635	2	-27	2	-19	8.00
636	2	-27	2	-19	8.00
637	1	-28	2	-19	9.05
638	1	-28	2	-19	9.05
639	1	-28	2	-19	9.05
640	0	-28	4	-44	16.32
641	0	-28	4	-44	16.32
642	0	-29	4	-44	15.34
643	0	-30	4	-45	15.33
644	0	-31	4	-45	14.35
645	0	-32	4	-46	14.34
646	0	-33	4	-46	13.36
647	0	-34	4	-47	13.35
648	0	-34	4	-47	13.35
649	0	-34	4	-47	13.35
650	0	-33	4	-48	15.30
651	0	-33	4	-48	15.30
652	0	-33	4	-49	16.28
653	0	-33	4	-49	16.28
654	0	-33	4	-50	17.26
655	0	-33	4	-50	17.26
656	0	-34	4	-51	17.25
657	0	-34	4	-51	17.25
658	0	-34	4	-51	17.25
659	0	-34	4	-52	18.23
660	0	-34	4	-52	18.23
661	0	-34	4	-53	19.21
662	0	-34	4	-53	19.21
663	0	-34	4	-54	20.20
664	0	-35	4	-54	19.21
665	0	-35	4	-54	19.21
666	0	-34	4	-55	21.18
667	0	-34	4	-55	21.18
668	0	-35	4	-56	21.18
669	0	-34	4	-56	22.17
670	0	-34	4	-57	23.16
671	0	-35	4	-57	22.17
672	0	-35	-3	-26	9.36
673	0	-36	-3	-25	11.30
674	0	-36	-3	-25	11.30
675	0	-37	-3	-25	12.27
676	0	-37	-3	-25	12.27
677	0	-38	-3	-25	13.25
678	0	-38	-3	-25	13.25
679	0	-38	-3	-25	13.25
680	0	-38	-3	-25	13.25
681	1	-38	-3	-25	13.44
682	1	-38	-3	-25	13.44
683	1	-38	-4	-25	13.67
684	2	-38	-4	-25	13.96
685	2	-38	-4	-25	13.96
686	3	-38	-4	-25	14.29
687	4	-38	-4	-25	14.67
688	5	-38	-4	-25	15.08
689	7	-38	-4	-24	16.85
690	8	-38	-4	-24	17.34
691	11	-38	-4	-24	18.96
692	12	-37	-4	-24	18.90
693	14	-37	-4	-24	20.17
694	16	-37	-5	-24	22.19
695	18	-37	-5	-24	23.60
696	20	-37	-5	-24	25.04
697	21	-36	-5	-24	25.40
698	22	-36	-5	-24	26.16
699	23	-36	-5	-24	26.92
700	23	-36	-5	-24	26.92
701	23	-36	-5	-24	26.92
702	22	-37	-5	-24	26.51
703	21	-37	-5	-24	25.77
704	21	-37	0	-42	16.91
705	21	-37	0	-42	16.91
706	21	-37	0	-42	16.91
707	21	-36	0	-42	17.33
708	21	-36	0	-42	17.33
709	21	-36	0	-43	17.59
710	20	-36	0	-43	16.89
711	20	-36	0	-43	16.89
712	20	-36	0	-43	16.89
713	20	-36	0	-43	16.89
714	19	-36	0	-44	16.55
715	19	-36	0	-44	16.55
716	18	-36	0	-44	15.89
717	17	-36	0	-44	15.24
718	15	-36	0	-45	14.49
719	14	-36	0	-45	13.90
720	12	-36	0	-45	12.79
721	10	-37	0	-45	10.98
722	8	-37	0	-45	10.01
723	6	-37	0	-46	10.05
724	4	-37	0	-46	9.48
725	3	-38	0	-46	8.30
726	2	-37	0	-46	9.12
727	2	-37	0	-47	10.11
728	2	-37	0	-47	10.11
729	3	-37	0	-47	10.24
730	3	-37	0	-47	10.24
731	2	-37	0	-47	10.11
732	2	-36	0	-48	12.09
733	2	-36	0	-48	12.09
734	1	-36	0	-48	12.02
735	1	-36	0	-48	12.02
736	1	-36	42	-39	32.39
737	0	-36	42	-39	33.16
738	0	-36	43	-39	33.93
739	0	-37	43	-39	33.63
740	0	-37	44	-39	34.39
741	-1	-37	45	-39	35.92
742	-2	-37	45	-39	36.68
743	-3	-36	46	-39	38.52
744	-4	-36	47	-39	40.04
745	-6	-36	47	-39	41.56
746	-9	-36	48	-39	44.57
747	-12	-35	49	-39	47.96
748	-15	-34	49	-39	50.63
749	-17	-34	50	-39	52.87
750	-18	-34	51	-39	54.35
751	-19	-33	51	-39	55.55
752	-19	-33	52	-40	56.00
753	-19	-33	53	-40	56.73
754	-19	-33	53	-40	56.73
755	-19	-34	54	-40	56.97
756	-19	-33	55	-40	58.19
757	-19	-34	55	-40	57.69
758	-19	-33	56	-40	58.91
759	-19	-33	57	-40	59.63
760	-19	-33	57	-40	59.63
761	-20	-33	58	-40	61.08
762	-20	-33	59	-40	61.79
763	-21	-33	59	-40	62.51
764	-21	-33	60	-40	63.22
765	-20	-33	61	-40	63.22
766	-20	-33	61	-40	63.22
767	-20	-33	62	-40	63.93
768	-20	-33	-19	-35	2.16
769	-19	-33	-19	-34	1.00
770	-19	-33	-20	-34	1.30
771	-17	-34	-20	-34	2.49
772	-16	-34	-21	-34	4.14
773	-13	-34	-22	-34	7.46
774	-12	-34	-22	-34	8.29
775	-11	-35	-23	-34	9.93
776	-9	-35	-24	-34	12.39
777	-9	-35	-24	-34	12.39
778	-8	-35	-25	-34	14.03
779	-8	-34	-25	-34	14.08
780	-8	-34	-26	-34	14.90
781	-8	-34	-27	-34	15.73
782	-8	-34	-27	-34	15.73
783	-7	-34	-28	-34	17.38
784	-7	-34	-29	-34	18.20
785	-7	-34	-29	-34	18.20
786	-7	-34	-30	-34	19.03
787	-6	-34	-30	-34	19.85
788	-6	-33	-31	-34	20.82
789	-6	-33	-32	-34	21.65
790	-5	-33	-32	-34	22.47
791	-5	-33	-33	-34	23.30
792	-5	-34	-34	-34	23.96
793	-5	-33	-34	-34	24.12
794	-5	-33	-35	-34	24.95
795	-5	-33	-35	-34	24.95
796	-6	-33	-36	-34	24.95
797	-5	-34	-37	-34	26.42
798	-5	-34	-37	-34	26.42
799	-5	-34	-38	-34	27.24
800	-5	-34	-41	-30	30.63
801	-5	-34	-41	-29	30.94
802	-5	-34	-42	-29	31.77
803	-5	-34	-42	-29	31.77
804	-5	-34	-43	-29	32.60
805	-5	-34	-44	-29	33.43
806	-5	-34	-44	-29	33.43
807	-5	-34	-45	-29	34.25
808	-5	-34	-46	-29	35.08
809	-5	-34	-46	-29	35.08
810	-5	-34	-47	-29	35.91
811	-5	-34	-48	-28	37.07
812	-4	-34	-48	-28	37.90
813	-4	-34	-49	-28	38.73
814	-4	-34	-50	-28	39.56
815	-4	-34	-50	-28	39.56
816	-4	-34	-51	-28	40.38
817	-4	-34	-52	-28	41.21
818	-4	-34	-52	-28	41.21
819	-4	-34	-53	-28	42.03
820	-4	-34	-54	-28	42.86
821	-4	-35	-54	-28	42.76
822	-4	-35	-55	-27	43.97
823	-4	-35	-56	-27	44.79
824	-4	-35	-56	-27	44.79
825	-4	-35	-57	-27	45.60
826	-4	-35	-58	-27	46.42
827	-4	-35	-58	-27	46.42
828	-4	-34	-59	-27	47.35
829	-4	-34	-60	-27	48.17
830	-4	-34	-60	-27	48.17
831	-4	-34	-61	-27	48.99
832	-4	-35	10	-35	11.46
833	-4	-35	10	-35	11.46
834	-4	-35	10	-35	11.46
835	-4	-35	11	-35	12.28
836	-4	-35	11	-35	12.28
837	-4	-34	12	-35	13.21
838	-4	-34	12	-35	13.21
839	-4	-34	13	-35	14.03
840	-4	-33	13	-35	14.22
841	-4	-33	14	-35	15.04
842	-4	-33	14	-35	15.04
843	-4	-33	15	-35	15.85
844	-3	-32	15	-35	15.28
845	-3	-32	16	-35	16.10
846	-3	-32	16	-35	16.10
847	-3	-31	17	-35	17.21
848	-3	-29	17	-35	17.95
849	-2	-29	17	-35	17.16
850	-2	-28	18	-35	18.39
851	-2	-28	18	-35	18.39
852	-2	-27	19	-35	19.65
853	-2	-27	19	-35	19.65
854	-2	-27	20	-35	20.43
855	-2	-27	20	-35	20.43
856	-2	-27	21	-35	21.21
857	-2	-27	21	-35	21.21
858	-2	-28	22	-35	21.56
859	-2	-28	22	-35	21.56
860	-2	-28	23	-35	22.36
861	-2	-28	23	-35	22.36
862	-2	-28	24	-35	23.17
863	-2	-28	24	-35	23.17
864	-2	-28	-3	-36	8.04
865	-2	-28	-2	-36	8.00
866	-2	-28	-2	-36	8.00
867	-2	-28	-2	-36	8.00
868	-1	-28	-2	-36	8.04
869	-2	-28	-2	-36	8.00
870	-2	-28	-2	-36	8.00
871	-1	-28	-2	-36	8.04
872	-2	-28	-2	-36	8.00
873	-2	-28	-2	-36	8.00
874	-2	-28	-2	-36	8.00
875	-1	-28	-2	-36	8.04
876	-2	-28	-2	-36	8.00
877	-1	-28	-2	-36	8.04
878	-1	-28	-2	-36	8.04
879	-1	-28	-2	-36	8.04
880	-1	-28	-2	-36	8.04
881	-1	-28	-2	-36	8.04
882	-1	-28	-2	-36	8.04
883	-1	-28	-2	-36	8.04
884	-1	-28	-2	-36	8.04
885	-1	-28	-2	-36	8.04
886	-1	-28	-2	-36	8.04
887	-1	-28	-2	-36	8.04
888	-1	-28	-2	-36	8.04
889	-1	-28	-2	-36	8.04
890	-1	-28	-2	-36	8.04
891	-1	-28	-2	-36	8.04
892	-1	-28	-2	-36	8.04
893	-1	-27	-2	-36	9.04
894	-1	-27	-2	-36	9.04
895	-1	-27	-2	-36	9.04
896	-1	-27	0	-21	6.07
897	-1	-26	0	-20	6.07
898	-1	-26	0	-20	6.07
899	-1	-26	0	-20	6.07
900	-1	-25	0	-20	5.08
901	0	-24	0	-19	5.00
902	0	-22	0	-19	3.00
903	0	-21	0	-19	2.00
904	1	-20	0	-19	1.37
905	1	-19	0	-19	0.95
906	2	-18	0	-18	1.90
907	2	-17	0	-18	2.15
908	3	-16	0	-18	3.50
909	3	-15	0	-18	4.16
910	4	-14	0	-17	4.88
911	4	-13	0	-17	5.56
912	5	-13	1	-17	5.56
913	6	-12	1	-17	6.96
914	7	-11	1	-17	8.36
915	8	-11	1	-16	8.44
916	9	-11	1	-16	9.24
917	10	-10	1	-16	10.62
918	11	-10	1	-16	11.44
919	12	-9	1	-15	12.31
920	13	-9	1	-15	13.18
921	14	-9	1	-15	14.05
922	15	-9	1	-15	14.94
923	15	-8	1	-15	15.39
924	16	-8	1	-14	15.89
925	17	-8	1	-14	16.80
926	17	-8	1	-14	16.80
927	19	-7	1	-14	19.02
928	20	-7	0	-26	26.91
929	21	-7	0	-25	26.96
930	21	-7	0	-25	26.96
931	22	-7	0	-25	27.68
932	22	-7	0	-25	27.68
933	21	-7	0	-25	26.96
934	21	-8	0	-25	26.27
935	21	-8	0	-25	26.27
936	21	-8	0	-25	26.27
937	22	-8	0	-25	27.01
938	22	-8	0	-25	27.01
939	22	-8	0	-25	27.01
940	21	-8	0	-25	26.27
941	22	-8	0	-25	27.01
942	21	-8	0	-25	26.27
943	21	-8	0	-25	26.27
944	21	-8	0	-25	26.27
945	21	-8	0	-25	26.27
946	21	-8	0	-25	26.27
947	21	-8	0	-25	26.27
948	21	-8	0	-25	26.27
949	21	-8	0	-25	26.27
950	21	-8	0	-25	26.27
951	21	-8	0	-25	26.27
952	20	-8	0	-25	25.55
953	20	-8	0	-25	25.55
954	20	-8	0	-25	25.55
955	20	-8	0	-25	25.55
956	20	-8	0	-25	25.55
957	19	-8	0	-25	24.85
958	19	-8	0	-25	24.85
959	19	-8	0	-25	24.85
960	19	-8	41	13	30.31
961	19	-8	41	13	30.31
962	19	-8	42	14	31.70
963	19	-7	42	14	31.02
964	19	-8	43	15	33.09
965	19	-8	44	16	34.48
966	19	-7	44	16	33.79
967	18	-7	45	17	35.90
968	17	-7	46	18	38.01
969	16	-7	46	18	38.75
970	14	-7	47	19	41.64
971	13	-7	48	19	43.19
972	11	-7	48	20	45.32
973	10	-7	49	21	47.43
974	8	-7	50	21	49.84
975	7	-8	50	22	51.73
976	6	-8	51	23	53.83
977	6	-9	52	23	55.22
978	5	-9	52	24	56.51
979	5	-9	53	24	57.31
980	4	-9	54	25	59.38
981	4	-9	54	26	59.86
982	4	-10	55	26	61.25
983	3	-10	56	27	63.31
984	3	-9	56	28	63.17
985	3	-9	57	28	63.95
986	3	-9	58	29	65.19
987	3	-9	58	29	65.19
988	3	-9	59	30	66.42
989	3	-10	60	31	68.26
990	3	-10	60	31	68.26
991	2	-10	61	32	70.24
992	2	-9	18	-9	15.80
993	2	-9	17	-9	14.81
994	2	-9	17	-9	14.81
995	2	-9	17	-9	14.81
996	2	-8	17	-9	14.87
997	2	-8	17	-9	14.87
998	2	-8	17	-9	14.87
999	2	-9	17	-9	14.81
1000	3	-9	17	-9	13.83
1001	3	-9	17	-9	13.83
1002	3	-9	17	-9	13.83
1003	3	-9	17	-9	13.83
1004	3	-9	17	-9	13.83
1005	3	-9	17	-9	13.83
1006	3	-9	17	-9	13.83
1007	3	-9	17	-9	13.83
1008	4	-9	17	-9	12.84
1009	4	-9	17	-9	12.84
1010	4	-9	17	-9	12.84
1011	5	-9	17	-9	11.85
1012	5	-10	17	-9	11.88
1013	6	-10	17	-9	10.89
1014	6	-10	17	-9	10.89
1015	7	-10	17	-9	9.91
1016	7	-10	17	-9	9.91
1017	8	-10	17	-9	8.93
1018	9	-10	17	-9	7.95
1019	11	-10	17	-9	6.00
1020	12	-10	17	-9	5.03
1021	12	-10	17	-9	5.03
1022	13	-10	17	-9	4.07
1023	13	-10	17	-9	4.07
1024	14	-10	-15	-10	28.55
1025	14	-10	-15	-10	28.55
1026	15	-11	-16	-10	30.48
1027	15	-11	-16	-10	30.48
1028	16	-11	-17	-10	32.45
1029	16	-11	-17	-10	32.45
1030	17	-11	-18	-10	34.41
1031	17	-11	-18	-10	34.41
1032	17	-11	-19	-10	35.39
1033	18	-11	-19	-10	36.37
1034	17	-11	-20	-10	36.37
1035	18	-11	-20	-10	37.35
1036	17	-11	-21	-10	37.35
1037	17	-11	-21	-10	37.35
1038	17	-11	-22	-10	38.33
1039	17	-11	-22	-10	38.33
1040	17	-11	-23	-10	39.31
1041	17	-11	-24	-10	40.30
1042	17	-11	-24	-10	40.30
1043	17	-11	-25	-10	41.28
1044	18	-11	-25	-10	42.26
1045	18	-11	-26	-10	43.24
1046	18	-11	-26	-10	43.24
1047	18	-11	-27	-10	44.22
1048	18	-11	-27	-10	44.22
1049	18	-11	-28	-10	45.20
1050	18	-11	-28	-10	45.20
1051	18	-12	-29	-10	46.13
1052	18	-12	-29	-10	46.13
1053	18	-12	-30	-10	47.10
1054	18	-12	-30	-10	47.10
1055	18	-12	-31	-10	48.08
1056	18	-12	26	-11	7.90
1057	19	-11	26	-11	6.87
1058	20	-11	26	-11	5.89
1059	20	-10	27	-11	6.95
1060	22	-10	27	-11	5.02
1061	24	-9	27	-11	3.57
1062	26	-9	28	-11	2.81
1063	27	-9	28	-11	2.23
1064	28	-9	29	-11	2.23
1065	29	-9	29	-11	2.00
1066	29	-8	29	-11	3.00
1067	29	-8	30	-11	3.16
1068	28	-8	30	-11	3.59
1069	28	-8	30	-11	3.59
1070	27	-8	31	-11	4.96
1071	27	-8	31	-11	4.96
1072	27	-8	32	-11	5.77
1073	27	-8	32	-11	5.77
1074	27	-8	32	-11	5.77
1075	27	-8	33	-11	6.63
1076	27	-8	33	-11	6.63
1077	27	-8	33	-11	6.63
1078	27	-8	34	-11	7.53
1079	27	-8	34	-11	7.53
1080	28	-8	35	-11	7.53
1081	28	-8	35	-11	7.53
1082	28	-8	35	-11	7.53
1083	28	-8	36	-11	8.44
1084	28	-8	36	-11	8.44
1085	28	-8	36	-11	8.44
1086	28	-8	37	-11	9.37
1087	28	-8	37	-11	9.37
1088	28	-8	22	-14	8.41
1089	28	-8	22	-14	8.41
1090	28	-8	22	-14	8.41
1091	28	-8	22	-14	8.41
1092	28	-8	22	-14	8.41
1093	29	-8	22	-14	9.12
1094	29	-8	22	-14	9.12
1095	30	-8	22	-14	9.88
1096	30	-8	23	-14	9.12
1097	30	-8	23	-14	9.12
1098	30	-8	23	-14	9.12
1099	30	-8	23	-14	9.12
1100	30	-8	23	-14	9.12
1101	29	-8	23	-14	8.41
1102	29	-9	23	-14	7.72
1103	28	-10	23	-14	6.32
1104	28	-11	24	-15	5.58
1105	27	-12	24	-15	4.18
1106	26	-12	24	-15	3.58
1107	26	-13	24	-15	2.79
1108	25	-15	24	-15	0.97
1109	24	-16	24	-15	1.00
1110	24	-17	24	-15	2.00
1111	24	-18	24	-15	3.00
1112	23	-18	25	-15	3.56
1113	23	-19	25	-15	4.43
1114	23	-18	25	-15	3.56
1115	22	-19	25	-15	4.92
1116	22	-20	25	-15	5.76
1117	22	-20	25	-15	5.76
1118	22	-21	25	-15	6.64
1119	21	-21	25	-15	7.10
1120	21	-22	38	-4	24.41
1121	21	-23	38	-3	25.90
1122	20	-23	38	-3	26.53
1123	20	-23	38	-3	26.53
1124	20	-23	39	-3	27.18
1125	20	-23	39	-3	27.18
1126	19	-23	39	-3	27.84
1127	19	-24	40	-3	29.19
1128	20	-24	40	-3	28.53
1129	20	-24	40	-2	29.29
1130	20	-24	41	-2	29.94
1131	20	-24	41	-2	29.94
1132	20	-25	41	-2	30.64
1133	20	-24	42	-2	30.60
1134	20	-24	42	-2	30.60
1135	20	-25	42	-2	31.29
1136	20	-24	43	-2	31.28
1137	20	-25	43	-1	32.70
1138	20	-25	43	-1	32.70
1139	20	-25	43	-1	32.70
1140	20	-25	44	-1	33.36
1141	20	-25	44	-1	33.36
1142	20	-25	44	-1	33.36
1143	20	-25	45	-1	34.04
1144	20	-25	45	-1	34.04
1145	20	-25	45	0	34.78
1146	20	-25	46	0	35.45
1147	20	-25	46	0	35.45
1148	20	-26	46	0	36.12
1149	20	-25	47	0	36.15
1150	20	-25	47	0	36.15
1151	20	-25	47	0	36.15
1152	20	-25	14	-36	12.15
1153	21	-26	13	-36	12.11
1154	21	-26	13	-36	12.11
1155	21	-26	13	-37	12.93
1156	21	-26	13	-37	12.93
1157	21	-26	12	-38	14.20
1158	21	-26	12	-38	14.20
1159	21	-26	12	-39	15.03
1160	21	-26	12	-39	15.03
1161	21	-26	12	-39	15.03
1162	21	-26	11	-40	16.29
1163	21	-26	11	-40	16.29
1164	21	-26	11	-41	17.13
1165	21	-26	11	-41	17.13
1166	21	-26	10	-42	18.38
1167	21	-26	10	-42	18.38
1168	21	-26	10	-43	19.23
1169	21	-26	10	-43	19.23
1170	22	-26	10	-43	19.62
1171	22	-26	9	-44	20.85
1172	22	-26	9	-44	20.85
1173	23	-26	9	-45	22.08
1174	23	-26	9	-45	22.08
1175	23	-26	8	-46	23.30
1176	23	-26	8	-46	23.30
1177	23	-26	8	-46	23.30
1178	23	-26	8	-47	24.12
1179	23	-25	8	-47	25.03
1180	25	-25	7	-48	27.02
1181	26	-25	7	-48	27.44
1182	27	-25	7	-49	28.64
1183	28	-24	7	-49	29.95
1184	28	-24	19	-28	9.02
1185	28	-24	18	-28	9.83
1186	28	-24	18	-28	9.83
1187	28	-24	18	-28	9.83
1188	27	-24	18	-28	9.02
1189	27	-24	18	-28	9.02
1190	27	-24	18	-28	9.02
1191	27	-23	18	-28	9.53
1192	27	-23	18	-28	9.53
1193	28	-22	18	-28	10.86
1194	29	-22	18	-28	11.63
1195	30	-21	18	-29	13.49
1196	30	-20	18	-29	14.13
1197	31	-20	18	-29	14.84
1198	31	-20	18	-29	14.84
1199	31	-20	18	-29	14.84
1200	31	-20	18	-29	14.84
1201	31	-20	18	-29	14.84
1202	30	-20	18	-29	14.13
1203	30	-20	18	-29	14.13
1204	30	-20	18	-29	14.13
1205	30	-20	18	-29	14.13
1206	30	-20	18	-30	14.75
1207	30	-20	18	-30	14.75
1208	30	-20	18	-30	14.75
1209	30	-20	18	-30	14.75
1210	30	-20	18	-30	14.75
1211	30	-20	18	-30	14.75
1212	30	-20	18	-30	14.75
1213	30	-20	18	-30	14.75
1214	30	-20	18	-30	14.75
1215	29	-20	18	-30	14.10
1216	29	-20	36	-23	7.17
1217	28	-19	36	-22	8.07
1218	28	-19	36	-22	8.07
1219	28	-19	36	-22	8.07
1220	28	-19	37	-22	8.95
1221	27	-19	37	-22	9.83
1222	27	-18	37	-22	10.21
1223	26	-18	37	-22	11.08
1224	26	-18	38	-22	11.96
1225	25	-18	38	-22	12.85
1226	25	-18	38	-22	12.85
1227	24	-18	38	-22	13.74
1228	24	-18	39	-22	14.64
1229	24	-18	39	-22	14.64
1230	24	-18	39	-22	14.64
1231	24	-18	39	-22	14.64
1232	24	-18	40	-22	15.55
1233	24	-18	40	-22	15.55
1234	24	-18	40	-22	15.55
1235	24	-18	40	-22	15.55
1236	24	-18	41	-22	16.46
1237	24	-18	41	-22	16.46
1238	24	-19	41	-22	16.19
1239	23	-19	41	-22	17.11
1240	23	-19	42	-22	18.04
1241	23	-19	42	-22	18.04
1242	23	-19	42	-22	18.04
1243	23	-19	42	-22	18.04
1244	22	-19	43	-22	19.88
1245	22	-19	43	-22	19.88
1246	22	-19	43	-22	19.88
1247	21	-19	43	-22	20.81
1248	20	-19	30	-16	10.00
1249	20	-19	30	-15	10.36
1250	18	-19	30	-15	12.15
1251	18	-20	30	-15	12.48
1252	17	-20	30	-15	13.36
1253	17	-20	30	-15	13.36
1254	16	-20	30	-15	14.25
1255	15	-21	30	-15	15.46
1256	15	-21	30	-15	15.46
1257	14	-22	30	-14	17.17
1258	13	-22	30	-14	18.02
1259	12	-23	30	-14	19.27
1260	11	-23	30	-14	20.11
1261	10	-24	30	-14	21.35
1262	9	-24	30	-14	22.19
1263	8	-24	30	-14	23.04
1264	8	-24	30	-14	23.04
1265	7	-25	30	-13	24.78
1266	7	-25	30	-13	24.78
1267	7	-25	30	-13	24.78
1268	6	-25	30	-13	25.60
1269	6	-25	30	-13	25.60
1270	5	-25	30	-13	26.44
1271	5	-25	30	-13	26.44
1272	4	-25	30	-13	27.28
1273	4	-26	30	-12	28.20
1274	3	-26	30	-12	29.02
1275	2	-26	30	-12	29.84
1276	2	-26	30	-12	29.84
1277	2	-26	30	-12	29.84
1278	2	-26	30	-12	29.84
1279	2	-26	30	-12	29.84
1280	2	-26	11	-18	11.55
1281	2	-26	10	-17	11.67
1282	2	-26	10	-17	11.67
1283	2	-26	10	-17	11.67
1284	2	-26	9	-17	11.10
1285	2	-26	9	-17	11.10
1286	2	-26	9	-17	11.10
1287	2	-26	9	-17	11.10
1288	2	-26	8	-17	10.59
1289	2	-26	8	-17	10.59
1290	2	-26	8	-17	10.59
1291	2	-26	7	-17	10.13
1292	2	-26	7	-17	10.13
1293	2	-26	7	-17	10.13
1294	3	-26	7	-17	9.74
1295	3	-26	6	-17	9.42
1296	3	-26	6	-17	9.42
1297	3	-27	6	-17	10.38
1298	3	-27	5	-17	10.17
1299	3	-27	5	-17	10.17
1300	3	-27	5	-17	10.17
1301	3	-27	5	-17	10.17
1302	3	-27	4	-17	10.04
1303	3	-27	4	-17	10.04
1304	3	-27	4	-17	10.04
1305	3	-27	3	-17	10.00
1306	3	-27	3	-17	10.00
1307	3	-27	3	-17	10.00
1308	3	-27	3	-17	10.00
1309	3	-27	2	-17	10.04
1310	3	-27	2	-17	10.04
1311	3	-27	2	-17	10.04
1312	3	-27	-16	-33	17.48
1313	3	-27	-16	-33	17.48
1314	3	-27	-17	-33	18.29
1315	3	-27	-17	-33	18.29
1316	3	-27	-18	-33	19.11
1317	3	-27	-18	-34	19.35
1318	3	-27	-19	-34	20.16
1319	3	-28	-19	-34	19.74
1320	2	-28	-20	-34	19.74
1321	2	-28	-21	-34	20.56
1322	2	-28	-21	-35	20.76
1323	2	-28	-22	-35	21.56
1324	2	-28	-22	-35	21.56
1325	2	-28	-23	-35	22.36
1326	2	-28	-23	-36	22.58
1327	2	-28	-24	-36	23.37
1328	2	-28	-25	-36	24.16
1329	2	-28	-25	-36	24.16
1330	2	-28	-26	-36	24.95
1331	2	-28	-26	-37	25.16
1332	2	-28	-27	-37	25.94
1333	2	-27	-27	-37	26.42
1334	2	-27	-28	-37	27.19
1335	2	-28	-28	-38	26.93
1336	2	-28	-29	-38	27.70
1337	2	-29	-30	-38	28.00
1338	2	-29	-30	-38	28.00
1339	2	-29	-31	-38	28.78
1340	2	-29	-31	-39	28.94
1341	2	-29	-32	-39	29.70
1342	2	-29	-32	-39	29.70
1343	1	-29	-33	-39	29.70
1344	1	-29	4	-28	2.82
1345	1	-29	4	-28	2.82
1346	1	-29	4	-28	2.82
1347	1	-28	4	-28	2.65
1348	1	-28	4	-28	2.65
1349	1	-27	4	-28	2.84
1350	1	-27	4	-28	2.84
1351	1	-26	4	-28	3.34
1352	1	-26	4	-28	3.34
1353	1	-26	4	-28	3.34
1354	1	-26	4	-28	3.34
1355	1	-26	4	-28	3.34
1356	1	-26	4	-28	3.34
1357	1	-26	4	-28	3.34
1358	1	-26	4	-28	3.34
1359	1	-26	4	-28	3.34
1360	1	-26	4	-28	3.34
1361	1	-26	4	-28	3.34
1362	1	-26	4	-28	3.34
1363	1	-25	4	-28	4.03
1364	0	-24	4	-28	5.38
1365	1	-24	4	-28	4.82
1366	1	-24	4	-28	4.82
1367	1	-25	4	-28	4.03
1368	1	-25	4	-28	4.03
1369	1	-26	4	-28	3.34
1370	1	-27	4	-28	2.84
1371	1	-27	4	-28	2.84
1372	1	-28	4	-28	2.65
1373	1	-28	4	-28	2.65
1374	1	-28	4	-28	2.65
1375	1	-28	4	-28	2.65
1376	1	-28	-1	-31	3.47
1377	1	-29	-1	-31	2.65
1378	0	-31	-1	-31	0.86
1379	0	-34	-1	-31	3.12
1380	0	-35	-1	-31	4.09
1381	0	-36	-1	-31	5.07
1382	0	-36	-1	-31	5.07
1383	0	-36	-1	-31	5.07
1384	0	-36	-1	-31	5.07
1385	0	-37	-1	-31	6.06
1386	0	-37	-1	-31	6.06
1387	0	-37	-1	-31	6.06
1388	0	-36	-1	-31	5.07
1389	0	-36	-1	-31	5.07
1390	0	-36	-1	-31	5.07
1391	0	-36	-1	-31	5.07
1392	0	-36	-2	-32	4.33
1393	0	-35	-2	-32	3.43
1394	0	-34	-2	-32	2.61
1395	0	-33	-2	-32	1.96
1396	1	-32	-2	-32	2.54
1397	1	-30	-2	-32	3.26
1398	1	-29	-2	-32	3.96
1399	1	-27	-2	-32	5.64
1400	1	-25	-2	-32	7.48
1401	1	-24	-2	-32	8.43
1402	1	-22	-2	-32	10.35
1403	1	-20	-2	-32	12.30
1404	0	-19	-2	-32	13.12
1405	0	-18	-2	-32	14.12
1406	0	-17	-2	-32	15.11
1407	0	-17	-2	-32	15.11
1408	0	-16	1	-27	11.04
1409	0	-15	1	-26	11.04
1410	0	-14	1	-26	12.04
1411	0	-14	1	-26	12.04
1412	1	-14	1	-26	12.00
1413	1	-14	1	-26	12.00
1414	1	-13	1	-26	13.00
1415	1	-13	1	-26	13.00
1416	1	-13	1	-26	13.00
1417	0	-12	1	-26	14.03
1418	0	-12	1	-26	14.03
1419	0	-12	1	-26	14.03
1420	0	-12	1	-26	14.03
1421	0	-12	1	-26	14.03
1422	1	-12	1	-26	14.00
1423	1	-12	1	-26	14.00
1424	1	-12	1	-26	14.00
1425	1	-12	1	-26	14.00
1426	1	-12	1	-26	14.00
1427	0	-12	1	-26	14.03
1428	0	-12	1	-26	14.03
1429	0	-13	1	-26	13.03
1430	-2	-13	1	-26	13.30
1431	-3	-12	1	-26	14.50
1432	-4	-13	1	-26	13.82
1433	-6	-13	1	-26	14.57
1434	-7	-13	1	-26	15.02
1435	-7	-13	1	-26	15.02
1436	-8	-13	1	-26	15.51
1437	-8	-13	1	-26	15.51
1438	-8	-12	1	-26	16.37
1439	-8	-12	1	-26	16.37
1440	-8	-12	-1	-4	10.58
1441	-8	-12	-1	-3	11.36
1442	-8	-11	-1	-3	10.59
1443	-8	-11	-1	-2	11.37
1444	-8	-11	-1	-2	11.37
1445	-8	-11	-1	-2	11.37
1446	-8	-10	-1	-1	11.38
1447	-8	-10	-1	-1	11.38
1448	-9	-10	-1	-1	12.01
1449	-9	-9	-1	0	12.02
1450	-9	-9	-1	0	12.02
1451	-9	-9	-1	0	12.02
1452	-10	-9	-1	0	12.70
1453	-9	-8	-1	0	11.30
1454	-9	-8	-1	1	12.03
1455	-9	-8	-1	1	12.03
1456	-9	-8	-1	2	12.79
1457	-9	-8	-1	2	12.79
1458	-9	-8	-1	2	12.79
1459	-9	-8	-1	3	13.59
1460	-9	-8	-1	3	13.59
1461	-9	-8	-1	3	13.59
1462	-9	-8	-1	4	14.41
1463	-9	-9	-1	4	15.25
1464	-9	-9	-1	5	16.11
1465	-9	-9	-1	5	16.11
1466	-9	-9	-1	5	16.11
1467	-9	-9	-1	6	16.99
1468	-10	-9	-1	6	17.48
1469	-10	-10	-1	6	18.34
1470	-10	-10	-1	7	19.22
1471	-10	-10	-1	7	19.22
1472	-10	-10	-16	-8	6.25
1473	-10	-10	-16	-7	6.65
1474	-10	-10	-16	-7	6.65
1475	-10	-10	-16	-7	6.65
1476	-10	-10	-17	-7	7.54
1477	-10	-10	-17	-7	7.54
1478	-10	-11	-17	-7	7.99
1479	-10	-11	-17	-7	7.99
1480	-10	-11	-18	-7	8.85
1481	-10	-11	-18	-6	9.36
1482	-10	-11	-18	-6	9.36
1483	-10	-11	-18	-6	9.36
1484	-11	-12	-19	-6	9.92
1485	-11	-12	-19	-6	9.92
1486	-11	-12	-19	-6	9.92
1487	-11	-12	-19	-6	9.92
1488	-11	-12	-20	-6	10.72
1489	-11	-13	-20	-5	11.95
1490	-11	-13	-20	-5	11.95
1491	-11	-13	-20	-5	11.95
1492	-11	-13	-21	-5	12.70
1493	-11	-13	-21	-5	12.70
1494	-11	-13	-21	-5	12.70
1495	-11	-13	-21	-5	12.70
1496	-12	-13	-22	-5	12.70
1497	-12	-14	-22	-4	14.05
1498	-12	-14	-22	-4	14.05
1499	-13	-14	-22	-4	13.37
1500	-13	-14	-23	-4	14.05
1501	-13	-14	-23	-4	14.05
1502	-13	-14	-23	-4	14.05
1503	-13	-14	-23	-4	14.05
1504	-12	-14	-12	-8	6.00
1505	-12	-15	-12	-7	8.00
1506	-12	-15	-12	-7	8.00
1507	-12	-15	-12	-7	8.00
1508	-11	-15	-12	-7	8.06
1509	-11	-15	-12	-7	8.06
1510	-11	-16	-12	-7	9.05
1511	-10	-16	-12	-7	9.21
1512	-10	-16	-12	-7	9.21
1513	-9	-17	-12	-7	10.42
1514	-9	-17	-12	-7	10.42
1515	-9	-17	-12	-7	10.42
1516	-8	-17	-12	-7	10.74
1517	-8	-18	-12	-7	11.67
1518	-8	-18	-12	-7	11.67
1519	-8	-18	-12	-7	11.67
1520	-8	-18	-13	-7	12.03
1521	-8	-19	-13	-6	13.88
1522	-7	-19	-13	-6	14.25
1523	-7	-19	-13	-6	14.25
1524	-7	-19	-13	-6	14.25
1525	-7	-20	-13	-6	15.17
1526	-7	-20	-13	-6	15.17
1527	-7	-20	-13	-6	15.17
1528	-7	-20	-13	-6	15.17
1529	-6	-20	-13	-6	15.56
1530	-6	-20	-13	-6	15.56
1531	-6	-20	-13	-6	15.56
1532	-5	-20	-13	-6	16.01
1533	-5	-19	-13	-6	15.16
1534	-5	-19	-13	-6	15.16
1535	-4	-19	-13	-6	15.68
1536	-4	-19	-14	-18	9.53
1537	-4	-18	-14	-18	9.51
1538	-4	-18	-14	-18	9.51
1539	-3	-17	-14	-18	10.54
1540	-3	-16	-14	-18	10.71
1541	-3	-16	-14	-18	10.71
1542	-3	-15	-14	-18	10.96
1543	-3	-14	-14	-18	11.30
1544	-2	-14	-14	-19	12.54
1545	-2	-13	-14	-19	13.00
1546	-2	-13	-14	-19	13.00
1547	-1	-13	-14	-19	13.85
1548	-1	-13	-14	-19	13.85
1549	-1	-13	-14	-19	13.85
1550	-1	-12	-14	-19	14.34
1551	-1	-12	-14	-19	14.34
1552	-1	-12	-15	-20	15.64
1553	0	-11	-15	-20	17.01
1554	0	-11	-15	-20	17.01
1555	0	-10	-15	-20	17.58
1556	0	-10	-15	-20	17.58
1557	0	-9	-15	-20	18.19
1558	0	-9	-15	-20	18.19
1559	0	-8	-15	-20	18.84
1560	0	-7	-15	-21	20.16
1561	0	-6	-15	-21	20.89
1562	0	-5	-15	-21	21.63
1563	0	-5	-15	-21	21.63
1564	0	-5	-15	-21	21.63
1565	0	-4	-15	-21	22.40
1566	0	-4	-15	-21	22.40
1567	0	-4	-15	-21	22.40
1568	0	-3	4	-24	21.35
1569	0	-3	4	-24	21.35
1570	0	-2	4	-24	22.34
1571	0	-2	4	-24	22.34
1572	0	-1	5	-24	23.50
1573	0	0	5	-24	24.49
1574	0	0	5	-24	24.49
1575	0	0	5	-25	25.46
1576	0	0	6	-25	25.66
1577	0	0	6	-25	25.66
1578	0	0	6	-25	25.66
1579	0	0	6	-25	25.66
1580	0	0	7	-25	25.90
1581	0	0	7	-26	26.86
1582	0	0	7	-26	26.86
1583	0	-1	7	-26	25.89
1584	0	-1	8	-26	26.16
1585	0	-2	8	-26	25.20
1586	0	-2	8	-26	25.20
1587	0	-2	8	-26	25.20
1588	-1	-2	9	-27	26.78
1589	-1	-2	9	-27	26.78
1590	-1	-2	9	-27	26.78
1591	-1	-3	9	-27	25.84
1592	-1	-3	10	-27	26.21
1593	-1	-3	10	-27	26.21
1594	-1	-3	10	-28	27.11
1595	0	-3	10	-28	26.76
1596	0	-3	11	-28	27.11
1597	-1	-3	11	-28	27.50
1598	-1	-3	11	-28	27.50
1599	-1	-2	11	-28	28.42
1600	-1	-3	4	13	16.75
1601	-1	-2	4	13	15.80
1602	-1	-3	4	14	17.71
1603	-1	-3	4	14	17.71
1604	-1	-3	4	15	18.67
1605	-1	-3	4	15	18.67
1606	-1	-3	4	16	19.63
1607	-1	-3	4	16	19.63
1608	-2	-4	5	17	22.11
1609	-2	-5	5	17	23.06
1610	-2	-5	5	18	24.01
1611	-3	-6	5	18	25.27
1612	-3	-7	5	19	27.17
1613	-3	-9	5	19	29.09
1614	-4	-9	5	20	30.32
1615	-4	-9	5	20	30.32
1616	-4	-11	6	21	33.48
1617	-4	-12	6	21	34.43
1618	-5	-14	6	22	37.58
1619	-6	-16	6	22	39.78
1620	-7	-17	6	23	41.97
1621	-7	-17	6	23	41.97
1622	-7	-17	6	24	42.92
1623	-7	-16	6	24	41.97
1624	-7	-16	7	25	43.21
1625	-7	-17	7	25	44.16
1626	-7	-16	7	26	44.15
1627	-7	-17	7	26	45.10
1628	-7	-16	7	27	45.10
1629	-7	-17	7	27	46.05
1630	-7	-17	7	28	47.00
1631	-7	-17	7	28	47.00
1632	-8	-17	-2	-3	15.19
1633	-8	-17	-2	-3	15.19
1634	-8	-17	-2	-3	15.19
1635	-8	-17	-2	-3	15.19
1636	-9	-17	-2	-3	15.60
1637	-9	-17	-2	-3	15.60
1638	-10	-17	-2	-3	16.05
1639	-11	-17	-2	-3	16.56
1640	-11	-18	-2	-3	17.40
1641	-12	-18	-2	-3	17.92
1642	-12	-18	-2	-3	17.92
1643	-11	-18	-2	-3	17.40
1644	-11	-18	-2	-3	17.40
1645	-11	-18	-2	-3	17.40
1646	-11	-18	-2	-3	17.40
1647	-11	-18	-2	-3	17.40
1648	-12	-18	-2	-3	17.92
1649	-12	-19	-2	-3	18.75
1650	-12	-19	-2	-3	18.75
1651	-13	-19	-2	-3	19.28
1652	-13	-19	-2	-3	19.28
1653	-14	-19	-2	-3	19.84
1654	-14	-19	-2	-3	19.84
1655	-14	-19	-2	-3	19.84
1656	-14	-19	-2	-3	19.84
1657	-14	-19	-2	-3	19.84
1658	-14	-19	-2	-3	19.84
1659	-15	-19	-2	-3	20.44
1660	-15	-19	-2	-3	20.44
1661	-15	-19	-2	-3	20.44
1662	-15	-19	-2	-3	20.44
1663	-15	-18	-2	-3	19.68
1664	-15	-18	-15	-31	13.00
1665	-14	-18	-15	-31	13.03
1666	-14	-18	-15	-31	13.03
1667	-14	-18	-15	-32	14.03
1668	-14	-18	-15	-32	14.03
1669	-14	-18	-16	-33	15.11
1670	-14	-18	-16	-33	15.11
1671	-14	-18	-16	-34	16.10
1672	-14	-18	-16	-34	16.10
1673	-14	-18	-16	-34	16.10
1674	-14	-17	-17	-35	18.20
1675	-14	-17	-17	-35	18.20
1676	-14	-17	-17	-36	19.19
1677	-14	-17	-17	-36	19.19
1678	-14	-16	-18	-37	21.30
1679	-14	-16	-18	-37	21.30
1680	-14	-16	-18	-38	22.28
1681	-15	-16	-18	-38	22.16
1682	-15	-16	-18	-38	22.16
1683	-15	-15	-19	-39	24.26
1684	-15	-15	-19	-39	24.26
1685	-15	-15	-19	-40	25.24
1686	-15	-15	-19	-40	25.24
1687	-15	-15	-20	-41	26.36
1688	-15	-15	-20	-41	26.36
1689	-15	-15	-20	-41	26.36
1690	-15	-15	-20	-42	27.34
1691	-15	-15	-20	-42	27.34
1692	-15	-15	-21	-43	28.47
1693	-15	-15	-21	-43	28.47
1694	-14	-15	-21	-44	29.61
1695	-14	-15	-21	-44	29.61
1696	-14	-15	-22	-19	8.63
1697	-14	-15	-22	-19	8.63
1698	-14	-15	-22	-19	8.63
1699	-14	-15	-22	-19	8.63
1700	-14	-15	-22	-19	8.63
1701	-14	-15	-23	-19	9.49
1702	-14	-15	-23	-19	9.49
1703	-14	-14	-23	-19	9.97
1704	-14	-14	-23	-19	9.97
1705	-14	-14	-23	-19	9.97
1706	-14	-14	-24	-19	10.81
1707	-13	-14	-24	-19	11.67
1708	-13	-14	-24	-19	11.67
1709	-13	-14	-24	-19	11.67
1710	-13	-14	-25	-19	12.54
1711	-13	-14	-25	-19	12.54
1712	-13	-14	-25	-19	12.54
1713	-13	-14	-25	-19	12.54
1714	-12	-13	-25	-19	13.85
1715	-12	-12	-26	-19	15.19
1716	-11	-11	-26	-19	16.54
1717	-10	-11	-26	-19	17.39
1718	-10	-10	-26	-19	17.90
1719	-9	-9	-27	-19	20.10
1720	-8	-9	-27	-19	20.94
1721	-8	-8	-27	-19	21.47
1722	-8	-8	-27	-19	21.47
1723	-8	-8	-27	-19	21.47
1724	-8	-7	-28	-19	22.85
1725	-7	-7	-28	-19	23.68
1726	-7	-7	-28	-19	23.68
1727	-7	-6	-28	-19	24.23
1728	-7	-6	-13	-12	8.43
1729	-7	-6	-12	-11	7.03
1730	-7	-6	-12	-11	7.03
1731	-7	-6	-12	-11	7.03
1732	-7	-6	-12	-11	7.03
1733	-7	-6	-12	-11	7.03
1734	-6	-6	-12	-11	7.76
1735	-6	-6	-12	-11	7.76
1736	-6	-5	-12	-11	8.44
1737	-6	-5	-12	-11	8.44
1738	-6	-5	-12	-11	8.44
1739	-6	-5	-12	-10	7.77
1740	-6	-5	-12	-10	7.77
1741	-6	-5	-12	-10	7.77
1742	-6	-5	-12	-10	7.77
1743	-6	-5	-12	-10	7.77
1744	-6	-5	-12	-10	7.77
1745	-6	-5	-12	-10	7.77
1746	-6	-5	-12	-10	7.77
1747	-5	-5	-12	-10	8.55
1748	-5	-4	-12	-10	9.18
1749	-5	-4	-12	-10	9.18
1750	-5	-4	-12	-9	8.56
1751	-5	-4	-12	-9	8.56
1752	-5	-3	-12	-9	9.19
1753	-5	-1	-12	-9	10.61
1754	-5	0	-12	-9	11.38
1755	-4	1	-12	-9	12.79
1756	-5	2	-12	-9	13.03
1757	-5	3	-12	-9	13.88
1758	-5	3	-12	-9	13.88
1759	-5	4	-12	-9	14.75
1760	-5	4	0	3	5.09
1761	-5	5	0	3	5.37
1762	-5	5	0	3	5.37
1763	-5	5	0	3	5.37
1764	-5	6	0	4	5.37
1765	-5	6	1	4	6.30
1766	-5	7	1	4	6.68
1767	-5	7	1	4	6.68
1768	-6	7	1	5	7.24
1769	-6	7	1	5	7.24
1770	-6	7	2	5	8.20
1771	-6	7	2	6	8.01
1772	-6	7	2	6	8.01
1773	-6	7	2	6	8.01
1774	-6	7	3	6	9.00
1775	-6	7	3	7	8.93
1776	-6	7	3	7	8.93
1777	-6	7	3	7	8.93
1778	-6	7	3	8	8.98
1779	-5	7	4	8	8.98
1780	-5	7	4	8	8.98
1781	-5	7	4	8	8.98
1782	-5	7	4	9	9.13
1783	-5	7	5	9	10.10
1784	-5	7	5	9	10.10
1785	-5	7	5	10	10.33
1786	-5	7	5	10	10.33
1787	-6	7	5	10	11.28
1788	-6	7	6	10	12.24
1789	-6	7	6	11	12.51
1790	-6	6	6	11	12.87
1791	-5	6	6	11	11.97
