frame_id	phi	theta	est_phi	est_theta	err_phi	err_theta	speed	err_ang
0	88	0	0	0	88.00
1	89	0	0	0	89.00
2	89	0	0	0	89.00
3	89	0	0	0	89.00
4	89	0	0	0	89.00
5	89	0	0	0	89.00
6	90	0	0	0	90.00
7	90	0	0	0	90.00
8	90	0	0	0	90.00
9	90	-1	0	0	90.00
10	91	-1	0	0	91.00
11	91	-1	0	0	91.00
12	91	-1	0	0	91.00
13	92	-1	0	0	92.00
14	92	-1	0	0	92.00
15	93	0	0	0	93.00
16	93	0	0	0	93.00
17	94	0	0	0	94.00
18	95	0	0	0	95.00
19	96	0	0	0	96.00
20	97	0	0	0	97.00
21	97	0	0	0	97.00
22	98	0	0	0	98.00
23	99	0	0	0	99.00
24	99	0	0	0	99.00
25	100	0	0	0	100.00
26	100	1	0	0	100.00
27	101	0	0	0	101.00
28	101	0	0	0	101.00
29	101	0	0	0	101.00
30	101	0	0	0	101.00
31	101	0	0	0	101.00
32	100	0	88	0	12.00
33	100	0	88	0	12.00
34	99	0	88	0	11.00
35	99	0	88	0	11.00
36	99	0	88	0	11.00
37	98	0	88	0	10.00
38	98	0	88	0	10.00
39	98	0	88	0	10.00
40	98	0	88	0	10.00
41	98	0	88	0	10.00
42	98	0	88	0	10.00
43	98	1	88	0	10.05
44	97	1	88	0	9.05
45	97	1	88	0	9.05
46	96	1	88	0	8.06
47	96	1	88	0	8.06
48	96	1	88	0	8.06
49	96	1	88	0	8.06
50	95	1	88	0	7.07
51	95	1	88	0	7.07
52	94	2	88	0	6.32
53	94	2	88	0	6.32
54	94	2	88	0	6.32
55	93	2	88	0	5.38
56	93	3	88	0	5.83
57	92	3	88	0	5.00
58	92	4	88	0	5.65
59	91	3	88	0	4.24
60	91	3	88	0	4.24
61	91	3	88	0	4.24
62	90	3	88	0	3.61
63	89	3	88	0	3.16
64	89	3	112	0	23.18
65	88	2	112	0	24.08
66	87	2	112	0	25.07
67	86	2	113	0	27.07
68	86	2	113	0	27.07
69	86	2	113	0	27.07
70	85	3	114	0	29.14
71	85	3	114	0	29.14
72	85	3	115	0	30.14
73	85	3	115	0	30.14
74	85	3	115	0	30.14
75	85	2	116	0	31.06
76	85	2	116	0	31.06
77	85	2	116	0	31.06
78	86	2	117	0	31.06
79	86	2	117	0	31.06
80	86	2	118	0	32.06
81	86	2	118	0	32.06
82	87	2	118	0	31.06
83	87	2	119	0	32.06
84	87	2	119	0	32.06
85	87	2	119	0	32.06
86	87	1	120	0	33.01
87	88	1	120	0	32.01
88	88	1	121	0	33.01
89	88	1	121	0	33.01
90	88	1	121	0	33.01
91	88	1	122	0	34.01
92	88	0	122	0	34.00
93	88	0	122	0	34.00
94	89	0	123	0	34.00
95	89	0	123	0	34.00
96	89	0	78	6	12.51
97	89	0	77	6	13.40
98	90	0	77	6	14.30
99	90	0	76	6	15.21
100	90	0	76	6	15.21
101	90	0	76	6	15.21
102	91	1	75	6	16.73
103	91	1	75	6	16.73
104	91	0	75	6	17.06
105	92	0	74	6	18.94
106	92	0	74	6	18.94
107	93	0	74	7	20.20
108	93	0	73	7	21.14
109	93	0	73	7	21.14
110	93	0	73	7	21.14
111	93	0	72	7	22.09
112	94	0	72	7	23.03
113	94	0	72	7	23.03
114	95	0	71	7	24.94
115	95	0	71	7	24.94
116	96	0	71	7	25.90
117	96	0	70	7	26.86
118	97	0	70	8	28.07
119	97	0	70	8	28.07
120	97	0	69	8	29.03
121	97	-1	69	8	29.33
122	97	-1	69	8	29.33
123	97	-1	68	8	30.28
124	97	-1	68	8	30.28
125	97	-1	68	8	30.28
126	97	-1	67	8	31.24
127	97	-1	67	8	31.24
128	97	-1	89	-3	8.24
129	97	-1	89	-3	8.24
130	97	-1	89	-3	8.24
131	98	-1	89	-3	9.21
132	98	-1	89	-3	9.21
133	99	-1	89	-3	10.19
134	98	-1	89	-3	9.21
135	97	-2	89	-3	8.05
136	97	-3	89	-3	7.99
137	98	-3	89	-3	8.99
138	98	-2	89	-3	9.05
139	98	-3	89	-4	9.04
140	98	-2	89	-4	9.21
141	98	-3	89	-4	9.04
142	98	-3	89	-4	9.04
143	98	-3	89	-4	9.04
144	98	-4	89	-4	8.98
145	98	-4	89	-4	8.98
146	98	-4	89	-4	8.98
147	99	-5	89	-4	10.02
148	99	-4	89	-4	9.98
149	99	-4	89	-4	9.98
150	98	-3	89	-5	9.20
151	98	-2	89	-5	9.47
152	97	-2	89	-5	8.53
153	96	-1	89	-5	8.05
154	96	-2	89	-5	7.60
155	96	-2	89	-5	7.60
156	96	-2	89	-5	7.60
157	96	-2	89	-5	7.60
158	97	-2	89	-5	8.53
159	97	-2	89	-5	8.53
160	97	-2	105	-2	8.00
161	97	-1	105	-2	8.06
162	97	-1	105	-2	8.06
163	97	-2	105	-2	8.00
164	98	-2	106	-2	8.00
165	98	-2	106	-2	8.00
166	97	-2	106	-2	8.99
167	97	-2	106	-2	8.99
168	98	-2	107	-2	8.99
169	98	-1	107	-2	9.05
170	98	-1	107	-2	9.05
171	98	0	107	-2	9.22
172	98	0	108	-2	10.20
173	98	0	108	-2	10.20
174	98	0	108	-2	10.20
175	97	0	108	-2	11.18
176	96	0	109	-2	13.15
177	96	0	109	-2	13.15
178	95	0	109	-2	14.14
179	95	0	109	-2	14.14
180	94	0	110	-2	16.12
181	94	0	110	-2	16.12
182	95	1	110	-2	15.29
183	95	1	110	-2	15.29
184	95	1	111	-2	16.28
185	95	1	111	-2	16.28
186	95	1	111	-2	16.28
187	95	0	111	-2	16.12
188	95	0	112	-2	17.11
189	95	0	112	-2	17.11
190	95	0	112	-2	17.11
191	96	0	112	-2	16.12
192	96	0	97	-3	3.16
193	96	0	97	-3	3.16
194	96	0	97	-3	3.16
195	96	0	97	-3	3.16
196	96	0	97	-3	3.16
197	96	0	97	-3	3.16
198	96	0	97	-3	3.16
199	96	0	97	-3	3.16
200	97	0	97	-3	3.00
201	97	-1	97	-3	2.00
202	97	-1	97	-3	2.00
203	97	-1	97	-3	2.00
204	97	0	97	-3	3.00
205	97	0	97	-3	3.00
206	97	0	97	-3	3.00
207	97	0	97	-3	3.00
208	98	-1	97	-3	2.24
209	98	0	97	-3	3.16
210	98	0	97	-3	3.16
211	98	0	97	-3	3.16
212	98	0	97	-3	3.16
213	98	-1	97	-3	2.24
214	98	-1	97	-3	2.24
215	98	-1	97	-3	2.24
216	97	-1	97	-3	2.00
217	97	-1	97	-3	2.00
218	97	-1	97	-3	2.00
219	97	-1	97	-3	2.00
220	97	-1	97	-3	2.00
221	97	-1	97	-3	2.00
222	97	-1	97	-3	2.00
223	96	-1	97	-3	2.24
224	96	-1	95	2	3.16
225	96	-1	94	2	3.61
226	95	-2	94	2	4.12
227	95	-2	94	2	4.12
228	95	-2	94	2	4.12
229	95	-1	94	2	3.16
230	94	-1	94	2	3.00
231	94	0	94	2	2.00
232	94	0	94	2	2.00
233	93	0	94	2	2.24
234	93	0	94	2	2.24
235	92	0	94	2	2.83
236	91	0	94	2	3.61
237	91	0	94	2	3.61
238	90	0	94	2	4.47
239	90	0	94	2	4.47
240	89	0	94	3	5.83
241	88	0	94	3	6.71
242	87	1	94	3	7.28
243	85	2	94	3	9.05
244	84	2	94	3	10.04
245	82	3	94	3	11.98
246	80	3	94	3	13.98
247	79	3	94	3	14.98
248	78	3	94	3	15.98
249	77	3	94	3	16.98
250	76	3	94	3	17.98
251	75	4	94	3	18.99
252	75	4	94	3	18.99
253	74	5	94	3	20.05
254	73	5	94	3	21.04
255	73	6	94	3	21.15
256	72	8	96	-2	25.94
257	71	9	96	-2	27.23
258	71	10	96	-2	27.63
259	71	11	96	-2	28.06
260	71	11	96	-2	28.06
261	71	12	96	-2	28.51
262	70	12	96	-2	29.38
263	70	12	96	-2	29.38
264	70	12	96	-2	29.38
265	70	11	96	-2	28.95
266	70	11	96	-2	28.95
267	70	10	96	-2	28.53
268	70	10	96	-2	28.53
269	69	9	96	-2	29.07
270	69	9	96	-2	29.07
271	68	9	96	-2	29.99
272	68	9	96	-2	29.99
273	67	9	96	-2	30.92
274	67	9	96	-2	30.92
275	66	9	96	-2	31.86
276	66	9	96	-2	31.86
277	65	9	96	-2	32.79
278	65	8	96	-2	32.49
279	65	8	96	-2	32.49
280	64	8	96	-2	33.44
281	63	7	96	-2	34.14
282	62	7	96	-2	35.10
283	62	6	96	-2	34.88
284	61	7	96	-2	36.07
285	60	7	96	-2	37.04
286	59	7	96	-2	38.01
287	58	7	96	-2	38.98
288	57	7	48	17	13.31
289	56	7	47	17	13.31
290	55	6	46	17	14.09
291	53	6	45	17	13.50
292	52	5	45	18	14.69
293	50	5	44	18	14.26
294	49	5	43	18	14.26
295	47	5	42	18	13.89
296	46	5	42	19	14.53
297	45	5	41	19	14.53
298	44	5	40	19	14.53
299	42	5	39	20	15.28
300	41	4	39	20	16.12
301	40	4	38	20	16.12
302	38	4	37	20	16.03
303	37	4	36	21	17.03
304	36	4	36	21	17.00
305	35	3	35	21	18.00
306	33	3	34	22	19.02
307	33	3	33	22	19.00
308	32	3	33	22	19.02
309	31	3	32	22	19.02
310	30	3	31	23	20.02
311	29	3	30	23	20.02
312	29	3	30	23	20.02
313	28	3	29	24	21.02
314	28	3	28	24	21.00
315	27	4	27	24	20.00
316	26	4	27	24	20.02
317	25	4	26	25	21.02
318	24	4	25	25	21.02
319	23	4	24	25	21.02
320	21	4	42	6	21.01
321	19	4	41	5	21.95
322	17	4	41	5	23.95
323	15	3	40	5	25.02
324	13	3	40	5	27.01
325	11	2	39	5	28.10
326	9	2	39	5	30.09
327	8	2	38	5	30.09
328	7	1	38	5	31.21
329	6	1	37	5	31.21
330	5	1	37	5	32.20
331	4	0	36	5	32.35
332	4	0	36	5	32.35
333	3	0	35	5	32.35
334	3	0	35	5	32.35
335	3	0	34	5	31.36
336	4	0	34	5	30.38
337	5	0	34	5	29.39
338	7	1	33	5	26.26
339	9	2	33	5	24.14
340	12	2	32	5	20.18
341	15	2	32	5	17.23
342	19	1	31	5	12.63
343	22	1	31	5	9.84
344	25	0	30	5	7.07
345	29	0	30	5	5.10
346	31	0	29	5	5.38
347	34	0	29	5	7.07
348	37	0	28	5	10.29
349	39	0	28	5	12.07
350	42	0	27	5	15.79
351	44	-1	27	5	18.01
352	46	-1	-15	1	61.03
353	49	-1	-16	0	65.00
354	51	-1	-17	0	68.00
355	53	-1	-18	0	71.00
356	54	-1	-19	0	73.00
357	56	-1	-20	0	76.00
358	57	-1	-21	0	78.00
359	58	-1	-22	0	80.00
360	59	-1	-24	0	83.00
361	60	-1	-25	0	85.00
362	61	-1	-26	0	87.00
363	62	-2	-27	0	89.00
364	63	-2	-28	0	91.00
365	64	-2	-29	0	93.00
366	65	-2	-30	0	95.00
367	67	-2	-31	0	98.00
368	69	-2	-33	0	101.99
369	70	-2	-34	0	103.99
370	72	-2	-35	0	106.99
371	73	-2	-36	0	108.99
372	75	-2	-37	0	111.99
373	77	-2	-38	0	114.98
374	78	-2	-39	-1	116.94
375	80	-2	-40	-1	119.93
376	82	-3	-42	-1	123.88
377	84	-3	-43	-1	126.87
378	86	-3	-44	-1	129.86
379	88	-3	-45	-1	132.85
380	90	-4	-46	-1	135.75
381	91	-4	-47	-1	137.73
382	93	-4	-48	-1	140.71
383	95	-4	-49	-1	143.68
384	96	-4	71	-6	24.98
385	98	-4	71	-6	26.97
386	99	-4	72	-6	26.97
387	100	-4	73	-6	26.97
388	102	-4	74	-6	27.96
389	103	-4	74	-6	28.95
390	104	-4	75	-6	28.95
391	106	-4	76	-7	30.01
392	107	-4	77	-7	30.01
393	108	-4	78	-7	30.01
394	109	-4	78	-7	31.00
395	111	-4	79	-7	31.99
396	112	-4	80	-7	31.99
397	113	-4	81	-8	32.06
398	115	-4	81	-8	34.04
399	116	-4	82	-8	34.04
400	118	-4	83	-8	35.02
401	119	-4	84	-8	35.02
402	121	-3	85	-8	36.16
403	122	-3	85	-8	37.15
404	124	-3	86	-9	38.24
405	125	-3	87	-9	38.24
406	126	-3	88	-9	38.24
407	128	-3	88	-9	40.20
408	129	-3	89	-9	40.20
409	130	-3	90	-9	40.20
410	132	-3	91	-10	41.30
411	133	-3	92	-10	41.30
412	134	-3	92	-10	42.27
413	136	-3	93	-10	43.25
414	137	-3	94	-10	43.25
415	139	-3	95	-10	44.23
416	140	-3	146	-7	7.19
417	142	-3	147	-7	6.39
418	143	-3	149	-7	7.19
419	144	-3	150	-7	7.19
420	145	-3	152	-7	8.04
421	146	-3	153	-7	8.04
422	147	-3	155	-7	8.92
423	149	-3	156	-7	8.04
424	150	-2	158	-7	9.41
425	151	-2	160	-7	10.27
426	152	-2	161	-7	10.27
427	153	-2	163	-8	11.63
428	154	-2	164	-8	11.63
429	155	-2	166	-8	12.49
430	156	-2	167	-8	12.49
431	157	-2	169	-8	13.37
432	158	-1	171	-8	14.72
433	159	-2	172	-8	14.27
434	160	-2	174	-8	15.18
435	160	-2	175	-8	16.10
436	161	-2	177	-8	17.02
437	161	-2	178	-8	17.96
438	161	-2	-180	-9	20.15
439	161	-2	-179	-9	21.09
440	162	-2	-177	-9	22.03
441	161	-2	-175	-9	24.88
442	162	-2	-174	-9	24.88
443	161	-2	-172	-9	27.75
444	161	-1	-171	-9	28.99
445	161	-1	-169	-9	30.91
446	161	-1	-168	-9	31.87
447	161	-1	-166	-9	33.80
448	161	-1	-176	-2	23.01
449	162	-1	-175	-1	23.00
450	163	-1	-174	-1	23.00
451	164	-1	-172	-1	24.00
452	165	-1	-171	-1	24.00
453	166	-1	-170	-1	24.00
454	168	-1	-168	-1	24.00
455	169	-1	-167	-1	24.00
456	171	-1	-165	-1	24.00
457	173	-1	-164	-1	23.00
458	175	-1	-163	-1	22.00
459	176	-1	-161	-1	23.00
460	176	-1	-160	-1	24.00
461	177	-1	-159	-1	24.00
462	177	-1	-157	-1	26.00
463	177	-1	-156	-1	27.00
464	177	-2	-154	-1	29.01
465	178	-2	-153	-1	29.01
466	178	-2	-152	-1	30.01
467	179	-2	-150	-1	31.00
468	179	-2	-149	-1	32.00
469	179	-2	-148	-1	33.00
470	179	-3	-146	-1	35.03
471	179	-3	-145	-1	36.03
472	179	-3	-143	-1	38.03
473	179	-3	-142	-1	39.02
474	178	-2	-141	-1	41.00
475	178	-2	-139	-1	43.00
476	177	-1	-138	-1	44.99
477	177	0	-137	-1	46.01
478	176	0	-135	-1	49.01
479	176	0	-134	-1	50.01
480	176	0	-178	1	6.08
481	176	0	-178	1	6.08
482	176	0	-177	1	7.07
483	176	0	-177	1	7.07
484	176	0	-176	1	8.06
485	176	0	-175	1	9.05
486	175	0	-175	1	10.05
487	174	0	-174	1	12.04
488	173	0	-173	1	14.03
489	172	0	-173	1	15.03
490	171	0	-172	1	17.03
491	169	0	-171	1	20.02
492	168	0	-171	1	21.02
493	167	-1	-170	1	23.09
494	166	-1	-169	1	25.08
495	165	-1	-169	1	26.08
496	164	-1	-168	2	28.16
497	163	-1	-167	2	30.15
498	163	-1	-167	2	30.15
499	162	-1	-166	2	32.14
500	162	0	-165	2	33.05
501	161	0	-165	2	34.05
502	161	0	-164	2	35.05
503	161	0	-163	2	36.05
504	160	0	-163	2	37.05
505	160	0	-162	2	38.04
506	159	-1	-161	2	40.11
507	159	-1	-161	2	40.11
508	158	0	-160	2	42.04
509	158	0	-159	2	43.04
510	157	0	-159	2	44.04
511	157	0	-158	2	45.03
512	156	0	-169	1	35.01
513	156	0	-169	1	35.01
514	155	0	-169	1	36.01
515	155	0	-168	1	37.01
516	154	0	-168	1	38.01
517	154	0	-167	1	39.01
518	153	1	-167	1	39.99
519	152	1	-166	1	41.99
520	151	1	-166	1	42.99
521	150	1	-165	1	44.99
522	150	1	-165	1	44.99
523	149	1	-164	1	46.99
524	149	1	-164	1	46.99
525	148	1	-163	1	48.99
526	148	1	-163	1	48.99
527	148	1	-162	1	49.99
528	148	1	-162	1	49.99
529	148	1	-162	1	49.99
530	147	1	-161	1	51.99
531	148	1	-161	1	50.99
532	148	0	-160	1	52.01
533	147	0	-160	1	53.01
534	148	0	-159	1	53.01
535	148	0	-159	1	53.01
536	147	0	-158	1	55.01
537	147	0	-158	1	55.01
538	147	0	-157	1	56.01
539	147	0	-157	1	56.01
540	147	0	-156	1	57.01
541	147	0	-156	1	57.01
542	147	0	-155	1	58.01
543	147	0	-155	1	58.01
544	147	0	136	0	11.00
545	147	0	135	0	12.00
546	147	0	134	0	13.00
547	147	0	134	0	13.00
548	147	0	133	0	14.00
549	148	0	132	0	16.00
550	147	0	132	0	15.00
551	147	0	131	0	16.00
552	147	0	131	0	16.00
553	147	0	130	0	17.00
554	147	0	129	0	18.00
555	147	0	129	0	18.00
556	147	0	128	0	19.00
557	147	0	127	0	20.00
558	147	0	127	0	20.00
559	147	0	126	0	21.00
560	147	0	126	0	21.00
561	147	0	125	0	22.00
562	147	0	124	0	23.00
563	147	0	124	0	23.00
564	146	0	123	0	23.00
565	146	0	122	0	24.00
566	146	0	122	0	24.00
567	146	0	121	0	25.00
568	145	1	121	0	24.02
569	144	1	120	0	24.02
570	143	1	119	0	24.02
571	141	2	119	0	22.09
572	140	2	118	0	22.09
573	139	3	117	0	22.19
574	137	3	117	0	20.21
575	136	3	116	0	20.21
576	135	3	138	0	4.24
577	134	4	137	0	5.00
578	133	4	137	0	5.65
579	133	4	137	0	5.65
580	133	4	136	0	5.00
581	132	4	136	0	5.65
582	132	4	136	0	5.65
583	132	4	136	0	5.65
584	132	4	135	0	5.00
585	132	4	135	0	5.00
586	132	4	135	0	5.00
587	132	4	134	0	4.47
588	132	5	134	0	5.38
589	132	5	134	0	5.38
590	132	5	134	0	5.38
591	131	5	133	0	5.38
592	131	6	133	0	6.32
593	131	6	133	0	6.32
594	131	7	132	0	7.07
595	131	7	132	0	7.07
596	131	7	132	0	7.07
597	131	7	132	0	7.07
598	131	7	131	0	7.00
599	130	7	131	0	7.07
600	130	6	131	0	6.08
601	130	7	130	0	7.00
602	129	7	130	0	7.07
603	129	7	130	0	7.07
604	128	8	130	0	8.24
605	128	8	129	0	8.06
606	127	8	129	0	8.24
607	127	9	129	0	9.22
608	126	9	123	6	4.22
609	125	10	122	6	4.98
610	124	10	122	6	4.46
611	124	10	121	6	4.98
612	123	11	121	6	5.38
613	122	11	121	6	5.10
614	121	10	120	6	4.12
615	120	10	120	6	4.00
616	119	10	120	6	4.12
617	118	9	119	6	3.16
618	117	9	119	6	3.60
619	116	9	118	7	2.81
620	115	9	118	7	3.58
621	113	9	118	7	5.34
622	112	9	117	7	5.34
623	111	9	117	7	6.27
624	110	9	117	7	7.21
625	109	9	116	7	7.21
626	108	9	116	7	8.17
627	107	9	115	7	8.17
628	107	9	115	7	8.17
629	106	9	115	7	9.13
630	106	8	114	8	7.92
631	106	8	114	8	7.92
632	105	7	114	8	8.98
633	105	7	113	8	7.99
634	105	6	113	8	8.19
635	105	6	112	8	7.23
636	105	5	112	8	7.57
637	106	4	112	8	7.18
638	106	2	111	8	7.80
639	106	2	111	8	7.80
640	106	2	117	15	16.94
641	106	3	116	15	15.53
642	107	3	116	15	14.92
643	107	3	116	15	14.92
644	107	3	115	15	14.36
645	108	3	115	15	13.84
646	108	3	115	16	14.71
647	110	2	115	16	14.84
648	111	2	114	16	14.31
649	112	2	114	16	14.14
650	113	2	114	16	14.03
651	114	2	113	17	15.03
652	115	2	113	17	15.13
653	115	2	113	17	15.13
654	116	3	113	17	14.31
655	117	3	112	17	14.84
656	117	3	112	18	15.78
657	118	3	112	18	16.11
658	119	2	111	18	17.82
659	119	2	111	18	17.82
660	120	2	111	18	18.28
661	121	2	111	18	18.77
662	122	2	110	19	20.67
663	123	1	110	19	22.05
664	124	1	110	19	22.64
665	125	1	109	19	23.87
666	126	1	109	19	24.53
667	127	1	109	20	25.90
668	128	1	109	20	26.58
669	129	1	108	20	27.98
670	130	1	108	20	28.71
671	131	1	108	20	29.44
672	132	0	86	-5	46.21
673	133	0	85	-5	48.20
674	134	1	84	-5	50.30
675	135	1	84	-5	51.30
676	136	1	83	-5	53.28
677	136	1	82	-6	54.36
678	137	0	82	-6	55.22
679	137	0	81	-6	56.21
680	138	0	81	-6	57.20
681	138	0	80	-6	58.20
682	138	0	79	-7	59.26
683	138	0	79	-7	59.26
684	139	0	78	-7	61.24
685	139	0	77	-7	62.23
686	139	0	77	-8	62.30
687	140	0	76	-8	64.27
688	140	0	76	-8	64.27
689	141	1	75	-8	66.40
690	142	1	74	-8	68.38
691	142	1	74	-9	68.46
692	143	1	73	-9	70.43
693	143	1	72	-9	71.41
694	144	1	72	-9	72.40
695	145	1	71	-10	74.43
696	146	1	71	-10	75.41
697	146	1	70	-10	76.40
698	147	1	69	-10	78.36
699	148	1	69	-10	79.35
700	149	1	68	-11	81.36
701	149	1	67	-11	82.34
702	150	0	67	-11	83.13
703	151	1	66	-11	85.28
704	152	1	158	-2	6.71
705	153	0	158	-2	5.38
706	154	0	159	-2	5.38
707	155	0	160	-2	5.38
708	157	0	161	-2	4.47
709	158	0	162	-2	4.47
710	159	0	162	-2	3.61
711	161	0	163	-2	2.83
712	162	0	164	-2	2.83
713	163	0	165	-2	2.83
714	164	0	166	-2	2.83
715	165	0	166	-2	2.24
716	166	0	167	-2	2.24
717	166	0	168	-2	2.83
718	167	0	169	-2	2.83
719	168	0	170	-2	2.83
720	168	0	171	-3	4.24
721	169	0	171	-3	3.61
722	170	0	172	-3	3.61
723	171	0	173	-3	3.61
724	172	0	174	-3	3.61
725	173	0	175	-3	3.61
726	175	0	175	-3	3.00
727	176	0	176	-3	3.00
728	179	0	177	-3	3.61
729	-178	1	178	-3	5.66
730	-176	1	179	-3	6.40
731	-174	1	179	-3	8.06
732	-172	0	-180	-3	8.54
733	-171	0	-179	-3	8.54
734	-170	0	-178	-3	8.54
735	-169	1	-177	-3	8.94
736	-168	1	172	2	20.02
737	-167	1	172	2	21.02
738	-167	1	173	2	20.02
739	-166	2	173	2	20.99
740	-165	2	174	2	20.99
741	-164	2	175	2	20.99
742	-162	3	175	2	23.00
743	-161	3	176	2	23.00
744	-159	3	177	2	24.00
745	-158	3	177	2	25.00
746	-157	3	178	2	25.00
747	-155	3	178	2	26.99
748	-154	3	179	2	26.99
749	-154	3	-180	2	25.99
750	-153	3	-180	2	26.99
751	-152	2	-179	2	26.98
752	-151	2	-178	2	26.98
753	-150	2	-178	2	27.98
754	-148	1	-177	2	29.01
755	-146	0	-177	2	31.06
756	-144	0	-176	2	32.06
757	-142	0	-175	2	33.05
758	-141	0	-175	2	34.05
759	-139	0	-174	2	35.05
760	-137	0	-173	2	36.05
761	-136	0	-173	2	37.05
762	-135	0	-172	2	37.05
763	-133	0	-172	2	39.04
764	-132	0	-171	2	39.04
765	-130	0	-170	2	40.04
766	-129	-1	-170	2	41.10
767	-128	-1	-169	2	41.10
768	-126	-1	-128	1	2.83
769	-126	-1	-126	1	2.00
770	-125	-1	-125	1	2.00
771	-125	-1	-124	1	2.24
772	-124	-2	-123	1	3.16
773	-124	-2	-121	1	4.24
774	-123	-2	-120	1	4.24
775	-123	-2	-119	1	5.00
776	-122	-2	-118	1	5.00
777	-122	-2	-116	1	6.71
778	-121	-2	-115	1	6.71
779	-120	-3	-114	1	7.21
780	-120	-3	-113	1	8.06
781	-119	-3	-111	1	8.94
782	-118	-3	-110	1	8.94
783	-117	-3	-109	1	8.94
784	-117	-3	-108	1	9.85
785	-117	-3	-106	1	11.70
786	-117	-3	-105	1	12.65
787	-116	-3	-104	1	12.65
788	-116	-3	-103	1	13.60
789	-116	-3	-101	1	15.52
790	-116	-3	-100	1	16.49
791	-116	-3	-99	1	17.46
792	-116	-3	-98	1	18.43
793	-116	-3	-96	1	20.39
794	-116	-3	-95	1	21.37
795	-116	-2	-94	1	22.20
796	-116	-2	-93	1	23.19
797	-116	-2	-91	1	25.18
798	-116	-2	-90	1	26.17
799	-117	-2	-89	1	28.16
800	-117	-2	-84	-3	32.98
801	-118	-2	-82	-3	35.98
802	-118	-2	-81	-3	36.98
803	-119	-2	-80	-3	38.97
804	-120	-2	-78	-3	41.97
805	-120	-2	-77	-3	42.97
806	-121	-2	-76	-3	44.97
807	-121	-2	-74	-3	46.96
808	-121	-2	-73	-3	47.96
809	-122	-2	-72	-3	49.96
810	-122	-3	-70	-3	51.92
811	-123	-3	-69	-3	53.92
812	-124	-2	-68	-3	55.95
813	-125	-2	-66	-3	58.95
814	-127	-2	-65	-3	61.94
815	-129	-2	-64	-3	64.94
816	-131	-2	-63	-4	67.92
817	-134	-1	-61	-4	72.97
818	-136	-2	-60	-4	75.90
819	-138	-2	-59	-4	78.89
820	-141	-2	-57	-4	83.88
821	-144	-2	-56	-4	87.87
822	-146	-2	-55	-4	90.86
823	-149	-2	-53	-4	95.84
824	-151	-2	-52	-4	98.83
825	-154	-2	-51	-4	102.82
826	-157	-2	-49	-4	107.80
827	-160	-2	-48	-4	111.78
828	-163	-2	-47	-4	115.76
829	-165	-2	-45	-4	119.74
830	-168	-2	-44	-4	123.71
831	-170	-2	-43	-4	126.69
832	-171	-2	-108	-3	62.94
833	-173	-2	-107	-3	65.94
834	-175	-2	-107	-3	67.93
835	-176	-2	-107	-3	68.93
836	-178	-2	-106	-3	71.93
837	-179	-2	-106	-3	72.93
838	179	-1	-106	-3	74.97
839	178	-1	-106	-3	75.97
840	177	-1	-105	-3	77.97
841	176	-1	-105	-3	78.96
842	175	-1	-105	-3	79.96
843	174	-1	-104	-3	81.96
844	174	-1	-104	-3	81.96
845	174	-1	-104	-3	81.96
846	174	-1	-104	-3	81.96
847	174	-1	-103	-3	82.96
848	174	-1	-103	-3	82.96
849	175	-1	-103	-3	81.96
850	175	-1	-102	-3	82.96
851	175	0	-102	-3	83.01
852	175	0	-102	-3	83.01
853	175	0	-102	-3	83.01
854	175	0	-101	-3	84.01
855	175	0	-101	-3	84.01
856	175	0	-101	-3	84.01
857	175	0	-100	-3	85.01
858	175	0	-100	-3	85.01
859	175	0	-100	-3	85.01
860	174	0	-100	-3	86.01
861	174	0	-99	-3	87.00
862	174	0	-99	-3	87.00
863	174	0	-99	-3	87.00
864	174	0	135	-2	39.04
865	174	0	134	-2	40.04
866	174	0	132	-2	42.04
867	174	0	130	-2	44.04
868	174	0	129	-2	45.03
869	174	0	127	-2	47.03
870	174	0	125	-2	49.03
871	174	0	124	-2	50.03
872	174	0	122	-2	52.03
873	174	0	120	-2	54.03
874	175	0	119	-2	56.02
875	175	0	117	-2	58.02
876	175	0	115	-2	60.02
877	175	0	114	-2	61.02
878	175	0	112	-2	63.02
879	175	0	110	-2	65.02
880	176	0	108	-2	68.01
881	176	0	107	-2	69.01
882	176	0	105	-2	71.01
883	176	0	103	-2	73.01
884	176	0	102	-2	74.01
885	177	0	100	-2	77.01
886	177	0	98	-2	79.01
887	177	0	97	-2	80.01
888	177	0	95	-2	82.00
889	177	0	93	-2	84.00
890	177	0	92	-2	85.00
891	177	0	90	-2	87.00
892	177	0	88	-2	89.00
893	177	0	87	-2	90.00
894	177	0	85	-2	92.00
895	177	0	83	-2	94.00
896	177	0	159	2	18.11
897	177	0	158	2	19.10
898	177	0	158	2	19.10
899	177	0	157	2	20.10
900	177	0	157	2	20.10
901	177	0	156	2	21.09
902	177	0	156	2	21.09
903	177	0	155	2	22.09
904	177	0	155	2	22.09
905	176	0	154	2	22.09
906	176	0	154	2	22.09
907	176	0	153	2	23.08
908	176	0	153	2	23.08
909	176	0	152	2	24.08
910	176	0	152	2	24.08
911	176	0	151	2	25.07
912	176	0	151	3	25.17
913	176	0	151	3	25.17
914	176	0	150	3	26.16
915	176	0	150	3	26.16
916	176	0	149	3	27.15
917	176	0	149	3	27.15
918	176	0	148	3	28.15
919	176	0	148	3	28.15
920	176	0	147	3	29.14
921	176	0	147	3	29.14
922	176	0	146	3	30.14
923	175	0	146	3	29.14
924	175	0	145	3	30.14
925	175	0	145	3	30.14
926	175	0	144	3	31.13
927	175	0	144	3	31.13
928	175	0	-180	0	5.00
929	175	0	-180	0	5.00
930	175	0	-180	0	5.00
931	175	0	-180	0	5.00
932	175	0	-180	0	5.00
933	175	0	-180	0	5.00
934	175	0	-180	0	5.00
935	175	0	-180	0	5.00
936	175	0	-180	0	5.00
937	175	0	-180	0	5.00
938	175	0	-180	0	5.00
939	175	0	-179	0	6.00
940	175	0	-179	0	6.00
941	175	0	-179	0	6.00
942	174	0	-179	0	7.00
943	174	0	-179	0	7.00
944	174	0	-179	0	7.00
945	174	0	-179	0	7.00
946	174	0	-179	0	7.00
947	173	0	-179	0	8.00
948	173	0	-179	0	8.00
949	173	0	-179	0	8.00
950	173	0	-178	0	9.00
951	172	0	-178	0	10.00
952	172	0	-178	0	10.00
953	172	0	-178	0	10.00
954	171	-1	-178	0	11.04
955	171	-1	-178	0	11.04
956	170	-3	-178	0	12.36
957	168	-4	-178	0	14.55
958	167	-3	-178	0	15.29
959	166	-3	-178	0	16.27
960	165	-3	173	0	8.54
961	165	-3	172	0	7.61
962	164	-3	172	0	8.54
963	164	-3	172	0	8.54
964	163	-3	172	0	9.48
965	163	-2	172	0	9.22
966	163	-2	172	0	9.22
967	163	-2	172	0	9.22
968	163	-2	172	0	9.22
969	163	-3	172	0	9.48
970	163	-3	172	0	9.48
971	163	-4	172	0	9.84
972	162	-4	172	0	10.76
973	162	-4	172	0	10.76
974	161	-4	172	0	11.70
975	161	-4	172	0	11.70
976	161	-4	172	0	11.70
977	160	-4	171	0	11.70
978	160	-3	171	0	11.40
979	160	-3	171	0	11.40
980	160	-2	171	0	11.18
981	159	-2	171	0	12.16
982	158	-1	171	0	13.04
983	157	0	171	0	14.00
984	156	0	171	0	15.00
985	154	2	171	0	17.11
986	153	2	171	0	18.11
987	152	3	171	0	19.23
988	151	4	171	0	20.38
989	151	5	171	0	20.59
990	150	6	171	0	21.80
991	150	7	171	0	22.09
992	150	8	155	-6	14.86
993	149	9	154	-6	15.81
994	149	11	154	-6	17.71
995	149	12	154	-6	18.67
996	149	14	153	-6	20.39
997	149	16	153	-6	22.35
998	149	18	153	-6	24.32
999	149	20	152	-6	26.17
1000	149	21	152	-6	27.16
1001	150	22	152	-6	28.07
1002	150	22	151	-6	28.02
1003	150	21	151	-7	28.02
1004	150	20	151	-7	27.02
1005	149	20	150	-7	27.02
1006	149	19	150	-7	26.02
1007	148	17	150	-7	24.08
1008	146	14	150	-7	21.37
1009	145	9	149	-7	16.49
1010	143	6	149	-7	14.31
1011	141	3	149	-7	12.80
1012	140	2	148	-7	12.03
1013	138	2	148	-7	13.44
1014	138	3	148	-8	14.85
1015	137	3	147	-8	14.85
1016	136	3	147	-8	15.54
1017	135	3	147	-8	16.26
1018	134	2	146	-8	15.60
1019	133	2	146	-8	16.37
1020	132	2	146	-8	17.17
1021	130	2	145	-8	17.99
1022	129	1	145	-8	18.32
1023	128	1	145	-8	19.19
1024	127	1	135	19	19.63
1025	125	0	134	19	20.95
1026	124	0	134	19	21.38
1027	123	0	133	20	22.27
1028	121	0	133	20	23.20
1029	120	0	132	20	23.20
1030	118	0	132	21	25.06
1031	117	0	131	21	25.06
1032	116	0	131	21	25.61
1033	114	0	130	22	26.97
1034	113	0	130	22	27.54
1035	111	0	129	22	28.14
1036	110	0	129	23	29.50
1037	109	0	128	23	29.50
1038	108	0	128	23	30.12
1039	107	-1	127	24	31.66
1040	106	-1	127	24	32.26
1041	105	-2	127	24	33.66
1042	104	-2	126	25	34.41
1043	103	-2	126	25	35.01
1044	102	-2	125	25	35.01
1045	101	-1	125	26	35.58
1046	100	-1	124	26	35.58
1047	99	-1	124	26	36.21
1048	99	-1	123	27	36.30
1049	98	-1	123	27	36.92
1050	98	-1	122	27	36.30
1051	97	-1	122	28	37.64
1052	96	0	121	28	36.85
1053	95	0	121	28	37.48
1054	95	0	120	29	37.56
1055	94	0	120	29	38.18
1056	94	0	104	-6	11.65
1057	93	0	103	-6	11.65
1058	93	0	102	-6	10.80
1059	92	0	101	-6	10.80
1060	92	0	101	-6	10.80
1061	92	0	100	-7	10.62
1062	91	0	99	-7	10.62
1063	91	0	98	-7	9.89
1064	91	0	98	-7	9.89
1065	91	0	97	-7	9.21
1066	91	-1	96	-8	8.59
1067	91	-1	96	-8	8.59
1068	91	-1	95	-8	8.05
1069	90	0	94	-8	8.94
1070	90	0	93	-9	9.48
1071	90	0	93	-9	9.48
1072	90	0	92	-9	9.22
1073	89	0	91	-9	9.22
1074	88	0	91	-9	9.48
1075	86	0	90	-10	10.76
1076	85	0	89	-10	10.76
1077	83	-1	88	-10	10.28
1078	81	-1	88	-10	11.38
1079	79	-1	87	-11	12.77
1080	77	-1	86	-11	13.41
1081	74	-1	86	-11	15.56
1082	72	-1	85	-11	16.33
1083	70	-1	84	-11	17.13
1084	68	-1	83	-12	18.50
1085	67	-1	83	-12	19.31
1086	64	-1	82	-12	20.97
1087	62	-1	81	-12	21.82
1088	60	-1	61	-1	1.00
1089	60	-1	59	-1	1.00
1090	60	-2	58	-1	2.24
1091	60	-3	57	-1	3.60
1092	61	-4	56	-1	5.83
1093	62	-5	55	-1	8.05
1094	62	-7	54	-1	9.98
1095	63	-8	53	-1	12.18
1096	63	-10	52	-1	14.16
1097	64	-11	51	-1	16.33
1098	65	-13	50	-1	19.10
1099	66	-13	49	-1	20.68
1100	66	-14	48	-1	22.05
1101	66	-15	47	-1	23.41
1102	66	-15	46	-1	24.21
1103	66	-17	45	-1	26.14
1104	66	-18	44	-1	27.49
1105	66	-18	43	-1	28.27
1106	65	-17	42	-1	27.72
1107	65	-16	41	-1	28.01
1108	64	-15	40	-1	27.53
1109	62	-14	39	-1	26.20
1110	61	-14	38	-1	26.20
1111	59	-14	37	-1	25.35
1112	56	-15	36	-1	24.21
1113	51	-15	35	-1	21.11
1114	48	-16	34	-1	20.38
1115	46	-16	33	-1	19.73
1116	44	-16	32	-1	19.10
1117	42	-16	31	-1	18.51
1118	40	-16	30	-1	17.95
1119	37	-16	29	-1	16.95
1120	36	-15	26	-2	16.32
1121	34	-15	24	-2	16.32
1122	33	-15	23	-2	16.32
1123	31	-15	22	-2	15.74
1124	30	-15	21	-2	15.74
1125	30	-15	20	-2	16.32
1126	29	-16	19	-2	17.12
1127	29	-16	18	-2	17.70
1128	28	-16	17	-2	17.70
1129	27	-16	16	-2	17.70
1130	26	-16	15	-2	17.70
1131	26	-16	14	-2	18.32
1132	25	-16	13	-2	18.32
1133	24	-16	12	-2	18.32
1134	23	-16	11	-2	18.32
1135	22	-17	10	-2	19.08
1136	20	-16	9	-2	17.70
1137	19	-16	7	-2	18.32
1138	18	-16	6	-2	18.32
1139	18	-15	5	-2	18.26
1140	17	-15	4	-2	18.26
1141	16	-14	3	-2	17.58
1142	15	-13	2	-2	16.93
1143	14	-12	1	-2	16.31
1144	13	-11	0	-2	15.73
1145	12	-11	0	-2	14.93
1146	11	-10	-1	-2	14.36
1147	10	-10	-2	-2	14.36
1148	8	-10	-3	-2	13.55
1149	7	-10	-4	-2	13.55
1150	5	-10	-5	-2	12.76
1151	4	-10	-6	-2	12.76
1152	2	-11	12	-29	20.28
1153	1	-11	11	-29	20.28
1154	1	-10	10	-29	20.79
1155	0	-10	9	-30	21.69
1156	0	-10	9	-30	21.69
1157	0	-10	8	-31	22.28
1158	0	-10	7	-31	21.98
1159	0	-10	6	-32	22.69
1160	0	-10	6	-32	22.69
1161	0	-10	5	-32	22.48
1162	0	-10	4	-33	23.29
1163	0	-10	3	-33	23.17
1164	0	-10	3	-34	24.16
1165	0	-10	2	-34	24.07
1166	0	-10	1	-35	25.02
1167	0	-10	0	-35	25.00
1168	0	-10	0	-36	26.00
1169	0	-10	0	-36	26.00
1170	0	-10	-1	-36	26.02
1171	0	-10	-2	-37	27.06
1172	0	-9	-3	-37	28.13
1173	0	-9	-3	-38	29.13
1174	0	-9	-4	-38	29.22
1175	0	-9	-5	-39	30.33
1176	0	-9	-6	-39	30.48
1177	0	-9	-6	-39	30.48
1178	0	-9	-7	-40	31.62
1179	0	-9	-8	-40	31.81
1180	0	-9	-9	-41	32.98
1181	0	-9	-9	-41	32.98
1182	0	-9	-10	-42	34.16
1183	0	-9	-11	-42	34.39
1184	1	-9	-32	-7	32.73
1185	1	-9	-33	-6	33.83
1186	1	-9	-34	-6	34.82
1187	1	-9	-35	-6	35.80
1188	1	-9	-36	-6	36.79
1189	1	-10	-37	-6	37.82
1190	1	-10	-38	-6	38.80
1191	0	-10	-39	-6	38.80
1192	1	-10	-40	-6	40.77
1193	1	-10	-41	-5	41.91
1194	1	-10	-42	-5	42.89
1195	1	-10	-43	-5	43.88
1196	2	-9	-44	-5	45.80
1197	2	-10	-45	-5	46.83
1198	2	-10	-46	-5	47.81
1199	3	-10	-47	-5	49.78
1200	3	-9	-49	-5	51.73
1201	3	-10	-50	-4	52.89
1202	4	-10	-51	-4	54.86
1203	4	-10	-52	-4	55.84
1204	4	-10	-53	-4	56.83
1205	5	-9	-54	-4	58.78
1206	5	-9	-55	-4	59.76
1207	5	-9	-56	-4	60.75
1208	5	-9	-57	-4	61.74
1209	5	-9	-58	-3	62.87
1210	5	-9	-59	-3	63.86
1211	5	-9	-60	-3	64.85
1212	5	-9	-61	-3	65.84
1213	4	-9	-62	-3	65.84
1214	4	-9	-63	-3	66.82
1215	3	-9	-64	-3	66.82
1216	3	-9	0	-7	3.58
1217	2	-9	0	-6	3.60
1218	2	-9	0	-6	3.60
1219	1	-9	0	-6	3.16
1220	1	-9	0	-6	3.16
1221	0	-9	0	-6	3.00
1222	0	-9	0	-6	3.00
1223	0	-9	0	-6	3.00
1224	0	-9	0	-6	3.00
1225	0	-8	0	-6	2.00
1226	-1	-8	0	-6	2.23
1227	-1	-8	0	-6	2.23
1228	-1	-8	0	-6	2.23
1229	-1	-8	0	-6	2.23
1230	-2	-8	0	-6	2.82
1231	-2	-8	0	-6	2.82
1232	-2	-8	0	-6	2.82
1233	-2	-8	0	-5	3.60
1234	-2	-8	0	-5	3.60
1235	-2	-8	0	-5	3.60
1236	-1	-8	0	-5	3.16
1237	-1	-8	0	-5	3.16
1238	-1	-8	0	-5	3.16
1239	-1	-8	0	-5	3.16
1240	-1	-8	0	-5	3.16
1241	-1	-8	0	-5	3.16
1242	0	-8	0	-5	3.00
1243	0	-8	0	-5	3.00
1244	0	-8	0	-5	3.00
1245	0	-8	0	-5	3.00
1246	0	-8	0	-5	3.00
1247	0	-8	0	-5	3.00
1248	0	-8	5	-9	5.05
1249	1	-8	5	-9	4.08
1250	2	-8	5	-9	3.13
1251	3	-8	5	-9	2.22
1252	3	-8	5	-9	2.22
1253	4	-8	5	-9	1.41
1254	5	-8	5	-9	1.00
1255	6	-7	5	-9	2.23
1256	8	-7	5	-9	3.58
1257	9	-7	5	-9	4.44
1258	10	-7	5	-9	5.34
1259	11	-7	5	-9	6.27
1260	12	-7	5	-9	7.21
1261	14	-7	5	-9	9.13
1262	15	-6	5	-9	10.36
1263	16	-6	5	-9	11.31
1264	18	-7	6	-9	12.05
1265	19	-7	6	-9	13.03
1266	20	-7	6	-9	14.01
1267	22	-7	6	-9	15.97
1268	23	-7	6	-9	16.95
1269	24	-7	6	-9	17.93
1270	26	-8	6	-9	19.80
1271	26	-8	6	-9	19.80
1272	28	-8	6	-9	21.78
1273	29	-8	6	-9	22.77
1274	30	-8	6	-9	23.75
1275	31	-8	6	-9	24.74
1276	33	-8	6	-9	26.72
1277	34	-8	6	-9	27.70
1278	35	-8	6	-9	28.69
1279	37	-8	6	-9	30.67
1280	38	-8	-3	-7	40.65
1281	38	-7	-3	-6	40.74
1282	39	-8	-3	-6	41.72
1283	39	-8	-3	-6	41.72
1284	40	-8	-3	-6	42.71
1285	40	-8	-3	-6	42.71
1286	41	-8	-3	-6	43.70
1287	41	-8	-3	-6	43.70
1288	41	-8	-3	-6	43.70
1289	42	-8	-3	-6	44.69
1290	42	-8	-3	-6	44.69
1291	42	-7	-4	-6	45.70
1292	42	-7	-4	-6	45.70
1293	42	-7	-4	-6	45.70
1294	42	-8	-4	-6	45.68
1295	42	-8	-4	-6	45.68
1296	43	-8	-4	-6	46.67
1297	43	-8	-4	-6	46.67
1298	43	-7	-4	-6	46.69
1299	43	-7	-4	-6	46.69
1300	43	-8	-4	-6	46.67
1301	43	-8	-4	-6	46.67
1302	44	-8	-5	-6	48.65
1303	44	-8	-5	-6	48.65
1304	44	-8	-5	-6	48.65
1305	44	-8	-5	-6	48.65
1306	44	-8	-5	-6	48.65
1307	44	-8	-5	-6	48.65
1308	44	-8	-5	-6	48.65
1309	44	-8	-5	-6	48.65
1310	45	-8	-5	-6	49.64
1311	45	-8	-5	-6	49.64
1312	45	-8	76	-8	30.69
1313	46	-8	77	-8	30.69
1314	46	-8	78	-8	31.68
1315	46	-8	79	-8	32.67
1316	46	-8	80	-8	33.66
1317	46	-8	81	-8	34.65
1318	47	-8	83	-8	35.64
1319	47	-8	84	-8	36.63
1320	47	-8	85	-8	37.62
1321	47	-8	86	-8	38.61
1322	48	-9	87	-8	38.57
1323	48	-9	89	-8	40.54
1324	48	-9	90	-8	41.53
1325	48	-9	91	-8	42.52
1326	48	-9	92	-8	43.50
1327	48	-9	93	-8	44.49
1328	48	-9	95	-8	46.46
1329	48	-9	96	-8	47.45
1330	48	-9	97	-8	48.44
1331	48	-9	98	-8	49.42
1332	48	-9	99	-8	50.41
1333	48	-9	100	-8	51.40
1334	48	-9	102	-8	53.37
1335	48	-10	103	-8	54.30
1336	49	-10	104	-8	54.30
1337	49	-10	105	-8	55.28
1338	50	-11	106	-8	55.24
1339	51	-11	108	-8	56.22
1340	51	-11	109	-8	57.20
1341	52	-11	110	-8	57.20
1342	52	-11	111	-8	58.18
1343	53	-11	112	-8	58.18
1344	53	-11	52	-8	3.16
1345	54	-11	52	-8	3.59
1346	55	-11	52	-8	4.21
1347	55	-11	52	-8	4.21
1348	56	-11	52	-8	4.96
1349	58	-11	53	-8	5.77
1350	59	-11	53	-8	6.63
1351	61	-10	53	-8	8.15
1352	62	-10	53	-8	9.11
1353	64	-10	53	-8	11.05
1354	66	-10	54	-8	12.02
1355	68	-10	54	-8	13.97
1356	69	-9	54	-8	14.87
1357	71	-10	54	-8	16.91
1358	73	-10	55	-8	17.89
1359	74	-9	55	-8	18.82
1360	76	-10	55	-8	20.83
1361	78	-9	55	-8	22.77
1362	80	-9	55	-8	24.74
1363	81	-9	56	-8	24.74
1364	83	-9	56	-8	26.72
1365	85	-9	56	-8	28.69
1366	86	-8	56	-8	29.70
1367	88	-8	57	-8	30.69
1368	90	-8	57	-8	32.67
1369	91	-8	57	-8	33.66
1370	93	-8	57	-8	35.64
1371	95	-9	57	-8	37.58
1372	96	-9	58	-8	37.58
1373	98	-9	58	-8	39.55
1374	99	-9	58	-8	40.54
1375	101	-8	58	-8	42.56
1376	102	-8	61	-14	40.64
1377	103	-8	61	-14	41.61
1378	105	-8	61	-14	43.54
1379	107	-9	61	-14	45.29
1380	108	-9	62	-14	45.29
1381	110	-9	62	-14	47.23
1382	112	-9	62	-14	49.17
1383	115	-9	62	-14	52.08
1384	117	-9	63	-14	53.05
1385	118	-9	63	-14	54.02
1386	121	-9	63	-14	56.93
1387	123	-9	63	-15	58.83
1388	125	-9	64	-15	59.80
1389	127	-9	64	-15	61.73
1390	128	-10	64	-15	62.49
1391	130	-10	64	-15	64.41
1392	132	-10	65	-15	65.38
1393	133	-10	65	-15	66.34
1394	136	-10	65	-15	69.23
1395	138	-11	65	-15	70.94
1396	141	-12	66	-15	72.64
1397	144	-12	66	-15	75.51
1398	146	-12	66	-16	77.26
1399	148	-11	66	-16	79.40
1400	149	-11	67	-16	79.40
1401	151	-11	67	-16	81.30
1402	152	-11	67	-16	82.25
1403	153	-11	67	-16	83.20
1404	155	-11	68	-16	84.15
1405	156	-11	68	-16	85.09
1406	157	-11	68	-16	86.04
1407	159	-11	68	-16	87.93
1408	160	-11	151	-5	10.74
1409	161	-11	152	-4	11.34
1410	162	-11	154	-4	10.57
1411	163	-12	155	-4	11.25
1412	165	-11	157	-4	10.57
1413	166	-11	158	-4	10.57
1414	167	-11	160	-4	9.85
1415	168	-11	161	-4	9.85
1416	169	-11	163	-4	9.18
1417	170	-11	164	-4	9.18
1418	172	-11	166	-4	9.18
1419	173	-11	167	-3	9.97
1420	174	-11	169	-3	9.41
1421	175	-11	170	-3	9.41
1422	176	-11	172	-3	8.93
1423	178	-10	173	-3	8.58
1424	179	-10	175	-3	8.05
1425	-179	-10	177	-3	8.05
1426	-177	-9	178	-3	7.79
1427	-176	-8	-180	-3	6.39
1428	-175	-8	-179	-3	6.39
1429	-173	-7	-177	-3	5.65
1430	-172	-7	-176	-2	6.39
1431	-171	-6	-174	-2	5.00
1432	-170	-6	-173	-2	5.00
1433	-169	-5	-171	-2	3.60
1434	-169	-4	-170	-2	2.24
1435	-169	-4	-168	-2	2.24
1436	-169	-3	-167	-2	2.23
1437	-169	-3	-165	-2	4.12
1438	-169	-2	-164	-2	5.00
1439	-169	-2	-162	-2	7.00
1440	-169	-2	-142	-14	29.25
1441	-170	-2	-141	-14	31.07
1442	-170	-2	-139	-14	32.90
1443	-170	-1	-137	-14	35.13
1444	-170	-1	-135	-14	36.97
1445	-170	0	-133	-14	39.20
1446	-170	-1	-132	-14	39.76
1447	-171	0	-130	-14	42.92
1448	-171	0	-128	-14	44.80
1449	-171	0	-126	-14	46.68
1450	-171	0	-124	-14	48.57
1451	-170	0	-123	-15	48.79
1452	-170	0	-121	-15	50.68
1453	-170	0	-119	-15	52.56
1454	-170	0	-117	-15	54.46
1455	-171	0	-115	-15	57.31
1456	-171	0	-113	-15	59.21
1457	-171	0	-112	-15	60.17
1458	-171	0	-110	-15	62.08
1459	-172	0	-108	-15	64.95
1460	-172	0	-106	-15	66.87
1461	-172	1	-104	-15	69.07
1462	-172	0	-103	-16	69.85
1463	-173	0	-101	-16	72.72
1464	-173	1	-99	-16	74.92
1465	-173	1	-97	-16	76.84
1466	-174	0	-95	-16	79.43
1467	-174	0	-94	-16	80.39
1468	-174	0	-92	-16	82.31
1469	-174	0	-90	-16	84.23
1470	-174	0	-88	-16	86.16
1471	-174	0	-86	-16	88.08
1472	-174	0	-138	7	36.58
1473	-174	0	-137	7	37.56
1474	-174	0	-136	7	38.54
1475	-174	0	-135	7	39.52
1476	-174	0	-134	8	40.66
1477	-174	0	-133	8	41.64
1478	-174	1	-132	8	42.42
1479	-175	1	-131	8	44.38
1480	-175	1	-130	9	45.49
1481	-175	1	-129	9	46.47
1482	-175	1	-128	9	47.45
1483	-175	1	-127	10	48.56
1484	-175	1	-126	10	49.53
1485	-175	1	-125	10	50.51
1486	-175	1	-124	10	51.49
1487	-175	1	-123	11	52.58
1488	-175	2	-122	11	53.34
1489	-175	2	-121	11	54.32
1490	-175	2	-120	12	55.39
1491	-175	2	-119	12	56.37
1492	-175	2	-118	12	57.34
1493	-175	2	-117	12	58.31
1494	-176	3	-116	13	60.11
1495	-176	3	-115	13	61.09
1496	-177	3	-114	13	63.03
1497	-177	3	-113	14	64.06
1498	-178	3	-112	14	66.00
1499	-178	3	-111	14	66.97
1500	-178	3	-110	14	67.94
1501	-179	3	-109	15	69.91
1502	-179	3	-108	15	70.88
1503	-179	3	-107	15	71.84
1504	-179	3	-179	2	1.00
1505	-179	3	-179	2	1.00
1506	-179	3	-179	2	1.00
1507	-179	3	-179	2	1.00
1508	-180	3	-179	2	1.41
1509	180	3	-179	2	1.41
1510	179	3	-179	2	2.23
1511	179	3	-180	2	1.41
1512	179	3	-180	2	1.41
1513	179	3	-180	2	1.41
1514	179	3	-180	2	1.41
1515	179	3	-180	2	1.41
1516	179	3	-180	2	1.41
1517	179	3	179	2	1.00
1518	180	3	179	2	1.41
1519	-179	3	179	2	2.23
1520	-179	3	179	3	2.00
1521	-179	3	179	3	2.00
1522	-179	3	179	3	2.00
1523	-179	3	179	3	2.00
1524	-179	2	178	3	3.16
1525	-179	2	178	3	3.16
1526	-178	2	178	3	4.12
1527	-178	2	178	3	4.12
1528	-178	2	178	3	4.12
1529	-178	2	178	3	4.12
1530	-178	2	177	3	5.09
1531	-178	2	177	3	5.09
1532	-178	2	177	3	5.09
1533	-178	2	177	3	5.09
1534	-178	2	177	3	5.09
1535	-178	2	177	3	5.09
1536	-178	2	176	6	7.20
1537	-178	2	176	6	7.20
1538	-178	2	176	6	7.20
1539	-178	2	176	6	7.20
1540	-179	2	176	6	6.39
1541	-179	2	176	6	6.39
1542	-179	2	176	6	6.39
1543	-179	2	175	6	7.20
1544	-179	2	175	6	7.20
1545	-179	2	175	6	7.20
1546	-179	2	175	6	7.20
1547	-178	2	175	7	8.58
1548	-178	2	175	7	8.58
1549	-178	2	174	7	9.41
1550	-178	2	174	7	9.41
1551	-178	2	174	7	9.41
1552	-178	2	174	7	9.41
1553	-178	2	174	7	9.41
1554	-178	2	174	7	9.41
1555	-178	2	174	7	9.41
1556	-178	2	173	7	10.27
1557	-178	2	173	7	10.27
1558	-178	2	173	8	10.78
1559	-178	2	173	8	10.78
1560	-178	2	173	8	10.78
1561	-178	2	173	8	10.78
1562	-178	1	172	8	12.18
1563	-179	1	172	8	11.38
1564	-179	1	172	8	11.38
1565	-179	1	172	8	11.38
1566	-179	1	172	8	11.38
1567	-179	1	172	8	11.38
1568	-179	1	-177	1	2.00
1569	-179	1	-176	0	3.16
1570	-179	1	-176	0	3.16
1571	-179	1	-176	0	3.16
1572	-179	1	-176	0	3.16
1573	-179	1	-176	0	3.16
1574	-179	1	-176	0	3.16
1575	-179	2	-176	0	3.61
1576	-180	2	-176	0	4.47
1577	-180	2	-176	0	4.47
1578	179	2	-176	0	5.38
1579	179	2	-176	0	5.38
1580	179	2	-176	0	5.38
1581	179	2	-176	0	5.38
1582	179	2	-176	0	5.38
1583	179	2	-176	0	5.38
1584	179	2	-176	0	5.38
1585	179	2	-176	0	5.38
1586	179	2	-176	0	5.38
1587	179	2	-176	0	5.38
1588	179	2	-176	0	5.38
1589	179	2	-176	0	5.38
1590	179	2	-176	0	5.38
1591	179	2	-176	0	5.38
1592	179	2	-176	0	5.38
1593	179	2	-176	0	5.38
1594	179	2	-176	0	5.38
1595	179	2	-176	0	5.38
1596	179	2	-176	0	5.38
1597	179	2	-176	0	5.38
1598	179	2	-176	0	5.38
1599	179	2	-176	0	5.38
1600	179	2	-180	0	2.24
1601	179	2	-180	0	2.24
1602	179	2	-180	0	2.24
1603	178	2	-180	0	2.83
1604	178	2	-180	0	2.83
1605	178	2	-180	0	2.83
1606	178	2	-180	0	2.83
1607	178	3	-180	0	3.61
1608	178	2	-180	0	2.83
1609	177	2	-180	0	3.61
1610	177	2	-180	0	3.61
1611	177	2	-180	0	3.61
1612	177	2	-180	0	3.61
1613	177	2	-180	0	3.61
1614	178	2	-180	0	2.83
1615	178	2	-180	0	2.83
1616	178	2	-180	0	2.83
1617	178	2	-180	0	2.83
1618	178	2	-180	0	2.83
1619	179	2	-180	0	2.24
1620	179	2	-180	0	2.24
1621	180	2	-180	0	2.00
1622	-179	2	-180	0	2.24
1623	-179	2	-180	0	2.24
1624	-178	2	-180	0	2.83
1625	-178	2	-180	0	2.83
1626	-177	2	-180	0	3.61
1627	-177	2	-180	0	3.61
1628	-176	2	-180	0	4.47
1629	-176	2	-180	0	4.47
1630	-175	2	-180	0	5.38
1631	-174	2	-180	0	6.32
1632	-174	2	177	3	9.05
1633	-173	1	176	3	11.17
1634	-173	1	176	3	11.17
1635	-172	1	176	3	12.16
1636	-171	1	176	3	13.14
1637	-171	1	176	3	13.14
1638	-170	1	176	3	14.13
1639	-169	1	176	3	15.12
1640	-168	1	176	3	16.11
1641	-168	1	176	3	16.11
1642	-167	1	176	3	17.11
1643	-166	1	176	3	18.10
1644	-165	0	176	3	19.23
1645	-163	0	176	3	21.20
1646	-162	0	176	3	22.19
1647	-160	0	176	3	24.18
1648	-159	0	176	3	25.17
1649	-157	-1	175	3	28.27
1650	-156	-1	175	3	29.26
1651	-154	-1	175	3	31.25
1652	-153	-1	175	3	32.24
1653	-151	-1	175	3	34.22
1654	-150	-1	175	3	35.22
1655	-149	-1	175	3	36.21
1656	-148	-2	175	3	37.32
1657	-147	-2	175	3	38.31
1658	-146	-2	175	3	39.31
1659	-145	-2	175	3	40.30
1660	-144	-2	175	3	41.29
1661	-143	-3	175	3	42.41
1662	-142	-3	175	3	43.40
1663	-142	-3	175	3	43.40
1664	-142	-3	-167	2	25.49
1665	-141	-3	-166	2	25.49
1666	-141	-2	-166	2	25.31
1667	-141	-2	-166	2	25.31
1668	-141	-2	-166	2	25.31
1669	-141	-1	-165	2	24.18
1670	-141	0	-165	2	24.08
1671	-141	0	-165	2	24.08
1672	-142	1	-165	2	23.01
1673	-142	2	-165	2	22.99
1674	-142	4	-164	2	22.06
1675	-143	7	-164	2	21.52
1676	-143	10	-164	2	22.35
1677	-143	11	-164	2	22.70
1678	-143	11	-163	2	21.79
1679	-143	12	-163	2	22.20
1680	-142	13	-163	2	23.52
1681	-140	14	-163	2	25.70
1682	-138	15	-163	2	27.88
1683	-136	18	-162	2	30.11
1684	-135	20	-162	2	31.93
1685	-133	22	-162	2	34.56
1686	-133	22	-162	2	34.56
1687	-132	22	-161	2	34.56
1688	-131	22	-161	2	35.36
1689	-130	22	-161	2	36.16
1690	-128	23	-161	2	38.26
1691	-126	24	-161	2	40.35
1692	-125	25	-160	2	40.83
1693	-123	25	-160	2	42.43
1694	-123	26	-160	2	42.89
1695	-122	26	-160	2	43.69
1696	-122	26	-110	-8	35.94
1697	-121	27	-109	-8	36.88
1698	-121	26	-108	-8	36.27
1699	-120	26	-107	-8	36.27
1700	-120	25	-106	-8	35.71
1701	-120	24	-105	-8	35.19
1702	-120	24	-104	-8	35.61
1703	-119	23	-103	-9	35.63
1704	-118	23	-102	-9	35.63
1705	-116	23	-101	-9	35.21
1706	-114	23	-100	-9	34.81
1707	-112	23	-99	-9	34.44
1708	-110	23	-98	-9	34.09
1709	-109	23	-97	-10	35.03
1710	-108	23	-96	-10	35.03
1711	-107	24	-95	-10	35.96
1712	-107	24	-94	-10	36.30
1713	-106	24	-93	-10	36.30
1714	-106	25	-92	-10	37.57
1715	-104	25	-91	-10	37.22
1716	-103	25	-90	-11	38.17
1717	-101	25	-89	-11	37.85
1718	-99	25	-88	-11	37.56
1719	-96	25	-87	-11	37.05
1720	-95	26	-86	-11	38.02
1721	-95	26	-85	-11	38.26
1722	-95	26	-84	-12	39.48
1723	-96	26	-83	-12	40.05
1724	-96	25	-82	-12	39.44
1725	-96	25	-81	-12	39.79
1726	-96	24	-80	-12	39.25
1727	-95	24	-79	-12	39.25
1728	-95	24	-102	55	31.43
1729	-95	23	-101	55	32.31
1730	-96	23	-100	56	33.13
1731	-96	22	-100	57	35.12
1732	-97	22	-99	58	36.03
1733	-97	21	-98	59	38.01
1734	-98	21	-98	60	39.00
1735	-98	21	-97	61	40.01
1736	-98	21	-97	62	41.01
1737	-98	21	-96	63	42.02
1738	-99	20	-95	64	44.08
1739	-99	19	-95	64	45.08
1740	-99	17	-94	65	48.12
1741	-99	15	-93	66	51.16
1742	-100	13	-93	67	54.20
1743	-100	11	-92	68	57.24
1744	-100	10	-92	69	59.23
1745	-100	9	-91	70	61.27
1746	-100	9	-90	71	62.32
1747	-100	8	-90	72	64.30
1748	-100	7	-89	73	66.33
1749	-100	6	-88	74	68.37
1750	-100	4	-88	74	70.37
1751	-100	3	-87	75	72.40
1752	-100	3	-87	76	73.37
1753	-99	4	-86	77	73.34
1754	-99	5	-85	78	73.37
1755	-99	6	-85	79	73.34
1756	-99	6	-84	80	74.35
1757	-99	6	-83	81	75.36
1758	-99	6	-83	82	76.32
1759	-99	5	-82	83	78.31
1760	-99	5	-68	22	34.47
1761	-99	5	-67	21	34.92
1762	-100	5	-66	21	36.65
1763	-100	5	-65	21	37.53
1764	-100	5	-64	21	38.40
1765	-101	5	-63	21	40.17
1766	-102	4	-62	21	42.40
1767	-102	4	-62	21	42.40
1768	-103	4	-61	21	44.18
1769	-104	4	-60	21	45.98
1770	-105	4	-59	21	47.78
1771	-106	4	-58	21	49.60
1772	-107	4	-57	21	51.42
1773	-108	4	-57	21	52.33
1774	-111	4	-56	21	56.00
1775	-114	3	-55	21	60.07
1776	-116	3	-54	21	62.84
1777	-119	3	-53	20	66.45
1778	-122	3	-52	20	70.19
1779	-125	3	-51	20	73.95
1780	-127	3	-51	20	75.82
1781	-130	3	-50	20	79.58
1782	-132	3	-49	20	82.40
1783	-135	3	-48	20	86.16
1784	-137	3	-47	20	88.97
1785	-140	3	-46	20	92.73
1786	-142	3	-46	20	94.60
1787	-144	3	-45	20	97.41
1788	-146	3	-44	20	100.21
1789	-148	3	-43	20	103.00
1790	-149	3	-42	20	104.86
1791	-150	3	-41	20	106.72
