frame_id	phi	theta	est_phi	est_theta	err_phi	err_theta	speed	err_ang
0	-6	-16	0	0	17.06
1	-6	-16	0	0	17.06
2	-6	-16	0	0	17.06
3	-6	-16	0	0	17.06
4	-6	-14	0	0	15.21
5	-6	-14	0	0	15.21
6	-6	-13	0	0	14.30
7	-6	-13	0	0	14.30
8	-6	-12	0	0	13.40
9	-6	-12	0	0	13.40
10	-6	-12	0	0	13.40
11	-4	-13	0	0	13.59
12	-4	-13	0	0	13.59
13	-4	-13	0	0	13.59
14	-4	-13	0	0	13.59
15	-4	-12	0	0	12.64
16	-4	-12	0	0	12.64
17	-4	-12	0	0	12.64
18	-5	-12	0	0	12.99
19	-5	-12	0	0	12.99
20	-5	-12	0	0	12.99
21	-5	-12	0	0	12.99
22	-5	-12	0	0	12.99
23	-5	-12	0	0	12.99
24	-5	-12	0	0	12.99
25	-5	-12	0	0	12.99
26	-5	-12	0	0	12.99
27	-5	-12	0	0	12.99
28	-5	-12	0	0	12.99
29	-5	-12	0	0	12.99
30	-5	-12	0	0	12.99
31	-5	-12	0	0	12.99
32	-4	-12	-6	-16	4.45
33	-4	-12	-6	-16	4.45
34	-4	-12	-6	-16	4.45
35	-3	-10	-6	-16	6.67
36	-3	-10	-6	-16	6.67
37	-2	-9	-6	-16	8.01
38	0	-9	-6	-16	9.12
39	0	-9	-6	-16	9.12
40	1	-9	-6	-16	9.78
41	1	-9	-6	-16	9.78
42	2	-9	-6	-16	10.48
43	3	-9	-6	-16	11.23
44	3	-9	-6	-16	11.23
45	5	-9	-6	-16	12.81
46	5	-9	-6	-16	12.81
47	6	-9	-6	-16	13.64
48	8	-9	-6	-16	15.35
49	8	-9	-6	-16	15.35
50	8	-9	-6	-16	15.35
51	9	-9	-6	-16	16.22
52	10	-8	-6	-16	17.56
53	11	-8	-6	-16	18.44
54	11	-8	-6	-16	18.44
55	11	-8	-6	-16	18.44
56	11	-8	-6	-16	18.44
57	12	-8	-6	-16	19.32
58	12	-9	-6	-16	18.90
59	12	-9	-6	-16	18.90
60	13	-8	-6	-16	20.21
61	13	-8	-6	-16	20.21
62	13	-8	-6	-16	20.21
63	14	-8	-6	-16	21.11
64	14	-8	-2	-8	15.84
65	15	-9	-1	-7	15.97
66	15	-9	-1	-7	15.97
67	15	-9	-1	-7	15.97
68	15	-9	-1	-7	15.97
69	16	-9	-1	-7	16.95
70	17	-9	-1	-7	17.93
71	17	-9	-1	-7	17.93
72	19	-9	-1	-7	19.90
73	19	-9	-1	-6	20.05
74	20	-9	-1	-6	21.03
75	21	-8	-1	-6	21.92
76	21	-8	-1	-6	21.92
77	22	-8	-1	-6	22.91
78	22	-8	-1	-6	22.91
79	23	-8	-1	-6	23.90
80	23	-8	-1	-6	23.90
81	23	-8	0	-5	23.04
82	23	-8	0	-5	23.04
83	23	-8	0	-5	23.04
84	23	-7	0	-5	22.96
85	23	-7	0	-5	22.96
86	24	-8	0	-5	24.03
87	24	-8	0	-5	24.03
88	24	-8	0	-5	24.03
89	25	-8	0	-4	25.18
90	25	-8	0	-4	25.18
91	25	-8	0	-4	25.18
92	26	-8	0	-4	26.16
93	26	-8	0	-4	26.16
94	26	-8	0	-4	26.16
95	26	-8	0	-4	26.16
96	25	-8	32	-4	8.03
97	24	-7	32	-3	8.92
98	24	-7	33	-3	9.82
99	23	-7	33	-3	10.73
100	23	-7	34	-3	11.66
101	23	-8	34	-3	12.03
102	23	-7	35	-3	12.60
103	23	-7	35	-3	12.60
104	23	-8	36	-3	13.87
105	23	-8	37	-2	15.18
106	23	-7	37	-2	14.82
107	22	-7	38	-2	16.71
108	22	-7	38	-2	16.71
109	21	-6	39	-2	18.39
110	21	-6	39	-2	18.39
111	20	-5	40	-2	20.18
112	19	-5	41	-2	22.16
113	19	-5	41	-1	22.33
114	18	-6	42	-1	24.46
115	18	-6	42	-1	24.46
116	17	-5	43	-1	26.26
117	16	-4	43	-1	27.14
118	16	-4	44	-1	28.13
119	15	-4	44	-1	29.12
120	15	-4	45	-1	30.12
121	15	-4	46	0	31.23
122	15	-5	46	0	31.36
123	14	-4	47	0	33.21
124	14	-4	47	0	33.21
125	14	-4	48	0	34.21
126	13	-4	48	0	35.20
127	13	-4	49	0	36.19
128	12	-4	36	-8	24.19
129	12	-4	36	-8	24.19
130	11	-4	36	-8	25.18
131	10	-3	37	-8	27.33
132	10	-3	37	-8	27.33
133	9	-3	37	-8	28.30
134	9	-3	38	-8	29.28
135	9	-3	38	-8	29.28
136	8	-3	38	-8	30.26
137	8	-3	39	-8	31.25
138	7	-3	39	-8	32.23
139	7	-3	39	-8	32.23
140	6	-4	40	-8	34.04
141	5	-4	40	-8	35.02
142	5	-4	40	-8	35.02
143	4	-5	41	-8	36.87
144	4	-5	41	-8	36.87
145	3	-5	41	-8	37.86
146	3	-5	42	-8	38.85
147	3	-4	42	-8	38.98
148	3	-4	42	-8	38.98
149	3	-4	43	-8	39.96
150	3	-5	43	-8	39.84
151	3	-5	43	-8	39.84
152	2	-5	44	-8	41.82
153	2	-6	44	-8	41.72
154	2	-6	44	-8	41.72
155	1	-6	45	-8	43.70
156	1	-6	45	-8	43.70
157	1	-6	45	-8	43.70
158	2	-6	46	-8	43.70
159	2	-6	46	-8	43.70
160	2	-9	-1	0	9.48
161	2	-9	-1	0	9.48
162	1	-11	-1	0	11.18
163	1	-11	-2	0	11.40
164	1	-11	-2	0	11.40
165	1	-12	-3	0	12.64
166	1	-12	-3	0	12.64
167	2	-12	-3	0	12.99
168	2	-12	-4	1	14.30
169	4	-12	-4	1	15.24
170	4	-12	-5	1	15.78
171	4	-12	-5	1	15.78
172	5	-13	-5	1	17.16
173	5	-13	-6	1	17.75
174	5	-13	-6	1	17.75
175	5	-13	-7	1	18.38
176	5	-13	-7	2	19.15
177	5	-14	-7	2	19.94
178	5	-14	-8	2	20.54
179	5	-13	-8	2	19.79
180	5	-14	-9	2	21.18
181	5	-14	-9	2	21.18
182	4	-14	-9	2	20.54
183	4	-14	-10	2	21.18
184	4	-14	-10	3	21.95
185	4	-14	-11	3	22.59
186	4	-14	-11	3	22.59
187	4	-14	-11	3	22.59
188	4	-14	-12	3	23.25
189	5	-15	-12	3	24.65
190	5	-15	-13	3	25.33
191	5	-15	-13	3	25.33
192	4	-15	-8	-14	11.66
193	4	-15	-8	-14	11.66
194	4	-15	-8	-14	11.66
195	4	-15	-8	-14	11.66
196	4	-16	-9	-14	12.71
197	4	-16	-9	-14	12.71
198	4	-16	-9	-14	12.71
199	4	-16	-10	-15	13.53
200	4	-16	-10	-15	13.53
201	4	-16	-10	-15	13.53
202	4	-16	-11	-15	14.49
203	4	-16	-11	-15	14.49
204	4	-16	-11	-15	14.49
205	4	-16	-12	-16	15.38
206	3	-16	-12	-16	14.42
207	3	-16	-12	-16	14.42
208	3	-15	-13	-16	15.45
209	3	-15	-13	-16	15.45
210	3	-15	-13	-16	15.45
211	3	-15	-13	-16	15.45
212	3	-15	-14	-17	16.46
213	3	-15	-14	-17	16.46
214	3	-15	-14	-17	16.46
215	3	-15	-15	-17	17.41
216	3	-15	-15	-17	17.41
217	4	-15	-15	-17	18.37
218	4	-15	-16	-18	19.40
219	4	-15	-16	-18	19.40
220	4	-15	-16	-18	19.40
221	4	-14	-17	-18	20.57
222	4	-14	-17	-18	20.57
223	4	-14	-17	-18	20.57
224	4	-14	6	-21	7.25
225	4	-13	6	-21	8.22
226	4	-12	6	-21	9.20
227	4	-12	6	-21	9.20
228	4	-12	6	-21	9.20
229	4	-12	6	-21	9.20
230	4	-12	6	-22	10.18
231	4	-12	6	-22	10.18
232	4	-12	6	-22	10.18
233	4	-12	6	-22	10.18
234	4	-12	6	-22	10.18
235	3	-12	6	-23	11.36
236	3	-12	6	-23	11.36
237	4	-12	6	-23	11.16
238	4	-12	6	-23	11.16
239	5	-12	6	-23	11.04
240	5	-12	7	-24	12.15
241	6	-12	7	-24	12.04
242	6	-12	7	-24	12.04
243	6	-13	7	-24	11.04
244	5	-13	7	-24	11.16
245	5	-13	7	-24	11.16
246	5	-13	7	-25	12.15
247	5	-13	7	-25	12.15
248	6	-12	7	-25	13.03
249	6	-12	7	-25	13.03
250	5	-12	7	-25	13.14
251	5	-12	7	-26	14.13
252	5	-12	7	-26	14.13
253	5	-11	7	-26	15.12
254	5	-11	7	-26	15.12
255	5	-12	7	-26	14.13
256	5	-12	4	-13	1.40
257	5	-11	4	-12	1.40
258	5	-11	4	-12	1.40
259	6	-12	4	-12	1.96
260	6	-12	4	-12	1.96
261	6	-12	4	-12	1.96
262	6	-12	4	-12	1.96
263	5	-12	4	-12	0.98
264	5	-12	4	-12	0.98
265	5	-12	4	-12	0.98
266	5	-12	4	-12	0.98
267	4	-12	4	-12	nan
268	3	-12	4	-12	0.98
269	3	-12	4	-12	0.98
270	2	-11	4	-12	2.20
271	2	-11	4	-12	2.20
272	1	-10	4	-12	3.56
273	0	-10	4	-12	4.41
274	0	-10	4	-12	4.41
275	-1	-9	4	-12	5.76
276	-1	-9	4	-12	5.76
277	-2	-8	4	-12	7.13
278	-3	-5	4	-12	9.84
279	-3	-5	4	-12	9.84
280	-4	-3	4	-12	11.99
281	-4	-3	4	-12	11.99
282	-5	-1	4	-12	14.17
283	-5	-1	4	-12	14.17
284	-8	4	4	-12	19.96
285	-8	4	4	-12	19.96
286	-9	6	4	-12	22.16
287	-9	6	4	-12	22.16
288	-9	7	6	-10	22.63
289	-9	7	6	-9	21.90
290	-10	8	6	-9	23.30
291	-10	8	6	-9	23.30
292	-11	9	6	-9	24.71
293	-11	8	6	-9	24.00
294	-11	8	6	-9	24.00
295	-12	8	6	-9	24.71
296	-12	8	6	-9	24.71
297	-12	8	6	-9	24.71
298	-12	8	6	-9	24.71
299	-12	8	6	-9	24.71
300	-12	8	6	-9	24.71
301	-13	8	6	-9	25.44
302	-13	8	6	-9	25.44
303	-13	7	6	-9	24.79
304	-13	7	6	-9	24.79
305	-12	6	6	-8	22.77
306	-12	6	6	-8	22.77
307	-11	5	6	-8	21.37
308	-11	4	6	-8	20.77
309	-11	4	6	-8	20.77
310	-10	2	6	-8	18.83
311	-10	2	6	-8	18.83
312	-8	0	6	-8	16.08
313	-8	0	6	-8	16.08
314	-7	-1	6	-8	14.72
315	-7	-1	6	-8	14.72
316	-4	-3	6	-8	11.14
317	-4	-3	6	-8	11.14
318	-1	-5	6	-8	7.57
319	0	-6	6	-8	6.28
320	0	-6	-23	26	39.01
321	3	-7	-23	26	41.55
322	3	-7	-23	27	42.31
323	5	-8	-24	27	44.89
324	5	-8	-24	28	45.62
325	7	-8	-25	28	47.46
326	7	-8	-25	29	48.16
327	8	-8	-26	30	50.10
328	9	-8	-26	30	50.73
329	9	-8	-26	31	51.42
330	9	-8	-27	31	52.05
331	9	-8	-27	32	52.72
332	9	-7	-28	33	53.24
333	9	-7	-28	33	53.24
334	11	-7	-29	34	55.79
335	11	-7	-29	34	55.79
336	12	-6	-30	35	56.94
337	12	-6	-30	36	57.56
338	12	-6	-30	36	57.56
339	12	-6	-31	37	58.80
340	13	-6	-31	37	59.44
341	13	-6	-32	38	60.67
342	13	-6	-32	39	61.27
343	13	-6	-33	39	61.89
344	14	-7	-33	40	63.88
345	14	-7	-33	40	63.88
346	14	-7	-34	41	65.08
347	14	-7	-34	42	65.67
348	15	-7	-35	42	66.89
349	15	-7	-35	43	67.45
350	16	-7	-36	43	68.67
351	16	-7	-36	44	69.21
352	16	-7	9	-19	13.80
353	17	-7	9	-19	14.30
354	18	-7	9	-19	14.85
355	18	-7	9	-20	15.66
356	19	-8	10	-20	14.83
357	19	-8	10	-21	15.64
358	19	-8	10	-21	15.64
359	19	-8	10	-21	15.64
360	20	-8	11	-22	16.47
361	20	-8	11	-22	16.47
362	21	-9	11	-23	16.96
363	21	-9	12	-23	16.44
364	21	-9	12	-23	16.44
365	21	-10	12	-24	16.42
366	21	-10	12	-24	16.42
367	21	-11	13	-25	15.92
368	21	-11	13	-25	15.92
369	21	-12	13	-25	15.04
370	21	-12	14	-26	15.48
371	21	-12	14	-26	15.48
372	20	-13	14	-27	15.09
373	21	-14	14	-27	14.55
374	21	-14	15	-27	14.16
375	21	-14	15	-28	15.07
376	21	-15	15	-28	14.14
377	21	-15	16	-29	14.74
378	21	-15	16	-29	14.74
379	21	-15	16	-29	14.74
380	20	-16	16	-30	14.47
381	18	-16	17	-30	14.03
382	18	-16	17	-31	15.03
383	18	-16	17	-31	15.03
384	17	-17	32	-8	17.17
385	17	-17	32	-8	17.17
386	15	-18	33	-8	20.16
387	15	-18	33	-8	20.16
388	15	-19	34	-8	21.47
389	15	-19	34	-8	21.47
390	15	-19	35	-8	22.31
391	14	-19	35	-8	23.16
392	13	-19	36	-8	24.88
393	13	-19	36	-8	24.88
394	13	-19	37	-8	25.75
395	12	-19	37	-8	26.63
396	12	-19	38	-8	27.52
397	12	-20	38	-8	27.87
398	12	-20	39	-8	28.75
399	12	-20	39	-8	28.75
400	12	-20	40	-8	29.63
401	12	-20	40	-8	29.63
402	12	-20	41	-8	30.52
403	12	-20	41	-8	30.52
404	12	-20	42	-8	31.41
405	12	-20	42	-8	31.41
406	11	-20	43	-8	33.20
407	10	-20	43	-8	34.10
408	10	-20	44	-8	35.01
409	10	-20	44	-8	35.01
410	9	-20	45	-8	36.83
411	9	-20	45	-8	36.83
412	8	-20	46	-8	38.66
413	8	-20	46	-8	38.66
414	8	-20	47	-8	39.58
415	8	-20	47	-8	39.58
416	7	-20	18	-27	12.27
417	7	-20	18	-27	12.27
418	7	-20	18	-27	12.27
419	6	-20	18	-27	13.03
420	6	-20	18	-28	13.56
421	5	-20	18	-28	14.30
422	5	-20	18	-28	14.30
423	5	-20	18	-29	14.84
424	4	-20	18	-29	15.58
425	3	-20	18	-29	16.32
426	3	-20	18	-30	16.85
427	3	-20	18	-30	16.85
428	3	-20	18	-30	16.85
429	3	-20	18	-31	17.41
430	2	-20	18	-31	18.12
431	2	-20	18	-31	18.12
432	2	-20	18	-32	18.69
433	1	-20	18	-32	19.38
434	1	-20	18	-32	19.38
435	1	-20	18	-32	19.38
436	1	-20	18	-33	19.96
437	0	-20	18	-33	20.64
438	0	-20	18	-33	20.64
439	0	-20	18	-34	21.22
440	0	-20	18	-34	21.22
441	0	-20	18	-34	21.22
442	0	-20	18	-35	21.84
443	0	-21	18	-35	21.11
444	0	-21	18	-35	21.11
445	0	-21	18	-36	21.73
446	0	-20	18	-36	22.47
447	0	-20	18	-36	22.47
448	0	-20	-3	-23	4.10
449	0	-20	-3	-23	4.10
450	0	-21	-3	-23	3.43
451	0	-21	-3	-23	3.43
452	0	-20	-4	-23	4.78
453	0	-20	-4	-23	4.78
454	0	-20	-4	-23	4.78
455	0	-20	-5	-23	5.53
456	0	-20	-5	-23	5.53
457	0	-20	-5	-23	5.53
458	0	-20	-6	-23	6.34
459	0	-20	-6	-24	6.85
460	0	-20	-6	-24	6.85
461	0	-20	-7	-24	7.62
462	0	-20	-7	-24	7.62
463	0	-20	-7	-24	7.62
464	0	-20	-8	-24	8.42
465	0	-20	-8	-24	8.42
466	0	-20	-8	-24	8.42
467	0	-20	-8	-24	8.42
468	0	-20	-9	-24	9.25
469	0	-20	-9	-24	9.25
470	0	-21	-9	-25	9.20
471	0	-21	-10	-25	10.03
472	0	-21	-10	-25	10.03
473	0	-20	-10	-25	10.50
474	0	-20	-11	-25	11.32
475	0	-20	-11	-25	11.32
476	0	-20	-11	-25	11.32
477	0	-20	-12	-25	12.15
478	0	-20	-12	-25	12.15
479	1	-20	-12	-25	13.00
480	1	-20	-7	-20	7.52
481	1	-20	-7	-20	7.52
482	1	-20	-7	-20	7.52
483	1	-20	-7	-20	7.52
484	1	-20	-7	-20	7.52
485	1	-20	-8	-20	8.46
486	2	-20	-8	-20	9.40
487	2	-20	-8	-20	9.40
488	2	-20	-8	-20	9.40
489	2	-20	-8	-20	9.40
490	2	-20	-9	-20	10.33
491	3	-20	-9	-20	11.27
492	4	-20	-9	-20	12.21
493	4	-20	-9	-20	12.21
494	4	-20	-10	-20	13.15
495	4	-20	-10	-20	13.15
496	4	-20	-10	-20	13.15
497	4	-20	-10	-20	13.15
498	4	-20	-10	-20	13.15
499	4	-20	-11	-20	14.09
500	4	-20	-11	-20	14.09
501	4	-20	-11	-20	14.09
502	4	-20	-11	-20	14.09
503	4	-20	-12	-20	15.03
504	4	-20	-12	-20	15.03
505	4	-20	-12	-20	15.03
506	4	-20	-12	-20	15.03
507	4	-20	-12	-20	15.03
508	4	-20	-13	-20	15.97
509	4	-20	-13	-20	15.97
510	4	-20	-13	-20	15.97
511	4	-20	-13	-20	15.97
512	5	-20	2	-20	2.82
513	5	-20	2	-20	2.82
514	5	-20	2	-20	2.82
515	5	-20	2	-20	2.82
516	5	-20	2	-20	2.82
517	5	-20	2	-20	2.82
518	6	-20	2	-20	3.76
519	6	-20	2	-20	3.76
520	6	-20	2	-20	3.76
521	6	-20	2	-20	3.76
522	7	-20	2	-20	4.70
523	7	-20	2	-20	4.70
524	7	-20	2	-20	4.70
525	7	-20	2	-20	4.70
526	8	-20	2	-20	5.64
527	8	-20	2	-20	5.64
528	8	-20	2	-20	5.64
529	9	-19	2	-20	6.67
530	9	-19	2	-20	6.67
531	9	-19	2	-20	6.67
532	10	-19	2	-20	7.61
533	10	-19	2	-20	7.61
534	10	-19	2	-20	7.61
535	10	-19	2	-20	7.61
536	10	-19	2	-20	7.61
537	11	-19	2	-20	8.54
538	12	-19	2	-20	9.48
539	12	-19	2	-20	9.48
540	12	-20	2	-20	9.40
541	13	-19	2	-20	10.42
542	13	-19	2	-20	10.42
543	13	-19	2	-20	10.42
544	13	-19	9	-20	3.90
545	13	-19	9	-20	3.90
546	14	-19	9	-20	4.82
547	15	-19	9	-20	5.74
548	15	-19	9	-20	5.74
549	15	-19	9	-20	5.74
550	15	-19	9	-20	5.74
551	15	-19	9	-20	5.74
552	16	-19	10	-20	5.74
553	16	-19	10	-20	5.74
554	16	-19	10	-20	5.74
555	17	-19	10	-20	6.67
556	17	-19	10	-20	6.67
557	17	-19	10	-20	6.67
558	18	-19	10	-20	7.61
559	18	-19	10	-20	7.61
560	18	-19	11	-20	6.67
561	19	-19	11	-20	7.61
562	19	-19	11	-20	7.61
563	19	-19	11	-20	7.61
564	20	-19	11	-20	8.54
565	20	-19	11	-20	8.54
566	21	-18	11	-20	9.66
567	21	-18	11	-20	9.66
568	21	-18	12	-20	8.74
569	21	-18	12	-20	8.74
570	22	-18	12	-20	9.66
571	22	-18	12	-20	9.66
572	22	-18	12	-20	9.66
573	23	-18	12	-20	10.59
574	23	-18	12	-20	10.59
575	23	-18	12	-20	10.59
576	24	-18	21	-18	2.85
577	25	-18	21	-17	3.94
578	25	-18	21	-17	3.94
579	25	-18	21	-17	3.94
580	26	-18	22	-17	3.94
581	26	-18	22	-17	3.94
582	27	-19	22	-17	5.16
583	27	-18	22	-17	4.87
584	27	-18	23	-17	3.94
585	27	-18	23	-17	3.94
586	28	-19	23	-17	5.16
587	29	-19	23	-17	6.05
588	29	-19	24	-17	5.16
589	30	-19	24	-17	6.05
590	31	-19	24	-17	6.95
591	31	-19	24	-17	6.95
592	32	-19	25	-17	6.95
593	33	-19	25	-17	7.87
594	33	-19	25	-17	7.87
595	34	-19	25	-17	8.79
596	34	-19	26	-17	7.87
597	34	-19	26	-17	7.87
598	35	-19	26	-17	8.79
599	36	-19	26	-17	9.72
600	36	-19	27	-17	8.79
601	38	-19	27	-17	10.65
602	39	-19	27	-17	11.58
603	39	-19	27	-17	11.58
604	41	-19	28	-17	12.52
605	43	-19	28	-17	14.40
606	43	-19	28	-17	14.40
607	45	-19	28	-17	16.28
608	47	-20	35	-17	11.76
609	47	-20	35	-16	12.09
610	49	-20	35	-16	13.90
611	49	-20	36	-16	12.99
612	49	-20	36	-16	12.99
613	50	-20	36	-16	13.90
614	53	-20	37	-16	15.73
615	53	-20	37	-16	15.73
616	55	-20	37	-16	17.57
617	57	-20	38	-16	18.49
618	57	-20	38	-16	18.49
619	57	-20	38	-16	18.49
620	61	-19	39	-16	21.18
621	65	-17	39	-16	24.93
622	65	-17	39	-16	24.93
623	69	-16	40	-16	27.85
624	72	-15	40	-16	30.82
625	72	-15	40	-16	30.82
626	74	-14	41	-16	31.91
627	77	-13	41	-16	34.94
628	77	-13	41	-16	34.94
629	79	-12	42	-16	36.08
630	79	-12	42	-16	36.08
631	79	-12	42	-16	36.08
632	81	-11	43	-16	37.23
633	83	-11	43	-16	39.16
634	83	-11	43	-16	39.16
635	85	-10	44	-16	40.33
636	86	-10	44	-16	41.29
637	86	-10	44	-16	41.29
638	88	-10	45	-16	42.25
639	90	-10	45	-16	44.17
640	90	-10	70	-22	22.62
641	93	-11	70	-22	24.59
642	96	-12	71	-22	25.86
643	96	-12	72	-22	24.99
644	99	-12	72	-22	27.63
645	99	-12	73	-22	26.74
646	99	-12	74	-22	25.86
647	101	-13	75	-22	26.33
648	103	-12	75	-22	28.52
649	103	-12	76	-22	27.63
650	104	-13	77	-22	27.22
651	106	-13	77	-22	29.02
652	106	-13	78	-22	28.12
653	107	-13	79	-22	28.12
654	108	-13	80	-22	28.12
655	108	-13	80	-22	28.12
656	109	-13	81	-23	28.38
657	109	-13	82	-23	27.50
658	110	-13	82	-23	28.38
659	110	-13	83	-23	27.50
660	111	-14	84	-23	27.08
661	112	-14	85	-23	27.08
662	112	-14	85	-23	27.08
663	114	-14	86	-23	27.98
664	116	-13	87	-23	29.27
665	116	-13	87	-23	29.27
666	118	-13	88	-23	30.16
667	118	-13	89	-23	29.27
668	118	-13	90	-23	28.38
669	119	-12	90	-23	29.69
670	121	-11	91	-23	31.01
671	121	-11	92	-23	30.13
672	124	-10	133	0	13.42
673	126	-10	134	0	12.78
674	126	-10	135	0	13.42
675	128	-9	137	0	12.70
676	129	-8	138	1	12.71
677	129	-8	139	1	13.43
678	130	-7	141	1	13.58
679	130	-7	142	2	14.98
680	130	-7	143	2	15.79
681	130	-7	145	2	17.47
682	131	-7	146	3	18.00
683	131	-7	147	3	18.84
684	132	-6	149	3	19.21
685	132	-5	150	4	20.11
686	132	-5	151	4	21.01
687	133	-4	153	4	21.53
688	133	-4	154	5	22.83
689	133	-4	155	5	23.75
690	134	-4	157	5	24.68
691	134	-4	158	5	25.61
692	135	-5	159	6	26.37
693	136	-5	161	6	27.28
694	136	-5	162	6	28.19
695	138	-5	163	7	27.69
696	138	-5	165	7	29.50
697	138	-5	166	7	30.41
698	139	-5	167	8	30.81
699	141	-6	169	8	31.24
700	141	-6	170	8	32.13
701	143	-6	171	9	31.69
702	145	-7	173	9	32.17
703	145	-7	174	9	33.03
704	148	-8	158	-10	10.08
705	152	-9	159	-10	6.98
706	152	-9	160	-10	7.95
707	155	-10	161	-10	5.91
708	155	-10	162	-10	6.89
709	155	-10	163	-10	7.88
710	159	-11	164	-10	5.02
711	161	-12	165	-10	4.41
712	161	-12	166	-10	5.30
713	163	-12	167	-10	4.41
714	165	-13	168	-10	4.20
715	165	-13	169	-10	4.94
716	168	-14	170	-10	4.45
717	170	-14	171	-10	4.12
718	170	-14	172	-10	4.45
719	173	-14	173	-10	4.00
720	176	-15	175	-10	5.09
721	176	-15	176	-10	5.00
722	177	-14	177	-10	4.00
723	177	-14	178	-10	4.12
724	177	-14	179	-10	4.45
725	178	-14	-180	-10	4.45
726	179	-15	-179	-10	5.37
727	179	-15	-178	-10	5.79
728	-179	-16	-177	-10	6.31
729	179	-16	-176	-10	7.73
730	179	-16	-175	-10	8.37
731	179	-16	-174	-10	9.08
732	179	-16	-173	-10	9.83
733	179	-16	-172	-10	10.62
734	179	-17	-171	-10	11.97
735	179	-17	-170	-10	12.78
736	179	-17	172	-6	12.96
737	178	-17	172	-5	13.36
738	177	-18	173	-5	13.58
739	177	-18	174	-5	13.33
740	176	-19	175	-5	14.03
741	176	-20	175	-5	15.03
742	176	-20	176	-5	15.00
743	175	-21	177	-5	16.12
744	175	-21	178	-5	16.26
745	175	-21	178	-5	16.26
746	175	-21	179	-5	16.46
747	174	-22	-180	-5	17.97
748	174	-22	-179	-5	18.30
749	175	-23	-179	-5	18.91
750	175	-23	-178	-5	19.23
751	175	-24	-177	-5	20.50
752	175	-24	-176	-5	20.88
753	174	-26	-176	-4	24.00
754	174	-26	-175	-4	24.40
755	174	-28	-174	-4	26.58
756	174	-28	-173	-4	27.00
757	174	-29	-173	-4	27.88
758	175	-31	-172	-4	29.65
759	175	-31	-171	-4	30.05
760	176	-33	-170	-4	31.81
761	176	-33	-170	-4	31.81
762	177	-34	-169	-4	32.71
763	178	-34	-168	-4	32.71
764	178	-34	-167	-4	33.09
765	179	-35	-167	-4	33.60
766	179	-35	-166	-4	33.97
767	-179	-36	-165	-4	34.51
768	-179	-36	-150	-26	26.67
769	-179	-36	-150	-26	26.67
770	-177	-36	-149	-26	25.88
771	-176	-36	-148	-26	25.88
772	-176	-36	-147	-27	26.19
773	-176	-36	-146	-27	26.99
774	-176	-36	-145	-27	27.78
775	-176	-36	-144	-27	28.58
776	-175	-36	-143	-28	28.15
777	-175	-36	-142	-28	28.95
778	-175	-36	-141	-28	29.76
779	-176	-36	-140	-29	30.97
780	-176	-36	-139	-29	31.78
781	-176	-36	-138	-29	32.59
782	-176	-36	-137	-29	33.40
783	-176	-36	-136	-30	33.84
784	-176	-36	-135	-30	34.65
785	-176	-36	-134	-30	35.46
786	-176	-37	-133	-31	35.84
787	-177	-37	-132	-31	37.44
788	-177	-37	-131	-31	38.23
789	-178	-36	-130	-31	39.94
790	-178	-36	-129	-32	40.40
791	-178	-36	-128	-32	41.19
792	-178	-36	-127	-32	41.99
793	-179	-36	-126	-33	43.24
794	-179	-36	-125	-33	44.03
795	-179	-36	-124	-33	44.82
796	-179	-36	-123	-33	45.61
797	-179	-36	-122	-34	46.05
798	-179	-36	-121	-34	46.83
799	-179	-36	-120	-34	47.61
800	-179	-35	-177	-55	20.05
801	-179	-35	-176	-55	20.11
802	-179	-35	-176	-56	21.10
803	-179	-35	-176	-56	21.10
804	-179	-35	-176	-57	22.09
805	179	-35	-176	-57	22.26
806	179	-34	-176	-58	24.23
807	179	-34	-176	-59	25.22
808	179	-34	-176	-59	25.22
809	178	-34	-176	-60	26.30
810	178	-34	-176	-60	26.30
811	178	-34	-176	-61	27.28
812	178	-34	-176	-62	28.26
813	178	-34	-176	-62	28.26
814	178	-34	-176	-63	29.24
815	178	-34	-176	-63	29.24
816	178	-34	-176	-64	30.23
817	178	-34	-175	-65	31.29
818	178	-34	-175	-65	31.29
819	178	-34	-175	-66	32.27
820	177	-34	-175	-66	32.35
821	177	-34	-175	-67	33.33
822	177	-34	-175	-68	34.31
823	177	-34	-175	-68	34.31
824	177	-33	-175	-69	36.28
825	177	-33	-175	-69	36.28
826	177	-33	-175	-70	37.26
827	177	-34	-175	-71	37.25
828	177	-34	-175	-71	37.25
829	177	-34	-175	-72	38.23
830	177	-34	-175	-72	38.23
831	177	-34	-175	-73	39.21
832	177	-33	-179	-34	3.48
833	177	-33	-179	-33	3.35
834	176	-33	-179	-33	4.19
835	176	-33	-179	-33	4.19
836	176	-33	-179	-33	4.19
837	176	-33	-179	-33	4.19
838	176	-33	-179	-33	4.19
839	176	-33	-179	-33	4.19
840	176	-33	-179	-33	4.19
841	176	-33	-179	-33	4.19
842	176	-33	-179	-33	4.19
843	176	-33	-179	-33	4.19
844	176	-33	-179	-33	4.19
845	176	-33	-179	-33	4.19
846	176	-33	-179	-33	4.19
847	176	-33	-179	-33	4.19
848	176	-33	-179	-33	4.19
849	176	-33	-179	-33	4.19
850	176	-33	-179	-33	4.19
851	176	-33	-179	-33	4.19
852	176	-33	-179	-33	4.19
853	176	-33	-179	-33	4.19
854	176	-33	-179	-33	4.19
855	176	-33	-179	-33	4.19
856	176	-33	-179	-33	4.19
857	177	-33	-179	-33	3.35
858	177	-33	-179	-33	3.35
859	177	-32	-179	-33	3.52
860	177	-32	-179	-33	3.52
861	178	-29	-179	-33	4.75
862	178	-29	-179	-33	4.75
863	178	-28	-179	-33	5.63
864	178	-28	173	-31	5.28
865	179	-27	172	-30	6.84
866	179	-25	172	-30	7.97
867	179	-25	172	-30	7.97
868	-179	-25	172	-30	9.41
869	-179	-25	172	-30	9.41
870	-179	-25	172	-30	9.41
871	-179	-26	172	-30	8.89
872	179	-26	172	-30	7.36
873	179	-26	171	-30	8.11
874	178	-26	171	-30	7.36
875	178	-26	171	-30	7.36
876	179	-26	171	-30	8.11
877	179	-26	171	-30	8.11
878	179	-26	171	-30	8.11
879	179	-26	171	-30	8.11
880	179	-26	171	-30	8.11
881	179	-26	170	-29	8.52
882	178	-26	170	-29	7.70
883	178	-26	170	-29	7.70
884	178	-26	170	-29	7.70
885	178	-26	170	-29	7.70
886	178	-26	170	-29	7.70
887	178	-26	170	-29	7.70
888	178	-26	170	-29	7.70
889	178	-26	169	-29	8.52
890	178	-25	169	-29	8.96
891	178	-25	169	-29	8.96
892	178	-26	169	-29	8.52
893	178	-26	169	-29	8.52
894	178	-25	169	-29	8.96
895	178	-25	169	-29	8.96
896	178	-25	179	-23	2.20
897	178	-25	179	-22	3.14
898	178	-25	179	-22	3.14
899	178	-25	179	-22	3.14
900	178	-25	179	-22	3.14
901	178	-24	179	-22	2.20
902	178	-24	179	-22	2.20
903	178	-21	179	-21	0.93
904	178	-21	179	-21	0.93
905	179	-15	179	-21	6.00
906	179	-15	179	-21	6.00
907	179	-13	179	-21	8.00
908	179	-13	179	-21	8.00
909	179	-11	179	-20	9.00
910	179	-11	179	-20	9.00
911	179	-11	179	-20	9.00
912	179	-9	179	-20	11.00
913	179	-7	179	-20	13.00
914	179	-7	179	-20	13.00
915	179	-7	179	-20	13.00
916	179	-7	179	-19	12.00
917	179	-8	179	-19	11.00
918	179	-8	179	-19	11.00
919	179	-8	179	-19	11.00
920	179	-9	179	-19	10.00
921	179	-9	179	-19	10.00
922	179	-9	179	-18	9.00
923	179	-8	179	-18	10.00
924	179	-8	179	-18	10.00
925	179	-8	179	-18	10.00
926	179	-8	179	-18	10.00
927	179	-8	179	-18	10.00
928	179	-8	178	-22	14.03
929	179	-8	178	-21	13.04
930	179	-8	178	-21	13.04
931	179	-8	178	-21	13.04
932	179	-8	178	-21	13.04
933	179	-8	178	-21	13.04
934	179	-8	178	-21	13.04
935	179	-8	178	-21	13.04
936	179	-8	178	-21	13.04
937	179	-8	178	-21	13.04
938	179	-8	178	-21	13.04
939	179	-8	178	-20	12.04
940	179	-8	178	-20	12.04
941	179	-8	178	-20	12.04
942	179	-8	178	-20	12.04
943	179	-8	178	-20	12.04
944	179	-8	178	-20	12.04
945	179	-8	178	-20	12.04
946	179	-8	178	-20	12.04
947	179	-8	178	-20	12.04
948	179	-8	178	-20	12.04
949	179	-8	178	-20	12.04
950	179	-8	178	-19	11.04
951	179	-8	178	-19	11.04
952	179	-8	178	-19	11.04
953	179	-8	178	-19	11.04
954	179	-8	178	-19	11.04
955	179	-8	178	-19	11.04
956	-180	-8	178	-19	11.17
957	-180	-8	178	-19	11.17
958	-179	-8	178	-19	11.38
959	-179	-8	178	-19	11.38
960	-179	-8	-180	9	17.03
961	-179	-8	-180	9	17.03
962	-179	-8	-180	10	18.03
963	-179	-8	-180	10	18.03
964	-179	-8	-180	11	19.03
965	-179	-8	-180	11	19.03
966	-179	-8	-180	12	20.02
967	-179	-8	-180	12	20.02
968	-179	-8	-180	13	21.02
969	-179	-8	-180	13	21.02
970	-179	-8	-180	14	22.02
971	-179	-8	-180	14	22.02
972	-179	-8	-180	15	23.02
973	-179	-8	-180	15	23.02
974	-179	-8	-180	16	24.02
975	-179	-8	-180	16	24.02
976	-179	-8	-180	17	25.02
977	-179	-8	-180	18	26.02
978	-179	-8	-180	18	26.02
979	180	-9	-180	19	28.00
980	180	-9	-180	19	28.00
981	-179	-8	-180	20	28.02
982	-179	-8	-180	20	28.02
983	-179	-9	-180	21	30.02
984	-179	-9	-180	21	30.02
985	-179	-9	-180	22	31.02
986	-179	-9	-180	22	31.02
987	-179	-9	-180	23	32.01
988	-179	-9	-180	23	32.01
989	180	-9	-180	24	33.00
990	180	-9	-180	24	33.00
991	-179	-8	-180	25	33.01
992	-179	-9	-177	-8	2.22
993	-179	-9	-176	-8	3.13
994	-179	-8	-176	-8	2.97
995	-179	-8	-176	-8	2.97
996	-179	-9	-176	-8	3.13
997	-179	-9	-176	-8	3.13
998	-179	-9	-176	-8	3.13
999	-179	-9	-176	-8	3.13
1000	-179	-8	-176	-8	2.97
1001	-179	-8	-176	-8	2.97
1002	-179	-9	-176	-8	3.13
1003	-179	-9	-176	-8	3.13
1004	-179	-9	-176	-8	3.13
1005	-179	-9	-176	-8	3.13
1006	-179	-9	-176	-8	3.13
1007	-179	-9	-176	-8	3.13
1008	-180	-9	-176	-8	4.08
1009	-180	-9	-175	-8	5.05
1010	180	-9	-175	-8	5.05
1011	179	-9	-175	-8	6.02
1012	179	-9	-175	-8	6.02
1013	180	-9	-175	-8	5.05
1014	180	-9	-175	-8	5.05
1015	-180	-9	-175	-8	5.05
1016	-180	-9	-175	-8	5.05
1017	-180	-9	-175	-8	5.05
1018	-180	-9	-175	-8	5.05
1019	180	-9	-175	-8	5.05
1020	180	-9	-175	-8	5.05
1021	-179	-9	-175	-8	4.08
1022	-179	-9	-175	-8	4.08
1023	-179	-9	-175	-8	4.08
1024	-179	-9	-179	-10	1.00
1025	-179	-9	-179	-10	1.00
1026	-179	-9	-179	-10	1.00
1027	-179	-9	-179	-10	1.00
1028	-179	-9	-179	-10	1.00
1029	-179	-9	-179	-10	1.00
1030	-179	-9	-179	-10	1.00
1031	-180	-9	-179	-10	1.40
1032	-180	-9	-179	-10	1.40
1033	-179	-9	-179	-10	1.00
1034	-179	-9	-179	-10	1.00
1035	-180	-9	-179	-10	1.40
1036	-180	-9	-179	-10	1.40
1037	-179	-9	-179	-10	1.00
1038	-179	-9	-179	-10	1.00
1039	-179	-9	-179	-10	1.00
1040	-180	-9	-179	-10	1.40
1041	-180	-9	-179	-10	1.40
1042	-179	-9	-179	-10	1.00
1043	-179	-9	-179	-10	1.00
1044	-179	-9	-179	-10	1.00
1045	-179	-9	-179	-10	1.00
1046	-179	-9	-179	-10	1.00
1047	-179	-9	-179	-10	1.00
1048	-179	-9	-179	-10	1.00
1049	-179	-9	-179	-10	1.00
1050	-178	-9	-179	-10	1.40
1051	-178	-9	-179	-10	1.40
1052	-178	-9	-179	-10	1.40
1053	-178	-9	-179	-10	1.40
1054	-178	-9	-179	-10	1.40
1055	-178	-9	-179	-10	1.40
1056	-178	-9	-179	-9	0.99
1057	-178	-9	-179	-9	0.99
1058	-178	-10	-179	-9	1.40
1059	-178	-10	-179	-9	1.40
1060	-177	-11	-179	-9	2.81
1061	-177	-11	-179	-9	2.81
1062	-177	-12	-179	-9	3.59
1063	-177	-12	-179	-9	3.59
1064	-176	-12	-179	-9	4.21
1065	-176	-12	-179	-9	4.21
1066	-176	-12	-179	-9	4.21
1067	-176	-12	-179	-9	4.21
1068	-175	-12	-179	-9	4.95
1069	-175	-12	-179	-9	4.95
1070	-175	-12	-179	-9	4.95
1071	-175	-12	-179	-9	4.95
1072	-174	-12	-179	-9	5.76
1073	-174	-12	-179	-9	5.76
1074	-174	-12	-179	-9	5.76
1075	-174	-12	-179	-9	5.76
1076	-174	-12	-179	-9	5.76
1077	-174	-12	-179	-9	5.76
1078	-175	-12	-179	-9	4.95
1079	-175	-12	-179	-9	4.95
1080	-175	-12	-179	-9	4.95
1081	-175	-12	-179	-9	4.95
1082	-175	-12	-179	-9	4.95
1083	-175	-12	-179	-9	4.95
1084	-175	-12	-179	-9	4.95
1085	-175	-12	-179	-9	4.95
1086	-176	-12	-179	-9	4.21
1087	-176	-12	-179	-9	4.21
1088	-176	-12	-177	-9	3.16
1089	-176	-12	-176	-9	3.00
1090	-176	-12	-176	-9	3.00
1091	-176	-12	-176	-9	3.00
1092	-175	-12	-176	-9	3.16
1093	-175	-12	-176	-9	3.16
1094	-175	-12	-176	-9	3.16
1095	-175	-12	-176	-9	3.16
1096	-175	-12	-176	-9	3.16
1097	-175	-12	-176	-9	3.16
1098	-175	-12	-176	-9	3.16
1099	-175	-12	-176	-9	3.16
1100	-176	-12	-176	-9	3.00
1101	-176	-12	-176	-9	3.00
1102	-176	-12	-176	-9	3.00
1103	-176	-12	-176	-9	3.00
1104	-176	-12	-176	-9	3.00
1105	-176	-12	-176	-9	3.00
1106	-176	-12	-176	-9	3.00
1107	-176	-12	-176	-9	3.00
1108	-176	-12	-176	-9	3.00
1109	-176	-12	-176	-9	3.00
1110	-177	-12	-176	-9	3.16
1111	-177	-12	-176	-9	3.16
1112	-177	-12	-176	-9	3.16
1113	-177	-12	-176	-9	3.16
1114	-177	-12	-176	-9	3.16
1115	-177	-12	-176	-9	3.16
1116	-177	-12	-176	-9	3.16
1117	-177	-12	-176	-9	3.16
1118	-177	-12	-176	-9	3.16
1119	-177	-12	-176	-9	3.16
1120	-177	-12	-174	-15	4.18
1121	-177	-12	-173	-15	4.91
1122	-177	-12	-173	-15	4.91
1123	-177	-12	-173	-15	4.91
1124	-176	-11	-173	-15	4.95
1125	-176	-11	-173	-15	4.95
1126	-176	-11	-173	-15	4.95
1127	-176	-11	-173	-15	4.95
1128	-176	-11	-173	-15	4.95
1129	-176	-11	-173	-15	4.95
1130	-176	-11	-173	-15	4.95
1131	-176	-11	-173	-16	5.79
1132	-176	-11	-173	-16	5.79
1133	-176	-11	-173	-16	5.79
1134	-176	-11	-173	-16	5.79
1135	-176	-11	-173	-16	5.79
1136	-176	-11	-173	-16	5.79
1137	-176	-11	-172	-16	6.33
1138	-176	-11	-172	-16	6.33
1139	-176	-11	-172	-16	6.33
1140	-176	-11	-172	-16	6.33
1141	-176	-11	-172	-16	6.33
1142	-176	-11	-172	-17	7.14
1143	-176	-11	-172	-17	7.14
1144	-176	-11	-172	-17	7.14
1145	-176	-11	-172	-17	7.14
1146	-176	-11	-172	-17	7.14
1147	-176	-11	-172	-17	7.14
1148	-176	-11	-172	-17	7.14
1149	-176	-11	-172	-17	7.14
1150	-177	-11	-172	-17	7.71
1151	-177	-11	-172	-17	7.71
1152	-177	-11	-178	-12	1.40
1153	-177	-11	-178	-12	1.40
1154	-177	-11	-178	-12	1.40
1155	-177	-11	-178	-12	1.40
1156	-177	-11	-178	-12	1.40
1157	-177	-11	-178	-12	1.40
1158	-177	-11	-178	-12	1.40
1159	-177	-11	-178	-12	1.40
1160	-177	-11	-178	-12	1.40
1161	-177	-11	-178	-12	1.40
1162	-177	-11	-178	-12	1.40
1163	-177	-11	-178	-12	1.40
1164	-177	-11	-178	-12	1.40
1165	-177	-11	-178	-12	1.40
1166	-177	-11	-178	-12	1.40
1167	-177	-11	-178	-12	1.40
1168	-177	-11	-178	-12	1.40
1169	-177	-11	-178	-12	1.40
1170	-177	-11	-178	-12	1.40
1171	-177	-11	-178	-12	1.40
1172	-177	-11	-178	-12	1.40
1173	-177	-11	-178	-12	1.40
1174	-177	-11	-178	-12	1.40
1175	-177	-11	-178	-12	1.40
1176	-177	-11	-178	-12	1.40
1177	-177	-11	-178	-12	1.40
1178	-178	-10	-178	-12	2.00
1179	-178	-10	-178	-12	2.00
1180	-178	-10	-178	-12	2.00
1181	-178	-10	-178	-12	2.00
1182	-178	-11	-178	-12	1.00
1183	-178	-11	-178	-12	1.00
1184	-178	-11	-177	-10	1.40
1185	-177	-10	-177	-9	1.00
1186	-177	-10	-177	-9	1.00
1187	-177	-10	-177	-9	1.00
1188	-177	-10	-177	-9	1.00
1189	-177	-10	-177	-9	1.00
1190	-178	-10	-177	-9	1.40
1191	-178	-11	-177	-9	2.23
1192	-178	-11	-177	-9	2.23
1193	-178	-11	-177	-9	2.23
1194	-177	-10	-177	-9	1.00
1195	-177	-10	-177	-9	1.00
1196	-177	-11	-177	-9	2.00
1197	-178	-11	-177	-9	2.23
1198	-178	-11	-177	-9	2.23
1199	-178	-11	-177	-9	2.23
1200	-178	-11	-177	-9	2.23
1201	-178	-11	-177	-9	2.23
1202	-177	-11	-177	-9	2.00
1203	-177	-11	-177	-9	2.00
1204	-177	-11	-177	-9	2.00
1205	-177	-11	-177	-9	2.00
1206	-178	-11	-177	-9	2.23
1207	-178	-11	-177	-9	2.23
1208	-177	-12	-177	-9	3.00
1209	-177	-12	-177	-9	3.00
1210	-177	-12	-177	-9	3.00
1211	-177	-12	-177	-9	3.00
1212	-178	-12	-177	-9	3.16
1213	-178	-12	-177	-9	3.16
1214	-177	-13	-177	-9	4.00
1215	-177	-13	-177	-9	4.00
1216	-177	-13	-179	-11	2.80
1217	-177	-13	-179	-11	2.80
1218	-176	-13	-179	-11	3.55
1219	-176	-13	-179	-11	3.55
1220	-177	-13	-179	-11	2.80
1221	-177	-13	-179	-11	2.80
1222	-177	-12	-179	-11	2.20
1223	-177	-12	-179	-11	2.20
1224	-177	-12	-179	-11	2.20
1225	-177	-12	-179	-11	2.20
1226	-177	-12	-179	-11	2.20
1227	-177	-12	-179	-11	2.20
1228	-177	-12	-179	-11	2.20
1229	-176	-11	-179	-11	2.94
1230	-176	-11	-179	-11	2.94
1231	-176	-11	-179	-11	2.94
1232	-176	-11	-179	-11	2.94
1233	-176	-11	-179	-11	2.94
1234	-176	-11	-179	-11	2.94
1235	-175	-11	-179	-11	3.93
1236	-175	-11	-179	-11	3.93
1237	-176	-10	-179	-11	3.11
1238	-176	-11	-179	-11	2.94
1239	-176	-11	-179	-11	2.94
1240	-176	-11	-179	-11	2.94
1241	-176	-11	-179	-11	2.94
1242	-176	-11	-179	-11	2.94
1243	-176	-11	-179	-11	2.94
1244	-176	-11	-179	-11	2.94
1245	-176	-11	-179	-11	2.94
1246	-175	-11	-179	-11	3.93
1247	-175	-11	-179	-11	3.93
1248	-175	-11	-176	-15	4.12
1249	-176	-12	-175	-15	3.15
1250	-177	-12	-175	-15	3.58
1251	-177	-12	-175	-15	3.58
1252	-178	-13	-175	-15	3.53
1253	-179	-13	-175	-15	4.37
1254	-179	-13	-175	-15	4.37
1255	-179	-13	-175	-15	4.37
1256	-179	-13	-175	-15	4.37
1257	-179	-12	-175	-15	4.91
1258	-179	-12	-175	-15	4.91
1259	-179	-12	-175	-15	4.91
1260	-179	-11	-175	-15	5.58
1261	-179	-11	-175	-15	5.58
1262	-179	-11	-175	-15	5.58
1263	179	-11	-175	-15	7.08
1264	179	-11	-175	-16	7.68
1265	177	-10	-175	-16	9.83
1266	177	-10	-175	-16	9.83
1267	176	-11	-175	-16	10.08
1268	176	-11	-175	-16	10.08
1269	174	-11	-175	-16	11.80
1270	174	-11	-175	-16	11.80
1271	173	-11	-175	-16	12.69
1272	173	-11	-175	-16	12.69
1273	170	-11	-175	-16	15.41
1274	170	-11	-175	-16	15.41
1275	167	-11	-175	-16	18.19
1276	167	-11	-175	-16	18.19
1277	165	-11	-175	-16	20.07
1278	165	-11	-175	-16	20.07
1279	164	-11	-175	-16	21.01
1280	164	-11	-173	-9	22.73
1281	163	-12	-172	-8	24.93
1282	163	-12	-172	-8	24.93
1283	162	-12	-172	-8	25.90
1284	162	-12	-172	-8	25.90
1285	160	-12	-172	-8	27.85
1286	160	-12	-172	-8	27.85
1287	159	-12	-172	-8	28.82
1288	159	-12	-172	-8	28.82
1289	159	-12	-172	-8	28.82
1290	159	-12	-172	-8	28.82
1291	159	-12	-172	-8	28.82
1292	159	-12	-172	-8	28.82
1293	159	-12	-172	-8	28.82
1294	159	-12	-172	-8	28.82
1295	159	-12	-172	-8	28.82
1296	159	-12	-172	-8	28.82
1297	158	-12	-171	-7	30.96
1298	158	-12	-171	-7	30.96
1299	158	-12	-171	-7	30.96
1300	158	-12	-171	-7	30.96
1301	158	-12	-171	-7	30.96
1302	158	-12	-171	-7	30.96
1303	158	-12	-171	-7	30.96
1304	159	-13	-171	-7	30.12
1305	159	-13	-171	-7	30.12
1306	159	-13	-171	-7	30.12
1307	160	-14	-171	-7	29.33
1308	163	-16	-171	-7	26.98
1309	163	-16	-171	-7	26.98
1310	165	-17	-171	-7	25.48
1311	165	-17	-171	-7	25.48
1312	170	-21	143	-11	27.76
1313	170	-21	142	-11	28.65
1314	173	-24	141	-11	33.06
1315	173	-24	141	-11	33.06
1316	174	-26	140	-11	35.40
1317	176	-27	139	-11	38.27
1318	176	-27	139	-11	38.27
1319	176	-29	138	-11	39.73
1320	176	-29	137	-11	40.56
1321	177	-30	137	-11	41.70
1322	178	-30	136	-11	43.35
1323	178	-31	135	-11	44.47
1324	178	-31	135	-11	44.47
1325	178	-31	134	-11	45.29
1326	178	-31	133	-11	46.11
1327	177	-31	133	-11	45.29
1328	177	-31	132	-11	46.11
1329	177	-31	131	-11	46.94
1330	177	-31	131	-11	46.94
1331	177	-31	130	-11	47.77
1332	177	-32	129	-11	48.84
1333	177	-32	129	-11	48.84
1334	177	-32	128	-11	49.66
1335	177	-32	127	-11	50.49
1336	177	-32	127	-11	50.49
1337	177	-32	126	-11	51.32
1338	177	-32	125	-11	52.15
1339	177	-31	125	-11	51.95
1340	177	-31	124	-11	52.80
1341	177	-31	123	-11	53.64
1342	177	-32	123	-11	53.81
1343	177	-32	122	-11	54.65
1344	176	-32	176	-31	1.00
1345	176	-32	176	-31	1.00
1346	176	-32	176	-31	1.00
1347	176	-32	176	-31	1.00
1348	176	-32	176	-32	0.00
1349	176	-32	176	-32	0.00
1350	176	-31	177	-32	1.31
1351	176	-31	177	-33	2.17
1352	176	-32	177	-33	1.31
1353	176	-32	177	-33	1.31
1354	176	-32	177	-34	2.17
1355	176	-32	178	-34	2.61
1356	175	-32	178	-34	3.21
1357	175	-32	178	-35	3.91
1358	175	-31	178	-35	4.72
1359	175	-31	178	-35	4.72
1360	175	-31	179	-36	6.01
1361	175	-31	179	-36	6.01
1362	175	-31	179	-36	6.01
1363	175	-31	179	-36	6.01
1364	175	-31	179	-37	6.85
1365	175	-31	179	-37	6.85
1366	175	-31	-180	-37	7.29
1367	175	-31	-180	-38	8.12
1368	175	-31	-180	-38	8.12
1369	175	-31	-180	-38	8.12
1370	175	-31	-180	-39	8.98
1371	175	-31	-179	-39	9.38
1372	175	-31	-179	-39	9.38
1373	175	-31	-179	-40	10.23
1374	175	-31	-179	-40	10.23
1375	175	-31	-179	-40	10.23
1376	175	-32	-178	-43	12.31
1377	175	-32	-178	-43	12.31
1378	175	-32	-178	-43	12.31
1379	174	-32	-178	-44	13.54
1380	174	-32	-178	-44	13.54
1381	174	-33	-178	-44	12.64
1382	174	-33	-177	-45	13.87
1383	174	-33	-177	-45	13.87
1384	173	-33	-177	-45	14.27
1385	173	-33	-177	-46	15.09
1386	173	-33	-177	-46	15.09
1387	173	-34	-176	-46	14.63
1388	173	-34	-176	-47	15.42
1389	172	-34	-176	-47	15.84
1390	171	-35	-176	-47	15.46
1391	171	-35	-176	-48	16.19
1392	170	-35	-175	-48	17.12
1393	170	-35	-175	-48	17.12
1394	170	-35	-175	-49	17.83
1395	169	-35	-175	-49	18.29
1396	167	-35	-175	-49	19.27
1397	167	-35	-175	-50	19.92
1398	165	-35	-174	-50	21.42
1399	164	-35	-174	-50	21.94
1400	164	-35	-174	-51	22.52
1401	162	-36	-174	-51	22.79
1402	161	-36	-174	-51	23.33
1403	160	-36	-173	-52	24.91
1404	160	-36	-173	-52	24.91
1405	159	-36	-173	-52	25.45
1406	159	-36	-173	-53	25.93
1407	157	-36	-173	-53	26.99
1408	155	-35	174	-32	16.10
1409	155	-35	173	-32	15.28
1410	153	-34	173	-32	16.87
1411	149	-33	173	-32	20.22
1412	149	-33	173	-32	20.22
1413	145	-32	173	-32	23.68
1414	138	-31	173	-32	29.73
1415	138	-31	173	-32	29.73
1416	134	-29	173	-32	33.56
1417	131	-29	173	-32	36.09
1418	131	-29	173	-32	36.09
1419	127	-28	173	-32	39.74
1420	127	-28	173	-32	39.74
1421	124	-29	173	-32	41.97
1422	120	-29	173	-32	45.31
1423	120	-29	173	-32	45.31
1424	117	-28	173	-32	48.13
1425	114	-28	173	-32	50.62
1426	111	-28	173	-32	53.11
1427	111	-28	173	-32	53.11
1428	108	-27	173	-32	55.95
1429	108	-27	173	-32	55.95
1430	105	-27	173	-32	58.42
1431	103	-27	173	-32	60.07
1432	103	-27	173	-32	60.07
1433	98	-27	173	-32	64.14
1434	98	-27	173	-32	64.14
1435	96	-27	173	-32	65.76
1436	96	-27	173	-32	65.76
1437	93	-26	173	-32	68.61
1438	92	-26	173	-32	69.42
1439	92	-26	173	-32	69.42
1440	90	-26	135	-38	39.58
1441	88	-26	134	-38	40.37
1442	86	-26	133	-38	41.16
1443	85	-26	133	-38	41.94
1444	85	-26	132	-38	41.16
1445	83	-26	131	-38	41.94
1446	83	-26	131	-38	41.94
1447	83	-26	130	-38	41.16
1448	82	-26	130	-38	41.94
1449	82	-26	129	-38	41.16
1450	82	-26	128	-38	40.37
1451	83	-26	128	-39	39.67
1452	84	-27	127	-39	37.62
1453	84	-27	126	-39	36.84
1454	84	-27	126	-39	36.84
1455	82	-26	125	-39	38.12
1456	82	-26	125	-39	38.12
1457	78	-26	124	-39	40.44
1458	78	-26	123	-39	39.67
1459	77	-26	123	-39	40.44
1460	76	-26	122	-39	40.44
1461	76	-26	121	-39	39.67
1462	77	-26	121	-40	39.01
1463	77	-26	120	-40	38.25
1464	77	-26	120	-40	38.25
1465	77	-26	119	-40	37.49
1466	77	-26	118	-40	36.74
1467	74	-25	118	-40	39.55
1468	74	-25	117	-40	38.79
1469	71	-25	116	-40	40.31
1470	71	-25	116	-40	40.31
1471	68	-25	115	-40	41.83
1472	66	-24	25	-17	38.90
1473	64	-24	22	-16	40.12
1474	64	-24	20	-16	41.94
1475	63	-23	18	-16	42.83
1476	63	-22	16	-15	44.95
1477	63	-22	14	-15	46.80
1478	62	-22	12	-15	47.73
1479	62	-22	10	-15	49.58
1480	61	-22	8	-14	50.80
1481	61	-22	6	-14	52.65
1482	60	-22	4	-14	53.58
1483	60	-22	2	-13	55.74
1484	60	-23	0	-13	57.56
1485	60	-23	-1	-13	58.48
1486	61	-23	-3	-13	61.24
1487	61	-23	-5	-12	63.42
1488	62	-22	-7	-12	66.24
1489	62	-22	-9	-12	68.09
1490	62	-22	-11	-11	70.27
1491	62	-22	-13	-11	72.12
1492	62	-22	-15	-11	73.97
1493	62	-22	-17	-11	75.81
1494	62	-22	-19	-10	78.00
1495	62	-22	-21	-10	79.84
1496	62	-22	-23	-10	81.68
1497	62	-22	-25	-9	83.88
1498	62	-22	-27	-9	85.72
1499	62	-22	-29	-9	87.56
1500	62	-23	-31	-9	89.22
1501	62	-23	-33	-8	91.44
1502	62	-23	-35	-8	93.25
1503	62	-23	-37	-8	95.06
1504	62	-23	42	-22	18.49
1505	62	-24	41	-21	19.61
1506	62	-24	40	-21	20.52
1507	62	-25	39	-21	21.52
1508	62	-25	39	-21	21.52
1509	63	-26	38	-21	23.43
1510	63	-26	37	-21	24.32
1511	63	-26	36	-21	25.21
1512	63	-26	36	-21	25.21
1513	63	-27	35	-21	26.21
1514	64	-27	34	-21	27.98
1515	64	-27	33	-21	28.87
1516	65	-27	33	-21	29.76
1517	67	-29	32	-21	32.58
1518	67	-29	31	-21	33.45
1519	69	-32	30	-21	36.37
1520	69	-32	30	-21	36.37
1521	72	-38	29	-20	41.23
1522	72	-38	28	-20	41.99
1523	76	-41	27	-20	46.40
1524	76	-40	27	-20	46.20
1525	77	-40	26	-20	47.71
1526	77	-40	25	-20	48.47
1527	77	-40	24	-20	49.23
1528	75	-40	24	-20	47.71
1529	75	-40	23	-20	48.47
1530	75	-40	22	-20	49.23
1531	75	-41	21	-20	50.12
1532	75	-41	21	-20	50.12
1533	75	-41	20	-20	50.86
1534	75	-41	19	-20	51.61
1535	75	-41	18	-20	52.36
1536	75	-41	58	-22	23.80
1537	75	-41	57	-21	25.15
1538	75	-41	57	-21	25.15
1539	75	-41	57	-21	25.15
1540	75	-41	57	-21	25.15
1541	74	-41	57	-21	24.65
1542	75	-41	57	-21	25.15
1543	75	-41	57	-21	25.15
1544	75	-41	57	-21	25.15
1545	75	-41	56	-21	25.67
1546	75	-41	56	-21	25.67
1547	75	-41	56	-21	25.67
1548	75	-41	56	-21	25.67
1549	75	-41	56	-21	25.67
1550	75	-41	56	-21	25.67
1551	74	-41	56	-21	25.15
1552	74	-41	56	-21	25.15
1553	74	-41	55	-21	25.67
1554	74	-40	55	-21	24.97
1555	74	-40	55	-21	24.97
1556	74	-40	55	-21	24.97
1557	73	-39	55	-21	23.72
1558	72	-39	55	-21	23.17
1559	71	-38	55	-21	21.90
1560	71	-38	55	-21	21.90
1561	70	-37	54	-21	21.19
1562	70	-37	54	-21	21.19
1563	70	-37	54	-21	21.19
1564	70	-37	54	-21	21.19
1565	69	-36	54	-21	19.92
1566	69	-36	54	-21	19.92
1567	69	-36	54	-21	19.92
1568	68	-36	88	-59	26.44
1569	67	-36	88	-59	26.77
1570	67	-36	88	-60	27.54
1571	65	-35	89	-60	29.44
1572	65	-35	89	-61	30.18
1573	62	-34	90	-61	32.44
1574	58	-33	90	-62	35.43
1575	58	-33	90	-62	35.43
1576	58	-33	91	-63	36.43
1577	51	-32	91	-64	40.44
1578	49	-32	92	-64	41.57
1579	49	-32	92	-65	42.06
1580	47	-32	92	-65	42.80
1581	46	-33	93	-66	43.10
1582	46	-33	93	-66	43.10
1583	46	-33	94	-67	43.89
1584	46	-33	94	-68	44.34
1585	43	-32	94	-68	46.27
1586	43	-32	95	-69	47.01
1587	43	-32	95	-69	47.01
1588	42	-31	96	-70	48.98
1589	42	-31	96	-70	48.98
1590	40	-31	96	-71	49.98
1591	37	-31	97	-71	51.21
1592	37	-31	97	-72	51.52
1593	32	-30	98	-73	54.47
1594	32	-30	98	-73	54.47
1595	29	-30	98	-74	55.52
1596	26	-32	99	-74	54.71
1597	20	-32	99	-75	56.38
1598	18	-32	100	-75	57.15
1599	18	-32	100	-76	57.13
1600	15	-33	61	-31	38.75
1601	15	-33	60	-30	38.20
1602	13	-33	60	-30	39.86
1603	13	-33	60	-30	39.86
1604	11	-33	60	-30	41.51
1605	10	-33	59	-30	41.51
1606	10	-33	59	-30	41.51
1607	8	-34	59	-29	43.33
1608	8	-34	59	-29	43.33
1609	8	-34	59	-29	43.33
1610	8	-34	58	-29	42.51
1611	8	-34	58	-29	42.51
1612	8	-34	58	-29	42.51
1613	8	-34	58	-28	42.86
1614	8	-34	57	-28	42.03
1615	8	-35	57	-28	41.95
1616	8	-35	57	-28	41.95
1617	8	-35	57	-28	41.95
1618	8	-35	57	-28	41.95
1619	8	-35	56	-28	41.13
1620	8	-35	56	-27	41.52
1621	9	-35	56	-27	40.70
1622	9	-35	56	-27	40.70
1623	9	-35	55	-27	39.88
1624	9	-35	55	-27	39.88
1625	9	-35	55	-27	39.88
1626	10	-35	55	-26	39.46
1627	10	-35	55	-26	39.46
1628	10	-35	54	-26	38.64
1629	10	-35	54	-26	38.64
1630	10	-35	54	-26	38.64
1631	10	-35	54	-26	38.64
1632	10	-35	-38	-30	40.41
1633	10	-35	-39	-29	41.57
1634	11	-35	-41	-29	44.01
1635	11	-35	-42	-29	44.83
1636	12	-34	-44	-29	47.42
1637	13	-34	-46	-29	49.87
1638	13	-34	-47	-29	50.68
1639	14	-34	-49	-29	53.11
1640	15	-33	-51	-29	55.78
1641	15	-33	-52	-29	56.59
1642	15	-34	-54	-29	57.93
1643	15	-34	-56	-28	59.94
1644	15	-34	-57	-28	60.74
1645	15	-34	-59	-28	62.34
1646	14	-34	-61	-28	63.13
1647	15	-34	-62	-28	64.71
1648	15	-34	-64	-28	66.28
1649	15	-34	-66	-28	67.85
1650	16	-34	-67	-28	69.41
1651	16	-34	-69	-28	70.95
1652	17	-34	-71	-28	73.26
1653	17	-34	-72	-28	74.02
1654	17	-34	-74	-27	76.06
1655	17	-34	-76	-27	77.57
1656	17	-34	-77	-27	78.33
1657	17	-34	-79	-27	79.82
1658	17	-34	-81	-27	81.31
1659	18	-34	-82	-27	82.78
1660	19	-34	-84	-27	84.97
1661	19	-34	-86	-27	86.41
1662	19	-34	-87	-27	87.12
1663	19	-33	-89	-27	89.06
1664	19	-33	5	-37	12.13
1665	20	-32	4	-37	14.08
1666	20	-32	4	-37	14.08
1667	20	-32	4	-37	14.08
1668	21	-31	4	-37	15.29
1669	21	-31	4	-37	15.29
1670	22	-31	4	-37	16.05
1671	22	-30	3	-37	17.28
1672	22	-30	3	-37	17.28
1673	22	-30	3	-37	17.28
1674	22	-30	3	-37	17.28
1675	22	-30	3	-37	17.28
1676	22	-30	3	-37	17.28
1677	22	-30	2	-37	18.04
1678	21	-29	2	-37	17.78
1679	22	-29	2	-37	18.53
1680	23	-28	2	-38	20.18
1681	23	-28	2	-38	20.18
1682	23	-28	2	-38	20.18
1683	24	-28	2	-38	20.91
1684	25	-28	1	-38	22.38
1685	25	-28	1	-38	22.38
1686	26	-28	1	-38	23.13
1687	27	-27	1	-38	24.42
1688	27	-27	1	-38	24.42
1689	28	-27	1	-38	25.16
1690	28	-27	0	-38	25.92
1691	28	-27	0	-38	25.92
1692	29	-27	0	-38	26.67
1693	29	-27	0	-38	26.67
1694	28	-28	0	-38	25.40
1695	27	-29	0	-38	24.14
1696	24	-29	28	-31	4.00
1697	24	-29	28	-30	3.62
1698	22	-30	28	-30	5.20
1699	22	-31	28	-30	5.26
1700	21	-32	29	-30	7.14
1701	21	-32	29	-30	7.14
1702	21	-33	29	-30	7.45
1703	21	-32	29	-30	7.14
1704	21	-32	30	-30	7.97
1705	20	-32	30	-30	8.80
1706	21	-33	30	-30	8.24
1707	21	-33	31	-30	9.03
1708	21	-33	31	-30	9.03
1709	21	-33	31	-30	9.03
1710	21	-33	31	-30	9.03
1711	21	-33	32	-30	9.84
1712	21	-33	32	-30	9.84
1713	21	-33	32	-29	10.23
1714	20	-34	33	-29	12.15
1715	20	-34	33	-29	12.15
1716	21	-33	33	-29	11.03
1717	21	-33	33	-29	11.03
1718	21	-33	34	-29	11.83
1719	21	-33	34	-29	11.83
1720	21	-33	34	-29	11.83
1721	21	-33	35	-29	12.64
1722	20	-34	35	-29	13.71
1723	21	-33	35	-29	12.64
1724	21	-33	35	-29	12.64
1725	21	-34	36	-29	13.71
1726	21	-34	36	-29	13.71
1727	21	-33	36	-29	13.45
1728	21	-33	29	-25	10.62
1729	21	-33	29	-24	11.41
1730	21	-33	29	-24	11.41
1731	21	-33	29	-24	11.41
1732	20	-33	29	-24	11.97
1733	21	-33	29	-24	11.41
1734	21	-33	29	-24	11.41
1735	21	-33	30	-24	11.97
1736	21	-33	30	-24	11.97
1737	21	-33	30	-23	12.76
1738	21	-33	30	-23	12.76
1739	21	-33	30	-23	12.76
1740	21	-33	30	-23	12.76
1741	21	-32	31	-23	12.62
1742	21	-32	31	-23	12.62
1743	21	-33	31	-23	13.32
1744	21	-33	31	-23	13.32
1745	21	-33	31	-22	14.11
1746	22	-33	31	-22	13.58
1747	22	-33	31	-22	13.58
1748	22	-33	32	-22	14.11
1749	22	-33	32	-22	14.11
1750	22	-33	32	-22	14.11
1751	22	-33	32	-22	14.11
1752	22	-33	32	-22	14.11
1753	22	-33	32	-21	14.93
1754	22	-33	33	-21	15.47
1755	22	-33	33	-21	15.47
1756	22	-33	33	-21	15.47
1757	22	-33	33	-21	15.47
1758	22	-33	33	-21	15.47
1759	22	-33	33	-21	15.47
1760	22	-33	18	-37	5.17
1761	22	-33	17	-37	5.72
1762	22	-33	17	-37	5.72
1763	22	-33	17	-37	5.72
1764	22	-33	17	-37	5.72
1765	23	-34	17	-37	5.73
1766	23	-34	17	-37	5.73
1767	23	-34	17	-37	5.73
1768	23	-34	17	-38	6.29
1769	23	-34	17	-38	6.29
1770	24	-33	17	-38	7.58
1771	26	-33	16	-38	9.55
1772	28	-33	16	-38	10.96
1773	28	-33	16	-38	10.96
1774	32	-34	16	-38	13.53
1775	37	-34	16	-38	17.41
1776	37	-34	16	-39	17.56
1777	41	-33	16	-39	21.02
1778	41	-33	16	-39	21.02
1779	44	-33	16	-39	23.33
1780	45	-33	16	-39	24.10
1781	47	-33	16	-39	25.65
1782	47	-33	15	-39	26.43
1783	48	-33	15	-39	27.21
1784	48	-33	15	-40	27.26
1785	49	-33	15	-40	28.03
1786	49	-33	15	-40	28.03
1787	49	-33	15	-40	28.03
1788	49	-33	15	-40	28.03
1789	50	-34	15	-40	28.40
1790	51	-34	15	-40	29.16
1791	52	-33	15	-40	30.32
