frame_id	phi	theta	est_phi	est_theta	err_phi	err_theta	speed	err_ang
0	61	3	0	0	61.04
1	61	3	0	0	61.04
2	61	3	0	0	61.04
3	61	3	0	0	61.04
4	61	3	0	0	61.04
5	61	3	0	0	61.04
6	60	3	0	0	60.05
7	60	3	0	0	60.05
8	60	3	0	0	60.05
9	60	3	0	0	60.05
10	60	3	0	0	60.05
11	60	3	0	0	60.05
12	60	3	0	0	60.05
13	60	3	0	0	60.05
14	60	3	0	0	60.05
15	60	3	0	0	60.05
16	60	3	0	0	60.05
17	60	3	0	0	60.05
18	60	3	0	0	60.05
19	60	3	0	0	60.05
20	60	3	0	0	60.05
21	58	4	0	0	58.09
22	58	4	0	0	58.09
23	58	4	0	0	58.09
24	58	4	0	0	58.09
25	58	4	0	0	58.09
26	57	5	0	0	57.14
27	57	5	0	0	57.14
28	57	5	0	0	57.14
29	57	5	0	0	57.14
30	57	5	0	0	57.14
31	57	4	0	0	57.09
32	57	4	61	3	4.12
33	57	4	61	3	4.12
34	57	4	61	3	4.12
35	57	4	61	3	4.12
36	57	3	61	3	3.99
37	57	3	61	3	3.99
38	57	3	61	3	3.99
39	57	3	61	3	3.99
40	57	3	61	3	3.99
41	56	3	61	3	4.99
42	56	3	61	3	4.99
43	56	3	61	3	4.99
44	56	3	61	3	4.99
45	56	3	61	3	4.99
46	56	2	61	3	5.09
47	56	2	61	3	5.09
48	56	2	61	3	5.09
49	56	2	61	3	5.09
50	56	2	61	3	5.09
51	55	0	61	3	6.71
52	55	0	61	3	6.71
53	55	0	61	3	6.71
54	55	0	61	3	6.71
55	55	0	61	3	6.71
56	53	0	61	3	8.54
57	53	0	61	3	8.54
58	53	0	61	3	8.54
59	53	0	61	3	8.54
60	53	0	61	3	8.54
61	52	0	61	3	9.48
62	52	0	61	3	9.48
63	52	0	61	3	9.48
64	52	0	53	5	5.10
65	52	0	52	5	5.00
66	52	0	52	5	5.00
67	51	0	52	5	5.10
68	51	0	52	5	5.10
69	51	0	52	5	5.10
70	51	0	52	5	5.10
71	51	0	52	5	5.10
72	49	0	52	5	5.83
73	49	0	51	5	5.38
74	49	0	51	5	5.38
75	49	0	51	5	5.38
76	49	0	51	5	5.38
77	46	0	51	5	7.07
78	46	0	51	5	7.07
79	46	0	51	5	7.07
80	46	0	51	5	7.07
81	46	0	50	5	6.40
82	43	0	50	5	8.60
83	43	0	50	5	8.60
84	43	0	50	5	8.60
85	43	0	50	5	8.60
86	43	0	50	5	8.60
87	41	0	50	5	10.29
88	41	0	50	5	10.29
89	41	0	49	5	9.43
90	41	0	49	5	9.43
91	41	0	49	5	9.43
92	41	0	49	5	9.43
93	41	0	49	5	9.43
94	41	0	49	5	9.43
95	41	0	49	5	9.43
96	41	0	47	-4	7.21
97	38	0	46	-4	8.94
98	38	0	46	-4	8.94
99	38	0	46	-4	8.94
100	38	0	46	-4	8.94
101	38	0	46	-4	8.94
102	30	0	46	-4	16.48
103	30	0	45	-4	15.51
104	30	0	45	-5	15.79
105	30	0	45	-5	15.79
106	30	0	45	-5	15.79
107	29	-1	45	-5	16.47
108	29	-1	45	-5	16.47
109	29	-1	44	-5	15.50
110	29	-1	44	-5	15.50
111	29	-1	44	-5	15.50
112	27	-1	44	-6	17.68
113	27	-1	44	-6	17.68
114	27	-1	44	-6	17.68
115	27	-1	44	-6	17.68
116	27	-1	43	-6	16.73
117	22	-1	43	-6	21.54
118	22	-1	43	-6	21.54
119	22	-1	43	-6	21.54
120	22	-1	43	-7	21.78
121	22	-1	43	-7	21.78
122	23	-2	42	-7	19.58
123	23	-2	42	-7	19.58
124	23	-2	42	-7	19.58
125	23	-2	42	-7	19.58
126	23	-2	42	-7	19.58
127	23	-2	42	-7	19.58
128	23	-4	30	0	8.06
129	23	-4	29	0	7.21
130	23	-4	29	0	7.21
131	23	-4	28	0	6.40
132	23	-4	28	0	6.40
133	23	-6	28	0	7.80
134	23	-6	27	0	7.21
135	23	-6	27	0	7.21
136	23	-6	27	0	7.21
137	23	-6	26	0	6.71
138	24	-11	26	0	11.18
139	24	-11	26	0	11.18
140	24	-11	25	0	11.04
141	24	-11	25	0	11.04
142	24	-11	25	0	11.04
143	23	-13	24	0	13.04
144	23	-13	24	0	13.04
145	23	-13	24	0	13.04
146	23	-13	23	0	13.00
147	23	-13	23	0	13.00
148	22	-14	23	0	14.03
149	22	-14	22	0	14.00
150	22	-14	22	0	14.00
151	22	-14	22	0	14.00
152	22	-14	21	0	14.03
153	23	-17	21	0	17.11
154	23	-17	21	0	17.11
155	23	-17	20	0	17.25
156	23	-17	20	0	17.25
157	23	-17	20	0	17.25
158	27	-21	19	0	22.41
159	27	-21	19	0	22.41
160	27	-21	5	-8	24.90
161	27	-21	4	-8	25.73
162	27	-21	3	-8	26.56
163	31	-26	3	-8	32.13
164	31	-26	2	-8	32.92
165	31	-26	2	-8	32.92
166	31	-26	1	-8	33.71
167	31	-26	1	-8	33.71
168	32	-30	0	-9	36.52
169	32	-30	0	-9	36.52
170	32	-30	0	-9	36.52
171	32	-30	-1	-9	37.29
172	32	-30	-1	-9	37.29
173	33	-32	-2	-9	39.73
174	33	-32	-2	-9	39.73
175	33	-32	-3	-9	40.49
176	33	-32	-4	-10	40.62
177	33	-32	-4	-10	40.62
178	33	-32	-5	-10	41.40
179	36	-36	-5	-10	45.30
180	36	-36	-6	-10	46.04
181	36	-36	-6	-10	46.04
182	36	-36	-7	-10	46.78
183	36	-36	-7	-10	46.78
184	40	-38	-8	-11	50.57
185	40	-38	-9	-11	51.32
186	40	-38	-9	-11	51.32
187	40	-38	-10	-11	52.07
188	40	-38	-10	-11	52.07
189	40	-38	-11	-11	52.82
190	44	-40	-11	-11	56.36
191	44	-40	-12	-11	57.10
192	44	-40	31	-38	10.29
193	44	-40	31	-38	10.29
194	45	-40	31	-39	10.84
195	45	-40	31	-39	10.84
196	45	-40	31	-40	10.71
197	45	-40	31	-40	10.71
198	45	-40	31	-41	10.68
199	45	-41	31	-41	10.55
200	45	-41	32	-42	9.78
201	45	-41	32	-42	9.78
202	45	-41	32	-43	9.85
203	45	-41	32	-43	9.85
204	45	-41	32	-44	10.03
205	45	-41	32	-44	10.03
206	45	-41	32	-45	10.30
207	45	-41	32	-45	10.30
208	45	-41	33	-46	10.02
209	45	-42	33	-47	9.90
210	45	-42	33	-47	9.90
211	45	-42	33	-48	10.37
212	45	-42	33	-48	10.37
213	45	-42	33	-49	10.92
214	45	-42	33	-49	10.92
215	45	-42	33	-50	11.53
216	45	-42	34	-50	11.04
217	45	-42	34	-51	11.74
218	45	-42	34	-51	11.74
219	45	-42	34	-52	12.47
220	45	-42	34	-52	12.47
221	45	-42	34	-53	13.24
222	45	-42	34	-53	13.24
223	45	-42	34	-54	14.04
224	48	-44	61	-59	16.98
225	48	-44	61	-59	16.98
226	48	-44	62	-60	18.09
227	48	-44	62	-60	18.09
228	48	-44	63	-61	19.19
229	49	-44	63	-61	18.92
230	49	-44	64	-62	20.02
231	49	-44	64	-63	20.87
232	49	-44	65	-63	21.11
233	49	-44	65	-64	21.96
234	49	-45	66	-64	21.26
235	49	-45	66	-65	22.08
236	49	-45	67	-66	23.15
237	49	-45	67	-66	23.15
238	49	-45	68	-67	24.20
239	50	-45	68	-67	23.98
240	50	-45	69	-68	25.03
241	50	-45	70	-69	26.07
242	50	-45	70	-69	26.07
243	50	-45	71	-70	27.10
244	51	-46	71	-70	25.94
245	51	-46	72	-71	26.96
246	51	-46	72	-72	27.81
247	51	-46	73	-72	27.97
248	51	-46	73	-73	28.81
249	51	-48	74	-73	27.03
250	51	-48	74	-74	27.86
251	51	-48	75	-75	28.83
252	51	-48	75	-75	28.83
253	51	-48	76	-76	29.80
254	51	-49	76	-76	28.82
255	51	-49	77	-77	29.77
256	51	-49	52	-48	1.20
257	51	-49	52	-48	1.20
258	51	-49	52	-48	1.20
259	51	-49	52	-48	1.20
260	51	-49	52	-48	1.20
261	51	-49	52	-48	1.20
262	51	-49	52	-48	1.20
263	51	-49	52	-48	1.20
264	51	-49	53	-49	1.31
265	52	-50	53	-49	1.19
266	52	-50	53	-49	1.19
267	52	-50	53	-49	1.19
268	52	-50	53	-49	1.19
269	53	-52	53	-49	3.00
270	53	-52	53	-49	3.00
271	53	-52	53	-49	3.00
272	53	-52	54	-50	2.10
273	53	-52	54	-50	2.10
274	53	-52	54	-50	2.10
275	53	-54	54	-50	4.05
276	53	-54	54	-50	4.05
277	53	-54	54	-50	4.05
278	53	-54	54	-50	4.05
279	53	-54	54	-50	4.05
280	55	-56	55	-51	5.00
281	55	-56	55	-51	5.00
282	55	-56	55	-51	5.00
283	55	-56	55	-51	5.00
284	61	-57	55	-51	6.95
285	61	-57	55	-51	6.95
286	61	-57	55	-51	6.95
287	61	-57	55	-51	6.95
288	61	-57	54	-54	4.97
289	61	-57	54	-54	4.97
290	63	-57	54	-54	5.91
291	63	-57	54	-54	5.91
292	63	-57	54	-54	5.91
293	63	-57	54	-54	5.91
294	67	-57	54	-54	7.94
295	67	-57	54	-55	7.53
296	67	-57	54	-55	7.53
297	67	-57	54	-55	7.53
298	67	-57	54	-55	7.53
299	68	-56	55	-55	7.42
300	68	-56	55	-55	7.42
301	68	-56	55	-56	7.26
302	68	-56	55	-56	7.26
303	68	-56	55	-56	7.26
304	67	-55	55	-56	6.86
305	67	-55	55	-56	6.86
306	67	-55	55	-56	6.86
307	67	-55	55	-56	6.86
308	67	-55	55	-57	6.99
309	67	-54	55	-57	7.42
310	67	-54	56	-57	6.90
311	67	-54	56	-57	6.90
312	67	-54	56	-57	6.90
313	67	-54	56	-57	6.90
314	67	-52	56	-58	8.69
315	67	-52	56	-58	8.69
316	67	-52	56	-58	8.69
317	67	-52	56	-58	8.69
318	67	-52	56	-58	8.69
319	66	-52	56	-58	8.28
320	66	-52	71	-65	13.25
321	66	-52	71	-65	13.25
322	66	-52	71	-65	13.25
323	66	-52	71	-65	13.25
324	66	-52	72	-66	14.32
325	64	-51	72	-66	15.54
326	64	-51	72	-66	15.54
327	64	-51	73	-66	15.68
328	64	-51	73	-67	16.62
329	64	-51	73	-67	16.62
330	64	-51	74	-67	16.76
331	64	-51	74	-67	16.76
332	64	-51	74	-68	17.69
333	64	-51	75	-68	17.83
334	64	-51	75	-68	17.83
335	64	-50	75	-68	18.80
336	64	-50	76	-69	19.87
337	64	-50	76	-69	19.87
338	64	-50	76	-69	19.87
339	64	-50	76	-69	19.87
340	63	-49	77	-70	22.04
341	63	-49	77	-70	22.04
342	63	-49	77	-70	22.04
343	63	-49	78	-70	22.19
344	63	-49	78	-71	23.09
345	61	-48	78	-71	24.36
346	61	-48	79	-71	24.52
347	61	-48	79	-71	24.52
348	61	-48	79	-72	25.39
349	61	-48	80	-72	25.54
350	60	-46	80	-72	27.64
351	60	-46	80	-72	27.64
352	60	-46	71	-47	7.63
353	60	-46	71	-46	7.64
354	60	-46	71	-46	7.64
355	59	-40	71	-46	10.61
356	59	-40	71	-46	10.61
357	59	-40	71	-46	10.61
358	59	-40	71	-46	10.61
359	59	-40	72	-45	10.79
360	59	-32	72	-45	16.46
361	59	-32	72	-45	16.46
362	59	-32	72	-45	16.46
363	59	-32	72	-45	16.46
364	59	-32	72	-45	16.46
365	59	-26	73	-44	21.27
366	59	-26	73	-44	21.27
367	59	-26	73	-44	21.27
368	59	-26	73	-44	21.27
369	59	-26	73	-44	21.27
370	59	-21	73	-44	25.77
371	59	-21	73	-44	25.77
372	59	-21	74	-43	25.32
373	59	-21	74	-43	25.32
374	59	-21	74	-43	25.32
375	58	-16	74	-43	30.26
376	58	-16	74	-43	30.26
377	58	-16	74	-43	30.26
378	58	-16	75	-42	29.82
379	58	-16	75	-42	29.82
380	58	-16	75	-42	29.82
381	60	-13	75	-42	31.79
382	60	-13	75	-42	31.79
383	60	-13	75	-42	31.79
384	60	-13	54	-40	27.51
385	71	-11	53	-39	32.26
386	71	-11	53	-39	32.26
387	71	-11	53	-39	32.26
388	71	-11	53	-39	32.26
389	71	-11	53	-39	32.26
390	71	-11	52	-38	31.91
391	75	-9	52	-38	35.63
392	75	-9	52	-38	35.63
393	75	-9	52	-38	35.63
394	75	-9	52	-38	35.63
395	74	-8	51	-37	35.73
396	74	-8	51	-37	35.73
397	74	-8	51	-37	35.73
398	74	-8	51	-37	35.73
399	74	-8	51	-37	35.73
400	70	-5	51	-37	36.42
401	70	-5	50	-36	36.04
402	70	-5	50	-36	36.04
403	70	-5	50	-36	36.04
404	70	-5	50	-36	36.04
405	62	-1	50	-36	36.73
406	62	-1	49	-35	36.09
407	62	-1	49	-35	36.09
408	62	-1	49	-35	36.09
409	62	-1	49	-35	36.09
410	62	-1	49	-35	36.09
411	53	-2	48	-34	32.34
412	53	-2	48	-34	32.34
413	53	-2	48	-34	32.34
414	53	-2	48	-34	32.34
415	49	-2	48	-34	32.01
416	49	-2	60	20	24.50
417	49	-2	60	21	25.40
418	49	-2	60	22	26.30
419	49	-2	60	23	27.20
420	37	-1	60	24	33.52
421	37	-1	60	25	34.23
422	37	-1	60	26	34.96
423	37	-1	60	27	35.70
424	37	-1	60	28	36.44
425	28	-1	60	29	42.85
426	28	-1	60	30	43.48
427	28	-1	60	31	44.13
428	28	-1	60	32	44.78
429	28	-1	60	33	45.44
430	16	0	60	34	53.39
431	16	0	60	35	53.90
432	16	0	60	36	54.41
433	16	0	60	37	54.94
434	16	0	60	38	55.47
435	4	1	60	39	63.55
436	4	1	60	40	63.93
437	4	1	60	41	64.32
438	4	1	60	42	64.71
439	4	1	60	43	65.11
440	3	1	60	44	66.18
441	3	1	60	45	66.58
442	3	1	60	46	66.99
443	3	1	60	47	67.41
444	3	1	60	48	67.83
445	1	0	60	49	70.25
446	1	0	60	50	70.67
447	1	0	60	51	71.09
448	1	0	38	9	37.93
449	1	0	37	9	36.96
450	-4	0	37	9	41.80
451	-4	0	36	10	41.03
452	-4	0	36	10	41.03
453	-4	0	36	10	41.03
454	-4	0	35	11	40.28
455	-4	1	35	11	40.00
456	-4	1	35	11	40.00
457	-4	1	34	12	39.26
458	-4	1	34	12	39.26
459	-4	1	34	12	39.26
460	-5	3	33	13	38.87
461	-5	3	33	13	38.87
462	-5	3	33	13	38.87
463	-5	3	32	14	38.14
464	-5	3	32	14	38.14
465	-9	1	32	14	42.57
466	-9	1	31	15	41.90
467	-9	1	31	15	41.90
468	-9	1	31	15	41.90
469	-9	1	30	16	41.26
470	-13	0	30	16	45.33
471	-13	0	30	16	45.33
472	-13	0	29	17	44.71
473	-13	0	29	17	44.71
474	-13	0	29	17	44.71
475	-20	0	28	18	50.48
476	-20	0	28	18	50.48
477	-20	0	28	18	50.48
478	-20	0	27	19	49.85
479	-20	0	27	19	49.85
480	-29	0	-47	2	18.11
481	-29	0	-48	2	19.10
482	-29	0	-50	2	21.09
483	-29	0	-51	2	22.09
484	-29	0	-53	2	24.08
485	-29	0	-54	2	25.07
486	-33	1	-56	2	23.01
487	-33	1	-57	2	24.01
488	-33	1	-59	2	26.01
489	-33	1	-60	2	27.01
490	-38	0	-62	2	24.08
491	-38	0	-63	2	25.07
492	-38	0	-65	2	27.07
493	-38	0	-66	2	28.07
494	-38	0	-68	2	30.06
495	-41	0	-69	2	28.07
496	-41	0	-71	3	30.14
497	-41	0	-72	3	31.13
498	-41	0	-74	3	33.12
499	-41	0	-75	3	34.12
500	-45	0	-77	3	32.13
501	-45	0	-78	3	33.12
502	-45	0	-80	3	35.11
503	-45	0	-81	3	36.11
504	-45	0	-83	3	38.10
505	-45	0	-84	3	39.10
506	-50	0	-86	3	36.11
507	-50	0	-87	3	37.10
508	-50	0	-89	3	39.10
509	-50	0	-90	3	40.09
510	-52	1	-92	3	40.02
511	-52	1	-93	3	41.02
512	-52	1	-59	0	7.07
513	-52	1	-59	0	7.07
514	-52	1	-60	0	8.06
515	-52	1	-61	0	9.05
516	-55	2	-62	0	7.28
517	-55	2	-63	0	8.24
518	-55	2	-64	0	9.22
519	-55	2	-65	0	10.20
520	-56	4	-66	0	10.76
521	-56	4	-67	0	11.70
522	-56	4	-68	0	12.64
523	-56	4	-69	0	13.59
524	-56	4	-70	0	14.55
525	-57	5	-71	0	14.85
526	-57	5	-72	0	15.79
527	-57	5	-73	0	16.74
528	-57	5	-74	0	17.70
529	-57	5	-74	0	17.70
530	-57	5	-75	0	18.66
531	-61	4	-76	0	15.51
532	-61	4	-77	0	16.48
533	-61	4	-78	0	17.45
534	-61	4	-79	0	18.42
535	-66	3	-80	0	14.31
536	-66	3	-81	0	15.29
537	-66	3	-82	0	16.27
538	-66	3	-83	0	17.25
539	-66	3	-84	0	18.24
540	-66	3	-85	0	19.23
541	-74	3	-86	0	12.36
542	-74	3	-87	0	13.34
543	-74	3	-88	0	14.31
544	-74	3	-75	2	1.41
545	-74	3	-75	2	1.41
546	-80	4	-76	2	4.47
547	-80	4	-77	2	3.60
548	-80	4	-77	2	3.60
549	-80	4	-78	2	2.83
550	-82	3	-79	2	3.16
551	-82	3	-80	2	2.23
552	-82	3	-80	2	2.23
553	-82	3	-81	2	1.41
554	-82	3	-82	2	1.00
555	-82	3	-82	2	1.00
556	-84	3	-83	2	1.41
557	-84	3	-84	2	1.00
558	-84	3	-85	2	1.41
559	-84	3	-85	2	1.41
560	-84	3	-86	2	2.23
561	-87	2	-87	2	0.00
562	-87	2	-87	2	0.00
563	-87	2	-88	2	1.00
564	-87	2	-89	2	2.00
565	-87	2	-90	2	3.00
566	-90	2	-90	2	0.00
567	-90	2	-91	2	1.00
568	-90	2	-92	2	2.00
569	-90	2	-92	2	2.00
570	-90	2	-93	2	3.00
571	-90	2	-94	2	4.00
572	-90	2	-95	2	5.00
573	-90	2	-95	2	5.00
574	-90	2	-96	2	6.00
575	-90	2	-97	2	7.00
576	-93	2	-96	5	4.24
577	-93	2	-96	5	4.24
578	-93	2	-97	5	4.99
579	-93	2	-98	5	5.82
580	-94	3	-98	5	4.46
581	-94	3	-99	5	5.37
582	-94	3	-100	5	6.31
583	-94	3	-100	5	6.31
584	-94	3	-101	5	7.26
585	-94	3	-102	5	8.23
586	-92	2	-102	5	10.42
587	-92	2	-103	5	11.38
588	-92	2	-104	5	12.35
589	-92	2	-104	5	12.35
590	-87	3	-105	5	18.07
591	-87	3	-106	5	19.06
592	-87	3	-107	6	20.16
593	-87	3	-107	6	20.16
594	-87	3	-108	6	21.15
595	-80	3	-109	6	29.06
596	-80	3	-109	6	29.06
597	-80	3	-110	6	30.05
598	-80	3	-111	6	31.04
599	-80	3	-111	6	31.04
600	-80	3	-112	6	32.04
601	-75	1	-113	6	38.24
602	-75	1	-113	6	38.24
603	-75	1	-114	6	39.23
604	-75	1	-115	6	40.22
605	-75	1	-115	6	40.22
606	-70	-2	-116	6	46.62
607	-70	-2	-117	6	47.61
608	-70	-2	-112	1	42.10
609	-70	-2	-112	0	42.04
610	-65	-8	-113	0	48.50
611	-65	-8	-113	0	48.50
612	-65	-8	-114	0	49.48
613	-65	-8	-114	0	49.48
614	-65	-8	-115	0	50.47
615	-65	-8	-116	0	51.45
616	-63	-16	-116	0	54.65
617	-63	-16	-117	0	55.60
618	-63	-16	-117	0	55.60
619	-63	-16	-118	0	56.54
620	-65	-19	-119	0	56.24
621	-65	-19	-119	0	56.24
622	-65	-19	-120	0	57.16
623	-65	-19	-120	0	57.16
624	-65	-19	-121	0	58.08
625	-67	-21	-122	0	57.62
626	-67	-21	-122	0	57.62
627	-67	-21	-123	0	58.53
628	-67	-21	-123	0	58.53
629	-67	-21	-124	0	59.44
630	-67	-21	-125	0	60.35
631	-72	-24	-125	0	56.65
632	-72	-24	-126	0	57.52
633	-72	-24	-126	0	57.52
634	-72	-24	-127	0	58.40
635	-77	-26	-128	0	55.55
636	-77	-26	-128	0	55.55
637	-77	-26	-129	0	56.40
638	-77	-26	-129	0	56.40
639	-77	-26	-130	0	57.25
640	-80	-27	-47	-6	37.76
641	-80	-27	-46	-6	38.55
642	-80	-27	-45	-6	39.35
643	-80	-27	-44	-6	40.15
644	-80	-27	-44	-6	40.15
645	-82	-29	-43	-6	43.39
646	-82	-29	-42	-6	44.19
647	-82	-29	-41	-6	45.00
648	-82	-29	-41	-7	44.42
649	-82	-29	-40	-7	45.23
650	-82	-29	-39	-7	46.05
651	-84	-30	-39	-7	48.03
652	-84	-30	-38	-7	48.85
653	-84	-30	-37	-7	49.67
654	-84	-30	-36	-7	50.50
655	-87	-31	-36	-7	53.26
656	-87	-31	-35	-8	53.54
657	-87	-31	-34	-8	54.37
658	-87	-31	-34	-8	54.37
659	-87	-31	-33	-8	55.21
660	-87	-31	-32	-8	56.04
661	-92	-30	-31	-8	60.96
662	-92	-30	-31	-8	60.96
663	-92	-30	-30	-8	61.82
664	-92	-30	-29	-9	62.19
665	-95	-30	-29	-9	64.78
666	-95	-30	-28	-9	65.64
667	-96	-30	-27	-9	67.37
668	-96	-30	-26	-9	68.24
669	-96	-30	-26	-9	68.24
670	-98	-30	-25	-9	70.83
671	-98	-30	-24	-9	71.70
672	-98	-30	-90	-52	22.78
673	-98	-30	-90	-52	22.78
674	-98	-30	-90	-53	23.73
675	-98	-30	-90	-54	24.69
676	-99	-30	-91	-55	25.65
677	-99	-30	-91	-55	25.65
678	-99	-30	-91	-56	26.61
679	-99	-30	-92	-57	27.44
680	-99	-30	-92	-58	28.41
681	-97	-30	-92	-59	29.20
682	-97	-30	-93	-59	29.13
683	-97	-30	-93	-60	30.12
684	-97	-30	-93	-61	31.11
685	-97	-30	-94	-62	32.06
686	-96	-29	-94	-62	33.03
687	-96	-29	-94	-63	34.02
688	-96	-29	-95	-64	35.01
689	-96	-29	-95	-65	36.01
690	-96	-29	-95	-66	37.01
691	-96	-29	-95	-66	37.01
692	-96	-26	-96	-67	41.00
693	-96	-26	-96	-68	42.00
694	-96	-26	-96	-69	43.00
695	-96	-26	-97	-69	43.00
696	-97	-24	-97	-70	46.00
697	-97	-24	-97	-71	47.00
698	-97	-24	-98	-72	48.00
699	-97	-24	-98	-73	49.00
700	-99	-20	-98	-73	53.00
701	-99	-20	-99	-74	54.00
702	-99	-20	-99	-75	55.00
703	-99	-20	-99	-76	56.00
704	-99	-20	-116	-33	19.96
705	-99	-20	-116	-33	19.96
706	-103	-16	-117	-33	21.19
707	-103	-16	-117	-33	21.19
708	-103	-16	-118	-33	21.75
709	-103	-16	-118	-33	21.75
710	-103	-16	-119	-33	22.32
711	-103	-16	-119	-33	22.32
712	-107	-15	-120	-33	21.52
713	-107	-15	-121	-33	22.03
714	-107	-15	-121	-33	22.03
715	-107	-15	-122	-34	23.33
716	-110	-13	-122	-34	23.66
717	-110	-13	-123	-34	24.09
718	-110	-13	-123	-34	24.09
719	-110	-13	-124	-34	24.55
720	-110	-13	-125	-34	25.03
721	-110	-13	-125	-34	25.03
722	-111	-12	-126	-34	25.90
723	-111	-12	-126	-34	25.90
724	-111	-12	-127	-34	26.39
725	-111	-12	-127	-34	26.39
726	-116	-12	-128	-35	25.45
727	-116	-12	-128	-35	25.45
728	-116	-12	-129	-35	25.85
729	-116	-12	-130	-35	26.27
730	-116	-12	-130	-35	26.27
731	-119	-12	-131	-35	25.45
732	-119	-12	-131	-35	25.45
733	-119	-12	-132	-35	25.85
734	-119	-12	-132	-35	25.85
735	-119	-12	-133	-35	26.27
736	-119	-12	-100	-10	18.75
737	-125	-12	-100	-9	24.75
738	-125	-12	-100	-9	24.75
739	-125	-12	-100	-9	24.75
740	-125	-12	-100	-8	24.93
741	-130	-12	-100	-8	29.80
742	-130	-12	-100	-8	29.80
743	-130	-12	-100	-7	29.99
744	-130	-12	-100	-7	29.99
745	-130	-12	-100	-7	29.99
746	-131	-13	-100	-6	31.34
747	-131	-13	-100	-6	31.34
748	-131	-13	-100	-6	31.34
749	-131	-13	-100	-5	31.61
750	-131	-13	-100	-5	31.61
751	-131	-13	-100	-5	31.61
752	-132	-14	-100	-5	32.77
753	-132	-14	-100	-4	33.10
754	-132	-14	-100	-4	33.10
755	-132	-14	-100	-4	33.10
756	-133	-14	-100	-3	34.38
757	-133	-14	-100	-3	34.38
758	-133	-14	-100	-3	34.38
759	-133	-14	-100	-2	34.74
760	-133	-14	-100	-2	34.74
761	-133	-14	-100	-2	34.74
762	-136	-14	-100	-1	37.90
763	-136	-14	-100	-1	37.90
764	-136	-14	-100	-1	37.90
765	-136	-14	-100	0	38.28
766	-136	-14	-100	0	38.28
767	-136	-13	-100	0	37.97
768	-136	-13	-139	-4	9.48
769	-136	-13	-139	-3	10.43
770	-136	-13	-140	-3	10.75
771	-136	-13	-140	-3	10.75
772	-135	-13	-141	-3	11.63
773	-135	-13	-142	-2	13.00
774	-135	-13	-142	-2	13.00
775	-135	-13	-143	-2	13.55
776	-135	-13	-144	-2	14.15
777	-133	-12	-144	-1	15.49
778	-133	-12	-145	-1	16.21
779	-133	-12	-145	-1	16.21
780	-133	-12	-146	-1	16.95
781	-131	-13	-147	0	20.51
782	-131	-13	-147	0	20.51
783	-131	-13	-148	0	21.28
784	-131	-13	-149	0	22.08
785	-131	-13	-149	0	22.08
786	-128	-13	-150	0	25.39
787	-128	-13	-150	0	25.39
788	-128	-13	-151	1	26.77
789	-128	-13	-152	1	27.62
790	-128	-13	-152	1	27.62
791	-128	-13	-153	1	28.48
792	-127	-12	-154	2	30.26
793	-127	-12	-154	2	30.26
794	-127	-12	-155	2	31.14
795	-127	-12	-155	2	31.14
796	-127	-12	-156	3	32.49
797	-124	-10	-157	3	35.34
798	-124	-10	-157	3	35.34
799	-124	-10	-158	3	36.27
800	-124	-10	-153	-14	28.63
801	-122	-11	-153	-14	30.39
802	-122	-11	-154	-14	31.36
803	-122	-11	-154	-14	31.36
804	-122	-11	-155	-14	32.33
805	-122	-11	-155	-14	32.33
806	-122	-11	-156	-14	33.30
807	-125	-11	-156	-14	30.39
808	-125	-11	-157	-14	31.36
809	-125	-11	-157	-14	31.36
810	-125	-11	-158	-14	32.33
811	-125	-11	-158	-14	32.33
812	-126	-12	-159	-14	32.19
813	-126	-12	-159	-14	32.19
814	-126	-12	-160	-14	33.16
815	-126	-12	-160	-14	33.16
816	-126	-12	-161	-14	34.13
817	-130	-11	-162	-14	31.36
818	-130	-11	-162	-14	31.36
819	-130	-11	-163	-14	32.33
820	-130	-11	-163	-14	32.33
821	-140	-11	-164	-14	23.61
822	-140	-11	-164	-14	23.61
823	-140	-11	-165	-14	24.58
824	-140	-11	-165	-14	24.58
825	-145	-10	-166	-14	20.92
826	-145	-10	-166	-14	20.92
827	-145	-10	-167	-14	21.88
828	-145	-10	-167	-14	21.88
829	-145	-10	-168	-14	22.84
830	-145	-10	-168	-14	22.84
831	-148	-11	-169	-14	20.71
832	-148	-11	-112	-7	35.76
833	-148	-11	-111	-6	36.91
834	-148	-11	-111	-6	36.91
835	-148	-11	-110	-6	37.89
836	-155	-10	-110	-6	44.71
837	-155	-10	-110	-6	44.71
838	-155	-10	-109	-6	45.69
839	-155	-10	-109	-6	45.69
840	-155	-10	-109	-6	45.69
841	-160	-10	-108	-6	51.60
842	-160	-10	-108	-6	51.60
843	-160	-10	-107	-5	52.73
844	-160	-10	-107	-5	52.73
845	-160	-10	-107	-5	52.73
846	-161	-9	-106	-5	54.69
847	-161	-9	-106	-5	54.69
848	-161	-9	-106	-5	54.69
849	-161	-9	-105	-5	55.68
850	-163	-7	-105	-5	57.68
851	-163	-7	-104	-5	58.68
852	-163	-7	-104	-5	58.68
853	-163	-7	-104	-5	58.68
854	-163	-7	-103	-4	59.76
855	-163	-7	-103	-4	59.76
856	-163	-7	-103	-4	59.76
857	-164	-4	-102	-4	61.83
858	-164	-4	-102	-4	61.83
859	-164	-4	-101	-4	62.83
860	-164	-4	-101	-4	62.83
861	-164	-2	-101	-4	62.93
862	-164	-2	-100	-4	63.93
863	-164	-2	-100	-4	63.93
864	-164	-2	-172	-12	12.76
865	-164	-2	-172	-12	12.76
866	-164	-2	-173	-12	13.40
867	-166	-3	-174	-12	11.99
868	-166	-3	-175	-12	12.67
869	-166	-3	-175	-12	12.67
870	-166	-3	-176	-12	13.38
871	-166	-3	-177	-12	14.13
872	-166	-3	-178	-12	14.91
873	-166	-3	-178	-12	14.91
874	-166	-3	-179	-12	15.71
875	-166	-3	-180	-12	16.53
876	-165	-5	179	-12	17.29
877	-165	-5	179	-12	17.29
878	-165	-5	178	-12	18.20
879	-165	-5	177	-12	19.12
880	-165	-5	176	-12	20.04
881	-164	-5	176	-12	20.97
882	-164	-5	175	-12	21.90
883	-164	-5	174	-12	22.84
884	-164	-5	173	-12	23.78
885	-164	-5	173	-12	23.78
886	-164	-5	172	-12	24.73
887	-164	-5	171	-12	25.68
888	-164	-5	170	-12	26.63
889	-164	-5	170	-12	26.63
890	-164	-5	169	-12	27.58
891	-165	-4	168	-12	27.88
892	-165	-4	167	-12	28.83
893	-165	-4	167	-12	28.83
894	-165	-4	166	-12	29.78
895	-166	-5	165	-12	29.50
896	-166	-5	-180	7	18.42
897	-166	-5	-180	7	18.42
898	-166	-5	179	7	19.19
899	-166	-5	179	7	19.19
900	-166	-5	178	8	20.58
901	-167	-4	178	8	19.18
902	-167	-4	177	8	19.97
903	-167	-4	177	8	19.97
904	-167	-4	176	9	21.36
905	-167	-4	176	9	21.36
906	-167	-4	175	9	22.16
907	-168	-4	175	10	21.97
908	-168	-4	174	10	22.75
909	-168	-4	174	10	22.75
910	-169	-3	173	10	22.14
911	-169	-3	173	11	22.73
912	-169	-3	172	11	23.52
913	-169	-3	172	11	23.52
914	-169	-3	171	12	24.90
915	-169	-3	171	12	24.90
916	-168	-1	170	12	25.42
917	-168	-1	170	12	25.42
918	-168	-1	169	13	26.77
919	-168	-1	169	13	26.77
920	-168	-1	168	13	27.62
921	-168	-1	168	14	28.11
922	-166	0	167	14	30.17
923	-166	0	167	14	30.17
924	-166	0	166	14	31.05
925	-166	0	166	15	31.48
926	-166	0	165	15	32.35
927	-166	0	165	15	32.35
928	-166	0	-168	-8	8.24
929	-166	0	-168	-8	8.24
930	-165	1	-168	-8	9.48
931	-165	1	-168	-8	9.48
932	-165	1	-168	-8	9.48
933	-165	1	-168	-8	9.48
934	-165	1	-168	-8	9.48
935	-165	1	-168	-8	9.48
936	-166	3	-168	-8	11.18
937	-166	3	-168	-8	11.18
938	-166	3	-168	-8	11.18
939	-166	3	-168	-9	12.16
940	-166	3	-168	-9	12.16
941	-166	3	-168	-9	12.16
942	-166	3	-168	-9	12.16
943	-166	3	-168	-9	12.16
944	-166	3	-169	-9	12.37
945	-167	3	-169	-9	12.16
946	-167	3	-169	-9	12.16
947	-167	3	-169	-9	12.16
948	-167	3	-169	-9	12.16
949	-167	3	-169	-9	12.16
950	-167	1	-169	-10	11.18
951	-167	1	-169	-10	11.18
952	-167	1	-169	-10	11.18
953	-167	1	-169	-10	11.18
954	-167	1	-169	-10	11.18
955	-167	1	-169	-10	11.18
956	-169	0	-169	-10	10.00
957	-169	0	-169	-10	10.00
958	-169	0	-169	-10	10.00
959	-169	0	-169	-10	10.00
960	-169	0	-166	5	5.83
961	-170	-1	-166	5	7.21
962	-170	-1	-166	5	7.21
963	-170	-1	-166	5	7.21
964	-170	-1	-166	5	7.21
965	-171	-2	-166	5	8.60
966	-171	-2	-166	5	8.60
967	-171	-2	-166	6	9.43
968	-171	-2	-166	6	9.43
969	-171	-2	-166	6	9.43
970	-171	-2	-166	6	9.43
971	-172	-5	-166	6	12.53
972	-172	-5	-166	6	12.53
973	-172	-5	-166	7	13.41
974	-172	-5	-166	7	13.41
975	-173	-7	-166	7	15.64
976	-173	-7	-166	7	15.64
977	-173	-7	-166	7	15.64
978	-173	-7	-166	7	15.64
979	-173	-7	-166	7	15.64
980	-173	-7	-166	8	16.54
981	-175	-9	-166	8	19.22
982	-175	-9	-166	8	19.22
983	-175	-9	-166	8	19.22
984	-175	-9	-166	8	19.22
985	-175	-9	-166	8	19.22
986	-178	-10	-166	9	22.44
987	-178	-10	-166	9	22.44
988	-178	-10	-166	9	22.44
989	-178	-10	-166	9	22.44
990	179	-11	-166	9	24.95
991	179	-11	-166	9	24.95
992	179	-11	-172	0	14.18
993	179	-11	-172	0	14.18
994	179	-11	-172	0	14.18
995	179	-11	-172	0	14.18
996	179	-12	-172	0	14.96
997	179	-12	-172	0	14.96
998	179	-12	-172	0	14.96
999	179	-12	-172	0	14.96
1000	179	-13	-172	0	15.77
1001	179	-13	-172	0	15.77
1002	179	-13	-172	0	15.77
1003	179	-13	-173	0	15.23
1004	179	-13	-173	0	15.23
1005	179	-13	-173	0	15.23
1006	180	-13	-173	0	14.74
1007	180	-13	-173	0	14.74
1008	180	-13	-173	0	14.74
1009	180	-13	-173	0	14.74
1010	-179	-16	-173	0	17.06
1011	-179	-16	-173	0	17.06
1012	-179	-16	-173	0	17.06
1013	-179	-16	-173	0	17.06
1014	-179	-16	-174	0	16.74
1015	-179	-16	-174	0	16.74
1016	-179	-18	-174	0	18.66
1017	-179	-18	-174	0	18.66
1018	-179	-18	-174	0	18.66
1019	-179	-18	-174	0	18.66
1020	179	-18	-174	0	19.27
1021	179	-18	-174	0	19.27
1022	179	-18	-174	0	19.27
1023	179	-18	-174	0	19.27
1024	-180	-20	167	-22	12.30
1025	-180	-20	166	-22	13.22
1026	-180	-20	166	-22	13.22
1027	-180	-20	165	-23	14.27
1028	-180	-20	165	-23	14.27
1029	-180	-20	165	-23	14.27
1030	178	-21	164	-24	13.27
1031	178	-21	164	-24	13.27
1032	178	-21	164	-24	13.27
1033	178	-21	163	-25	14.37
1034	177	-23	163	-25	12.94
1035	177	-23	162	-25	13.84
1036	177	-23	162	-26	13.97
1037	177	-23	162	-26	13.97
1038	177	-23	161	-26	14.85
1039	177	-23	161	-27	15.03
1040	176	-25	161	-27	13.62
1041	176	-25	160	-27	14.51
1042	176	-25	160	-28	14.62
1043	176	-25	159	-28	15.49
1044	175	-26	159	-28	14.38
1045	175	-26	159	-29	14.49
1046	175	-26	158	-29	15.36
1047	175	-26	158	-29	15.36
1048	175	-26	158	-30	15.52
1049	175	-26	157	-30	16.37
1050	173	-27	157	-30	14.36
1051	173	-27	156	-31	15.38
1052	173	-27	156	-31	15.38
1053	173	-27	156	-31	15.38
1054	173	-27	155	-32	16.42
1055	174	-28	155	-32	16.91
1056	174	-28	-179	-29	6.23
1057	174	-28	-178	-29	7.10
1058	174	-28	-178	-29	7.10
1059	174	-28	-178	-29	7.10
1060	175	-30	-178	-30	6.06
1061	175	-30	-178	-30	6.06
1062	175	-30	-178	-30	6.06
1063	175	-30	-178	-30	6.06
1064	176	-31	-178	-31	5.14
1065	176	-31	-178	-31	5.14
1066	176	-31	-178	-31	5.14
1067	176	-31	-178	-32	5.21
1068	176	-31	-178	-32	5.21
1069	176	-31	-178	-32	5.21
1070	-173	-32	-178	-32	4.24
1071	-173	-32	-178	-33	4.33
1072	-173	-32	-178	-33	4.33
1073	-173	-32	-178	-33	4.33
1074	-173	-32	-178	-34	4.65
1075	-168	-32	-178	-34	8.62
1076	-168	-32	-178	-34	8.62
1077	-168	-32	-178	-34	8.62
1078	-168	-32	-178	-35	8.86
1079	-168	-32	-178	-35	8.86
1080	-169	-34	-178	-35	7.48
1081	-169	-34	-178	-36	7.64
1082	-169	-34	-178	-36	7.64
1083	-169	-34	-178	-36	7.64
1084	-170	-35	-178	-36	6.59
1085	-170	-35	-178	-37	6.77
1086	-170	-35	-178	-37	6.77
1087	-170	-35	-178	-37	6.77
1088	-170	-35	168	-36	17.90
1089	-170	-35	167	-36	18.71
1090	-171	-36	167	-36	17.76
1091	-171	-36	167	-36	17.76
1092	-171	-36	167	-37	17.67
1093	-171	-36	167	-37	17.67
1094	-171	-36	166	-37	18.47
1095	-172	-37	166	-37	17.53
1096	-172	-37	166	-38	17.44
1097	-172	-37	166	-38	17.44
1098	-172	-37	166	-38	17.44
1099	-171	-37	165	-38	19.01
1100	-171	-37	165	-39	18.96
1101	-171	-37	165	-39	18.96
1102	-171	-37	165	-39	18.96
1103	-171	-37	165	-39	18.96
1104	-172	-37	165	-40	18.20
1105	-172	-37	164	-40	18.96
1106	-172	-37	164	-40	18.96
1107	-172	-37	164	-40	18.96
1108	-172	-37	164	-41	19.01
1109	-175	-38	164	-41	16.44
1110	-175	-38	163	-41	17.19
1111	-175	-38	163	-41	17.19
1112	-175	-38	163	-42	17.27
1113	-175	-38	163	-42	17.27
1114	-178	-38	163	-42	15.06
1115	-178	-38	162	-42	15.79
1116	-178	-38	162	-43	15.96
1117	-178	-38	162	-43	15.96
1118	-178	-38	162	-43	15.96
1119	-178	-38	162	-43	15.96
1120	-178	-38	-154	-42	18.75
1121	-178	-38	-153	-42	19.49
1122	-178	-38	-153	-42	19.49
1123	-178	-38	-152	-42	20.23
1124	-177	-38	-152	-42	19.49
1125	-177	-38	-151	-43	20.30
1126	-177	-38	-151	-43	20.30
1127	-177	-38	-150	-43	21.03
1128	-177	-38	-150	-43	21.03
1129	-176	-38	-149	-43	21.03
1130	-176	-38	-149	-44	21.13
1131	-176	-38	-148	-44	21.85
1132	-176	-38	-148	-44	21.85
1133	-174	-35	-147	-44	22.56
1134	-174	-35	-147	-45	22.83
1135	-174	-35	-146	-45	23.51
1136	-174	-35	-146	-45	23.51
1137	-173	-32	-145	-45	25.29
1138	-173	-32	-145	-45	25.29
1139	-173	-32	-144	-46	26.31
1140	-173	-32	-144	-46	26.31
1141	-171	-32	-143	-46	25.67
1142	-171	-32	-143	-46	25.67
1143	-171	-32	-142	-47	26.70
1144	-171	-32	-142	-47	26.70
1145	-171	-32	-141	-47	27.32
1146	-170	-33	-141	-47	26.03
1147	-170	-33	-140	-47	26.66
1148	-170	-33	-140	-48	27.03
1149	-170	-33	-139	-48	27.65
1150	-170	-34	-139	-48	26.99
1151	-170	-34	-138	-48	27.62
1152	-170	-34	174	-41	14.46
1153	-170	-34	174	-41	14.46
1154	-169	-34	174	-41	15.16
1155	-169	-34	174	-41	15.16
1156	-169	-34	173	-41	15.86
1157	-169	-34	173	-41	15.86
1158	-169	-34	173	-41	15.86
1159	-167	-35	173	-41	16.82
1160	-167	-35	172	-41	17.55
1161	-167	-35	172	-41	17.55
1162	-167	-35	172	-41	17.55
1163	-165	-35	172	-42	19.24
1164	-165	-35	171	-42	19.96
1165	-165	-35	171	-42	19.96
1166	-165	-35	171	-42	19.96
1167	-162	-35	171	-42	22.15
1168	-162	-35	170	-42	22.88
1169	-162	-35	170	-42	22.88
1170	-162	-35	170	-42	22.88
1171	-159	-33	170	-42	26.02
1172	-159	-33	169	-42	26.75
1173	-159	-33	169	-42	26.75
1174	-159	-33	169	-43	26.92
1175	-157	-32	169	-43	28.88
1176	-157	-32	168	-43	29.60
1177	-157	-32	168	-43	29.60
1178	-157	-32	168	-43	29.60
1179	-157	-32	168	-43	29.60
1180	-156	-32	167	-43	31.05
1181	-156	-32	167	-43	31.05
1182	-156	-32	167	-43	31.05
1183	-156	-32	167	-43	31.05
1184	-156	-32	-162	-30	5.52
1185	-155	-31	-161	-29	5.57
1186	-155	-31	-161	-29	5.57
1187	-155	-31	-161	-29	5.57
1188	-153	-30	-161	-29	7.03
1189	-153	-30	-160	-29	6.17
1190	-153	-30	-160	-29	6.17
1191	-153	-30	-160	-29	6.17
1192	-153	-30	-160	-29	6.17
1193	-152	-29	-159	-28	6.23
1194	-152	-29	-159	-28	6.23
1195	-152	-29	-159	-28	6.23
1196	-152	-29	-159	-28	6.23
1197	-152	-29	-158	-28	5.37
1198	-150	-28	-158	-28	7.06
1199	-150	-28	-158	-28	7.06
1200	-150	-28	-158	-28	7.06
1201	-150	-28	-157	-27	6.29
1202	-148	-25	-157	-27	8.33
1203	-148	-25	-157	-27	8.33
1204	-148	-25	-157	-27	8.33
1205	-148	-25	-156	-27	7.46
1206	-145	-24	-156	-27	10.37
1207	-145	-24	-156	-27	10.37
1208	-145	-24	-156	-27	10.37
1209	-145	-24	-155	-26	9.28
1210	-145	-24	-155	-26	9.28
1211	-140	-25	-155	-26	13.57
1212	-140	-25	-155	-26	13.57
1213	-140	-25	-154	-26	12.67
1214	-140	-25	-154	-26	12.67
1215	-139	-25	-154	-26	13.57
1216	-139	-25	-142	-30	5.66
1217	-139	-25	-141	-29	4.38
1218	-139	-25	-141	-29	4.38
1219	-139	-25	-140	-29	4.10
1220	-135	-25	-140	-29	5.99
1221	-135	-25	-139	-29	5.36
1222	-135	-25	-139	-29	5.36
1223	-135	-25	-138	-29	4.81
1224	-131	-26	-138	-29	6.89
1225	-131	-26	-138	-29	6.89
1226	-131	-26	-137	-29	6.11
1227	-131	-26	-137	-29	6.11
1228	-131	-26	-136	-29	5.35
1229	-131	-26	-136	-29	5.35
1230	-126	-29	-135	-29	7.87
1231	-126	-29	-135	-29	7.87
1232	-126	-29	-135	-29	7.87
1233	-126	-29	-134	-28	7.10
1234	-126	-30	-134	-28	7.28
1235	-126	-30	-133	-28	6.44
1236	-126	-30	-133	-28	6.44
1237	-126	-30	-132	-28	5.61
1238	-125	-30	-132	-28	6.44
1239	-125	-30	-131	-28	5.61
1240	-125	-30	-131	-28	5.61
1241	-125	-30	-131	-28	5.61
1242	-125	-30	-130	-28	4.81
1243	-124	-30	-130	-28	5.61
1244	-124	-30	-129	-28	4.81
1245	-124	-30	-129	-28	4.81
1246	-124	-30	-128	-28	4.03
1247	-122	-31	-128	-28	6.02
1248	-122	-31	-122	-18	13.00
1249	-122	-31	-121	-17	14.03
1250	-122	-31	-120	-17	14.12
1251	-122	-31	-120	-17	14.12
1252	-120	-31	-119	-17	14.03
1253	-120	-31	-119	-16	15.03
1254	-120	-31	-118	-16	15.11
1255	-120	-31	-118	-16	15.11
1256	-118	-31	-117	-16	15.03
1257	-118	-31	-117	-16	15.03
1258	-118	-31	-116	-15	16.10
1259	-118	-31	-116	-15	16.10
1260	-118	-31	-115	-15	16.23
1261	-115	-32	-115	-15	17.00
1262	-115	-32	-114	-14	18.02
1263	-115	-32	-114	-14	18.02
1264	-115	-32	-113	-14	18.09
1265	-115	-32	-112	-14	18.21
1266	-111	-30	-112	-14	16.03
1267	-111	-30	-111	-13	17.00
1268	-111	-30	-111	-13	17.00
1269	-111	-30	-110	-13	17.03
1270	-107	-27	-110	-13	14.28
1271	-107	-27	-109	-12	15.12
1272	-107	-27	-109	-12	15.12
1273	-107	-27	-108	-12	15.03
1274	-106	-25	-108	-12	13.14
1275	-106	-25	-107	-12	13.03
1276	-106	-25	-107	-11	14.03
1277	-104	-22	-106	-11	11.17
1278	-104	-22	-106	-11	11.17
1279	-104	-22	-105	-11	11.04
1280	-102	-15	-105	-37	22.16
1281	-102	-15	-104	-37	22.07
1282	-102	-15	-103	-37	22.02
1283	-102	-15	-103	-37	22.02
1284	-100	-11	-102	-37	26.06
1285	-100	-11	-102	-37	26.06
1286	-100	-11	-101	-38	27.01
1287	-97	-7	-101	-38	31.21
1288	-97	-7	-100	-38	31.12
1289	-97	-7	-100	-38	31.12
1290	-97	-7	-99	-38	31.05
1291	-95	-5	-99	-39	34.19
1292	-95	-5	-98	-39	34.11
1293	-95	-5	-98	-39	34.11
1294	-95	-5	-97	-39	34.05
1295	-95	-5	-97	-39	34.05
1296	-92	-5	-96	-40	35.19
1297	-92	-5	-95	-40	35.10
1298	-92	-5	-95	-40	35.10
1299	-88	-4	-94	-40	36.41
1300	-88	-4	-94	-40	36.41
1301	-88	-4	-93	-40	36.28
1302	-88	-4	-93	-41	37.27
1303	-84	-4	-92	-41	37.69
1304	-84	-4	-92	-41	37.69
1305	-84	-4	-91	-41	37.53
1306	-84	-4	-91	-41	37.53
1307	-84	-4	-90	-42	38.38
1308	-82	0	-90	-42	42.62
1309	-82	0	-89	-42	42.47
1310	-82	0	-89	-42	42.47
1311	-80	6	-88	-42	48.55
1312	-80	6	-82	1	5.38
1313	-80	6	-81	1	5.10
1314	-80	6	-80	2	4.00
1315	-78	7	-80	2	5.38
1316	-78	7	-79	3	4.12
1317	-78	7	-78	3	4.00
1318	-78	7	-78	4	3.00
1319	-75	7	-77	4	3.60
1320	-75	7	-77	5	2.82
1321	-75	7	-76	5	2.23
1322	-75	7	-75	6	1.00
1323	-74	11	-75	6	5.10
1324	-74	11	-74	7	4.00
1325	-74	11	-73	7	4.12
1326	-74	11	-73	8	3.16
1327	-75	12	-72	8	4.97
1328	-75	12	-72	9	4.21
1329	-75	12	-71	9	4.95
1330	-75	12	-70	10	5.30
1331	-75	12	-70	10	5.30
1332	-75	12	-69	11	5.96
1333	-75	12	-68	11	6.93
1334	-75	12	-68	12	6.85
1335	-75	12	-67	12	7.82
1336	-75	12	-67	13	7.87
1337	-76	11	-66	13	9.98
1338	-76	11	-65	14	11.15
1339	-76	11	-65	14	11.15
1340	-78	10	-64	15	14.55
1341	-78	10	-63	15	15.47
1342	-78	10	-63	16	15.79
1343	-78	10	-62	16	16.69
1344	-78	10	-58	27	25.39
1345	-78	10	-57	27	26.10
1346	-80	7	-56	28	30.93
1347	-80	7	-55	28	31.63
1348	-80	7	-55	29	32.24
1349	-80	7	-54	30	33.54
1350	-80	4	-53	30	36.43
1351	-80	4	-53	31	37.08
1352	-80	4	-52	32	38.38
1353	-80	4	-51	32	39.02
1354	-81	1	-51	33	42.63
1355	-81	1	-50	34	43.92
1356	-81	1	-49	34	44.54
1357	-81	1	-49	35	45.20
1358	-79	2	-48	36	44.48
1359	-79	2	-47	36	45.07
1360	-79	2	-47	37	45.74
1361	-79	2	-46	38	47.00
1362	-79	2	-45	38	47.59
1363	-82	0	-44	39	52.24
1364	-82	0	-44	40	52.87
1365	-82	0	-43	40	53.46
1366	-82	0	-42	41	54.68
1367	-83	-1	-42	42	56.70
1368	-83	-1	-41	42	57.28
1369	-83	-1	-40	43	58.47
1370	-83	-1	-40	44	59.08
1371	-83	-1	-39	44	59.65
1372	-86	-3	-38	45	64.18
1373	-86	-3	-38	46	64.75
1374	-86	-3	-37	46	65.33
1375	-86	-3	-36	47	66.45
1376	-87	-5	-76	14	21.91
1377	-87	-5	-75	14	22.42
1378	-87	-5	-75	14	22.42
1379	-87	-5	-75	14	22.42
1380	-87	-5	-75	14	22.42
1381	-84	-7	-75	14	22.82
1382	-84	-7	-75	14	22.82
1383	-84	-7	-75	14	22.82
1384	-84	-7	-75	15	23.74
1385	-82	-8	-75	15	24.02
1386	-82	-8	-75	15	24.02
1387	-82	-8	-75	15	24.02
1388	-82	-8	-75	15	24.02
1389	-82	-8	-75	15	24.02
1390	-82	-9	-75	15	24.98
1391	-82	-9	-75	15	24.98
1392	-82	-9	-75	16	25.94
1393	-82	-10	-74	16	27.18
1394	-82	-10	-74	16	27.18
1395	-82	-10	-74	16	27.18
1396	-82	-10	-74	16	27.18
1397	-84	-9	-74	16	26.89
1398	-84	-9	-74	16	26.89
1399	-84	-9	-74	16	26.89
1400	-84	-9	-74	17	27.82
1401	-84	-9	-74	17	27.82
1402	-84	-10	-74	17	28.75
1403	-84	-10	-74	17	28.75
1404	-84	-10	-74	17	28.75
1405	-84	-10	-74	17	28.75
1406	-84	-9	-74	17	27.82
1407	-84	-9	-74	17	27.82
1408	-84	-9	-96	-20	15.98
1409	-84	-9	-96	-20	15.98
1410	-86	-10	-96	-20	13.89
1411	-86	-10	-96	-21	14.61
1412	-86	-10	-97	-21	15.26
1413	-86	-10	-97	-22	15.98
1414	-80	-12	-97	-22	19.06
1415	-80	-12	-97	-23	19.56
1416	-80	-12	-98	-23	20.35
1417	-80	-12	-98	-24	20.87
1418	-80	-12	-98	-24	20.87
1419	-70	-13	-99	-25	29.84
1420	-70	-13	-99	-25	29.84
1421	-70	-13	-99	-26	30.17
1422	-70	-13	-99	-26	30.17
1423	-70	-13	-100	-27	31.35
1424	-70	-13	-100	-27	31.35
1425	-70	-13	-100	-27	31.35
1426	-65	-12	-101	-28	37.22
1427	-65	-12	-101	-28	37.22
1428	-65	-12	-101	-29	37.54
1429	-65	-12	-101	-29	37.54
1430	-60	-12	-102	-30	42.82
1431	-60	-12	-102	-30	42.82
1432	-60	-12	-102	-31	43.10
1433	-60	-12	-103	-31	43.92
1434	-60	-12	-103	-32	44.21
1435	-58	-12	-103	-32	45.83
1436	-58	-12	-103	-33	46.11
1437	-53	-12	-104	-33	50.99
1438	-53	-12	-104	-34	51.20
1439	-53	-12	-104	-34	51.20
1440	-53	-12	-81	-13	27.34
1441	-53	-12	-80	-13	26.37
1442	-48	-8	-80	-13	31.83
1443	-48	-8	-80	-13	31.83
1444	-48	-8	-80	-13	31.83
1445	-43	-7	-80	-13	36.89
1446	-43	-7	-80	-13	36.89
1447	-43	-7	-80	-13	36.89
1448	-43	-7	-80	-14	37.00
1449	-43	-7	-80	-14	37.00
1450	-42	-8	-80	-14	37.74
1451	-42	-8	-79	-14	36.77
1452	-42	-8	-79	-14	36.77
1453	-42	-8	-79	-14	36.77
1454	-39	-5	-79	-14	40.40
1455	-39	-5	-79	-14	40.40
1456	-39	-5	-79	-15	40.56
1457	-39	-5	-79	-15	40.56
1458	-37	0	-79	-15	44.12
1459	-37	0	-79	-15	44.12
1460	-37	0	-79	-15	44.12
1461	-37	0	-79	-15	44.12
1462	-35	4	-78	-15	46.63
1463	-35	4	-78	-15	46.63
1464	-35	4	-78	-16	46.99
1465	-35	4	-78	-16	46.99
1466	-32	4	-78	-16	49.69
1467	-32	4	-78	-16	49.69
1468	-32	4	-78	-16	49.69
1469	-32	4	-78	-16	49.69
1470	-32	4	-78	-16	49.69
1471	-28	3	-78	-16	52.94
1472	-28	3	-22	-15	18.96
1473	-28	3	-21	-15	19.29
1474	-28	3	-20	-15	19.67
1475	-26	1	-19	-15	17.43
1476	-26	1	-18	-15	17.85
1477	-26	1	-17	-15	18.31
1478	-26	1	-16	-15	18.81
1479	-26	1	-15	-15	19.35
1480	-23	0	-14	-15	17.44
1481	-23	0	-13	-15	17.96
1482	-23	0	-12	-15	18.53
1483	-22	1	-11	-16	20.17
1484	-22	1	-10	-16	20.72
1485	-22	1	-9	-16	21.30
1486	-22	1	-8	-16	21.91
1487	-19	5	-7	-16	24.13
1488	-19	5	-6	-16	24.63
1489	-19	5	-5	-16	25.16
1490	-19	5	-4	-16	25.72
1491	-19	7	-3	-16	27.93
1492	-19	7	-2	-16	28.50
1493	-19	7	-1	-16	29.10
1494	-19	7	0	-17	30.48
1495	-19	7	0	-17	30.48
1496	-16	7	1	-17	29.30
1497	-16	7	2	-17	29.88
1498	-16	7	3	-17	30.48
1499	-16	7	4	-17	31.10
1500	-15	7	5	-17	31.10
1501	-15	7	6	-17	31.73
1502	-15	7	7	-17	32.39
1503	-15	7	8	-17	33.06
1504	-14	6	-3	18	16.10
1505	-14	6	-2	18	16.77
1506	-14	6	-1	18	17.46
1507	-14	6	0	19	18.84
1508	-12	5	0	19	18.25
1509	-12	5	0	20	19.01
1510	-12	5	1	20	19.62
1511	-12	5	2	21	20.99
1512	-10	5	3	21	20.38
1513	-10	5	4	22	21.74
1514	-10	5	4	22	21.74
1515	-10	5	5	23	23.10
1516	-10	5	6	23	23.72
1517	-8	5	7	24	23.86
1518	-8	5	7	24	23.86
1519	-8	5	8	25	25.21
1520	-8	5	9	25	25.81
1521	-8	5	10	25	26.43
1522	-8	5	11	26	27.77
1523	-8	5	11	26	27.77
1524	-8	5	12	27	29.11
1525	-8	6	13	27	28.99
1526	-8	6	14	28	30.32
1527	-8	6	14	28	30.32
1528	-8	6	15	29	31.64
1529	-6	10	16	29	28.02
1530	-6	10	17	30	29.32
1531	-6	10	18	30	30.01
1532	-6	10	18	31	30.62
1533	-2	12	19	31	27.15
1534	-2	12	20	32	28.44
1535	-2	12	21	32	29.10
1536	-2	12	0	9	3.59
1537	-2	12	0	9	3.59
1538	-2	12	0	9	3.59
1539	-2	12	1	9	4.21
1540	-2	12	1	9	4.21
1541	-2	12	2	9	4.95
1542	-1	12	2	9	4.21
1543	-1	12	3	9	4.95
1544	-1	12	3	9	4.95
1545	0	11	3	9	3.57
1546	0	11	4	9	4.42
1547	0	11	4	10	4.06
1548	0	11	5	10	5.02
1549	1	10	5	10	3.94
1550	1	10	6	10	4.92
1551	1	10	6	10	4.92
1552	1	10	7	10	5.91
1553	2	10	7	10	4.92
1554	2	10	7	10	4.92
1555	2	10	8	10	5.91
1556	2	10	8	10	5.91
1557	3	9	9	10	6.00
1558	3	9	9	11	6.24
1559	3	9	10	11	7.18
1560	3	9	10	11	7.18
1561	4	7	10	11	7.15
1562	4	7	11	11	7.99
1563	4	7	11	11	7.99
1564	4	7	12	11	8.85
1565	7	7	12	11	6.35
1566	7	7	13	11	7.15
1567	7	7	13	11	7.15
1568	7	7	10	18	11.38
1569	7	7	10	18	11.38
1570	11	7	10	18	11.04
1571	11	7	11	18	11.00
1572	11	7	11	18	11.00
1573	13	7	11	18	11.17
1574	13	7	12	19	12.04
1575	13	7	12	19	12.04
1576	13	7	13	19	12.00
1577	13	7	13	19	12.00
1578	13	7	13	19	12.00
1579	13	7	14	20	13.04
1580	13	7	14	20	13.04
1581	14	6	14	20	14.00
1582	14	6	15	20	14.03
1583	14	6	15	20	14.03
1584	14	6	16	21	15.12
1585	16	6	16	21	15.00
1586	16	6	16	21	15.00
1587	16	6	17	21	15.03
1588	16	6	17	21	15.03
1589	16	6	17	21	15.03
1590	18	7	18	22	15.00
1591	18	7	18	22	15.00
1592	18	7	19	22	15.03
1593	18	7	19	22	15.03
1594	20	5	19	22	17.03
1595	20	5	20	23	18.00
1596	20	5	20	23	18.00
1597	20	3	20	23	20.00
1598	20	3	21	23	20.02
1599	20	3	21	23	20.02
1600	20	3	16	2	4.12
1601	21	1	16	1	5.00
1602	21	1	16	1	5.00
1603	21	1	16	1	5.00
1604	21	1	17	1	4.00
1605	21	0	17	1	4.12
1606	21	0	17	1	4.12
1607	21	0	17	0	4.00
1608	21	0	18	0	3.00
1609	21	0	18	0	3.00
1610	21	0	18	0	3.00
1611	21	0	19	0	2.00
1612	21	0	19	0	2.00
1613	22	-1	19	0	3.16
1614	22	-1	19	0	3.16
1615	22	-1	20	0	2.24
1616	22	-1	20	0	2.24
1617	22	-1	20	0	2.24
1618	22	-5	21	0	5.10
1619	22	-5	21	0	5.10
1620	22	-5	21	-1	4.12
1621	23	-7	21	-1	6.32
1622	23	-7	22	-1	6.08
1623	23	-7	22	-1	6.08
1624	23	-7	22	-1	6.08
1625	23	-7	23	-1	6.00
1626	26	-9	23	-2	7.61
1627	26	-9	23	-2	7.61
1628	26	-9	23	-2	7.61
1629	25	-11	24	-2	9.05
1630	25	-11	24	-2	9.05
1631	25	-11	24	-2	9.05
1632	25	-11	33	-1	12.77
1633	25	-11	33	-1	12.77
1634	22	-13	33	-1	16.21
1635	22	-13	34	-1	16.89
1636	22	-13	34	-1	16.89
1637	22	-13	35	-1	17.60
1638	22	-13	35	-1	17.60
1639	21	-15	35	-1	19.68
1640	21	-15	36	-2	19.70
1641	21	-15	36	-2	19.70
1642	21	-15	37	-2	20.45
1643	19	-16	37	-2	22.59
1644	19	-16	37	-2	22.59
1645	19	-16	38	-2	23.37
1646	19	-16	38	-2	23.37
1647	19	-16	39	-2	24.17
1648	19	-16	39	-3	23.58
1649	19	-16	39	-3	23.58
1650	19	-16	40	-3	24.41
1651	19	-16	40	-3	24.41
1652	19	-16	41	-3	25.25
1653	19	-16	41	-3	25.25
1654	19	-16	41	-3	25.25
1655	19	-17	42	-3	26.57
1656	19	-17	42	-4	26.03
1657	19	-17	43	-4	26.89
1658	19	-17	43	-4	26.89
1659	19	-17	43	-4	26.89
1660	18	-16	44	-4	28.22
1661	18	-16	44	-4	28.22
1662	18	-16	45	-4	29.12
1663	16	-16	45	-4	30.92
1664	16	-16	30	-25	15.89
1665	16	-16	30	-25	15.89
1666	16	-16	30	-25	15.89
1667	15	-15	30	-26	17.82
1668	15	-15	30	-26	17.82
1669	15	-15	30	-27	18.41
1670	15	-15	30	-27	18.41
1671	15	-15	31	-28	19.72
1672	15	-15	31	-28	19.72
1673	15	-15	31	-28	19.72
1674	15	-15	31	-29	20.35
1675	15	-15	31	-29	20.35
1676	16	-14	31	-30	21.15
1677	16	-14	32	-30	21.77
1678	16	-14	32	-31	22.47
1679	17	-15	32	-31	21.08
1680	17	-15	32	-32	21.81
1681	17	-15	32	-32	21.81
1682	17	-15	32	-32	21.81
1683	21	-15	32	-33	20.58
1684	21	-15	33	-33	21.04
1685	21	-15	33	-34	21.87
1686	21	-15	33	-34	21.87
1687	21	-15	33	-35	22.72
1688	22	-14	33	-35	23.22
1689	22	-14	33	-35	23.22
1690	22	-14	34	-36	24.49
1691	22	-14	34	-36	24.49
1692	18	-12	34	-37	28.83
1693	18	-12	34	-37	28.83
1694	18	-12	34	-38	29.66
1695	18	-12	34	-38	29.66
1696	18	-12	7	-21	13.85
1697	18	-8	6	-21	17.41
1698	18	-8	6	-21	17.41
1699	18	-8	6	-21	17.41
1700	18	-8	5	-21	18.07
1701	22	-1	5	-21	25.99
1702	22	-1	5	-21	25.99
1703	22	-1	5	-22	26.74
1704	22	-1	4	-22	27.35
1705	22	-1	4	-22	27.35
1706	22	1	4	-22	28.94
1707	22	1	3	-22	29.54
1708	22	1	3	-22	29.54
1709	25	4	3	-23	34.50
1710	25	4	3	-23	34.50
1711	25	4	2	-23	35.11
1712	25	4	2	-23	35.11
1713	33	5	2	-23	41.24
1714	33	5	1	-23	41.96
1715	33	5	1	-23	41.96
1716	33	5	1	-24	42.58
1717	33	5	1	-24	42.58
1718	39	7	0	-24	49.07
1719	39	7	0	-24	49.07
1720	39	7	0	-24	49.07
1721	39	7	0	-24	49.07
1722	39	7	0	-25	49.64
1723	41	7	0	-25	51.14
1724	41	7	0	-25	51.14
1725	41	7	-1	-25	51.90
1726	49	6	-1	-25	57.64
1727	49	6	-1	-25	57.64
1728	49	6	20	-8	32.13
1729	49	6	20	-7	31.72
1730	56	5	20	-7	37.88
1731	56	5	20	-7	37.88
1732	56	5	20	-7	37.88
1733	56	5	20	-7	37.88
1734	60	4	20	-7	41.41
1735	60	4	20	-7	41.41
1736	60	4	20	-7	41.41
1737	60	4	20	-6	41.18
1738	66	3	20	-6	46.81
1739	66	3	20	-6	46.81
1740	66	3	20	-6	46.81
1741	66	3	20	-6	46.81
1742	66	3	20	-6	46.81
1743	70	5	20	-6	51.12
1744	70	5	21	-6	50.14
1745	70	5	21	-5	49.95
1746	73	5	21	-5	52.89
1747	73	5	21	-5	52.89
1748	73	5	21	-5	52.89
1749	73	5	21	-5	52.89
1750	73	5	21	-5	52.89
1751	80	5	21	-5	59.77
1752	80	5	21	-5	59.77
1753	80	5	21	-4	59.62
1754	80	5	21	-4	59.62
1755	82	4	21	-4	61.47
1756	82	4	21	-4	61.47
1757	82	4	21	-4	61.47
1758	84	4	21	-4	63.45
1759	84	4	21	-4	63.45
1760	84	4	80	24	20.37
1761	84	4	80	24	20.37
1762	85	5	81	25	20.37
1763	85	6	82	25	19.22
1764	85	6	83	26	20.09
1765	85	6	84	26	20.02
1766	85	6	85	27	21.00
1767	83	8	86	27	19.21
1768	83	8	87	28	20.35
1769	83	8	88	29	21.52
1770	80	12	89	29	18.96
1771	80	12	90	30	20.25
1772	80	12	91	30	20.69
1773	80	12	92	31	22.00
1774	80	12	93	31	22.48
1775	77	17	94	32	21.49
1776	77	17	95	33	22.78
1777	77	17	96	33	23.43
1778	77	17	97	34	24.70
1779	74	19	98	34	26.08
1780	74	19	99	35	27.29
1781	74	19	100	35	28.01
1782	74	19	101	36	29.20
1783	74	22	102	36	28.06
1784	74	22	103	37	29.18
1785	74	22	104	38	30.30
1786	74	22	105	38	31.03
1787	72	25	106	39	31.80
1788	72	25	107	39	32.55
1789	72	25	108	40	33.56
1790	72	25	109	40	34.30
1791	69	26	110	41	36.91
