frame_id	phi	theta	est_phi	est_theta	err_phi	err_theta	speed	err_ang
0	-18	-13	0	0	22.08
1	-18	-14	0	0	22.66
2	-18	-14	0	0	22.66
3	-18	-14	0	0	22.66
4	-18	-14	0	0	22.66
5	-18	-14	0	0	22.66
6	-17	-14	0	0	21.89
7	-17	-14	0	0	21.89
8	-18	-13	0	0	22.08
9	-18	-13	0	0	22.08
10	-17	-10	0	0	19.65
11	-15	-8	0	0	16.96
12	-15	-8	0	0	16.96
13	-14	-4	0	0	14.55
14	-14	-4	0	0	14.55
15	-13	-2	0	0	13.15
16	-12	0	0	0	12.00
17	-12	0	0	0	12.00
18	-12	0	0	0	12.00
19	-12	0	0	0	12.00
20	-12	2	0	0	12.16
21	-12	3	0	0	12.36
22	-12	3	0	0	12.36
23	-13	4	0	0	13.59
24	-14	5	0	0	14.85
25	-14	5	0	0	14.85
26	-15	7	0	0	16.52
27	-15	7	0	0	16.52
28	-15	8	0	0	16.96
29	-15	8	0	0	16.96
30	-15	9	0	0	17.44
31	-15	8	0	0	16.96
32	-15	8	-18	-13	21.21
33	-15	8	-18	-13	21.21
34	-15	7	-18	-13	20.22
35	-15	7	-18	-13	20.22
36	-15	7	-18	-13	20.22
37	-15	7	-18	-13	20.22
38	-16	7	-18	-13	20.10
39	-16	6	-18	-13	19.10
40	-16	6	-18	-13	19.10
41	-17	6	-18	-13	19.03
42	-17	6	-18	-13	19.03
43	-17	6	-18	-13	19.03
44	-17	6	-18	-13	19.03
45	-17	6	-18	-13	19.03
46	-17	5	-18	-13	18.03
47	-17	5	-18	-13	18.03
48	-17	5	-18	-13	18.03
49	-17	5	-18	-13	18.03
50	-17	5	-18	-13	18.03
51	-17	5	-18	-13	18.03
52	-17	5	-18	-13	18.03
53	-17	5	-18	-13	18.03
54	-18	5	-18	-13	18.00
55	-19	5	-18	-13	18.03
56	-20	4	-18	-13	17.12
57	-20	4	-18	-13	17.12
58	-26	3	-18	-13	17.86
59	-32	2	-18	-13	20.45
60	-38	2	-18	-13	24.88
61	-46	2	-18	-13	31.58
62	-46	2	-18	-13	31.58
63	-55	2	-18	-13	39.66
64	-63	2	-12	29	55.46
65	-63	2	-11	29	56.29
66	-77	2	-11	30	68.32
67	-77	2	-11	30	68.32
68	-85	2	-11	31	75.28
69	-90	2	-11	32	79.62
70	-90	2	-11	32	79.62
71	-97	1	-11	33	86.10
72	-97	1	-11	34	86.12
73	-100	1	-11	34	88.61
74	-99	1	-11	35	87.79
75	-99	1	-10	36	88.60
76	-93	3	-10	36	82.58
77	-93	3	-10	37	82.61
78	-90	4	-10	38	79.66
79	-86	4	-10	38	76.52
80	-84	4	-10	39	75.07
81	-82	5	-10	40	73.03
82	-82	5	-10	40	73.03
83	-82	6	-10	41	72.51
84	-82	5	-10	42	73.32
85	-83	5	-10	42	74.05
86	-82	4	-9	43	74.88
87	-82	4	-9	44	75.03
88	-81	3	-9	44	75.03
89	-81	3	-9	45	75.21
90	-80	3	-9	46	74.72
91	-79	3	-9	46	74.04
92	-78	4	-9	47	72.85
93	-77	4	-9	48	72.43
94	-76	3	-9	48	72.54
95	-75	3	-9	49	72.18
96	-73	2	-111	-4	38.45
97	-70	2	-112	-4	42.40
98	-66	2	-114	-4	48.34
99	-60	2	-115	-4	55.29
100	-55	1	-117	-4	62.16
101	-48	0	-118	-4	70.05
102	-48	0	-120	-5	72.07
103	-38	0	-121	-5	83.03
104	-32	0	-123	-5	91.00
105	-29	0	-124	-5	94.98
106	-27	0	-126	-5	98.97
107	-27	0	-127	-6	99.94
108	-26	0	-129	-6	102.93
109	-26	0	-130	-6	103.92
110	-26	0	-132	-6	105.91
111	-27	0	-133	-6	105.91
112	-27	0	-135	-7	107.86
113	-28	0	-136	-7	107.86
114	-28	0	-138	-7	109.84
115	-28	0	-139	-7	110.84
116	-25	1	-141	-7	115.92
117	-25	1	-142	-7	116.91
118	-22	1	-144	-8	121.81
119	-21	1	-145	-8	123.79
120	-21	1	-147	-8	125.76
121	-18	2	-148	-8	129.87
122	-18	2	-150	-8	131.84
123	-17	1	-151	-9	133.53
124	-17	0	-153	-9	135.27
125	-17	0	-154	-9	136.25
126	-18	-4	-156	-9	136.16
127	-18	-4	-157	-9	137.11
128	-20	0	-83	2	63.02
129	-22	0	-83	2	61.02
130	-22	0	-83	2	61.02
131	-29	5	-83	2	53.97
132	-29	5	-84	2	54.96
133	-35	7	-84	2	49.08
134	-41	6	-84	2	43.07
135	-41	6	-85	2	44.06
136	-48	4	-85	2	37.00
137	-48	4	-85	2	37.00
138	-53	2	-86	2	32.98
139	-54	1	-86	2	32.00
140	-54	1	-86	2	32.00
141	-55	2	-87	2	31.98
142	-55	2	-87	2	31.98
143	-56	2	-87	2	30.98
144	-57	2	-88	2	30.98
145	-57	2	-88	2	30.98
146	-59	4	-88	2	29.03
147	-59	4	-88	2	29.03
148	-60	2	-89	2	28.98
149	-62	0	-89	2	27.07
150	-62	0	-89	2	27.07
151	-65	-1	-90	2	25.18
152	-66	0	-90	2	24.08
153	-66	0	-90	2	24.08
154	-65	1	-91	2	26.01
155	-65	1	-91	2	26.01
156	-62	1	-91	2	29.01
157	-58	3	-92	2	33.98
158	-55	3	-92	2	36.98
159	-49	4	-92	2	42.98
160	-49	4	33	-2	82.17
161	-40	0	34	-2	74.01
162	-33	-2	36	-2	68.95
163	-29	-2	37	-2	65.95
164	-24	-3	39	-2	62.94
165	-24	-3	41	-2	64.94
166	-19	-3	42	-2	60.94
167	-17	-2	44	-2	60.96
168	-16	-1	46	-2	61.98
169	-14	0	47	-2	61.02
170	-14	0	49	-2	63.02
171	-12	1	51	-2	63.06
172	-11	3	52	-2	63.18
173	-11	5	54	-2	65.31
174	-10	8	56	-2	66.57
175	-10	8	57	-2	67.55
176	-10	12	59	-3	70.17
177	-10	13	61	-3	72.24
178	-10	13	62	-3	73.21
179	-10	17	64	-3	75.64
180	-10	17	66	-3	77.54
181	-10	16	67	-3	78.37
182	-11	12	69	-3	80.87
183	-11	8	71	-3	82.51
184	-12	4	72	-3	84.23
185	-12	4	74	-3	86.22
186	-12	4	76	-3	88.22
187	-10	4	77	-3	87.22
188	-10	4	79	-3	89.21
189	-5	2	81	-3	86.11
190	-4	1	82	-3	86.06
191	-4	1	84	-3	88.06
192	-1	-2	-78	8	77.42
193	-1	-4	-78	8	77.73
194	-1	-7	-79	8	79.20
195	-2	-10	-80	8	79.71
196	-3	-13	-81	8	80.25
197	-5	-14	-82	8	79.49
198	-6	-16	-83	8	79.88
199	-7	-16	-84	8	79.88
200	-6	-15	-85	9	81.86
201	-6	-15	-86	9	82.81
202	-5	-14	-87	9	84.52
203	-6	-14	-87	9	83.57
204	-6	-13	-88	9	84.33
205	-6	-13	-89	9	85.29
206	-8	-13	-90	9	84.33
207	-9	-12	-91	9	84.15
208	-10	-12	-92	10	84.38
209	-11	-12	-93	10	84.38
210	-11	-12	-94	10	85.34
211	-11	-11	-95	10	86.11
212	-11	-10	-96	10	86.88
213	-11	-10	-97	10	87.85
214	-10	-9	-97	10	88.64
215	-10	-9	-98	10	89.61
216	-9	-10	-99	11	91.90
217	-9	-9	-100	11	92.68
218	-9	-9	-101	11	93.65
219	-8	-9	-102	11	95.59
220	-8	-9	-103	11	96.57
221	-8	-10	-104	11	97.71
222	-8	-10	-105	11	98.68
223	-7	-9	-106	11	100.46
224	-6	-9	47	-8	52.38
225	-6	-9	48	-8	53.37
226	-5	-9	50	-8	54.35
227	-5	-9	51	-8	55.34
228	-5	-9	53	-8	57.31
229	-5	-10	54	-8	58.23
230	-5	-10	56	-9	60.08
231	-6	-10	57	-9	62.05
232	-6	-10	59	-9	64.01
233	-6	-10	60	-9	64.99
234	-8	-10	62	-9	68.91
235	-8	-10	63	-10	69.76
236	-9	-10	65	-10	72.69
237	-10	-10	66	-10	74.65
238	-10	-10	68	-10	76.60
239	-9	-10	69	-10	76.60
240	-9	-10	71	-11	78.40
241	-9	-9	72	-11	79.54
242	-9	-8	74	-11	81.66
243	-9	-8	75	-11	82.64
244	-6	-5	77	-11	82.19
245	-6	-5	78	-11	83.17
246	-4	-4	80	-12	83.31
247	-2	-3	81	-12	82.53
248	-2	-3	83	-12	84.49
249	0	-2	84	-12	83.72
250	0	-2	86	-12	85.67
251	2	-1	87	-13	84.90
252	4	0	89	-13	85.13
253	4	0	90	-13	86.10
254	6	0	92	-13	86.10
255	6	0	93	-13	87.08
256	6	0	-11	-16	23.18
257	5	1	-11	-16	23.21
258	5	1	-11	-16	23.21
259	5	2	-11	-16	23.96
260	5	2	-11	-16	23.96
261	5	2	-11	-17	24.70
262	5	2	-11	-17	24.70
263	5	2	-12	-17	25.34
264	4	3	-12	-17	25.49
265	3	3	-12	-17	24.89
266	3	3	-12	-18	25.68
267	2	4	-12	-18	25.97
268	2	4	-12	-18	25.97
269	3	5	-13	-18	27.90
270	3	5	-13	-19	28.71
271	4	5	-13	-19	29.26
272	3	5	-13	-19	28.71
273	3	5	-13	-19	28.71
274	3	4	-13	-19	27.88
275	2	4	-13	-20	28.16
276	2	4	-14	-20	28.69
277	1	3	-14	-20	27.31
278	1	3	-14	-20	27.31
279	1	2	-14	-21	27.29
280	1	2	-14	-21	27.29
281	1	2	-14	-21	27.29
282	0	1	-15	-21	26.44
283	0	1	-15	-21	26.44
284	0	1	-15	-22	27.26
285	-1	0	-15	-22	25.89
286	-2	0	-15	-22	25.39
287	-3	-2	-15	-22	23.16
288	-3	-2	18	9	23.64
289	-6	-6	18	9	28.24
290	-9	-7	18	9	31.31
291	-9	-7	19	9	32.17
292	-12	-8	19	10	35.73
293	-12	-9	19	10	36.24
294	-12	-9	20	10	37.09
295	-11	-9	20	10	36.24
296	-11	-9	21	11	37.59
297	-10	-9	21	11	36.75
298	-10	-9	21	11	36.75
299	-11	-9	22	12	38.95
300	-11	-9	22	12	38.95
301	-11	-9	22	12	38.95
302	-10	-10	23	12	39.49
303	-10	-10	23	13	40.03
304	-11	-10	24	13	41.67
305	-11	-10	24	13	41.67
306	-11	-10	24	14	42.21
307	-11	-10	25	14	43.03
308	-11	-10	25	14	43.03
309	-11	-10	25	14	43.03
310	-11	-10	26	15	44.38
311	-11	-10	26	15	44.38
312	-10	-10	27	15	44.38
313	-10	-10	27	16	44.91
314	-10	-10	27	16	44.91
315	-10	-10	28	16	45.72
316	-10	-10	28	16	45.72
317	-10	-9	28	17	45.69
318	-10	-9	29	17	46.50
319	-10	-9	29	17	46.50
320	-10	-9	-12	-4	5.38
321	-10	-9	-12	-4	5.38
322	-11	-9	-12	-4	5.10
323	-11	-9	-12	-4	5.10
324	-11	-9	-13	-4	5.38
325	-12	-9	-13	-4	5.10
326	-12	-9	-13	-4	5.10
327	-13	-9	-13	-4	5.00
328	-13	-9	-14	-4	5.10
329	-15	-8	-14	-4	4.12
330	-18	-6	-14	-4	4.46
331	-18	-6	-15	-4	3.60
332	-24	-3	-15	-4	9.04
333	-24	-3	-15	-4	9.04
334	-28	-1	-15	-4	13.33
335	-33	0	-16	-4	17.45
336	-33	0	-16	-5	17.70
337	-40	1	-16	-5	24.71
338	-40	1	-17	-5	23.75
339	-43	1	-17	-5	26.66
340	-46	1	-17	-5	29.58
341	-49	1	-17	-5	32.52
342	-52	0	-18	-5	34.32
343	-52	0	-18	-5	34.32
344	-60	-4	-18	-5	41.88
345	-65	-6	-19	-5	45.79
346	-65	-6	-19	-5	45.79
347	-71	-8	-19	-5	51.72
348	-71	-8	-19	-5	51.72
349	-74	-10	-20	-5	53.72
350	-75	-12	-20	-5	54.76
351	-75	-12	-20	-5	54.76
352	-74	-10	-17	-16	55.71
353	-74	-10	-17	-16	55.71
354	-73	-9	-17	-16	54.97
355	-71	-8	-17	-16	53.28
356	-71	-8	-17	-16	53.28
357	-72	-6	-18	-17	53.87
358	-72	-6	-18	-17	53.87
359	-79	-6	-18	-17	60.55
360	-85	-6	-18	-17	66.29
361	-85	-6	-18	-17	66.29
362	-95	-4	-19	-18	75.46
363	-95	-4	-19	-18	75.46
364	-102	-3	-19	-18	82.42
365	-106	-4	-19	-18	85.92
366	-106	-4	-20	-19	84.92
367	-111	-3	-20	-19	89.97
368	-111	-3	-20	-19	89.97
369	-115	-3	-20	-19	93.74
370	-117	-3	-20	-19	95.63
371	-117	-3	-21	-20	94.60
372	-119	-3	-21	-20	96.47
373	-121	-3	-21	-20	98.34
374	-123	-3	-21	-20	100.21
375	-124	-2	-22	-21	100.46
376	-124	-2	-22	-21	100.46
377	-127	-2	-22	-21	103.24
378	-129	-2	-22	-21	105.09
379	-130	-2	-22	-21	106.01
380	-131	-1	-23	-22	106.26
381	-131	-1	-23	-22	106.26
382	-131	0	-23	-22	106.65
383	-131	0	-23	-22	106.65
384	-130	0	-138	-11	13.57
385	-131	0	-140	-11	14.18
386	-131	0	-142	-11	15.51
387	-132	0	-144	-11	16.22
388	-133	0	-146	-11	16.97
389	-134	0	-148	-11	17.74
390	-134	0	-150	-11	19.33
391	-135	0	-152	-11	20.16
392	-136	-1	-154	-11	20.48
393	-138	-1	-156	-11	20.48
394	-140	-1	-158	-11	20.48
395	-142	-1	-160	-11	20.48
396	-144	-1	-162	-11	20.48
397	-146	-1	-164	-11	20.48
398	-149	-2	-166	-11	19.12
399	-151	-3	-168	-11	18.66
400	-153	-3	-170	-11	18.66
401	-155	-3	-172	-11	18.66
402	-156	-3	-174	-11	19.56
403	-159	-3	-176	-11	18.66
404	-160	-3	-178	-11	19.56
405	-163	-3	-180	-11	18.66
406	-163	-3	178	-11	20.47
407	-166	-4	176	-11	19.16
408	-167	-4	174	-11	20.08
409	-168	-4	172	-11	21.01
410	-169	-3	170	-11	22.31
411	-169	-3	168	-11	24.17
412	-168	-3	166	-11	26.99
413	-168	-2	164	-11	29.21
414	-168	-2	162	-11	31.10
415	-167	-1	160	-11	34.26
416	-167	-1	174	10	21.88
417	-167	-1	173	10	22.74
418	-167	-1	171	10	24.50
419	-167	-1	169	10	26.30
420	-169	-1	167	11	26.71
421	-169	-1	166	11	27.60
422	-170	-1	164	11	28.50
423	-171	-1	162	12	29.80
424	-171	-1	160	12	31.60
425	-175	0	159	12	28.46
426	-175	0	157	13	30.65
427	-179	0	155	13	28.87
428	176	-1	153	13	26.77
429	176	-1	152	14	28.11
430	172	-1	150	14	26.46
431	172	-1	148	14	28.11
432	170	-1	146	15	28.63
433	168	0	145	15	27.23
434	168	0	143	15	28.90
435	167	0	141	15	29.75
436	167	0	139	16	31.92
437	166	-1	138	16	32.46
438	166	-1	136	16	34.15
439	166	-1	134	17	36.32
440	164	-1	132	17	36.32
441	164	-1	131	17	37.17
442	163	-2	129	18	39.00
443	163	-2	127	18	40.70
444	163	-2	125	18	42.42
445	164	-2	124	19	44.56
446	164	-2	122	19	46.30
447	164	-3	120	19	48.53
448	164	-3	156	-2	8.05
449	164	-3	155	-2	9.05
450	166	-3	154	-2	12.03
451	166	-3	153	-2	13.03
452	167	-4	152	-2	15.11
453	168	-4	151	-2	17.09
454	168	-4	150	-2	18.09
455	170	-4	148	-2	22.06
456	170	-4	147	-2	23.05
457	173	-4	146	-2	27.03
458	177	-4	145	-2	32.02
459	177	-4	144	-2	33.01
460	-177	-4	143	-2	39.99
461	-177	-4	141	-2	41.99
462	-174	-4	140	-2	45.97
463	-172	-4	139	-2	48.97
464	-172	-4	138	-2	49.96
465	-169	-4	137	-2	53.95
466	-169	-4	136	-2	54.95
467	-167	-3	135	-2	57.95
468	-167	-4	133	-2	59.94
469	-167	-4	132	-2	60.94
470	-165	-4	131	-2	63.93
471	-165	-4	130	-2	64.93
472	-163	-4	129	-2	67.92
473	-162	-4	128	-2	69.92
474	-162	-4	126	-2	71.91
475	-160	-4	125	-2	74.90
476	-160	-4	124	-2	75.90
477	-159	-5	123	-2	77.88
478	-158	-5	122	-2	79.87
479	-158	-5	121	-2	80.86
480	-154	-5	135	-5	70.69
481	-154	-5	134	-5	71.68
482	-153	-6	133	-5	73.61
483	-151	-6	132	-5	76.59
484	-151	-6	131	-5	77.58
485	-150	-6	130	-5	79.56
486	-149	-6	129	-5	81.55
487	-147	-6	128	-5	84.52
488	-145	-6	127	-5	87.50
489	-143	-6	126	-5	90.47
490	-141	-6	125	-5	93.44
491	-140	-7	125	-5	94.33
492	-139	-7	124	-5	96.31
493	-139	-6	123	-5	97.40
494	-137	-7	122	-5	100.26
495	-136	-7	121	-5	102.23
496	-135	-8	120	-6	103.91
497	-135	-8	119	-6	104.89
498	-134	-8	118	-6	106.85
499	-134	-8	117	-6	107.82
500	-133	-9	116	-6	109.61
501	-133	-10	115	-6	110.41
502	-132	-11	115	-6	111.19
503	-132	-10	114	-6	112.35
504	-131	-10	113	-6	114.28
505	-130	-10	112	-6	116.21
506	-129	-11	111	-6	117.92
507	-127	-10	110	-6	121.02
508	-125	-10	109	-6	123.89
509	-125	-10	108	-6	124.84
510	-121	-9	107	-6	129.86
511	-119	-8	106	-6	132.99
512	-119	-8	-112	-7	7.01
513	-117	-7	-110	-7	6.95
514	-117	-7	-109	-7	7.94
515	-116	-7	-108	-7	7.94
516	-115	-6	-106	-7	9.00
517	-114	-6	-105	-7	9.00
518	-112	-5	-104	-7	8.20
519	-112	-5	-102	-7	10.14
520	-111	-6	-101	-7	9.99
521	-110	-7	-100	-7	9.93
522	-110	-7	-98	-7	11.91
523	-109	-7	-97	-7	11.91
524	-109	-7	-96	-7	12.90
525	-110	-7	-94	-7	15.88
526	-111	-7	-93	-7	17.86
527	-111	-7	-92	-7	18.86
528	-111	-8	-91	-8	19.80
529	-111	-8	-89	-8	21.78
530	-112	-7	-88	-8	23.81
531	-112	-8	-87	-8	24.75
532	-112	-8	-85	-8	26.73
533	-112	-8	-84	-8	27.72
534	-112	-8	-83	-8	28.71
535	-111	-8	-81	-8	29.70
536	-111	-8	-80	-8	30.69
537	-111	-8	-79	-8	31.68
538	-110	-8	-77	-8	32.67
539	-110	-8	-76	-8	33.66
540	-110	-7	-75	-8	34.70
541	-109	-8	-73	-8	35.64
542	-109	-8	-72	-8	36.63
543	-109	-8	-71	-8	37.62
544	-109	-8	-84	-11	24.83
545	-107	-8	-82	-11	24.83
546	-106	-8	-81	-11	24.83
547	-106	-8	-80	-11	25.81
548	-102	-7	-79	-11	23.06
549	-102	-7	-78	-11	24.03
550	-98	-6	-77	-11	21.35
551	-95	-6	-76	-11	19.44
552	-95	-6	-75	-11	20.39
553	-90	-5	-74	-11	16.93
554	-90	-5	-73	-11	17.86
555	-86	-5	-71	-12	16.39
556	-84	-5	-70	-12	15.51
557	-84	-5	-69	-12	16.39
558	-79	-5	-68	-12	12.93
559	-79	-5	-67	-12	13.77
560	-76	-4	-66	-12	12.72
561	-75	-4	-65	-12	12.72
562	-75	-4	-64	-12	13.51
563	-71	-4	-63	-12	11.25
564	-71	-4	-62	-12	11.97
565	-69	-5	-61	-12	10.56
566	-66	-6	-59	-13	9.83
567	-66	-6	-58	-13	10.54
568	-63	-8	-57	-13	7.73
569	-63	-8	-56	-13	8.51
570	-62	-10	-55	-13	7.49
571	-60	-11	-54	-13	6.20
572	-60	-11	-53	-13	7.13
573	-58	-10	-52	-13	6.60
574	-58	-10	-51	-13	7.49
575	-57	-9	-50	-13	7.95
576	-57	-9	-99	-8	41.53
577	-57	-9	-98	-8	40.54
578	-56	-10	-98	-8	41.50
579	-56	-10	-98	-8	41.50
580	-54	-9	-97	-8	42.52
581	-52	-9	-97	-8	44.49
582	-52	-9	-97	-8	44.49
583	-50	-9	-96	-8	45.48
584	-50	-9	-96	-8	45.48
585	-48	-10	-96	-8	47.41
586	-47	-10	-95	-8	47.41
587	-47	-10	-95	-8	47.41
588	-46	-11	-95	-8	48.37
589	-46	-11	-94	-8	47.39
590	-46	-11	-94	-8	47.39
591	-46	-11	-94	-8	47.39
592	-46	-11	-94	-8	47.39
593	-46	-10	-93	-8	46.43
594	-46	-11	-93	-8	46.41
595	-46	-11	-93	-8	46.41
596	-45	-11	-92	-8	46.41
597	-44	-11	-92	-8	47.39
598	-43	-11	-92	-8	48.37
599	-41	-12	-91	-8	49.34
600	-40	-12	-91	-8	50.32
601	-39	-12	-91	-8	51.30
602	-39	-12	-90	-8	50.32
603	-39	-12	-90	-8	50.32
604	-39	-12	-90	-8	50.32
605	-39	-12	-89	-8	49.34
606	-39	-12	-89	-8	49.34
607	-39	-12	-89	-8	49.34
608	-37	-12	-5	-10	31.46
609	-36	-13	-3	-10	32.45
610	-35	-13	-1	-10	33.43
611	-33	-14	0	-10	32.50
612	-33	-14	1	-10	33.47
613	-31	-15	3	-10	33.53
614	-30	-15	4	-10	33.53
615	-29	-15	6	-10	34.50
616	-28	-16	8	-10	35.54
617	-28	-16	9	-10	36.50
618	-27	-17	11	-10	37.54
619	-26	-18	12	-10	37.65
620	-26	-19	14	-10	39.66
621	-26	-19	16	-10	41.54
622	-26	-19	17	-10	42.48
623	-26	-20	19	-10	44.46
624	-26	-19	21	-10	46.24
625	-26	-19	22	-10	47.19
626	-27	-18	24	-10	49.98
627	-27	-18	25	-10	50.93
628	-28	-17	27	-10	53.78
629	-28	-17	29	-10	55.69
630	-29	-16	30	-10	57.63
631	-30	-16	32	-10	60.51
632	-30	-16	34	-10	62.43
633	-33	-15	35	-10	66.34
634	-35	-15	37	-10	70.19
635	-37	-14	38	-10	73.18
636	-40	-14	40	-10	78.00
637	-40	-14	42	-10	79.92
638	-43	-14	43	-10	83.76
639	-44	-14	45	-10	86.64
640	-45	-14	-17	-15	27.11
641	-46	-14	-16	-15	29.04
642	-46	-14	-15	-15	30.01
643	-48	-12	-15	-15	32.20
644	-51	-12	-14	-15	36.06
645	-53	-12	-13	-15	38.96
646	-56	-12	-13	-15	41.86
647	-56	-12	-12	-15	42.82
648	-60	-13	-12	-15	46.53
649	-64	-13	-11	-15	51.34
650	-64	-13	-10	-15	52.31
651	-69	-11	-10	-16	57.41
652	-69	-11	-9	-16	58.37
653	-72	-12	-8	-16	62.00
654	-74	-13	-8	-16	63.71
655	-74	-13	-7	-16	64.66
656	-77	-12	-7	-16	67.73
657	-77	-12	-6	-16	68.69
658	-79	-11	-5	-16	71.78
659	-81	-10	-5	-16	73.93
660	-81	-10	-4	-16	74.88
661	-86	-10	-3	-16	80.61
662	-86	-10	-3	-17	80.47
663	-90	-10	-2	-17	85.20
664	-94	-9	-2	-17	89.27
665	-94	-9	-1	-17	90.21
666	-100	-9	0	-17	96.79
667	-100	-9	0	-17	96.79
668	-104	-10	0	-17	100.20
669	-107	-9	1	-17	104.25
670	-107	-9	1	-17	104.25
671	-111	-9	2	-17	108.86
672	-111	-9	-53	-16	56.89
673	-114	-8	-53	-16	60.01
674	-116	-8	-53	-16	61.93
675	-116	-8	-53	-16	61.93
676	-119	-6	-54	-16	64.35
677	-119	-6	-54	-16	64.35
678	-122	-6	-54	-16	67.24
679	-123	-7	-54	-16	67.94
680	-123	-7	-55	-16	66.98
681	-127	-7	-55	-16	70.83
682	-127	-7	-55	-16	70.83
683	-130	-7	-55	-16	73.71
684	-133	-7	-56	-16	75.63
685	-133	-7	-56	-16	75.63
686	-140	-7	-56	-16	82.34
687	-140	-7	-56	-16	82.34
688	-146	-6	-57	-17	87.30
689	-150	-6	-57	-17	91.10
690	-153	-6	-57	-17	93.95
691	-154	-6	-57	-17	94.90
692	-156	-6	-58	-17	95.84
693	-156	-6	-58	-17	95.84
694	-159	-7	-58	-17	98.37
695	-160	-7	-58	-17	99.31
696	-161	-7	-59	-17	99.31
697	-163	-7	-59	-17	101.19
698	-163	-8	-59	-17	100.86
699	-164	-8	-59	-17	101.80
700	-164	-8	-60	-17	100.86
701	-165	-8	-60	-17	101.80
702	-165	-8	-60	-17	101.80
703	-166	-8	-60	-17	102.73
704	-167	-8	-177	-4	10.72
705	-167	-8	-179	-3	12.95
706	-168	-8	179	-3	13.87
707	-168	-8	177	-3	15.74
708	-169	-8	175	-3	16.69
709	-169	-8	173	-3	18.60
710	-169	-8	171	-3	20.52
711	-169	-8	169	-2	22.71
712	-169	-6	167	-2	24.27
713	-168	-6	165	-2	27.22
714	-167	-5	163	-2	30.09
715	-167	-5	161	-2	32.08
716	-165	-5	159	-2	36.05
717	-163	-4	157	-1	40.07
718	-162	-3	155	-1	43.02
719	-160	-3	153	-1	47.01
720	-160	-3	150	-1	50.00
721	-156	-1	148	-1	55.99
722	-154	0	146	-1	60.01
723	-152	0	144	-1	64.00
724	-150	2	142	0	68.01
725	-150	2	140	0	70.01
726	-148	5	138	0	74.06
727	-149	6	136	0	75.08
728	-149	6	134	0	77.07
729	-151	8	132	0	77.13
730	-151	8	130	0	79.11
731	-153	9	128	0	79.14
732	-154	9	126	0	80.12
733	-154	9	124	0	82.10
734	-156	8	122	0	82.08
735	-156	8	120	0	84.06
736	-157	7	137	-7	67.30
737	-159	7	136	-6	66.14
738	-159	7	134	-6	68.10
739	-161	7	132	-6	68.10
740	-161	7	130	-6	70.06
741	-163	6	129	-6	68.93
742	-165	5	127	-6	68.78
743	-165	5	125	-6	70.75
744	-166	4	123	-6	71.60
745	-166	4	122	-6	72.59
746	-168	4	120	-6	72.59
747	-169	3	118	-6	73.45
748	-169	3	116	-6	75.43
749	-172	2	115	-6	73.32
750	-172	2	113	-6	75.31
751	-174	0	111	-6	75.08
752	-176	-3	109	-6	74.78
753	-176	-3	108	-6	75.77
754	-179	-6	106	-6	74.52
755	-179	-6	104	-6	76.50
756	178	-9	102	-6	75.29
757	177	-10	101	-6	75.22
758	177	-10	99	-6	77.19
759	176	-11	97	-6	78.10
760	176	-11	95	-6	80.06
761	175	-12	94	-6	79.98
762	175	-13	92	-6	81.86
763	175	-13	90	-6	83.80
764	174	-13	88	-6	84.77
765	174	-13	87	-6	85.74
766	174	-13	85	-6	87.68
767	174	-13	83	-6	89.62
768	174	-13	-147	22	51.84
769	175	-13	-146	22	51.84
770	175	-13	-146	22	51.84
771	175	-13	-146	23	52.47
772	175	-12	-145	23	52.52
773	175	-12	-145	24	53.13
774	176	-12	-145	24	52.42
775	176	-12	-144	25	53.76
776	176	-12	-144	25	53.76
777	176	-12	-144	26	54.39
778	176	-12	-143	26	55.08
779	176	-12	-143	27	55.71
780	176	-12	-143	27	55.71
781	176	-12	-142	28	57.03
782	177	-12	-142	28	56.34
783	177	-12	-142	29	56.98
784	178	-11	-142	29	55.59
785	178	-11	-141	29	56.26
786	179	-10	-141	30	55.49
787	-178	-10	-141	30	53.54
788	-178	-10	-140	31	54.85
789	-176	-10	-140	31	53.59
790	-176	-10	-140	32	54.29
791	-175	-9	-139	32	53.51
792	-174	-9	-139	33	53.61
793	-174	-9	-139	33	53.61
794	-170	-8	-138	34	51.80
795	-170	-8	-138	34	51.80
796	-166	-7	-138	35	49.61
797	-162	-7	-137	35	48.17
798	-160	-7	-137	36	48.12
799	-156	-6	-137	36	45.63
800	-155	-6	145	-33	61.71
801	-153	-6	144	-33	64.18
802	-151	-6	143	-34	66.81
803	-150	-6	142	-34	68.45
804	-150	-6	141	-35	69.40
805	-149	-6	140	-36	71.13
806	-149	-6	139	-36	71.94
807	-148	-6	138	-37	73.63
808	-148	-6	137	-38	74.50
809	-148	-6	136	-38	75.29
810	-147	-6	135	-39	76.91
811	-147	-6	135	-39	76.91
812	-146	-6	134	-40	78.49
813	-146	-6	133	-41	79.28
814	-144	-7	132	-41	80.89
815	-144	-7	131	-42	81.61
816	-141	-8	130	-43	83.83
817	-138	-8	129	-43	86.73
818	-138	-8	128	-44	87.31
819	-134	-8	127	-44	90.85
820	-130	-9	126	-45	93.34
821	-128	-9	125	-46	95.05
822	-125	-9	125	-46	97.02
823	-125	-9	124	-47	97.30
824	-120	-10	123	-48	99.79
825	-116	-10	122	-48	102.72
826	-114	-11	121	-49	103.03
827	-111	-11	120	-49	105.15
828	-111	-11	119	-50	105.04
829	-110	-11	118	-51	105.37
830	-110	-12	117	-51	104.97
831	-110	-11	116	-52	105.63
832	-109	-11	-124	1	19.14
833	-109	-11	-123	1	18.38
834	-109	-11	-122	1	17.64
835	-108	-11	-121	1	17.64
836	-108	-11	-120	1	16.92
837	-107	-11	-119	2	17.65
838	-107	-11	-118	2	16.99
839	-105	-11	-117	2	17.65
840	-106	-11	-116	2	16.37
841	-106	-11	-115	2	15.78
842	-111	-11	-114	3	14.31
843	-111	-11	-113	3	14.14
844	-120	-10	-112	3	15.25
845	-129	-10	-111	3	22.14
846	-129	-10	-110	4	23.54
847	-147	-10	-109	4	40.36
848	-147	-10	-108	4	41.29
849	-162	-8	-107	4	56.16
850	-172	-6	-106	4	66.66
851	-172	-6	-105	5	67.79
852	173	-2	-104	5	83.21
853	173	-2	-103	5	84.20
854	161	0	-102	5	96.97
855	155	2	-101	6	103.70
856	155	2	-100	6	104.69
857	148	3	-99	6	112.49
858	148	3	-98	6	113.48
859	144	3	-97	6	118.43
860	140	3	-96	7	123.22
861	140	3	-95	7	124.20
862	136	3	-94	7	129.11
863	136	3	-93	7	130.08
864	135	3	-63	-16	158.03
865	134	3	-61	-16	160.33
866	134	3	-60	-16	161.06
867	131	2	-58	-16	163.43
868	131	2	-57	-16	163.93
869	130	1	-55	-16	164.21
870	128	0	-54	-16	163.88
871	128	0	-52	-17	163.00
872	126	-3	-51	-17	159.78
873	126	-3	-50	-17	159.61
874	124	-5	-48	-17	156.62
875	123	-6	-47	-17	154.97
876	123	-6	-45	-17	154.12
877	123	-7	-44	-18	151.90
878	123	-7	-42	-18	150.94
879	122	-7	-41	-18	149.89
880	121	-7	-40	-18	148.75
881	120	-7	-38	-18	146.88
882	118	-8	-37	-18	144.15
883	118	-8	-35	-18	142.76
884	118	-10	-34	-19	139.96
885	118	-11	-32	-19	137.87
886	118	-11	-31	-19	137.18
887	118	-12	-29	-19	135.07
888	118	-12	-28	-19	134.35
889	119	-13	-27	-19	133.67
890	119	-14	-25	-20	130.91
891	118	-14	-24	-20	129.48
892	118	-14	-22	-20	128.00
893	119	-14	-21	-20	128.00
894	119	-13	-19	-20	127.12
895	119	-12	-18	-20	126.95
896	120	-12	19	17	103.84
897	120	-12	15	17	107.63
898	120	-12	11	17	111.43
899	120	-12	8	18	114.38
900	120	-11	4	18	117.92
901	120	-11	0	19	121.75
902	120	-11	-2	19	123.64
903	120	-11	-6	20	127.41
904	120	-11	-10	20	131.16
905	119	-11	-13	20	133.04
906	119	-11	-17	21	136.69
907	119	-10	-20	21	139.12
908	119	-10	-24	22	142.59
909	120	-9	-28	22	146.64
910	121	-9	-31	23	149.75
911	121	-9	-35	23	153.09
912	124	-8	-39	24	157.18
913	124	-8	-42	24	159.13
914	126	-6	-46	24	160.43
915	127	-5	-49	25	159.63
916	127	-5	-53	25	160.00
917	124	-3	-57	26	156.98
918	124	-3	-60	26	156.68
919	122	-3	-64	27	155.32
920	120	-3	-68	27	154.81
921	120	-3	-71	27	153.79
922	116	-8	-75	28	157.46
923	116	-8	-78	28	156.02
924	112	-12	-82	29	158.57
925	110	-13	-86	29	158.16
926	110	-13	-89	30	155.55
927	110	-13	-93	30	152.78
928	110	-12	105	-27	15.72
929	111	-10	104	-27	18.24
930	113	-9	104	-27	19.91
931	113	-9	103	-28	21.21
932	118	-7	103	-28	25.35
933	122	-5	102	-29	30.57
934	125	-3	102	-29	33.97
935	131	0	101	-30	41.41
936	131	0	101	-30	41.41
937	138	1	100	-31	48.21
938	142	1	100	-31	51.10
939	142	1	99	-32	52.35
940	150	-2	99	-32	56.51
941	150	-2	98	-33	57.65
942	157	-3	98	-33	62.62
943	159	0	97	-34	67.09
944	159	0	97	-34	67.09
945	158	0	97	-34	66.30
946	158	0	96	-35	67.38
947	157	-2	96	-35	65.36
948	156	-1	95	-36	66.27
949	156	-1	95	-36	66.27
950	154	-4	94	-37	63.88
951	154	-4	94	-37	63.88
952	152	-7	93	-38	61.45
953	151	-6	93	-38	61.34
954	151	-6	92	-39	62.36
955	151	-6	92	-39	62.36
956	151	-6	91	-40	63.38
957	151	-5	91	-40	64.05
958	149	-3	90	-41	65.01
959	149	-3	90	-41	65.01
960	147	-1	100	-12	47.88
961	147	-1	99	-12	48.85
962	145	-1	99	-12	46.92
963	145	0	99	-12	47.20
964	145	0	98	-12	48.16
965	144	0	98	-12	47.20
966	144	0	98	-12	47.20
967	142	-1	97	-12	45.96
968	142	-1	97	-12	45.96
969	141	-1	97	-12	45.00
970	140	-3	96	-12	44.48
971	140	-3	96	-12	44.48
972	140	-4	96	-12	44.24
973	140	-5	95	-12	45.00
974	139	-5	95	-12	44.02
975	137	-6	95	-12	41.87
976	137	-7	95	-12	41.68
977	136	-10	94	-12	41.24
978	134	-14	94	-12	38.98
979	135	-15	94	-12	39.93
980	134	-14	93	-12	39.95
981	134	-13	93	-12	40.00
982	134	-12	93	-12	40.07
983	133	-12	92	-12	40.07
984	133	-12	92	-12	40.07
985	134	-12	92	-12	41.04
986	134	-12	91	-12	42.02
987	135	-11	91	-12	43.08
988	135	-9	91	-12	43.32
989	136	-8	90	-12	45.43
990	138	-7	90	-12	47.55
991	139	-7	90	-12	48.53
992	140	-7	-176	10	47.00
993	140	-6	-175	10	47.59
994	141	-6	-174	10	47.59
995	141	-6	-173	11	48.84
996	141	-6	-172	11	49.77
997	141	-5	-171	11	50.38
998	141	-4	-170	12	51.27
999	141	-4	-168	12	53.16
1000	140	-4	-167	12	55.06
1001	140	-4	-166	13	56.25
1002	141	-4	-165	13	56.25
1003	142	-5	-164	13	56.57
1004	142	-5	-163	14	57.77
1005	143	-5	-161	14	58.71
1006	143	-5	-160	14	59.64
1007	143	-6	-159	15	61.18
1008	145	-6	-158	15	60.25
1009	146	-7	-157	15	60.62
1010	147	-7	-156	16	60.92
1011	147	-7	-155	16	61.84
1012	149	-7	-153	16	61.84
1013	150	-7	-152	17	62.14
1014	150	-7	-151	17	63.05
1015	151	-6	-150	17	62.66
1016	151	-6	-149	18	63.86
1017	150	-5	-148	18	65.30
1018	150	-3	-146	18	66.41
1019	150	-3	-145	19	67.54
1020	147	0	-144	19	70.19
1021	147	0	-143	19	71.13
1022	147	0	-142	20	72.19
1023	146	0	-141	20	74.05
1024	146	0	133	-13	18.31
1025	145	2	132	-13	19.79
1026	145	2	132	-13	19.79
1027	146	1	132	-13	19.72
1028	146	1	132	-13	19.72
1029	146	1	131	-13	20.43
1030	146	2	131	-14	21.84
1031	146	2	131	-14	21.84
1032	146	2	131	-14	21.84
1033	146	1	131	-14	21.11
1034	146	1	130	-14	21.82
1035	146	0	130	-15	21.80
1036	146	0	130	-15	21.80
1037	146	0	130	-15	21.80
1038	145	-1	129	-15	21.11
1039	145	-1	129	-15	21.11
1040	145	-2	129	-16	21.08
1041	145	-5	129	-16	19.17
1042	145	-5	129	-16	19.17
1043	144	-5	128	-16	19.17
1044	144	-5	128	-16	19.17
1045	144	-4	128	-16	19.78
1046	143	-5	128	-17	18.97
1047	143	-5	127	-17	19.74
1048	141	-6	127	-17	17.56
1049	141	-6	127	-17	17.56
1050	140	-6	127	-17	16.81
1051	138	-6	127	-18	16.10
1052	138	-6	126	-18	16.77
1053	138	-7	126	-18	16.05
1054	138	-7	126	-18	16.05
1055	141	-7	126	-18	18.29
1056	145	-8	152	7	16.54
1057	148	-8	152	7	15.52
1058	151	-9	152	7	16.03
1059	151	-9	152	7	16.03
1060	154	-10	152	7	17.12
1061	154	-11	152	8	19.10
1062	154	-13	153	8	21.02
1063	154	-14	153	8	22.02
1064	154	-14	153	8	22.02
1065	153	-16	153	8	24.00
1066	151	-18	153	9	27.07
1067	151	-18	154	9	27.16
1068	148	-20	154	9	29.60
1069	147	-21	154	9	30.78
1070	147	-22	154	10	32.73
1071	145	-23	154	10	34.16
1072	145	-24	155	10	35.38
1073	143	-24	155	10	35.96
1074	143	-24	155	10	35.96
1075	142	-23	155	11	36.30
1076	142	-22	155	11	35.38
1077	142	-21	155	11	34.46
1078	142	-20	156	11	33.93
1079	143	-19	156	12	33.54
1080	144	-18	156	12	32.25
1081	145	-15	156	12	29.11
1082	146	-13	156	12	26.90
1083	148	-10	157	12	23.75
1084	148	-9	157	13	23.75
1085	148	-7	157	13	21.91
1086	148	-5	157	13	20.10
1087	149	-3	157	13	17.86
1088	150	0	144	-16	17.06
1089	151	1	143	-16	18.75
1090	151	3	143	-16	20.58
1091	152	5	143	-16	22.81
1092	153	6	143	-17	25.03
1093	154	7	143	-17	26.35
1094	155	8	143	-17	27.67
1095	157	9	143	-17	29.46
1096	158	9	143	-18	30.80
1097	159	8	143	-18	30.42
1098	162	5	143	-18	29.67
1099	165	4	143	-18	30.90
1100	167	4	143	-19	32.97
1101	170	3	143	-19	34.49
1102	173	2	143	-19	36.20
1103	178	0	143	-19	39.24
1104	-179	-1	143	-20	41.73
1105	-176	-2	143	-20	43.89
1106	-171	-3	143	-20	47.95
1107	-167	-4	143	-20	51.21
1108	-160	-4	143	-21	57.84
1109	-157	-5	143	-21	60.25
1110	-151	-5	143	-21	65.83
1111	-145	-6	143	-21	71.07
1112	-142	-6	143	-22	73.87
1113	-138	-6	143	-22	77.58
1114	-138	-6	143	-22	77.58
1115	-132	-6	143	-22	83.14
1116	-128	-7	143	-23	86.36
1117	-126	-8	143	-23	87.80
1118	-122	-9	143	-23	91.04
1119	-122	-9	143	-23	91.04
1120	-117	-9	155	8	89.29
1121	-113	-9	155	8	93.20
1122	-113	-9	155	8	93.20
1123	-108	-10	155	8	98.22
1124	-108	-10	155	9	98.38
1125	-107	-11	155	9	99.48
1126	-107	-11	155	9	99.48
1127	-107	-11	156	9	98.51
1128	-108	-11	156	10	97.71
1129	-108	-11	156	10	97.71
1130	-109	-11	156	10	96.74
1131	-109	-11	156	10	96.74
1132	-110	-11	156	11	95.95
1133	-110	-12	157	11	95.16
1134	-110	-12	157	11	95.16
1135	-111	-13	157	11	94.38
1136	-112	-13	157	12	93.64
1137	-112	-13	157	12	93.64
1138	-113	-14	157	12	92.88
1139	-113	-14	157	12	92.88
1140	-113	-14	158	13	92.17
1141	-113	-14	158	13	92.17
1142	-113	-14	158	13	92.17
1143	-115	-14	158	13	90.28
1144	-115	-14	158	14	90.53
1145	-116	-15	158	14	89.84
1146	-116	-15	159	14	88.91
1147	-116	-15	159	14	88.91
1148	-116	-15	159	15	89.18
1149	-116	-15	159	15	89.18
1150	-116	-15	159	15	89.18
1151	-116	-15	159	15	89.18
1152	-116	-15	-24	-18	87.25
1153	-116	-15	-21	-18	90.00
1154	-117	-14	-18	-18	93.99
1155	-117	-14	-15	-18	96.73
1156	-117	-14	-12	-19	99.13
1157	-117	-14	-9	-19	101.81
1158	-119	-14	-6	-19	106.24
1159	-121	-13	-3	-19	111.06
1160	-124	-13	0	-20	115.79
1161	-131	-12	2	-20	123.76
1162	-131	-12	5	-20	126.16
1163	-141	-10	7	-21	135.85
1164	-148	-10	10	-21	142.21
1165	-151	-9	13	-21	146.13
1166	-157	-9	16	-21	149.22
1167	-157	-9	19	-22	148.75
1168	-164	-9	22	-22	148.45
1169	-167	-9	25	-22	146.84
1170	-168	-9	28	-23	144.37
1171	-170	-9	31	-23	141.97
1172	-170	-9	34	-23	140.30
1173	-171	-9	37	-23	137.87
1174	-171	-9	39	-24	135.87
1175	-171	-9	42	-24	133.88
1176	-170	-9	45	-24	132.49
1177	-170	-9	48	-25	129.74
1178	-169	-9	51	-25	128.29
1179	-169	-9	54	-25	126.05
1180	-169	-9	57	-25	123.76
1181	-170	-9	60	-26	120.14
1182	-170	-9	63	-26	117.75
1183	-171	-9	66	-26	114.51
1184	-172	-9	-115	-21	56.06
1185	-173	-9	-114	-21	57.93
1186	-174	-9	-114	-21	58.86
1187	-175	-9	-114	-21	59.79
1188	-175	-9	-114	-21	59.79
1189	-175	-9	-114	-21	59.79
1190	-175	-9	-114	-22	59.83
1191	-175	-9	-114	-22	59.83
1192	-175	-9	-114	-22	59.83
1193	-175	-9	-114	-22	59.83
1194	-175	-9	-114	-22	59.83
1195	-174	-9	-114	-23	58.96
1196	-173	-9	-114	-23	58.04
1197	-172	-9	-114	-23	57.12
1198	-171	-8	-114	-23	56.58
1199	-170	-8	-114	-23	55.66
1200	-169	-8	-114	-24	54.87
1201	-170	-8	-114	-24	55.77
1202	-170	-8	-114	-24	55.77
1203	-170	-8	-114	-24	55.77
1204	-170	-8	-114	-24	55.77
1205	-169	-8	-114	-24	54.87
1206	-169	-8	-114	-25	55.00
1207	-169	-8	-114	-25	55.00
1208	-168	-8	-114	-25	54.10
1209	-168	-9	-114	-25	53.68
1210	-167	-9	-114	-25	52.78
1211	-167	-10	-114	-26	52.50
1212	-167	-10	-114	-26	52.50
1213	-168	-10	-114	-26	53.39
1214	-168	-10	-114	-26	53.39
1215	-168	-10	-114	-26	53.39
1216	-169	-9	132	-3	58.92
1217	-169	-9	131	-2	60.07
1218	-169	-9	129	-2	62.04
1219	-169	-9	127	-2	64.01
1220	-169	-9	125	-2	65.99
1221	-171	-9	124	-2	65.00
1222	-171	-9	122	-1	67.13
1223	-175	-9	120	-1	65.16
1224	178	-9	118	-1	60.23
1225	178	-9	117	-1	61.22
1226	170	-9	115	-1	55.31
1227	170	-9	113	0	57.46
1228	164	-9	111	0	53.53
1229	160	-9	110	0	50.59
1230	160	-9	108	0	52.55
1231	154	-9	106	0	48.63
1232	154	-9	104	0	50.59
1233	150	-9	103	0	47.65
1234	147	-8	101	0	46.54
1235	147	-8	99	0	48.50
1236	144	-8	97	0	47.52
1237	144	-8	96	0	48.50
1238	141	-8	94	1	47.71
1239	139	-8	92	1	47.71
1240	139	-8	90	1	49.67
1241	136	-9	89	1	47.87
1242	136	-9	87	1	49.82
1243	133	-10	85	2	49.27
1244	130	-11	83	2	48.52
1245	130	-11	82	2	49.48
1246	127	-12	80	2	48.74
1247	127	-12	78	2	50.65
1248	123	-12	-166	-9	69.69
1249	121	-13	-165	-9	72.51
1250	121	-13	-165	-9	72.51
1251	117	-13	-165	-9	76.39
1252	117	-13	-165	-9	76.39
1253	114	-13	-165	-9	79.30
1254	112	-13	-165	-9	81.23
1255	112	-13	-165	-9	81.23
1256	109	-14	-165	-9	83.99
1257	107	-15	-165	-9	85.77
1258	107	-15	-165	-9	85.77
1259	105	-14	-164	-9	88.79
1260	105	-14	-164	-9	88.79
1261	103	-14	-164	-9	90.71
1262	101	-14	-164	-9	92.62
1263	99	-14	-164	-9	94.53
1264	97	-14	-164	-9	96.43
1265	97	-14	-164	-9	96.43
1266	95	-14	-164	-9	98.34
1267	94	-15	-164	-9	99.08
1268	94	-15	-164	-9	99.08
1269	91	-15	-164	-9	101.91
1270	91	-15	-163	-9	102.85
1271	90	-16	-163	-9	103.56
1272	91	-15	-163	-9	102.85
1273	91	-14	-163	-9	103.08
1274	92	-14	-163	-9	102.13
1275	92	-14	-163	-9	102.13
1276	93	-13	-163	-9	101.40
1277	93	-13	-163	-9	101.40
1278	94	-14	-163	-9	100.24
1279	94	-14	-163	-9	100.24
1280	95	-14	55	-15	38.69
1281	95	-14	52	-15	41.58
1282	96	-11	50	-15	44.92
1283	96	-9	48	-15	47.25
1284	95	-7	46	-15	48.66
1285	95	-7	44	-15	50.59
1286	93	-6	42	-15	50.83
1287	91	-5	40	-15	51.09
1288	91	-5	38	-15	53.01
1289	87	-1	35	-15	53.19
1290	87	0	33	-15	55.41
1291	86	0	31	-16	56.54
1292	85	0	29	-16	57.48
1293	83	0	27	-16	57.48
1294	80	0	25	-16	56.54
1295	77	0	23	-16	55.60
1296	75	-1	21	-16	55.27
1297	71	-2	18	-16	54.00
1298	68	-2	16	-16	53.05
1299	64	-3	14	-16	50.84
1300	61	-3	12	-16	49.89
1301	58	-3	10	-16	48.95
1302	55	-4	8	-17	47.86
1303	53	-4	6	-17	47.86
1304	51	-5	4	-17	47.53
1305	49	-5	1	-17	48.48
1306	47	-5	0	-17	47.53
1307	44	-6	-2	-17	46.27
1308	42	-6	-4	-17	46.27
1309	40	-7	-6	-17	45.97
1310	39	-8	-8	-17	46.64
1311	39	-8	-10	-17	48.55
1312	39	-9	67	-16	28.19
1313	39	-10	66	-16	26.96
1314	38	-10	65	-16	26.96
1315	38	-10	64	-16	26.01
1316	38	-9	63	-16	25.37
1317	39	-10	62	-16	23.18
1318	39	-10	61	-16	22.24
1319	41	-13	60	-16	18.63
1320	41	-13	60	-16	18.63
1321	43	-15	59	-16	15.45
1322	45	-16	58	-16	12.49
1323	45	-16	57	-16	11.53
1324	46	-18	56	-16	9.77
1325	46	-18	55	-16	8.83
1326	48	-19	54	-16	6.46
1327	50	-20	53	-16	4.91
1328	51	-21	53	-17	4.42
1329	53	-23	52	-17	6.07
1330	53	-23	51	-17	6.29
1331	56	-24	50	-17	8.97
1332	58	-26	49	-17	12.28
1333	58	-26	48	-17	12.93
1334	62	-26	47	-17	16.58
1335	62	-26	46	-17	17.37
1336	62	-27	46	-17	17.86
1337	62	-28	45	-17	19.14
1338	62	-28	44	-17	19.90
1339	61	-30	43	-17	20.96
1340	61	-30	42	-17	21.68
1341	59	-31	41	-17	21.54
1342	58	-33	40	-17	22.78
1343	58	-33	39	-17	23.43
1344	58	-34	-17	-4	75.34
1345	58	-34	-18	-3	76.73
1346	58	-35	-20	-3	78.46
1347	58	-35	-22	-3	80.09
1348	58	-35	-24	-3	81.73
1349	62	-36	-25	-3	85.81
1350	62	-36	-27	-3	87.43
1351	67	-37	-29	-2	93.58
1352	71	-37	-31	-2	98.33
1353	71	-37	-32	-2	99.12
1354	79	-36	-34	-2	107.18
1355	79	-36	-36	-2	108.73
1356	86	-33	-38	-2	116.72
1357	89	-29	-39	-1	122.00
1358	89	-29	-41	-1	123.62
1359	91	-25	-43	-1	128.47
1360	91	-25	-45	-1	130.13
1361	92	-22	-46	-1	133.03
1362	93	-20	-48	-1	136.40
1363	93	-20	-50	-1	138.11
1364	92	-17	-52	0	140.68
1365	92	-17	-53	0	141.57
1366	92	-17	-55	0	143.32
1367	91	-16	-57	0	144.61
1368	91	-16	-59	0	146.35
1369	90	-14	-60	0	147.17
1370	89	-13	-62	0	148.45
1371	89	-11	-64	0	151.00
1372	89	-10	-66	0	153.19
1373	89	-10	-67	0	154.11
1374	89	-8	-69	0	156.66
1375	90	-7	-71	0	159.80
1376	89	-6	77	-59	53.80
1377	89	-7	77	-59	52.81
1378	89	-9	78	-60	51.67
1379	90	-10	78	-61	51.77
1380	91	-12	79	-62	50.75
1381	92	-13	79	-62	49.88
1382	93	-15	80	-63	48.86
1383	94	-15	81	-64	49.82
1384	95	-16	81	-65	49.91
1385	97	-18	82	-66	49.01
1386	97	-17	82	-66	50.00
1387	97	-17	83	-67	50.83
1388	98	-18	84	-68	50.79
1389	98	-18	84	-69	51.74
1390	98	-18	85	-69	51.64
1391	97	-18	85	-70	52.52
1392	96	-20	86	-71	51.34
1393	95	-21	87	-72	51.21
1394	95	-20	87	-73	53.19
1395	94	-20	88	-73	53.11
1396	93	-20	88	-74	54.07
1397	92	-20	89	-75	55.02
1398	91	-19	90	-76	57.00
1399	90	-19	90	-76	57.00
1400	90	-18	91	-77	59.00
1401	90	-17	91	-78	61.00
1402	90	-16	92	-79	63.01
1403	90	-15	93	-80	65.01
1404	91	-14	93	-80	66.01
1405	92	-13	94	-81	68.01
1406	92	-13	94	-82	69.01
1407	93	-13	95	-83	70.00
1408	93	-13	120	22	43.89
1409	94	-14	120	22	44.11
1410	94	-15	121	23	46.28
1411	94	-16	122	24	48.45
1412	94	-16	123	25	49.80
1413	94	-15	124	26	50.33
1414	94	-15	125	27	51.67
1415	96	-14	126	28	51.07
1416	97	-15	127	29	52.69
1417	98	-14	128	29	51.85
1418	98	-14	129	30	53.18
1419	99	-15	130	31	54.80
1420	100	-18	131	32	58.16
1421	99	-19	132	33	60.81
1422	100	-20	133	34	62.48
1423	100	-20	134	35	63.77
1424	101	-16	135	36	61.14
1425	102	-12	136	36	57.73
1426	102	-10	137	37	57.33
1427	102	-5	138	38	54.45
1428	102	-5	139	39	55.71
1429	101	-1	140	40	54.27
1430	100	1	141	41	54.48
1431	100	1	142	42	55.68
1432	100	1	143	43	56.86
1433	100	1	144	43	57.46
1434	99	1	145	44	59.22
1435	99	1	146	45	60.36
1436	99	1	147	46	61.49
1437	98	1	148	47	63.19
1438	98	1	149	48	64.28
1439	96	0	150	49	67.32
1440	95	0	97	-20	20.10
1441	95	0	97	-20	20.10
1442	92	-2	97	-20	18.65
1443	92	-2	97	-20	18.65
1444	91	-3	97	-20	17.98
1445	90	-3	97	-21	19.25
1446	90	-3	97	-21	19.25
1447	89	-4	97	-21	18.69
1448	89	-4	98	-21	19.12
1449	89	-4	98	-21	19.12
1450	89	-4	98	-22	20.00
1451	89	-4	98	-22	20.00
1452	90	-4	98	-22	19.60
1453	90	-4	98	-22	19.60
1454	90	-5	98	-23	19.59
1455	92	-5	98	-23	18.91
1456	92	-5	99	-23	19.23
1457	95	-5	99	-23	18.41
1458	95	-5	99	-23	18.41
1459	96	-5	99	-24	19.22
1460	96	-5	99	-24	19.22
1461	96	-5	99	-24	19.22
1462	96	-6	99	-24	18.23
1463	96	-6	99	-25	19.22
1464	96	-6	100	-25	19.38
1465	96	-6	100	-25	19.38
1466	96	-6	100	-25	19.38
1467	96	-6	100	-25	19.38
1468	96	-6	100	-26	20.36
1469	96	-7	100	-26	19.38
1470	96	-7	100	-26	19.38
1471	96	-7	100	-26	19.38
1472	96	-7	97	13	20.02
1473	96	-7	97	13	20.02
1474	96	-8	97	13	21.02
1475	97	-8	97	14	22.00
1476	97	-8	97	14	22.00
1477	97	-8	97	15	23.00
1478	97	-8	97	15	23.00
1479	97	-9	97	15	24.00
1480	97	-9	97	16	25.00
1481	97	-9	97	16	25.00
1482	97	-9	97	17	26.00
1483	97	-9	97	17	26.00
1484	97	-10	97	17	27.00
1485	97	-10	97	18	28.00
1486	97	-10	97	18	28.00
1487	97	-10	97	19	29.00
1488	97	-10	98	19	29.02
1489	97	-10	98	19	29.02
1490	97	-10	98	20	30.02
1491	97	-10	98	20	30.02
1492	97	-10	98	21	31.02
1493	97	-10	98	21	31.02
1494	97	-10	98	21	31.02
1495	97	-10	98	22	32.02
1496	97	-10	98	22	32.02
1497	97	-10	98	23	33.01
1498	98	-10	98	23	33.00
1499	98	-10	98	23	33.00
1500	99	-10	98	24	34.01
1501	99	-10	98	24	34.01
1502	99	-10	98	25	35.01
1503	99	-10	98	25	35.01
1504	99	-10	97	-14	4.45
1505	99	-10	97	-14	4.45
1506	99	-10	97	-14	4.45
1507	99	-10	97	-14	4.45
1508	99	-10	97	-14	4.45
1509	99	-10	97	-15	5.37
1510	99	-10	97	-15	5.37
1511	99	-10	97	-15	5.37
1512	99	-10	97	-15	5.37
1513	99	-10	97	-15	5.37
1514	99	-10	97	-16	6.31
1515	99	-11	97	-16	5.36
1516	99	-11	97	-16	5.36
1517	99	-11	97	-16	5.36
1518	99	-11	97	-17	6.31
1519	99	-12	97	-17	5.36
1520	99	-12	97	-17	5.36
1521	99	-12	97	-17	5.36
1522	99	-12	97	-17	5.36
1523	99	-13	97	-18	5.36
1524	99	-14	97	-18	4.44
1525	99	-16	97	-18	2.77
1526	99	-16	97	-18	2.77
1527	98	-21	97	-19	2.21
1528	98	-25	97	-19	6.07
1529	97	-27	97	-19	8.00
1530	97	-30	97	-19	11.00
1531	97	-30	97	-19	11.00
1532	97	-31	97	-20	11.00
1533	97	-30	97	-20	10.00
1534	97	-30	97	-20	10.00
1535	97	-29	97	-20	9.00
1536	97	-29	102	-13	16.66
1537	98	-28	102	-13	15.46
1538	98	-28	102	-13	15.46
1539	99	-27	102	-13	14.28
1540	99	-27	102	-13	14.28
1541	99	-27	102	-13	14.28
1542	100	-27	102	-13	14.12
1543	101	-27	102	-13	14.03
1544	101	-27	102	-13	14.03
1545	103	-26	102	-13	13.03
1546	103	-26	102	-13	13.03
1547	105	-26	103	-14	12.15
1548	107	-26	103	-14	12.57
1549	107	-26	103	-14	12.57
1550	110	-27	103	-14	14.55
1551	110	-27	103	-14	14.55
1552	112	-28	103	-14	16.31
1553	113	-29	103	-14	17.63
1554	113	-29	103	-14	17.63
1555	116	-29	103	-14	19.24
1556	116	-29	103	-14	19.24
1557	118	-28	103	-14	19.76
1558	119	-28	104	-15	19.04
1559	119	-28	104	-15	19.04
1560	122	-26	104	-15	20.09
1561	122	-26	104	-15	20.09
1562	125	-26	104	-15	22.49
1563	126	-25	104	-15	22.92
1564	128	-25	104	-15	24.62
1565	129	-24	104	-15	25.18
1566	129	-24	104	-15	25.18
1567	130	-24	104	-15	26.05
1568	131	-23	95	-48	37.94
1569	131	-23	94	-48	38.53
1570	131	-22	94	-49	39.78
1571	131	-22	94	-49	39.78
1572	130	-22	94	-50	39.72
1573	130	-21	94	-50	40.53
1574	130	-21	94	-51	41.08
1575	131	-19	94	-52	43.83
1576	131	-19	94	-52	43.83
1577	132	-16	94	-53	47.47
1578	133	-14	94	-53	49.68
1579	134	-13	94	-54	51.63
1580	134	-12	94	-55	53.12
1581	133	-11	94	-55	53.57
1582	132	-11	94	-56	53.79
1583	130	-11	94	-56	52.97
1584	127	-11	94	-57	52.53
1585	125	-12	93	-58	51.98
1586	121	-13	93	-58	49.71
1587	118	-14	93	-59	48.68
1588	114	-15	93	-59	46.66
1589	112	-16	93	-60	46.12
1590	110	-17	93	-61	45.65
1591	107	-18	93	-61	44.14
1592	106	-18	93	-62	44.94
1593	104	-20	93	-62	42.69
1594	103	-21	93	-63	42.55
1595	102	-22	93	-64	42.43
1596	100	-23	93	-64	41.26
1597	100	-23	93	-65	42.25
1598	99	-24	93	-65	41.18
1599	99	-24	93	-66	42.17
1600	98	-24	165	-17	62.60
1601	97	-24	166	-16	64.73
1602	97	-24	167	-16	65.64
1603	96	-24	168	-16	67.45
1604	96	-23	169	-16	68.51
1605	96	-23	170	-16	69.41
1606	96	-23	171	-15	70.66
1607	95	-23	172	-15	72.47
1608	94	-23	173	-15	74.29
1609	94	-23	174	-15	75.20
1610	94	-23	175	-15	76.10
1611	93	-24	176	-14	78.09
1612	93	-24	177	-14	78.99
1613	93	-25	178	-14	79.70
1614	93	-25	179	-14	80.59
1615	93	-26	-180	-14	81.27
1616	93	-25	-178	-14	83.25
1617	93	-25	-177	-13	84.54
1618	93	-25	-176	-13	85.43
1619	93	-25	-175	-13	86.32
1620	93	-25	-174	-13	87.20
1621	93	-25	-173	-13	88.08
1622	93	-25	-172	-12	89.39
1623	92	-25	-171	-12	91.16
1624	92	-25	-170	-12	92.04
1625	92	-24	-169	-12	93.17
1626	92	-24	-168	-12	94.05
1627	92	-24	-167	-11	95.37
1628	91	-24	-166	-11	97.13
1629	91	-24	-165	-11	98.01
1630	90	-23	-164	-11	100.05
1631	90	-22	-163	-11	101.22
1632	90	-22	65	-25	23.09
1633	89	-22	63	-25	23.99
1634	89	-22	62	-25	24.90
1635	89	-21	61	-25	26.04
1636	89	-20	60	-25	27.20
1637	90	-20	59	-25	29.01
1638	91	-19	58	-25	31.10
1639	91	-19	57	-25	32.00
1640	92	-17	56	-25	34.44
1641	91	-17	55	-25	34.44
1642	90	-17	54	-25	34.44
1643	89	-17	53	-25	34.44
1644	89	-17	52	-25	35.34
1645	88	-16	51	-25	35.68
1646	86	-16	50	-25	34.78
1647	85	-16	49	-25	34.78
1648	84	-16	48	-25	34.78
1649	84	-16	47	-25	35.68
1650	83	-16	46	-25	35.68
1651	83	-16	45	-25	36.58
1652	83	-16	44	-25	37.48
1653	82	-15	43	-25	37.84
1654	82	-15	42	-25	38.74
1655	82	-14	41	-25	40.01
1656	82	-15	40	-25	40.54
1657	82	-15	39	-25	41.44
1658	85	-13	38	-25	45.79
1659	85	-13	37	-25	46.69
1660	87	-12	36	-25	49.78
1661	88	-11	35	-25	51.97
1662	88	-11	34	-25	52.87
1663	89	-10	33	-25	55.08
1664	89	-10	82	-20	12.07
1665	90	-11	81	-19	11.81
1666	89	-11	81	-19	11.12
1667	89	-12	81	-19	10.41
1668	88	-14	81	-19	8.37
1669	88	-14	80	-19	9.15
1670	84	-21	80	-19	4.26
1671	81	-26	80	-19	7.06
1672	79	-27	80	-19	8.05
1673	78	-29	79	-19	10.04
1674	77	-30	79	-19	11.15
1675	77	-30	79	-19	11.15
1676	76	-32	79	-19	13.28
1677	76	-32	78	-19	13.12
1678	75	-33	78	-19	14.26
1679	75	-33	78	-19	14.26
1680	74	-33	78	-19	14.45
1681	74	-33	77	-18	15.24
1682	74	-33	77	-18	15.24
1683	73	-33	77	-18	15.42
1684	73	-34	77	-18	16.39
1685	73	-34	76	-18	16.22
1686	73	-34	76	-18	16.22
1687	73	-34	76	-18	16.22
1688	73	-34	76	-18	16.22
1689	73	-34	75	-18	16.10
1690	73	-34	75	-18	16.10
1691	73	-34	75	-18	16.10
1692	73	-34	75	-18	16.10
1693	73	-34	74	-18	16.02
1694	73	-34	74	-18	16.02
1695	73	-34	74	-18	16.02
1696	74	-34	88	2	38.33
1697	74	-34	87	2	38.02
1698	74	-34	87	2	38.02
1699	74	-34	87	3	38.98
1700	74	-33	87	3	38.04
1701	74	-33	87	3	38.04
1702	74	-33	87	4	39.00
1703	74	-33	87	4	39.00
1704	74	-33	87	5	39.95
1705	74	-33	87	5	39.95
1706	74	-33	87	5	39.95
1707	74	-33	87	6	40.91
1708	74	-33	87	6	40.91
1709	74	-33	87	6	40.91
1710	74	-32	87	7	40.92
1711	74	-32	87	7	40.92
1712	75	-32	87	8	41.61
1713	74	-32	87	8	41.88
1714	75	-32	87	8	41.61
1715	75	-32	87	9	42.57
1716	75	-32	87	9	42.57
1717	75	-32	87	9	42.57
1718	75	-32	87	10	43.54
1719	74	-32	87	10	43.80
1720	74	-32	87	11	44.76
1721	74	-32	87	11	44.76
1722	74	-32	87	11	44.76
1723	74	-32	87	12	45.73
1724	73	-32	87	12	46.00
1725	73	-33	87	12	46.94
1726	72	-33	87	13	48.18
1727	71	-34	87	13	49.41
1728	70	-34	59	-58	25.11
1729	69	-35	58	-58	24.14
1730	69	-35	58	-59	25.07
1731	68	-36	57	-60	25.03
1732	68	-36	57	-61	25.96
1733	68	-37	56	-61	25.17
1734	67	-37	56	-62	25.92
1735	67	-37	55	-63	27.02
1736	67	-38	55	-64	26.97
1737	67	-38	54	-64	27.13
1738	66	-39	54	-65	26.92
1739	66	-39	53	-66	28.01
1740	65	-40	53	-67	27.81
1741	65	-40	52	-67	27.95
1742	64	-41	52	-68	27.77
1743	64	-42	51	-69	27.85
1744	63	-43	51	-70	27.68
1745	63	-44	51	-70	26.69
1746	63	-46	50	-71	25.77
1747	63	-46	50	-72	26.71
1748	63	-47	49	-73	26.76
1749	63	-48	49	-73	25.78
1750	63	-47	48	-74	27.80
1751	63	-47	48	-75	28.73
1752	63	-47	47	-76	29.75
1753	64	-45	47	-76	31.82
1754	64	-44	46	-77	33.82
1755	64	-43	46	-78	35.74
1756	64	-41	45	-79	38.72
1757	64	-41	45	-79	38.72
1758	63	-37	44	-80	43.63
1759	62	-35	44	-81	46.50
1760	61	-34	66	-34	4.14
1761	61	-32	65	-34	3.91
1762	61	-31	65	-34	4.51
1763	60	-28	65	-34	7.37
1764	59	-25	65	-34	10.40
1765	59	-23	65	-34	12.19
1766	57	-20	65	-34	15.70
1767	57	-20	65	-34	15.70
1768	55	-16	65	-34	20.12
1769	53	-13	64	-34	23.26
1770	52	-11	64	-34	25.48
1771	50	-9	64	-34	28.12
1772	50	-9	64	-34	28.12
1773	49	-7	64	-34	30.35
1774	49	-5	64	-34	32.17
1775	48	-4	64	-34	33.49
1776	48	-2	64	-34	35.32
1777	48	-2	63	-34	34.93
1778	49	0	63	-34	36.45
1779	50	0	63	-34	36.12
1780	51	0	63	-34	35.81
1781	53	1	63	-34	36.24
1782	54	2	63	-34	36.98
1783	55	2	63	-34	36.78
1784	56	2	63	-34	36.60
1785	56	1	62	-34	35.45
1786	57	1	62	-34	35.31
1787	57	1	62	-34	35.31
1788	57	1	62	-34	35.31
1789	57	1	62	-34	35.31
1790	57	1	62	-34	35.31
1791	57	0	62	-34	34.32
