frame_id	phi	theta	est_phi	est_theta	err_phi	err_theta	speed	err_ang
0	-178	5	0	0	174.62
1	-177	4	0	0	175.00
2	-177	4	0	0	175.00
3	-176	4	0	0	174.35
4	-176	4	0	0	174.35
5	-176	5	0	0	173.60
6	-176	5	0	0	173.60
7	-175	6	0	0	172.20
8	-174	7	0	0	170.79
9	-175	8	0	0	170.57
10	-174	7	0	0	170.79
11	-174	6	0	0	171.52
12	-175	4	0	0	173.60
13	-175	3	0	0	174.17
14	-175	3	0	0	174.17
15	-174	3	0	0	173.29
16	-174	3	0	0	173.29
17	-174	2	0	0	173.68
18	-173	0	0	0	173.00
19	-173	-2	0	0	172.72
20	-173	-6	0	0	170.79
21	-172	-11	0	0	166.43
22	-171	-13	0	0	164.23
23	-171	-12	0	0	165.04
24	-170	-12	0	0	164.43
25	-169	-14	0	0	162.26
26	-168	-16	0	0	160.09
27	-168	-17	0	0	159.29
28	-169	-17	0	0	159.84
29	-170	-17	0	0	160.35
30	-170	-17	0	0	160.35
31	-170	-18	0	0	159.49
32	-169	-17	-178	5	23.73
33	-169	-17	-178	5	23.73
34	-169	-17	-178	5	23.73
35	-169	-18	-178	5	24.65
36	-169	-18	-178	5	24.65
37	-168	-18	-178	5	25.03
38	-168	-20	-178	5	26.86
39	-168	-20	-178	5	26.86
40	-168	-20	-178	5	26.86
41	-168	-19	-178	5	25.94
42	-169	-19	-178	5	25.58
43	-170	-18	-178	5	24.32
44	-171	-18	-178	5	24.01
45	-172	-17	-178	5	22.78
46	-173	-16	-178	5	21.58
47	-175	-15	-178	5	20.22
48	-178	-14	-178	5	19.00
49	179	-12	-178	5	17.26
50	177	-10	-178	5	15.81
51	176	-9	-178	5	15.22
52	176	-9	-178	5	15.22
53	176	-9	-178	5	15.22
54	176	-8	-178	5	14.31
55	175	-8	-178	5	14.76
56	175	-8	-178	5	14.76
57	175	-7	-178	5	13.89
58	175	-7	-178	5	13.89
59	174	-6	-178	5	13.59
60	174	-6	-178	5	13.59
61	174	-6	-178	5	13.59
62	174	-6	-178	5	13.59
63	174	-6	-178	5	13.59
64	174	-6	-160	-39	40.50
65	173	-5	-159	-39	42.40
66	173	-5	-159	-40	43.13
67	173	-5	-159	-41	43.86
68	173	-5	-158	-41	44.38
69	172	-5	-158	-42	45.62
70	172	-5	-158	-43	46.34
71	172	-5	-158	-43	46.34
72	172	-5	-157	-44	47.56
73	172	-5	-157	-45	48.28
74	172	-5	-157	-45	48.28
75	172	-5	-156	-46	49.49
76	173	-5	-156	-47	49.75
77	173	-4	-156	-47	50.64
78	174	-4	-156	-48	50.96
79	174	-3	-155	-49	53.05
80	176	-2	-155	-50	53.94
81	178	0	-155	-50	55.06
82	-180	3	-154	-51	58.39
83	-177	6	-154	-52	61.23
84	-176	9	-154	-52	63.86
85	-174	11	-154	-53	66.25
86	-174	13	-153	-54	69.35
87	-173	15	-153	-54	71.09
88	-173	16	-153	-55	73.00
89	-173	17	-152	-56	75.12
90	-173	17	-152	-56	75.12
91	-173	17	-152	-57	76.05
92	-173	18	-152	-58	77.97
93	-173	19	-151	-58	79.14
94	-173	19	-151	-59	80.07
95	-173	19	-151	-60	81.00
96	-173	20	157	5	32.81
97	-172	20	156	5	34.54
98	-172	20	155	5	35.42
99	-172	21	155	6	35.30
100	-172	22	154	6	36.52
101	-174	23	154	6	35.19
102	-176	25	153	7	34.66
103	-178	26	153	7	33.52
104	178	27	152	7	31.77
105	176	27	152	8	29.63
106	174	27	151	8	28.91
107	172	28	151	8	28.16
108	170	28	150	9	26.76
109	169	27	150	9	25.43
110	168	27	149	9	25.43
111	167	28	149	10	24.70
112	166	28	148	10	24.70
113	166	28	147	10	25.35
114	165	28	147	11	23.95
115	164	28	146	11	23.95
116	162	28	146	11	22.67
117	161	29	145	12	22.61
118	160	28	145	12	21.28
119	159	29	144	12	22.00
120	158	29	144	13	20.62
121	157	29	143	13	20.62
122	156	29	143	13	20.05
123	156	29	142	14	19.83
124	155	29	142	14	19.24
125	155	29	141	14	19.83
126	154	30	141	15	19.18
127	154	30	140	15	19.77
128	154	30	-160	46	38.96
129	153	30	-159	46	40.34
130	152	31	-159	47	40.52
131	151	31	-158	48	41.95
132	151	31	-158	49	42.05
133	150	31	-157	50	43.44
134	149	31	-157	50	44.08
135	148	32	-157	51	44.12
136	148	31	-156	52	45.50
137	148	31	-156	53	45.59
138	148	31	-155	54	46.28
139	149	31	-155	54	45.70
140	149	31	-155	55	45.83
141	149	31	-154	56	46.52
142	149	31	-154	57	46.67
143	150	31	-153	58	46.83
144	152	31	-153	59	46.00
145	154	31	-153	59	45.00
146	157	31	-152	60	44.30
147	162	30	-152	61	43.20
148	168	30	-151	62	41.55
149	175	29	-151	63	40.43
150	-178	29	-151	63	38.21
151	-173	28	-150	64	38.90
152	-168	28	-150	65	38.71
153	-164	28	-149	66	39.12
154	-161	28	-149	67	39.68
155	-158	28	-149	67	39.39
156	-155	28	-148	68	40.22
157	-152	28	-148	69	41.07
158	-149	28	-147	70	42.02
159	-146	28	-147	71	43.00
160	-143	28	121	40	76.64
161	-142	28	119	40	78.70
162	-140	28	118	40	80.73
163	-138	28	117	40	82.72
164	-136	28	116	41	84.14
165	-135	28	115	41	85.41
166	-133	29	114	41	86.55
167	-132	29	113	42	87.15
168	-131	29	112	42	88.32
169	-130	30	111	42	88.71
170	-129	30	110	43	89.15
171	-128	31	109	43	89.44
172	-128	32	108	43	89.16
173	-127	35	107	44	87.01
174	-126	38	106	44	85.49
175	-126	40	105	44	84.28
176	-124	43	104	45	82.17
177	-123	45	103	45	81.22
178	-122	47	102	45	80.20
179	-121	48	101	45	79.99
180	-120	49	100	46	78.83
181	-119	49	99	46	79.41
182	-119	49	98	46	79.69
183	-118	49	97	47	79.31
184	-118	49	96	47	79.57
185	-117	48	95	47	81.00
186	-116	46	94	48	82.41
187	-114	41	93	48	87.85
188	-111	36	92	48	93.53
189	-109	29	91	49	99.98
190	-108	21	90	49	108.18
191	-105	14	89	49	115.79
192	-104	8	-80	26	29.06
193	-102	1	-78	25	33.36
194	-101	-2	-76	25	36.28
195	-100	-4	-74	25	38.45
196	-98	-5	-72	25	39.23
197	-97	-6	-70	25	40.63
198	-96	-7	-68	25	42.03
199	-96	-8	-66	25	44.07
200	-96	-7	-64	25	44.65
201	-95	-7	-62	25	45.34
202	-95	-7	-60	25	46.74
203	-94	-8	-58	25	48.14
204	-93	-8	-56	25	48.86
205	-92	-9	-54	25	50.26
206	-90	-10	-52	25	50.95
207	-89	-12	-50	25	53.05
208	-88	-13	-48	25	54.45
209	-87	-15	-46	24	55.90
210	-86	-16	-44	24	57.28
211	-85	-17	-42	24	58.67
212	-83	-19	-40	24	60.05
213	-82	-20	-38	24	61.42
214	-80	-20	-36	24	61.42
215	-78	-20	-34	24	61.42
216	-77	-21	-32	24	62.79
217	-74	-21	-30	24	62.11
218	-72	-22	-28	24	62.81
219	-70	-23	-26	24	63.51
220	-69	-22	-24	24	63.48
221	-68	-22	-22	24	64.15
222	-67	-22	-20	24	64.83
223	-65	-22	-18	24	64.83
224	-64	-21	-65	-12	9.05
225	-61	-20	-63	-12	8.23
226	-59	-18	-62	-13	5.77
227	-57	-17	-61	-13	5.56
228	-56	-16	-60	-14	4.35
229	-55	-15	-58	-15	2.90
230	-54	-15	-57	-15	2.90
231	-52	-15	-56	-16	3.98
232	-52	-14	-55	-17	4.17
233	-51	-14	-54	-17	4.17
234	-51	-13	-52	-18	5.09
235	-50	-13	-51	-18	5.09
236	-50	-12	-50	-19	7.00
237	-49	-12	-49	-20	8.00
238	-49	-11	-47	-20	9.20
239	-48	-11	-46	-21	10.18
240	-48	-10	-45	-22	12.34
241	-48	-9	-44	-22	13.56
242	-48	-9	-43	-23	14.80
243	-48	-8	-41	-23	16.44
244	-48	-7	-40	-24	18.65
245	-48	-7	-39	-25	19.95
246	-48	-6	-38	-25	21.28
247	-48	-6	-36	-26	23.05
248	-48	-6	-35	-27	24.37
249	-47	-6	-34	-27	24.37
250	-47	-6	-33	-28	25.70
251	-47	-6	-32	-28	26.20
252	-47	-5	-30	-29	28.90
253	-47	-5	-29	-30	30.22
254	-48	-5	-28	-30	31.32
255	-48	-5	-27	-31	32.64
256	-48	-4	-24	-50	50.27
257	-47	-3	-22	-50	51.55
258	-46	-2	-21	-51	53.34
259	-43	0	-20	-52	55.48
260	-40	3	-19	-53	58.72
261	-38	4	-17	-54	60.60
262	-35	6	-16	-55	63.02
263	-33	7	-15	-56	64.73
264	-31	8	-14	-57	66.48
265	-29	9	-12	-58	68.42
266	-28	10	-11	-59	70.35
267	-26	10	-10	-59	70.20
268	-25	11	-9	-60	72.15
269	-24	11	-7	-61	73.25
270	-23	12	-6	-62	75.19
271	-23	13	-5	-63	77.28
272	-22	13	-4	-64	78.23
273	-22	13	-2	-65	79.45
274	-21	14	-1	-66	81.38
275	-21	14	0	-67	82.46
276	-20	15	1	-68	84.39
277	-20	15	2	-69	85.45
278	-20	15	3	-69	85.58
279	-20	16	4	-70	87.63
280	-19	16	6	-71	88.68
281	-19	17	7	-72	90.71
282	-19	17	8	-73	91.75
283	-17	18	9	-74	93.52
284	-14	18	11	-75	94.32
285	-11	18	12	-76	95.05
286	-8	18	13	-77	95.82
287	-5	18	14	-78	96.62
288	-3	18	-32	13	28.36
289	-1	17	-31	13	29.22
290	0	17	-31	14	29.99
291	1	17	-30	14	29.99
292	3	16	-30	15	31.78
293	4	16	-29	15	31.78
294	6	16	-29	16	33.60
295	7	15	-28	16	33.70
296	8	15	-28	17	34.62
297	9	14	-27	17	34.77
298	10	13	-27	18	35.94
299	11	13	-26	18	35.94
300	12	12	-26	19	37.20
301	13	11	-25	19	37.49
302	14	10	-25	20	38.87
303	15	10	-24	20	38.87
304	16	10	-24	21	39.96
305	16	10	-23	22	39.23
306	17	10	-23	22	40.14
307	18	9	-22	23	40.75
308	19	8	-22	23	42.07
309	20	8	-21	24	42.32
310	21	7	-21	24	43.66
311	22	7	-20	25	43.95
312	23	7	-20	25	44.81
313	24	7	-19	26	45.10
314	24	7	-19	26	45.10
315	25	7	-18	27	45.40
316	26	7	-18	27	46.25
317	26	7	-17	28	45.72
318	27	7	-17	28	46.56
319	27	7	-16	29	46.05
320	28	8	42	40	34.36
321	28	8	43	40	34.69
322	29	8	44	41	35.59
323	29	8	46	42	37.17
324	30	8	47	42	37.17
325	30	8	49	43	38.77
326	32	8	50	44	39.27
327	33	7	51	44	40.21
328	36	7	53	45	40.77
329	38	6	54	46	42.33
330	41	5	56	46	43.02
331	44	3	57	47	45.42
332	46	2	58	48	47.15
333	49	0	60	48	48.94
334	51	-3	61	49	52.72
335	53	-5	63	50	55.68
336	54	-6	64	51	57.65
337	56	-6	65	51	57.52
338	57	-7	67	52	59.62
339	57	-7	68	53	60.72
340	57	-7	70	53	61.01
341	58	-7	71	54	61.97
342	58	-7	72	55	63.09
343	59	-7	74	55	63.25
344	59	-8	75	56	65.36
345	60	-8	77	57	66.48
346	60	-8	78	57	66.66
347	60	-9	79	58	68.76
348	60	-9	81	59	70.07
349	61	-9	82	59	70.07
350	61	-9	84	60	71.39
351	61	-9	85	61	72.51
352	62	-9	59	-2	7.61
353	62	-9	59	-2	7.61
354	63	-10	60	-2	8.54
355	63	-10	61	-2	8.24
356	64	-10	62	-3	7.28
357	64	-10	63	-3	7.07
358	64	-10	64	-3	7.00
359	65	-10	65	-4	6.00
360	65	-10	66	-4	6.08
361	65	-11	67	-4	7.28
362	66	-11	68	-5	6.32
363	66	-11	69	-5	6.69
364	67	-11	70	-5	6.69
365	67	-11	71	-6	6.37
366	67	-10	72	-6	6.36
367	68	-10	73	-6	6.36
368	68	-10	74	-7	6.65
369	68	-10	75	-7	7.54
370	68	-11	76	-7	8.85
371	68	-11	77	-7	9.75
372	68	-11	78	-8	10.31
373	68	-11	79	-8	11.25
374	68	-11	80	-8	12.21
375	68	-10	81	-9	12.86
376	68	-10	82	-9	13.84
377	68	-10	83	-9	14.83
378	68	-10	84	-10	15.76
379	68	-10	85	-10	16.74
380	68	-10	86	-10	17.72
381	68	-10	87	-11	18.71
382	68	-10	88	-11	19.69
383	68	-10	89	-11	20.67
384	68	-10	96	-26	30.95
385	68	-10	97	-26	31.76
386	68	-9	98	-27	33.58
387	68	-9	99	-27	34.38
388	68	-8	100	-28	36.21
389	68	-8	101	-28	37.00
390	68	-7	102	-29	38.85
391	68	-7	103	-29	39.63
392	68	-7	104	-30	40.86
393	68	-7	105	-30	41.63
394	68	-7	106	-31	42.85
395	68	-7	107	-31	43.62
396	68	-7	108	-32	44.82
397	68	-7	109	-32	45.59
398	69	-7	110	-33	46.00
399	70	-8	111	-33	45.36
400	71	-9	113	-34	45.89
401	72	-10	114	-35	45.65
402	72	-11	115	-35	45.77
403	73	-12	116	-36	45.50
404	73	-12	117	-36	46.26
405	74	-12	118	-37	46.60
406	74	-12	119	-37	47.35
407	74	-12	120	-38	48.44
408	74	-12	121	-38	49.18
409	75	-12	122	-39	49.51
410	75	-12	123	-39	50.25
411	75	-12	124	-40	51.30
412	75	-12	125	-40	52.03
413	75	-12	126	-41	53.06
414	75	-12	127	-41	53.78
415	75	-12	128	-42	54.79
416	75	-12	74	-11	1.40
417	75	-12	74	-11	1.40
418	75	-12	74	-11	1.40
419	76	-12	74	-11	2.20
420	76	-12	74	-11	2.20
421	76	-12	74	-11	2.20
422	76	-12	75	-11	1.40
423	76	-12	75	-11	1.40
424	76	-12	75	-11	1.40
425	76	-12	75	-11	1.40
426	76	-12	75	-11	1.40
427	76	-12	76	-11	1.00
428	76	-11	76	-11	0.00
429	76	-11	76	-11	0.00
430	76	-12	76	-11	1.00
431	76	-11	76	-11	0.00
432	76	-11	77	-11	0.98
433	76	-12	77	-11	1.40
434	76	-12	77	-11	1.40
435	76	-12	77	-11	1.40
436	76	-12	77	-11	1.40
437	76	-12	77	-11	1.40
438	76	-11	78	-11	1.96
439	77	-11	78	-11	0.98
440	76	-10	78	-11	2.21
441	76	-10	78	-11	2.21
442	75	-8	78	-11	4.21
443	75	-6	79	-11	6.37
444	74	-5	79	-11	7.78
445	74	-3	79	-11	9.41
446	73	-1	79	-11	11.64
447	73	0	79	-11	12.51
448	73	2	82	-14	18.32
449	72	3	82	-14	19.68
450	72	5	82	-14	21.43
451	72	7	82	-14	23.23
452	72	8	82	-14	24.13
453	71	10	83	-14	26.79
454	71	11	83	-14	27.69
455	70	12	83	-14	29.02
456	70	13	83	-14	29.91
457	69	14	83	-14	31.24
458	69	14	84	-14	31.69
459	68	15	84	-14	33.04
460	67	16	84	-14	34.38
461	66	17	84	-14	35.73
462	65	17	85	-14	36.75
463	63	18	85	-14	38.66
464	61	19	85	-15	41.40
465	58	19	85	-15	43.16
466	56	19	85	-15	44.40
467	54	19	86	-15	46.35
468	52	19	86	-15	47.71
469	51	20	86	-15	49.08
470	49	20	86	-15	50.48
471	48	20	87	-15	51.91
472	47	21	87	-15	53.27
473	46	21	87	-15	54.00
474	45	21	87	-15	54.73
475	44	21	87	-15	55.48
476	44	21	88	-15	56.23
477	43	21	88	-15	56.98
478	42	22	88	-15	58.32
479	42	23	88	-15	58.90
480	41	24	71	16	29.24
481	41	25	70	16	28.54
482	40	25	70	16	29.43
483	39	25	70	17	29.95
484	39	25	70	17	29.95
485	39	25	70	18	29.61
486	38	26	70	18	30.64
487	37	26	70	19	31.19
488	37	27	70	19	31.31
489	37	28	70	19	31.46
490	37	29	70	20	31.23
491	36	30	70	20	32.26
492	36	31	70	21	32.01
493	36	32	70	21	32.19
494	36	34	70	22	32.14
495	36	35	70	22	32.38
496	36	36	70	23	32.11
497	37	37	69	23	30.84
498	37	38	69	23	31.16
499	37	39	69	24	30.90
500	37	40	69	24	31.25
501	37	40	69	25	30.64
502	38	41	69	25	30.28
503	38	42	69	26	30.02
504	38	43	69	26	30.41
505	38	43	69	26	30.41
506	38	44	69	27	30.14
507	37	45	69	27	31.20
508	37	46	69	28	30.92
509	37	46	69	28	30.92
510	37	47	69	29	30.64
511	37	47	69	29	30.64
512	37	48	9	46	19.09
513	36	48	8	46	19.09
514	36	48	7	47	19.50
515	36	49	6	48	19.77
516	36	49	5	48	20.42
517	36	49	4	49	20.84
518	35	49	3	50	20.65
519	35	49	2	50	21.28
520	35	50	1	51	21.46
521	34	50	0	52	21.29
522	34	50	-1	52	21.90
523	34	50	-2	53	22.37
524	34	50	-3	54	22.86
525	34	50	-4	54	23.44
526	34	50	-5	55	23.93
527	33	50	-6	56	23.88
528	33	49	-7	57	24.95
529	33	49	-8	57	25.50
530	33	48	-9	58	26.65
531	32	47	-10	59	27.39
532	32	46	-11	59	28.57
533	32	45	-12	60	29.92
534	32	43	-13	61	32.09
535	31	41	-14	61	33.64
536	31	39	-15	62	35.99
537	31	36	-16	63	39.27
538	31	33	-17	63	42.26
539	31	31	-18	64	44.81
540	31	27	-19	65	49.19
541	30	25	-20	65	51.01
542	30	22	-21	66	54.58
543	29	19	-22	67	57.85
544	29	16	33	72	56.05
545	29	13	32	72	59.03
546	28	9	32	73	64.04
547	28	7	32	74	67.04
548	29	5	32	75	70.02
549	29	3	32	75	72.02
550	29	1	32	76	75.02
551	29	0	32	77	77.02
552	29	-1	32	78	79.02
553	28	-2	31	78	80.02
554	28	-3	31	79	82.02
555	28	-4	31	80	84.01
556	28	-5	31	81	86.01
557	27	-7	31	81	88.02
558	27	-8	31	82	90.02
559	27	-9	31	83	92.02
560	26	-9	31	84	93.02
561	25	-9	30	84	93.02
562	25	-10	30	85	95.02
563	25	-10	30	86	96.02
564	25	-10	30	87	97.01
565	25	-10	30	87	97.01
566	24	-11	30	88	99.01
567	25	-10	30	89	99.00
568	25	-8	30	90	98.00
569	25	-6	29	90	96.00
570	26	-4	29	90	94.00
571	27	-3	29	90	93.00
572	27	-3	29	90	93.00
573	27	-1	29	90	91.00
574	28	-1	29	90	91.00
575	28	0	29	90	90.00
576	28	0	21	-16	17.43
577	27	0	20	-17	18.35
578	27	0	20	-18	19.27
579	27	1	20	-19	21.15
580	26	1	20	-20	21.81
581	26	2	19	-21	24.00
582	24	2	19	-22	24.49
583	21	3	19	-23	26.07
584	17	4	19	-24	28.07
585	11	6	18	-25	31.74
586	6	7	18	-26	35.00
587	1	8	18	-27	38.68
588	-2	8	18	-28	40.86
589	-6	9	17	-29	44.00
590	-8	8	17	-30	44.96
591	-10	8	17	-31	46.79
592	-12	9	17	-32	49.48
593	-14	9	16	-33	50.79
594	-15	9	16	-34	52.09
595	-17	10	16	-35	54.76
596	-19	9	16	-36	55.76
597	-21	8	15	-37	56.22
598	-23	8	15	-38	58.05
599	-26	8	15	-39	60.45
600	-29	8	15	-40	62.86
601	-33	9	14	-41	66.06
602	-38	9	14	-42	69.68
603	-43	9	14	-43	73.34
604	-48	9	14	-44	77.00
605	-52	9	13	-45	79.37
606	-55	10	13	-46	82.45
607	-58	10	13	-47	84.74
608	-61	10	27	-16	90.85
609	-63	10	26	-16	91.80
610	-66	9	26	-17	94.51
611	-68	8	26	-17	96.13
612	-71	6	26	-18	98.49
613	-74	3	26	-18	100.43
614	-77	-3	26	-19	101.27
615	-78	-11	26	-19	99.35
616	-80	-18	26	-20	98.09
617	-81	-23	26	-20	96.85
618	-80	-28	26	-21	93.38
619	-80	-32	26	-21	91.62
620	-80	-34	26	-22	90.14
621	-79	-34	26	-22	89.40
622	-79	-37	26	-23	87.43
623	-79	-39	26	-23	86.52
624	-79	-41	26	-24	84.93
625	-79	-41	26	-24	84.93
626	-80	-41	26	-25	84.91
627	-80	-41	26	-25	84.91
628	-80	-42	26	-26	83.73
629	-81	-43	26	-26	83.87
630	-82	-45	26	-27	82.74
631	-83	-45	26	-27	83.34
632	-84	-45	26	-28	83.20
633	-84	-45	26	-28	83.20
634	-84	-46	26	-29	81.90
635	-85	-47	26	-29	81.91
636	-85	-47	26	-30	81.14
637	-86	-47	26	-30	81.70
638	-86	-47	26	-31	80.93
639	-87	-46	26	-31	82.08
640	-88	-46	-150	20	86.54
641	-90	-46	-152	20	86.54
642	-92	-46	-155	20	87.12
643	-96	-44	-158	20	85.43
644	-101	-42	-161	21	83.85
645	-108	-40	-163	21	79.64
646	-115	-37	-166	21	75.31
647	-119	-35	-169	22	74.14
648	-125	-34	-172	22	71.65
649	-130	-32	-175	22	69.05
650	-134	-31	-177	23	67.93
651	-137	-29	-180	23	66.46
652	-140	-28	177	23	65.73
653	-144	-27	174	24	65.15
654	-145	-26	172	24	65.03
655	-146	-26	169	24	66.28
656	-148	-25	166	25	66.92
657	-148	-25	163	25	68.88
658	-149	-25	160	25	70.23
659	-150	-24	158	25	70.25
660	-152	-24	155	26	71.59
661	-154	-25	152	26	72.93
662	-156	-26	149	26	74.27
663	-158	-26	147	27	74.91
664	-159	-26	144	27	76.28
665	-160	-26	141	27	77.68
666	-161	-26	138	28	79.69
667	-161	-26	135	28	81.83
668	-163	-27	133	28	82.43
669	-163	-28	130	29	85.75
670	-164	-28	127	29	87.18
671	-165	-28	124	29	88.64
672	-166	-29	-115	-90	61.00
673	-166	-29	-115	-90	61.00
674	-167	-29	-116	-90	61.00
675	-168	-29	-117	-90	61.00
676	-168	-29	-118	-90	61.00
677	-169	-29	-119	-90	61.00
678	-170	-29	-120	-90	61.00
679	-170	-28	-120	-90	62.00
680	-170	-28	-121	-90	62.00
681	-171	-26	-122	-90	64.00
682	-171	-25	-123	-90	65.00
683	-172	-22	-124	-90	68.00
684	-172	-20	-125	-90	70.00
685	-172	-19	-125	-90	71.00
686	-172	-18	-126	-90	72.00
687	-173	-17	-127	-90	73.00
688	-173	-17	-128	-90	73.00
689	-174	-17	-129	-90	73.00
690	-174	-16	-130	-90	74.00
691	-174	-16	-131	-90	74.00
692	-174	-16	-131	-90	74.00
693	-174	-16	-132	-90	74.00
694	-175	-15	-133	-90	75.00
695	-175	-15	-134	-90	75.00
696	-175	-15	-135	-90	75.00
697	-175	-15	-136	-90	75.00
698	-175	-14	-136	-90	76.00
699	-175	-14	-137	-90	76.00
700	-175	-14	-138	-90	76.00
701	-174	-14	-139	-90	76.00
702	-174	-13	-140	-90	77.00
703	-174	-13	-141	-90	77.00
704	-174	-13	116	-12	68.12
705	-174	-12	114	-11	70.34
706	-174	-12	112	-10	72.44
707	-174	-12	109	-10	75.36
708	-174	-11	107	-9	77.59
709	-174	-11	104	-9	80.52
710	-174	-11	102	-8	82.64
711	-175	-12	99	-8	84.46
712	-175	-12	97	-7	86.60
713	-175	-12	95	-7	88.55
714	-175	-12	92	-6	91.67
715	-173	-12	90	-6	95.56
716	-171	-12	87	-5	100.63
717	-166	-11	85	-5	107.56
718	-161	-11	82	-4	115.55
719	-157	-11	80	-4	121.33
720	-155	-10	77	-3	126.61
721	-154	-11	75	-2	129.57
722	-154	-11	73	-2	131.48
723	-154	-11	70	-1	134.64
724	-154	-12	68	-1	136.32
725	-154	-11	65	0	139.72
726	-154	-11	63	0	141.62
727	-154	-11	60	0	144.47
728	-158	-11	58	0	142.58
729	-162	-11	56	1	140.96
730	-168	-11	53	1	138.08
731	-172	-11	51	2	136.40
732	-175	-10	48	2	136.54
733	-178	-9	46	3	135.86
734	-179	-10	43	3	137.73
735	-179	-9	41	4	139.97
736	179	-9	178	3	12.04
737	-179	-10	178	3	13.34
738	-178	-12	178	4	16.49
739	-178	-11	178	4	15.52
740	-177	-13	177	5	18.96
741	-177	-15	177	5	20.87
742	-176	-15	177	6	22.12
743	-177	-16	177	6	22.79
744	-178	-17	176	7	24.72
745	-179	-18	176	7	25.48
746	-179	-20	176	8	28.43
747	179	-21	176	8	29.15
748	179	-22	175	9	31.25
749	179	-25	175	9	34.22
750	179	-27	175	10	37.20
751	179	-29	175	10	39.19
752	179	-29	174	11	40.29
753	179	-28	174	11	39.30
754	179	-28	174	12	40.29
755	179	-28	174	12	40.29
756	179	-29	173	13	42.40
757	179	-29	173	13	42.40
758	179	-30	173	14	44.38
759	-180	-29	173	14	43.53
760	-179	-30	172	15	45.83
761	-179	-30	172	15	45.83
762	-179	-29	172	16	45.83
763	-179	-29	172	16	45.83
764	-178	-29	171	17	47.21
765	-178	-28	171	17	46.24
766	-178	-26	171	18	45.28
767	-177	-21	171	18	40.73
768	-177	-15	172	-5	14.73
769	-177	-11	171	-4	13.80
770	-177	-9	171	-4	12.92
771	-177	-9	171	-4	12.92
772	-177	-9	171	-4	12.92
773	-177	-9	170	-4	13.85
774	-177	-10	170	-4	14.22
775	-177	-10	170	-4	14.22
776	-177	-10	170	-4	14.22
777	-177	-10	170	-3	14.68
778	-177	-10	169	-3	15.56
779	-177	-10	169	-3	15.56
780	-176	-10	169	-3	16.46
781	-177	-10	169	-3	15.56
782	-177	-10	168	-3	16.46
783	-177	-10	168	-3	16.46
784	-177	-10	168	-3	16.46
785	-177	-10	168	-2	16.92
786	-177	-10	168	-2	16.92
787	-177	-10	167	-2	17.80
788	-177	-10	167	-2	17.80
789	-177	-10	167	-2	17.80
790	-177	-10	167	-2	17.80
791	-177	-10	166	-2	18.69
792	-177	-10	166	-2	18.69
793	-176	-10	166	-1	20.03
794	-176	-10	166	-1	20.03
795	-176	-10	166	-1	20.03
796	-176	-10	165	-1	20.93
797	-176	-11	165	-1	21.36
798	-176	-11	165	-1	21.36
799	-176	-11	165	-1	21.36
800	-176	-11	-173	-21	10.41
801	-176	-12	-172	-21	9.78
802	-176	-14	-172	-21	7.97
803	-176	-17	-172	-21	5.50
804	-176	-20	-172	-21	3.88
805	-176	-20	-172	-21	3.88
806	-176	-19	-172	-22	4.80
807	-176	-19	-172	-22	4.80
808	-176	-19	-172	-22	4.80
809	-176	-20	-171	-22	5.08
810	-176	-21	-171	-22	4.76
811	-176	-21	-171	-23	5.05
812	-176	-22	-171	-23	4.73
813	-176	-22	-171	-23	4.73
814	-176	-22	-171	-23	4.73
815	-176	-22	-171	-23	4.73
816	-176	-22	-171	-24	5.02
817	-176	-22	-170	-24	5.87
818	-176	-23	-170	-24	5.59
819	-176	-23	-170	-24	5.59
820	-176	-24	-170	-24	5.48
821	-175	-26	-170	-24	4.95
822	-175	-28	-170	-25	5.39
823	-173	-31	-170	-25	6.56
824	-172	-34	-170	-25	9.17
825	-172	-34	-169	-25	9.37
826	-173	-32	-169	-25	7.83
827	-174	-32	-169	-26	7.42
828	-174	-31	-169	-26	6.65
829	-175	-30	-169	-26	6.64
830	-175	-30	-169	-26	6.64
831	-176	-29	-169	-26	6.89
832	-175	-29	-175	-7	22.00
833	-175	-29	-174	-6	23.02
834	-175	-29	-174	-6	23.02
835	-175	-28	-174	-6	22.02
836	-175	-27	-174	-6	21.02
837	-176	-25	-174	-6	19.10
838	-176	-22	-174	-6	16.12
839	-176	-18	-174	-6	12.16
840	-176	-12	-174	-6	6.32
841	-176	-9	-174	-5	4.47
842	-176	-7	-174	-5	2.82
843	-176	-7	-174	-5	2.82
844	-176	-5	-174	-5	1.99
845	-175	-4	-174	-5	1.41
846	-175	-4	-174	-5	1.41
847	-175	-4	-174	-5	1.41
848	-175	-3	-174	-5	2.23
849	-175	-2	-174	-4	2.24
850	-175	-3	-174	-4	1.41
851	-175	-2	-174	-4	2.24
852	-175	-2	-174	-4	2.24
853	-175	-2	-174	-4	2.24
854	-175	-2	-174	-4	2.24
855	-175	-1	-174	-4	3.16
856	-175	0	-174	-4	4.12
857	-175	0	-174	-3	3.16
858	-174	-1	-174	-3	2.00
859	-174	-2	-174	-3	1.00
860	-174	-4	-174	-3	1.00
861	-175	-7	-174	-3	4.12
862	-175	-11	-174	-3	8.06
863	-175	-9	-174	-3	6.08
864	-175	-9	-174	-47	38.01
865	-175	-10	-173	-47	37.04
866	-175	-10	-173	-48	38.04
867	-175	-11	-173	-48	37.04
868	-175	-10	-173	-49	39.04
869	-175	-10	-173	-49	39.04
870	-175	-10	-173	-50	40.03
871	-175	-10	-173	-50	40.03
872	-175	-10	-173	-51	41.03
873	-175	-10	-173	-52	42.03
874	-175	-11	-173	-52	41.03
875	-174	-10	-173	-53	43.01
876	-174	-10	-173	-53	43.01
877	-174	-10	-173	-54	44.01
878	-174	-10	-173	-54	44.01
879	-174	-10	-173	-55	45.01
880	-174	-11	-173	-56	45.01
881	-174	-11	-173	-56	45.01
882	-174	-11	-173	-57	46.01
883	-174	-11	-173	-57	46.01
884	-174	-11	-173	-58	47.01
885	-173	-11	-173	-58	47.00
886	-173	-11	-173	-59	48.00
887	-173	-11	-173	-59	48.00
888	-173	-11	-173	-60	49.00
889	-173	-11	-173	-61	50.00
890	-173	-11	-173	-61	50.00
891	-173	-11	-173	-62	51.00
892	-172	-11	-173	-62	51.01
893	-172	-11	-173	-63	52.00
894	-172	-11	-173	-63	52.00
895	-172	-11	-173	-64	53.00
896	-172	-11	-175	11	22.20
897	-172	-11	-175	11	22.20
898	-172	-11	-175	12	23.19
899	-172	-11	-175	12	23.19
900	-172	-11	-175	13	24.18
901	-172	-11	-175	14	25.18
902	-172	-11	-175	14	25.18
903	-172	-9	-175	15	24.18
904	-172	-6	-175	16	22.20
905	-172	-4	-175	16	20.22
906	-172	-2	-175	17	19.23
907	-172	0	-175	17	17.25
908	-171	1	-175	18	17.45
909	-171	3	-175	19	16.47
910	-171	3	-175	19	16.47
911	-171	3	-175	20	17.44
912	-171	4	-175	21	17.44
913	-171	4	-175	21	17.44
914	-171	4	-175	22	18.41
915	-171	4	-175	22	18.41
916	-171	4	-175	23	19.39
917	-171	5	-175	24	19.39
918	-171	5	-175	24	19.39
919	-171	5	-175	25	20.37
920	-171	5	-175	26	21.35
921	-171	5	-175	26	21.35
922	-171	5	-175	27	22.33
923	-171	4	-175	27	23.32
924	-171	3	-175	28	25.29
925	-171	1	-175	29	28.26
926	-171	-1	-175	29	30.24
927	-172	-5	-175	30	35.12
928	-171	-9	-169	-13	4.46
929	-172	-13	-168	-13	3.90
930	-171	-14	-168	-13	3.08
931	-171	-16	-168	-13	4.18
932	-171	-16	-168	-13	4.18
933	-171	-16	-168	-13	4.18
934	-171	-17	-168	-13	4.94
935	-170	-18	-168	-13	5.36
936	-170	-18	-168	-13	5.36
937	-170	-18	-168	-13	5.36
938	-170	-18	-168	-13	5.36
939	-170	-17	-167	-13	4.94
940	-170	-17	-167	-13	4.94
941	-170	-17	-167	-13	4.94
942	-170	-17	-167	-13	4.94
943	-170	-17	-167	-13	4.94
944	-170	-18	-167	-14	4.93
945	-170	-18	-167	-14	4.93
946	-170	-18	-167	-14	4.93
947	-170	-17	-167	-14	4.17
948	-170	-17	-167	-14	4.17
949	-170	-17	-167	-14	4.17
950	-170	-17	-166	-14	4.88
951	-170	-17	-166	-14	4.88
952	-170	-16	-166	-14	4.35
953	-170	-16	-166	-14	4.35
954	-170	-15	-166	-14	4.00
955	-171	-14	-166	-14	4.85
956	-171	-11	-166	-14	5.73
957	-172	-8	-166	-14	8.41
958	-171	-5	-166	-14	10.26
959	-171	-2	-166	-14	12.98
960	-171	0	-170	-7	7.07
961	-172	0	-169	-6	6.71
962	-172	0	-169	-6	6.71
963	-172	1	-169	-6	7.61
964	-172	2	-169	-6	8.54
965	-172	2	-169	-6	8.54
966	-173	3	-169	-6	9.85
967	-173	3	-169	-6	9.85
968	-173	3	-169	-6	9.85
969	-173	4	-169	-6	10.77
970	-173	4	-169	-6	10.77
971	-173	6	-169	-6	12.65
972	-173	6	-169	-6	12.65
973	-173	6	-169	-6	12.65
974	-174	7	-169	-6	13.92
975	-174	7	-169	-6	13.92
976	-174	8	-169	-6	14.86
977	-174	9	-169	-5	14.86
978	-174	7	-169	-5	13.00
979	-174	7	-169	-5	13.00
980	-174	6	-169	-5	12.08
981	-174	6	-169	-5	12.08
982	-173	7	-169	-5	12.65
983	-172	7	-169	-5	12.37
984	-169	8	-169	-5	13.00
985	-163	9	-169	-5	15.22
986	-156	9	-169	-5	19.08
987	-150	9	-169	-5	23.55
988	-146	10	-169	-5	27.38
989	-142	11	-169	-5	31.28
990	-139	11	-169	-5	33.88
991	-137	12	-169	-5	36.08
992	-136	12	-171	9	34.52
993	-136	12	-171	9	34.52
994	-136	12	-171	9	34.52
995	-136	12	-171	9	34.52
996	-137	12	-171	10	33.41
997	-139	11	-171	10	31.47
998	-142	10	-171	10	28.55
999	-148	8	-171	10	22.80
1000	-156	7	-171	11	15.34
1001	-165	6	-171	11	7.76
1002	-175	7	-171	11	5.62
1003	172	9	-171	12	16.98
1004	163	12	-171	12	25.42
1005	154	13	-171	12	34.16
1006	149	13	-171	12	39.03
1007	146	13	-171	13	41.85
1008	145	13	-171	13	42.82
1009	143	13	-171	13	44.76
1010	141	14	-171	14	46.49
1011	139	14	-171	14	48.42
1012	137	14	-171	14	50.35
1013	133	15	-171	14	54.08
1014	131	16	-171	15	55.71
1015	130	16	-171	15	56.66
1016	129	17	-171	15	57.48
1017	128	19	-171	16	57.97
1018	126	22	-171	16	59.48
1019	125	25	-171	16	60.11
1020	125	29	-171	16	59.86
1021	125	32	-171	17	59.31
1022	124	35	-171	17	60.08
1023	122	36	-171	17	61.70
1024	121	38	-101	24	106.53
1025	120	39	-99	24	107.20
1026	119	39	-98	24	108.12
1027	118	40	-97	25	107.28
1028	116	41	-96	25	107.63
1029	114	41	-95	25	108.72
1030	112	42	-94	26	107.88
1031	111	42	-93	26	108.47
1032	109	42	-92	27	108.32
1033	109	42	-91	27	108.57
1034	108	42	-90	27	109.02
1035	108	42	-88	28	108.46
1036	109	42	-87	28	108.46
1037	110	41	-86	28	109.42
1038	112	40	-85	29	109.21
1039	116	39	-84	29	109.49
1040	121	36	-83	30	110.25
1041	129	33	-82	30	110.50
1042	137	30	-81	30	109.94
1043	149	24	-80	31	107.71
1044	159	19	-79	31	105.18
1045	170	13	-78	31	101.36
1046	-179	8	-76	32	96.61
1047	-168	5	-75	32	89.89
1048	-158	4	-74	33	82.79
1049	-150	6	-73	33	75.84
1050	-145	6	-72	33	72.49
1051	-143	5	-71	34	72.31
1052	-141	7	-70	34	70.36
1053	-139	7	-69	34	69.54
1054	-137	7	-68	35	68.82
1055	-134	7	-67	35	67.20
1056	-131	7	18	64	105.27
1057	-130	6	14	64	105.00
1058	-128	8	11	65	100.94
1059	-127	8	8	66	99.07
1060	-125	9	5	67	95.97
1061	-123	10	1	68	92.60
1062	-121	11	-1	68	90.40
1063	-120	12	-4	69	87.68
1064	-119	12	-7	70	85.98
1065	-118	12	-10	71	84.37
1066	-117	13	-14	72	81.59
1067	-117	15	-17	72	78.80
1068	-118	16	-20	73	77.03
1069	-119	17	-23	74	75.32
1070	-119	18	-27	75	73.15
1071	-120	18	-30	76	72.55
1072	-119	19	-33	77	70.61
1073	-118	18	-36	77	70.68
1074	-116	19	-39	78	68.74
1075	-113	19	-43	79	67.59
1076	-109	19	-46	80	66.72
1077	-102	20	-49	81	64.77
1078	-93	21	-52	81	62.34
1079	-86	23	-56	82	60.14
1080	-80	25	-59	83	58.49
1081	-74	27	-62	84	57.14
1082	-71	28	-65	85	57.03
1083	-68	29	-68	85	56.00
1084	-66	31	-72	86	55.02
1085	-66	32	-75	87	55.04
1086	-66	33	-78	88	55.04
1087	-66	34	-81	89	55.03
1088	-68	36	-23	-24	73.53
1089	-70	38	-19	-24	78.31
1090	-73	40	-16	-25	83.89
1091	-75	43	-12	-26	90.03
1092	-75	45	-9	-27	93.71
1093	-74	47	-6	-28	96.76
1094	-73	48	-2	-29	99.77
1095	-72	50	0	-30	102.18
1096	-70	51	4	-31	104.57
1097	-69	53	7	-32	107.44
1098	-68	54	10	-33	109.76
1099	-67	54	14	-34	112.10
1100	-66	54	17	-35	113.91
1101	-65	54	20	-36	115.73
1102	-63	54	24	-37	117.54
1103	-60	54	27	-38	118.28
1104	-54	54	31	-39	117.99
1105	-46	54	34	-40	116.22
1106	-40	53	37	-41	114.95
1107	-36	53	41	-42	115.71
1108	-34	53	44	-43	116.95
1109	-32	53	47	-44	118.18
1110	-31	53	51	-45	120.36
1111	-30	53	54	-46	122.06
1112	-29	53	58	-47	124.24
1113	-29	53	61	-48	126.41
1114	-29	53	64	-49	128.56
1115	-28	52	68	-50	130.17
1116	-28	52	71	-51	132.30
1117	-27	52	74	-52	133.89
1118	-27	52	78	-53	136.49
1119	-28	53	81	-54	139.58
1120	-26	53	-5	65	16.00
1121	-26	53	-3	65	16.68
1122	-25	53	-1	66	17.60
1123	-23	53	0	67	17.90
1124	-17	52	2	68	18.43
1125	-11	52	4	69	18.42
1126	-7	51	6	70	19.95
1127	-3	51	8	71	20.62
1128	2	51	10	72	21.30
1129	9	51	12	73	22.04
1130	14	51	14	74	23.00
1131	18	50	16	74	24.02
1132	22	50	18	75	25.05
1133	25	50	20	76	26.08
1134	26	50	22	77	27.04
1135	28	50	24	78	28.04
1136	29	50	26	79	29.02
1137	30	50	28	80	30.01
1138	32	50	30	81	31.01
1139	33	50	32	82	32.00
1140	34	50	34	83	33.00
1141	35	50	36	84	34.00
1142	36	50	38	84	34.00
1143	37	50	40	85	35.01
1144	38	51	42	86	35.01
1145	39	51	44	87	36.01
1146	40	51	46	88	37.01
1147	41	51	48	89	38.01
1148	42	51	50	90	39.00
1149	43	51	52	90	39.00
1150	43	51	54	90	39.00
1151	45	51	56	90	39.00
1152	47	51	16	70	23.83
1153	51	50	17	70	25.56
1154	57	48	18	71	29.31
1155	65	46	19	71	33.15
1156	70	45	21	72	35.33
1157	74	43	22	72	38.02
1158	77	41	23	73	40.79
1159	79	41	25	73	40.79
1160	80	41	26	74	41.16
1161	82	41	27	74	41.41
1162	83	41	29	75	41.54
1163	84	41	30	75	41.54
1164	84	41	31	76	41.72
1165	85	41	33	76	41.50
1166	85	42	34	77	40.78
1167	86	42	35	77	40.78
1168	87	42	37	78	41.08
1169	87	42	38	79	41.42
1170	87	42	39	79	41.26
1171	86	42	40	80	41.53
1172	87	42	42	80	41.39
1173	86	42	43	81	41.76
1174	85	42	44	81	41.53
1175	84	40	46	82	43.90
1176	81	37	47	82	46.52
1177	77	31	48	83	52.95
1178	73	24	50	83	59.59
1179	70	14	51	84	70.34
1180	69	5	52	84	79.27
1181	68	-3	54	85	88.15
1182	68	-10	55	85	95.13
1183	68	-13	56	86	99.09
1184	69	-14	120	49	77.41
1185	70	-15	122	48	78.14
1186	71	-17	124	48	80.34
1187	71	-18	126	48	82.22
1188	71	-18	129	48	83.82
1189	71	-18	131	48	84.92
1190	70	-20	133	48	88.21
1191	71	-21	135	48	89.57
1192	71	-22	138	48	92.06
1193	70	-23	140	48	94.57
1194	70	-25	142	48	97.28
1195	70	-27	145	48	100.55
1196	70	-29	147	48	103.22
1197	69	-31	149	48	106.45
1198	70	-32	151	48	107.76
1199	71	-34	154	48	110.36
1200	71	-35	156	48	112.24
1201	72	-35	158	47	112.37
1202	72	-35	161	47	114.19
1203	73	-35	163	47	114.80
1204	73	-35	165	47	116.04
1205	74	-35	167	47	116.66
1206	74	-35	170	47	118.55
1207	74	-35	172	47	119.82
1208	75	-35	174	47	120.46
1209	76	-35	177	47	121.74
1210	77	-35	179	47	122.39
1211	77	-35	-179	47	123.69
1212	79	-35	-177	47	123.69
1213	82	-35	-174	47	123.69
1214	85	-35	-172	47	123.04
1215	86	-36	-170	47	124.29
1216	87	-35	91	-79	44.03
1217	87	-35	91	-81	46.02
1218	87	-35	92	-83	48.03
1219	87	-35	93	-85	50.03
1220	88	-35	93	-87	52.01
1221	88	-35	94	-89	54.01
1222	89	-35	95	-90	55.00
1223	89	-35	95	-90	55.00
1224	90	-35	96	-90	55.00
1225	89	-35	97	-90	55.00
1226	88	-35	97	-90	55.00
1227	87	-35	98	-90	55.00
1228	85	-35	99	-90	55.00
1229	83	-35	99	-90	55.00
1230	82	-36	100	-90	54.00
1231	79	-36	101	-90	54.00
1232	75	-37	102	-90	53.00
1233	68	-37	102	-90	53.00
1234	60	-38	103	-90	52.00
1235	54	-38	104	-90	52.00
1236	48	-39	104	-90	51.00
1237	41	-40	105	-90	50.00
1238	37	-41	106	-90	49.00
1239	33	-42	106	-90	48.00
1240	29	-43	107	-90	47.00
1241	26	-43	108	-90	47.00
1242	24	-43	108	-90	47.00
1243	21	-43	109	-90	47.00
1244	17	-43	110	-90	47.00
1245	13	-44	110	-90	46.00
1246	10	-44	111	-90	46.00
1247	7	-44	112	-90	46.00
1248	5	-44	105	-56	59.60
1249	2	-44	105	-56	60.96
1250	0	-44	106	-57	61.67
1251	-2	-44	106	-57	62.51
1252	-5	-44	107	-58	63.49
1253	-9	-44	107	-59	64.34
1254	-12	-44	108	-59	65.78
1255	-14	-44	108	-60	65.73
1256	-17	-44	109	-61	66.26
1257	-19	-44	110	-61	67.16
1258	-20	-44	110	-62	66.65
1259	-22	-44	111	-63	66.66
1260	-23	-44	111	-63	66.92
1261	-24	-43	112	-64	67.52
1262	-25	-43	112	-65	66.92
1263	-26	-43	113	-65	67.37
1264	-27	-43	114	-66	66.93
1265	-29	-42	114	-67	67.42
1266	-31	-42	115	-67	67.96
1267	-32	-42	115	-68	67.24
1268	-34	-42	116	-69	66.79
1269	-35	-42	116	-69	66.94
1270	-36	-42	117	-70	66.28
1271	-37	-42	117	-71	65.47
1272	-38	-41	118	-71	66.68
1273	-40	-41	119	-72	66.03
1274	-40	-41	119	-73	65.08
1275	-41	-41	120	-73	65.24
1276	-42	-40	120	-74	65.35
1277	-42	-40	121	-75	64.45
1278	-43	-40	121	-75	64.51
1279	-43	-39	122	-76	64.59
1280	-43	-39	-77	-53	27.08
1281	-43	-38	-79	-53	28.91
1282	-44	-38	-82	-53	30.07
1283	-44	-37	-84	-53	31.92
1284	-44	-36	-87	-54	34.58
1285	-45	-34	-89	-54	36.59
1286	-46	-32	-92	-54	39.20
1287	-47	-30	-94	-54	41.26
1288	-49	-28	-97	-55	43.66
1289	-50	-27	-100	-55	45.54
1290	-51	-25	-102	-55	47.68
1291	-52	-23	-105	-56	50.68
1292	-54	-22	-107	-56	51.49
1293	-55	-20	-110	-56	54.20
1294	-56	-18	-112	-56	56.39
1295	-57	-16	-115	-57	59.43
1296	-59	-15	-118	-57	60.79
1297	-60	-13	-120	-57	63.00
1298	-61	-11	-123	-58	66.04
1299	-62	-9	-125	-58	68.27
1300	-63	-8	-128	-58	70.14
1301	-64	-6	-130	-58	72.36
1302	-65	-5	-133	-59	74.52
1303	-67	-3	-135	-59	76.26
1304	-68	-2	-138	-59	78.11
1305	-69	0	-141	-60	81.11
1306	-69	1	-143	-60	82.95
1307	-70	3	-146	-60	85.67
1308	-71	4	-148	-60	87.03
1309	-72	5	-151	-61	89.09
1310	-73	6	-153	-61	90.44
1311	-74	7	-156	-61	92.27
1312	-74	8	-91	-34	44.99
1313	-75	10	-92	-33	45.95
1314	-76	11	-94	-33	47.23
1315	-76	11	-95	-33	47.59
1316	-77	12	-97	-33	48.88
1317	-78	12	-98	-33	48.88
1318	-79	12	-100	-33	49.26
1319	-80	12	-101	-32	48.38
1320	-81	13	-103	-32	49.69
1321	-82	13	-104	-32	49.69
1322	-82	15	-106	-32	52.33
1323	-81	17	-107	-32	54.97
1324	-78	19	-109	-32	59.02
1325	-75	22	-110	-31	62.74
1326	-72	25	-112	-31	67.82
1327	-67	28	-113	-31	73.50
1328	-63	31	-115	-31	79.22
1329	-58	34	-116	-31	84.92
1330	-54	36	-118	-31	89.93
1331	-51	38	-119	-31	93.67
1332	-49	40	-121	-30	96.68
1333	-48	41	-122	-30	98.50
1334	-47	42	-124	-30	100.94
1335	-46	43	-125	-30	102.72
1336	-46	43	-127	-30	104.00
1337	-46	44	-128	-30	105.11
1338	-46	44	-130	-29	105.72
1339	-45	44	-131	-29	107.03
1340	-45	45	-133	-29	108.74
1341	-44	45	-134	-29	110.05
1342	-44	45	-136	-29	111.37
1343	-43	45	-137	-29	112.70
1344	-43	46	-105	55	39.08
1345	-42	46	-105	56	39.40
1346	-42	46	-106	57	39.72
1347	-42	46	-107	59	39.84
1348	-42	46	-108	60	40.16
1349	-42	46	-109	62	40.31
1350	-42	47	-110	63	39.86
1351	-42	47	-111	65	39.99
1352	-42	47	-112	66	40.27
1353	-42	47	-113	68	40.42
1354	-42	48	-114	69	39.84
1355	-42	48	-115	71	39.97
1356	-42	48	-116	72	40.20
1357	-42	48	-117	74	40.35
1358	-41	48	-118	75	40.82
1359	-41	48	-119	77	40.94
1360	-41	48	-120	78	41.11
1361	-39	48	-121	79	41.65
1362	-36	47	-122	81	43.13
1363	-31	46	-123	82	44.85
1364	-25	45	-124	84	46.24
1365	-20	44	-125	85	47.48
1366	-16	42	-126	87	49.09
1367	-12	40	-127	88	50.87
1368	-10	39	-128	90	51.00
1369	-9	38	-129	90	52.00
1370	-8	38	-130	90	52.00
1371	-9	38	-131	90	52.00
1372	-9	38	-132	90	52.00
1373	-9	39	-133	90	51.00
1374	-8	39	-134	90	51.00
1375	-8	39	-135	90	51.00
1376	-7	39	-12	84	45.03
1377	-7	39	-11	85	46.01
1378	-7	39	-10	86	47.01
1379	-7	40	-9	87	47.00
1380	-6	39	-8	88	49.00
1381	-6	39	-7	89	50.00
1382	-6	39	-6	90	51.00
1383	-5	38	-5	90	52.00
1384	-3	36	-4	90	54.00
1385	0	31	-3	90	59.00
1386	1	25	-2	90	65.00
1387	3	19	-1	90	71.00
1388	4	12	0	90	78.00
1389	6	8	0	90	82.00
1390	7	6	1	90	84.00
1391	8	4	2	90	86.00
1392	9	3	3	90	87.00
1393	9	2	4	90	88.00
1394	10	1	5	90	89.00
1395	10	1	6	90	89.00
1396	10	0	7	90	90.00
1397	10	0	8	90	90.00
1398	10	-1	9	90	91.00
1399	10	-2	10	90	92.00
1400	9	-2	11	90	92.00
1401	9	-2	12	90	92.00
1402	9	-3	13	90	93.00
1403	9	-3	14	90	93.00
1404	8	-3	15	90	93.00
1405	8	-3	16	90	93.00
1406	8	-3	17	90	93.00
1407	8	-4	18	90	94.00
1408	8	-4	29	32	41.16
1409	8	-4	30	31	40.81
1410	9	-3	31	31	39.94
1411	11	-4	32	31	40.33
1412	16	-5	33	31	39.49
1413	25	-8	34	30	38.97
1414	33	-10	35	30	40.05
1415	41	-12	36	30	42.28
1416	47	-12	38	30	42.89
1417	52	-12	39	30	43.83
1418	54	-12	40	29	43.17
1419	57	-11	41	29	42.88
1420	58	-10	42	29	41.95
1421	60	-11	43	29	43.24
1422	62	-11	44	28	42.72
1423	65	-13	45	28	45.35
1424	68	-14	47	28	46.67
1425	70	-16	48	28	48.89
1426	72	-17	49	28	50.21
1427	73	-17	50	27	49.34
1428	74	-17	51	27	49.34
1429	74	-16	52	27	48.01
1430	75	-17	53	27	48.91
1431	76	-19	54	26	49.82
1432	76	-22	56	26	51.77
1433	77	-27	57	26	56.39
1434	77	-33	58	26	61.71
1435	77	-36	59	26	64.29
1436	78	-38	60	25	65.23
1437	77	-40	61	25	66.69
1438	77	-41	62	25	67.45
1439	76	-41	63	25	67.09
1440	76	-41	23	-47	37.85
1441	76	-42	23	-48	37.20
1442	76	-42	23	-49	37.02
1443	77	-43	24	-51	36.20
1444	77	-43	24	-52	36.06
1445	76	-43	25	-53	34.75
1446	76	-43	25	-55	34.65
1447	76	-43	26	-56	34.08
1448	76	-43	26	-57	34.11
1449	76	-43	27	-59	33.73
1450	76	-44	27	-60	33.12
1451	76	-44	28	-61	32.76
1452	75	-45	28	-63	31.90
1453	75	-46	29	-64	30.90
1454	75	-46	29	-65	31.14
1455	74	-47	30	-67	30.13
1456	74	-46	30	-68	31.33
1457	74	-47	30	-69	30.84
1458	73	-49	31	-71	29.27
1459	73	-51	31	-72	27.92
1460	74	-53	32	-73	26.56
1461	75	-55	32	-75	25.87
1462	74	-55	33	-76	25.90
1463	74	-56	33	-77	25.48
1464	74	-55	34	-79	27.38
1465	74	-55	34	-80	27.99
1466	75	-56	35	-81	27.64
1467	75	-56	35	-83	28.95
1468	76	-57	36	-84	28.64
1469	76	-58	36	-85	28.33
1470	77	-58	37	-87	29.76
1471	78	-59	37	-88	29.52
1472	78	-59	144	-78	28.12
1473	77	-58	146	-79	29.69
1474	76	-58	148	-80	30.28
1475	76	-59	150	-81	29.68
1476	76	-59	152	-82	29.98
1477	76	-59	154	-83	30.25
1478	76	-59	156	-84	30.48
1479	76	-59	158	-86	30.67
1480	74	-60	161	-87	29.98
1481	70	-60	163	-88	30.16
1482	68	-61	165	-89	29.14
1483	65	-62	167	-90	28.00
1484	60	-62	169	-90	28.00
1485	55	-62	171	-90	28.00
1486	50	-63	173	-90	27.00
1487	44	-63	175	-90	27.00
1488	37	-63	178	-90	27.00
1489	32	-64	-180	-90	26.00
1490	28	-65	-178	-90	25.00
1491	23	-65	-176	-90	25.00
1492	20	-65	-174	-90	25.00
1493	19	-66	-172	-90	24.00
1494	18	-66	-170	-90	24.00
1495	18	-66	-168	-90	24.00
1496	17	-66	-165	-90	24.00
1497	15	-66	-163	-90	24.00
1498	14	-66	-161	-90	24.00
1499	14	-66	-159	-90	24.00
1500	13	-66	-157	-90	24.00
1501	13	-66	-155	-90	24.00
1502	13	-67	-153	-90	23.00
1503	12	-67	-151	-90	23.00
1504	11	-67	80	-77	21.81
1505	9	-66	80	-77	23.09
1506	9	-66	80	-78	22.91
1507	9	-67	80	-78	22.05
1508	9	-67	80	-79	21.90
1509	8	-66	80	-79	22.96
1510	8	-66	80	-80	22.85
1511	7	-66	80	-80	23.03
1512	7	-66	80	-81	22.94
1513	6	-65	80	-82	23.98
1514	6	-65	80	-82	23.98
1515	6	-65	80	-83	23.97
1516	6	-65	80	-83	23.97
1517	7	-65	80	-84	23.90
1518	7	-65	80	-84	23.90
1519	7	-64	80	-85	24.97
1520	7	-63	81	-86	26.16
1521	7	-62	81	-86	27.15
1522	6	-60	81	-87	29.35
1523	5	-58	81	-87	31.40
1524	4	-58	81	-88	31.60
1525	4	-58	81	-88	31.60
1526	4	-59	81	-89	30.79
1527	5	-59	81	-89	30.77
1528	5	-59	81	-90	31.00
1529	6	-58	81	-90	32.00
1530	5	-57	81	-90	33.00
1531	4	-55	81	-90	35.00
1532	3	-51	81	-90	39.00
1533	2	-47	81	-90	43.00
1534	0	-42	81	-90	48.00
1535	0	-36	81	-90	54.00
1536	-1	-30	-56	-75	52.30
1537	-2	-23	-58	-75	59.29
1538	-2	-18	-60	-75	64.60
1539	-3	-13	-62	-75	69.69
1540	-3	-8	-64	-76	75.45
1541	-4	-5	-66	-76	78.60
1542	-3	-2	-68	-76	82.18
1543	-3	0	-70	-76	84.58
1544	-4	0	-72	-77	85.17
1545	-4	0	-74	-77	85.59
1546	-4	1	-76	-77	86.99
1547	-4	1	-79	-77	87.64
1548	-4	1	-81	-78	88.30
1549	-4	1	-83	-78	88.71
1550	-4	2	-85	-78	90.09
1551	-4	2	-87	-78	90.51
1552	-4	2	-89	-79	91.01
1553	-4	1	-91	-79	90.41
1554	-2	0	-93	-79	90.19
1555	0	-3	-95	-79	88.01
1556	4	-9	-97	-80	83.03
1557	8	-15	-99	-80	78.12
1558	10	-16	-102	-80	77.94
1559	11	-18	-104	-80	76.44
1560	12	-20	-106	-81	74.41
1561	12	-20	-108	-81	74.67
1562	12	-20	-110	-81	74.94
1563	12	-20	-112	-81	75.19
1564	13	-20	-114	-82	74.93
1565	13	-20	-116	-82	75.14
1566	12	-20	-118	-82	75.25
1567	12	-20	-120	-82	75.45
1568	13	-19	-13	7	36.50
1569	12	-19	-13	8	36.56
1570	12	-20	-13	9	38.03
1571	12	-19	-14	10	38.70
1572	11	-19	-14	11	38.82
1573	7	-18	-14	12	36.46
1574	1	-16	-15	13	33.04
1575	-6	-13	-15	15	29.38
1576	-15	-11	-16	16	27.02
1577	-24	-8	-16	17	26.22
1578	-33	-6	-16	18	29.28
1579	-40	-4	-17	19	32.27
1580	-47	-2	-17	20	36.74
1581	-55	-1	-17	22	43.62
1582	-60	-1	-18	23	47.38
1583	-65	0	-18	24	51.46
1584	-69	0	-19	25	54.37
1585	-73	0	-19	26	58.11
1586	-77	0	-19	27	61.83
1587	-82	0	-20	28	65.51
1588	-85	0	-20	30	68.53
1589	-89	0	-20	31	72.11
1590	-92	-1	-21	32	74.53
1591	-96	-3	-21	33	79.15
1592	-99	-4	-22	34	81.55
1593	-103	-5	-22	35	85.55
1594	-106	-7	-22	37	89.45
1595	-109	-7	-23	38	91.17
1596	-111	-8	-23	39	93.48
1597	-112	-11	-23	40	96.29
1598	-113	-15	-24	41	99.04
1599	-111	-20	-24	42	101.09
1600	-110	-20	27	-8	129.27
1601	-108	-20	27	-7	128.16
1602	-106	-22	27	-7	125.59
1603	-104	-23	28	-6	124.87
1604	-102	-24	28	-6	122.78
1605	-102	-25	29	-6	123.17
1606	-101	-25	29	-5	122.92
1607	-101	-25	30	-5	123.74
1608	-100	-25	30	-5	122.92
1609	-99	-26	30	-4	122.25
1610	-98	-27	31	-4	121.85
1611	-98	-27	31	-4	121.85
1612	-97	-28	32	-3	122.03
1613	-96	-30	32	-3	120.42
1614	-94	-30	33	-3	119.62
1615	-92	-31	33	-2	118.25
1616	-91	-32	34	-2	117.88
1617	-89	-33	34	-2	115.94
1618	-88	-33	34	-1	115.78
1619	-88	-32	35	-1	116.91
1620	-87	-33	35	-1	115.78
1621	-86	-33	36	0	116.39
1622	-86	-33	36	0	116.39
1623	-86	-33	37	0	117.18
1624	-85	-33	37	0	116.39
1625	-85	-33	37	0	116.39
1626	-84	-33	38	0	116.39
1627	-84	-33	38	1	116.99
1628	-84	-33	39	1	117.79
1629	-84	-33	39	1	117.79
1630	-85	-33	40	2	119.98
1631	-84	-33	40	2	119.19
1632	-85	-33	127	-21	117.96
1633	-85	-32	124	-21	120.17
1634	-85	-33	120	-21	120.96
1635	-85	-33	116	-21	122.40
1636	-85	-33	112	-21	123.61
1637	-85	-32	108	-21	125.56
1638	-85	-32	104	-21	126.30
1639	-85	-33	101	-21	125.70
1640	-85	-33	97	-21	125.97
1641	-85	-32	93	-21	126.97
1642	-85	-32	89	-21	126.69
1643	-85	-32	85	-21	126.14
1644	-85	-32	81	-21	125.33
1645	-86	-32	78	-21	124.83
1646	-86	-32	74	-21	123.65
1647	-86	-32	70	-21	122.23
1648	-86	-32	66	-21	120.61
1649	-86	-32	62	-21	118.78
1650	-86	-32	58	-21	116.78
1651	-86	-33	54	-21	113.87
1652	-86	-34	51	-21	111.45
1653	-85	-34	47	-21	108.51
1654	-85	-34	43	-21	106.03
1655	-84	-34	39	-21	102.78
1656	-84	-34	35	-21	100.07
1657	-84	-34	31	-21	97.28
1658	-84	-34	28	-21	95.14
1659	-84	-34	24	-21	92.22
1660	-83	-34	20	-21	88.49
1661	-81	-34	16	-21	83.91
1662	-77	-34	12	-21	77.65
1663	-73	-33	8	-21	71.48
1664	-70	-33	-60	-46	15.09
1665	-67	-33	-59	-46	14.37
1666	-65	-33	-58	-46	14.06
1667	-64	-33	-57	-47	14.98
1668	-62	-33	-56	-47	14.72
1669	-61	-34	-56	-48	14.49
1670	-60	-34	-55	-48	14.49
1671	-59	-34	-54	-48	14.49
1672	-59	-34	-53	-49	15.65
1673	-58	-34	-52	-49	15.65
1674	-57	-34	-52	-50	16.42
1675	-56	-34	-51	-50	16.42
1676	-55	-33	-50	-50	17.40
1677	-54	-33	-49	-51	18.37
1678	-54	-33	-49	-51	18.37
1679	-53	-33	-48	-52	19.34
1680	-53	-33	-47	-52	19.49
1681	-53	-33	-46	-52	19.67
1682	-52	-33	-45	-53	20.62
1683	-52	-33	-45	-53	20.62
1684	-51	-33	-44	-54	21.58
1685	-51	-33	-43	-54	21.75
1686	-50	-33	-42	-54	21.75
1687	-50	-33	-42	-55	22.71
1688	-50	-33	-41	-55	22.89
1689	-49	-33	-40	-56	23.83
1690	-49	-33	-39	-56	24.02
1691	-49	-32	-38	-56	25.20
1692	-49	-32	-38	-57	26.13
1693	-49	-32	-37	-57	26.34
1694	-49	-32	-36	-58	27.47
1695	-49	-32	-35	-58	27.69
1696	-48	-32	-55	-33	5.99
1697	-49	-32	-54	-33	4.33
1698	-49	-32	-54	-33	4.33
1699	-49	-31	-53	-33	3.94
1700	-49	-31	-53	-33	3.94
1701	-50	-31	-52	-33	2.62
1702	-50	-30	-52	-33	3.45
1703	-51	-30	-51	-33	3.00
1704	-52	-28	-51	-33	5.07
1705	-54	-26	-50	-33	7.82
1706	-56	-22	-50	-33	12.21
1707	-58	-18	-49	-33	17.04
1708	-60	-12	-49	-33	23.29
1709	-62	-5	-48	-33	30.89
1710	-63	0	-48	-33	35.89
1711	-64	4	-47	-33	40.35
1712	-65	7	-47	-33	43.51
1713	-67	10	-47	-33	47.04
1714	-67	12	-46	-33	49.26
1715	-68	14	-46	-33	51.48
1716	-69	16	-45	-33	54.10
1717	-70	18	-45	-33	56.32
1718	-70	20	-44	-33	58.53
1719	-70	22	-44	-33	60.34
1720	-71	23	-43	-33	62.04
1721	-71	25	-43	-33	63.84
1722	-71	26	-42	-33	65.13
1723	-71	27	-42	-33	66.03
1724	-71	28	-41	-33	67.32
1725	-71	29	-41	-33	68.21
1726	-71	29	-40	-33	68.61
1727	-70	29	-40	-33	68.21
1728	-69	30	-26	-31	73.42
1729	-69	30	-25	-30	73.17
1730	-68	30	-24	-30	73.17
1731	-68	30	-23	-30	73.72
1732	-67	31	-23	-30	73.95
1733	-67	31	-22	-30	74.49
1734	-66	31	-21	-30	74.49
1735	-66	31	-21	-30	74.49
1736	-66	31	-20	-30	75.04
1737	-65	31	-19	-30	75.04
1738	-65	31	-19	-30	75.04
1739	-64	31	-18	-30	75.04
1740	-63	31	-17	-30	75.04
1741	-62	30	-17	-30	73.72
1742	-60	31	-16	-30	73.95
1743	-58	31	-15	-30	73.42
1744	-56	31	-15	-30	72.38
1745	-55	31	-14	-30	72.38
1746	-53	30	-13	-30	71.06
1747	-51	30	-12	-30	70.56
1748	-49	30	-12	-30	69.58
1749	-47	30	-11	-30	69.10
1750	-46	30	-10	-30	69.10
1751	-44	30	-10	-30	68.17
1752	-43	30	-9	-30	68.17
1753	-41	30	-8	-30	67.73
1754	-39	29	-8	-30	65.99
1755	-38	29	-7	-30	65.99
1756	-37	29	-6	-30	65.99
1757	-37	29	-6	-30	65.99
1758	-36	29	-5	-30	65.99
1759	-36	29	-4	-30	66.43
1760	-36	29	-90	90	61.00
1761	-36	30	-90	90	60.00
1762	-35	30	-91	90	60.00
1763	-35	30	-91	90	60.00
1764	-34	30	-92	90	60.00
1765	-34	31	-93	90	59.00
1766	-33	31	-93	90	59.00
1767	-32	32	-94	90	58.00
1768	-32	32	-95	90	58.00
1769	-32	31	-95	90	59.00
1770	-31	31	-96	90	59.00
1771	-31	32	-97	90	58.00
1772	-30	32	-97	90	58.00
1773	-29	32	-98	90	58.00
1774	-29	32	-99	90	58.00
1775	-28	32	-99	90	58.00
1776	-29	32	-100	90	58.00
1777	-29	32	-101	90	58.00
1778	-29	32	-101	90	58.00
1779	-28	32	-102	90	58.00
1780	-28	32	-103	90	58.00
1781	-27	31	-103	90	59.00
1782	-26	31	-104	90	59.00
1783	-25	31	-105	90	59.00
1784	-24	32	-105	90	58.00
1785	-23	32	-106	90	58.00
1786	-22	32	-107	90	58.00
1787	-20	32	-107	90	58.00
1788	-19	32	-108	90	58.00
1789	-17	33	-109	90	57.00
1790	-16	33	-109	90	57.00
1791	-15	34	-110	90	56.00
