frame_id	phi	theta	est_phi	est_theta	err_phi	err_theta	speed	err_ang
0	13	-3	0	0	13.34
1	13	-3	0	0	13.34
2	12	-2	0	0	12.16
3	12	-2	0	0	12.16
4	12	-2	0	0	12.16
5	12	-2	0	0	12.16
6	12	-1	0	0	12.04
7	12	-1	0	0	12.04
8	12	0	0	0	12.00
9	12	0	0	0	12.00
10	12	1	0	0	12.04
11	12	1	0	0	12.04
12	11	1	0	0	11.04
13	11	1	0	0	11.04
14	11	2	0	0	11.18
15	11	2	0	0	11.18
16	11	2	0	0	11.18
17	11	2	0	0	11.18
18	10	2	0	0	10.20
19	10	2	0	0	10.20
20	10	3	0	0	10.44
21	10	3	0	0	10.44
22	10	3	0	0	10.44
23	10	3	0	0	10.44
24	10	2	0	0	10.20
25	10	2	0	0	10.20
26	10	2	0	0	10.20
27	10	2	0	0	10.20
28	11	2	0	0	11.18
29	11	2	0	0	11.18
30	11	2	0	0	11.18
31	11	2	0	0	11.18
32	11	2	13	-3	5.38
33	11	2	13	-3	5.38
34	11	2	13	-3	5.38
35	11	2	13	-3	5.38
36	12	1	13	-3	4.12
37	12	1	13	-3	4.12
38	12	0	13	-3	3.16
39	12	0	13	-3	3.16
40	13	0	13	-3	3.00
41	13	0	13	-3	3.00
42	13	-1	13	-3	2.00
43	13	-1	13	-3	2.00
44	13	-2	13	-3	1.00
45	13	-2	13	-3	1.00
46	14	-3	13	-3	1.00
47	14	-3	13	-3	1.00
48	15	-7	13	-3	4.47
49	15	-7	13	-3	4.47
50	15	-9	13	-3	6.32
51	15	-9	13	-3	6.32
52	16	-12	13	-3	9.48
53	16	-12	13	-3	9.48
54	15	-13	13	-3	10.19
55	15	-13	13	-3	10.19
56	15	-14	13	-3	11.18
57	15	-14	13	-3	11.18
58	14	-15	13	-3	12.04
59	14	-15	13	-3	12.04
60	15	-18	13	-3	15.13
61	15	-18	13	-3	15.13
62	15	-21	13	-3	18.11
63	15	-21	13	-3	18.11
64	15	-24	9	7	31.55
65	15	-24	8	7	31.74
66	15	-24	8	7	31.74
67	15	-24	8	7	31.74
68	14	-25	8	7	32.53
69	14	-25	8	7	32.53
70	13	-26	8	7	33.36
71	13	-26	8	8	34.35
72	13	-27	8	8	35.33
73	13	-27	8	8	35.33
74	12	-28	8	8	36.21
75	12	-28	8	8	36.21
76	12	-28	8	8	36.21
77	12	-28	8	9	37.20
78	11	-28	8	9	37.11
79	11	-28	8	9	37.11
80	10	-30	8	9	39.05
81	10	-30	7	9	39.11
82	10	-30	7	9	39.11
83	10	-30	7	9	39.11
84	10	-31	7	10	41.10
85	10	-31	7	10	41.10
86	10	-31	7	10	41.10
87	10	-31	7	10	41.10
88	10	-32	7	10	42.10
89	10	-32	7	10	42.10
90	10	-34	7	11	45.09
91	10	-34	7	11	45.09
92	10	-35	7	11	46.09
93	10	-35	7	11	46.09
94	10	-36	7	11	47.09
95	10	-36	7	11	47.09
96	10	-36	19	-50	15.44
97	10	-36	19	-50	15.44
98	10	-37	19	-51	15.40
99	10	-37	19	-52	16.29
100	10	-38	19	-53	16.24
101	10	-38	19	-54	17.15
102	10	-40	19	-54	15.26
103	10	-40	19	-55	16.15
104	10	-40	20	-56	17.30
105	10	-40	20	-57	18.20
106	10	-39	20	-58	20.07
107	10	-39	20	-58	20.07
108	9	-39	20	-59	21.20
109	9	-39	20	-60	22.11
110	9	-40	20	-61	22.07
111	9	-40	20	-62	22.99
112	9	-40	21	-63	24.09
113	9	-40	21	-63	24.09
114	8	-41	21	-64	24.21
115	8	-41	21	-65	25.13
116	8	-41	21	-66	26.05
117	8	-41	21	-67	26.97
118	7	-41	21	-67	27.12
119	7	-41	21	-68	28.04
120	7	-41	22	-69	29.10
121	7	-41	22	-70	30.02
122	8	-41	22	-71	30.83
123	8	-41	22	-71	30.83
124	7	-41	22	-72	31.87
125	7	-41	22	-73	32.80
126	7	-41	22	-74	33.74
127	7	-41	22	-75	34.68
128	7	-42	5	-48	6.16
129	7	-42	4	-48	6.36
130	7	-42	4	-48	6.36
131	7	-42	4	-49	7.31
132	7	-42	4	-49	7.31
133	7	-42	4	-49	7.31
134	7	-42	4	-50	8.27
135	7	-42	3	-50	8.47
136	7	-42	3	-51	9.41
137	7	-42	3	-51	9.41
138	7	-42	3	-51	9.41
139	7	-42	3	-52	10.36
140	7	-42	3	-52	10.36
141	7	-42	2	-52	10.56
142	7	-42	2	-53	11.50
143	7	-42	2	-53	11.50
144	7	-42	2	-54	12.45
145	7	-42	2	-54	12.45
146	7	-42	2	-54	12.45
147	7	-42	2	-55	13.41
148	7	-41	1	-55	14.55
149	7	-41	1	-55	14.55
150	7	-40	1	-56	16.48
151	7	-40	1	-56	16.48
152	6	-39	1	-57	18.30
153	6	-39	1	-57	18.30
154	5	-38	0	-57	19.29
155	5	-38	0	-58	20.26
156	4	-37	0	-58	21.16
157	4	-37	0	-58	21.16
158	4	-37	0	-59	22.15
159	4	-37	0	-59	22.15
160	3	-36	4	-48	12.02
161	3	-36	3	-48	12.00
162	1	-34	3	-48	14.08
163	1	-34	3	-48	14.08
164	0	-33	3	-48	15.17
165	0	-33	3	-48	15.17
166	-2	-33	3	-49	16.43
167	-2	-33	3	-49	16.43
168	-4	-33	3	-49	16.83
169	-4	-33	3	-49	16.83
170	-6	-32	3	-49	18.29
171	-6	-32	2	-50	18.96
172	-7	-32	2	-50	19.21
173	-7	-32	2	-50	19.21
174	-11	-31	2	-50	21.35
175	-11	-31	2	-50	21.35
176	-13	-31	2	-51	22.88
177	-13	-31	2	-51	22.88
178	-16	-30	2	-51	24.92
179	-16	-30	2	-51	24.92
180	-19	-29	2	-51	27.05
181	-19	-29	2	-51	27.05
182	-21	-29	1	-52	28.20
183	-21	-29	1	-52	28.20
184	-23	-28	1	-52	29.94
185	-23	-28	1	-52	29.94
186	-23	-26	1	-52	31.68
187	-23	-26	1	-53	32.41
188	-25	-25	1	-53	34.13
189	-25	-25	1	-53	34.13
190	-27	-24	1	-53	35.88
191	-27	-24	1	-53	35.88
192	-29	-23	-1	-30	25.94
193	-29	-23	-1	-29	25.80
194	-30	-22	-1	-29	27.02
195	-30	-22	-1	-29	27.02
196	-31	-21	-1	-29	28.25
197	-31	-21	-1	-29	28.25
198	-35	-17	-1	-28	33.15
199	-35	-17	-1	-28	33.15
200	-38	-16	-2	-28	35.31
201	-38	-16	-2	-28	35.31
202	-42	-16	-2	-28	38.78
203	-42	-16	-2	-27	38.63
204	-45	-15	-2	-27	41.67
205	-45	-15	-2	-27	41.67
206	-48	-14	-2	-27	44.73
207	-48	-14	-2	-27	44.73
208	-50	-13	-3	-27	46.04
209	-50	-13	-3	-26	45.90
210	-53	-11	-3	-26	49.40
211	-53	-11	-3	-26	49.40
212	-55	-11	-3	-26	51.18
213	-55	-11	-3	-26	51.18
214	-56	-10	-3	-25	52.37
215	-56	-10	-3	-25	52.37
216	-58	-10	-4	-25	53.27
217	-58	-10	-4	-25	53.27
218	-59	-9	-4	-25	54.58
219	-59	-9	-4	-24	54.47
220	-59	-9	-4	-24	54.47
221	-59	-9	-4	-24	54.47
222	-60	-9	-4	-24	55.38
223	-60	-9	-4	-24	55.38
224	-61	-9	-61	-10	1.00
225	-61	-9	-62	-9	0.99
226	-61	-9	-63	-9	1.98
227	-61	-9	-64	-8	3.13
228	-61	-8	-65	-8	3.96
229	-61	-8	-66	-7	5.06
230	-61	-8	-67	-7	6.03
231	-61	-8	-68	-7	7.01
232	-61	-8	-69	-6	8.19
233	-61	-8	-70	-6	9.15
234	-61	-8	-71	-5	10.38
235	-61	-8	-72	-5	11.33
236	-61	-9	-73	-5	12.56
237	-61	-9	-74	-4	13.85
238	-61	-9	-75	-4	14.78
239	-61	-9	-76	-3	16.07
240	-61	-9	-77	-3	17.00
241	-61	-9	-78	-3	17.93
242	-61	-10	-79	-2	19.59
243	-61	-10	-80	-2	20.50
244	-61	-10	-81	-1	21.83
245	-61	-10	-82	-1	22.74
246	-61	-10	-83	-1	23.65
247	-61	-10	-84	0	24.97
248	-61	-10	-85	0	25.89
249	-61	-10	-86	0	26.81
250	-61	-9	-87	0	27.41
251	-61	-9	-88	0	28.35
252	-61	-9	-89	1	29.63
253	-61	-9	-90	1	30.57
254	-61	-8	-91	2	31.55
255	-61	-8	-92	2	32.49
256	-60	-7	-93	5	35.05
257	-60	-7	-94	5	35.99
258	-60	-5	-95	5	36.36
259	-60	-5	-96	6	37.59
260	-59	-4	-97	6	39.24
261	-59	-4	-98	7	40.45
262	-59	-2	-99	7	40.92
263	-59	-2	-100	8	42.09
264	-58	0	-101	8	43.59
265	-58	0	-102	8	44.57
266	-58	0	-103	9	45.70
267	-58	0	-104	9	46.68
268	-58	1	-105	10	47.58
269	-58	1	-106	10	48.56
270	-58	1	-107	11	49.67
271	-58	1	-108	11	50.64
272	-57	1	-109	12	52.72
273	-57	1	-110	12	53.69
274	-57	1	-111	12	54.66
275	-57	1	-112	13	55.76
276	-57	1	-113	13	56.72
277	-57	1	-114	14	57.82
278	-56	1	-115	14	59.74
279	-56	1	-116	15	60.83
280	-54	1	-117	15	63.71
281	-54	1	-118	15	64.67
282	-51	1	-119	16	68.60
283	-51	1	-120	16	69.56
284	-47	1	-121	17	74.42
285	-47	1	-122	17	75.37
286	-43	1	-123	18	80.18
287	-43	1	-124	18	81.13
288	-38	0	-59	-5	21.56
289	-38	0	-58	-4	20.38
290	-29	0	-58	-4	29.25
291	-29	0	-58	-4	29.25
292	-25	-1	-58	-4	33.10
293	-25	-1	-58	-4	33.10
294	-22	-2	-58	-4	36.00
295	-22	-2	-58	-4	36.00
296	-20	-3	-58	-4	37.94
297	-20	-3	-58	-4	37.94
298	-18	-4	-58	-4	39.90
299	-18	-4	-58	-4	39.90
300	-16	-4	-58	-4	41.89
301	-16	-4	-58	-4	41.89
302	-14	-5	-58	-4	43.87
303	-14	-5	-58	-4	43.87
304	-10	-6	-58	-4	47.85
305	-10	-6	-58	-3	47.93
306	-9	-7	-58	-3	48.95
307	-9	-7	-58	-3	48.95
308	-7	-7	-58	-3	50.94
309	-7	-7	-58	-3	50.94
310	-6	-7	-58	-3	51.93
311	-6	-7	-58	-3	51.93
312	-4	-7	-58	-3	53.92
313	-4	-7	-58	-3	53.92
314	-3	-7	-58	-3	54.91
315	-3	-7	-58	-3	54.91
316	-1	-8	-58	-3	56.91
317	-1	-8	-58	-3	56.91
318	1	-8	-58	-3	58.89
319	1	-8	-58	-3	58.89
320	3	-8	-16	7	24.16
321	3	-8	-15	7	23.39
322	5	-8	-14	7	24.16
323	5	-8	-13	7	23.39
324	7	-9	-13	7	25.56
325	7	-9	-12	8	25.44
326	10	-11	-11	8	28.24
327	10	-11	-11	8	28.24
328	13	-12	-10	8	30.38
329	16	-12	-9	8	31.90
330	16	-12	-9	9	32.53
331	18	-12	-8	9	33.30
332	18	-12	-7	9	32.53
333	20	-12	-7	9	34.08
334	20	-12	-6	10	33.93
335	21	-11	-5	10	33.31
336	21	-11	-5	10	33.31
337	22	-11	-4	10	33.31
338	22	-11	-3	10	32.54
339	22	-11	-2	11	32.45
340	22	-11	-2	11	32.45
341	23	-12	-1	11	33.12
342	23	-12	0	11	32.42
343	23	-12	0	12	33.12
344	24	-13	0	12	34.52
345	24	-13	1	12	33.85
346	25	-13	1	12	34.52
347	25	-13	2	12	33.85
348	26	-14	3	13	35.33
349	26	-14	3	13	35.33
350	26	-14	4	13	34.70
351	28	-14	5	13	35.33
352	28	-14	44	-16	15.58
353	34	-15	45	-16	10.65
354	34	-15	46	-16	11.61
355	37	-15	47	-16	9.69
356	37	-15	49	-17	11.70
357	40	-15	50	-17	9.82
358	40	-15	51	-17	10.76
359	45	-16	52	-17	6.79
360	45	-16	54	-18	8.83
361	49	-17	55	-18	5.81
362	49	-17	56	-18	6.75
363	52	-18	58	-18	5.71
364	52	-18	59	-19	6.71
365	57	-21	60	-19	3.46
366	57	-21	61	-19	4.26
367	58	-23	63	-19	6.15
368	58	-23	64	-20	6.34
369	60	-23	65	-20	5.53
370	60	-23	67	-20	7.17
371	62	-24	68	-20	6.85
372	62	-24	69	-21	7.13
373	65	-26	70	-21	6.78
374	65	-26	72	-21	8.13
375	65	-26	73	-21	8.87
376	65	-26	74	-22	9.14
377	65	-26	76	-22	10.81
378	65	-26	77	-22	11.66
379	64	-26	78	-22	13.39
380	64	-26	79	-23	13.97
381	64	-26	81	-23	15.75
382	64	-26	82	-23	16.64
383	65	-25	83	-23	16.55
384	65	-25	53	-20	12.15
385	65	-25	53	-20	12.15
386	65	-25	54	-20	11.32
387	65	-25	55	-20	10.50
388	65	-25	56	-20	9.70
389	64	-25	56	-20	8.92
390	64	-25	57	-21	7.58
391	64	-24	58	-21	6.30
392	64	-24	59	-21	5.51
393	63	-25	60	-21	4.86
394	63	-25	60	-21	4.86
395	63	-25	61	-22	3.52
396	63	-25	62	-22	3.14
397	64	-24	63	-22	2.20
398	64	-24	63	-22	2.20
399	64	-24	64	-22	2.00
400	64	-24	65	-23	1.36
401	63	-24	66	-23	2.93
402	63	-24	67	-23	3.80
403	63	-25	67	-23	4.17
404	63	-25	68	-23	4.99
405	63	-24	69	-23	5.59
406	63	-24	70	-24	6.39
407	63	-25	70	-24	6.45
408	63	-25	71	-24	7.35
409	63	-25	72	-24	8.25
410	63	-25	73	-24	9.15
411	64	-25	74	-25	9.06
412	64	-25	74	-25	9.06
413	64	-24	75	-25	10.06
414	64	-24	76	-25	10.96
415	64	-25	77	-25	11.78
416	64	-25	102	-36	34.29
417	64	-25	103	-36	35.09
418	64	-25	104	-36	35.90
419	64	-25	105	-37	36.81
420	64	-25	106	-37	37.61
421	64	-25	107	-37	38.40
422	64	-25	108	-38	39.29
423	64	-25	110	-38	40.86
424	64	-25	111	-38	41.65
425	64	-25	112	-39	42.50
426	64	-25	113	-39	43.28
427	64	-25	114	-39	44.05
428	64	-25	115	-40	44.88
429	64	-25	117	-40	46.41
430	64	-25	118	-40	47.18
431	64	-25	119	-41	47.96
432	65	-25	120	-41	47.96
433	65	-25	121	-41	48.72
434	65	-25	122	-42	49.49
435	65	-25	123	-42	50.23
436	65	-25	125	-42	51.72
437	65	-25	126	-43	52.44
438	65	-25	127	-43	53.17
439	64	-24	128	-43	55.23
440	64	-24	129	-44	55.93
441	64	-24	130	-44	56.64
442	64	-24	132	-44	58.08
443	64	-24	133	-45	58.73
444	64	-24	134	-45	59.43
445	64	-24	135	-45	60.14
446	63	-24	136	-46	61.44
447	63	-24	137	-46	62.13
448	62	-23	63	-25	2.20
449	60	-22	62	-25	3.52
450	60	-22	62	-25	3.52
451	58	-21	62	-25	5.44
452	58	-21	62	-25	5.44
453	56	-20	62	-25	7.46
454	56	-20	62	-25	7.46
455	56	-20	62	-25	7.46
456	52	-18	62	-25	11.64
457	52	-18	62	-25	11.64
458	52	-18	62	-25	11.64
459	49	-16	62	-25	15.12
460	49	-16	62	-25	15.12
461	43	-14	62	-25	20.98
462	43	-14	62	-25	20.98
463	40	-12	62	-25	24.52
464	40	-12	62	-25	24.52
465	38	-11	62	-25	26.70
466	38	-11	62	-25	26.70
467	36	-11	62	-25	28.33
468	33	-10	62	-25	31.35
469	33	-10	62	-25	31.35
470	31	-10	62	-25	33.02
471	31	-10	62	-25	33.02
472	29	-10	62	-25	34.72
473	26	-10	62	-25	37.30
474	26	-10	62	-25	37.30
475	24	-10	62	-25	39.04
476	24	-10	62	-25	39.04
477	22	-10	62	-25	40.79
478	19	-10	62	-25	43.44
479	19	-10	62	-25	43.44
480	18	-11	60	-21	41.46
481	18	-11	59	-20	40.41
482	16	-11	59	-20	42.28
483	15	-12	59	-20	42.92
484	15	-12	59	-20	42.92
485	14	-12	59	-20	43.86
486	14	-12	59	-20	43.86
487	13	-12	59	-20	44.80
488	13	-12	59	-20	44.80
489	13	-12	59	-20	44.80
490	10	-13	59	-20	47.34
491	10	-13	59	-20	47.34
492	8	-15	59	-20	48.72
493	8	-15	59	-20	48.72
494	7	-16	59	-20	49.43
495	5	-17	59	-20	51.08
496	5	-17	59	-20	51.08
497	4	-18	58	-19	51.01
498	4	-18	58	-19	51.01
499	3	-19	58	-19	51.77
500	3	-19	58	-19	51.77
501	3	-19	58	-19	51.77
502	3	-19	58	-19	51.77
503	2	-20	58	-19	52.54
504	2	-21	58	-19	52.39
505	2	-21	58	-19	52.39
506	2	-21	58	-19	52.39
507	1	-22	58	-19	53.17
508	1	-22	58	-19	53.17
509	1	-23	58	-19	53.04
510	1	-23	58	-19	53.04
511	1	-23	58	-19	53.04
512	1	-24	-26	1	36.22
513	1	-24	-27	1	36.93
514	1	-24	-28	1	37.65
515	1	-24	-30	2	39.79
516	1	-25	-31	2	41.12
517	1	-26	-32	2	42.44
518	1	-26	-34	3	44.58
519	1	-26	-35	3	45.32
520	1	-26	-37	4	47.47
521	1	-26	-38	4	48.22
522	0	-30	-39	4	50.47
523	0	-30	-41	5	52.59
524	0	-32	-42	5	54.43
525	0	-32	-43	5	55.13
526	0	-35	-45	6	58.93
527	0	-35	-46	6	59.60
528	0	-37	-48	7	62.80
529	0	-39	-49	7	64.57
530	0	-39	-50	7	65.22
531	0	-43	-52	8	69.45
532	0	-43	-53	8	70.07
533	0	-47	-54	8	72.83
534	-1	-51	-56	9	76.41
535	-1	-51	-57	9	76.94
536	-1	-55	-59	10	80.96
537	-1	-55	-60	10	81.45
538	-1	-57	-61	10	82.96
539	0	-60	-63	11	86.70
540	0	-60	-64	11	87.14
541	0	-62	-65	11	88.49
542	0	-62	-67	12	90.24
543	2	-64	-68	12	92.30
544	5	-67	-16	-37	32.30
545	5	-67	-16	-37	32.30
546	6	-68	-17	-37	33.55
547	6	-68	-17	-38	32.59
548	5	-69	-18	-38	33.41
549	5	-69	-18	-39	32.45
550	5	-70	-19	-39	33.47
551	6	-71	-19	-39	34.48
552	6	-71	-20	-40	33.70
553	8	-72	-20	-40	34.88
554	8	-72	-21	-41	34.11
555	10	-73	-21	-41	35.26
556	10	-73	-22	-41	35.46
557	12	-73	-22	-42	34.91
558	13	-73	-23	-42	35.35
559	13	-73	-23	-43	34.39
560	13	-73	-24	-43	34.62
561	14	-74	-25	-43	35.68
562	16	-75	-25	-44	35.76
563	16	-75	-26	-44	35.97
564	17	-76	-26	-45	35.79
565	17	-76	-27	-45	35.99
566	17	-76	-27	-45	35.99
567	19	-76	-28	-46	35.65
568	19	-76	-28	-46	35.65
569	19	-76	-29	-47	34.91
570	19	-76	-29	-47	34.91
571	19	-76	-30	-47	35.13
572	21	-77	-30	-48	35.03
573	20	-76	-31	-48	34.62
574	20	-76	-31	-49	33.68
575	21	-76	-32	-49	34.13
576	21	-76	9	-90	14.00
577	21	-76	9	-90	14.00
578	21	-76	9	-90	14.00
579	21	-76	9	-90	14.00
580	22	-76	9	-90	14.00
581	22	-76	9	-90	14.00
582	22	-75	9	-90	15.00
583	22	-75	9	-90	15.00
584	22	-75	10	-90	15.00
585	22	-75	10	-90	15.00
586	22	-75	10	-90	15.00
587	23	-75	10	-90	15.00
588	23	-75	10	-90	15.00
589	23	-75	10	-90	15.00
590	23	-75	10	-90	15.00
591	23	-75	10	-90	15.00
592	23	-75	11	-90	15.00
593	23	-75	11	-90	15.00
594	23	-75	11	-90	15.00
595	23	-75	11	-90	15.00
596	23	-75	11	-90	15.00
597	23	-74	11	-90	16.00
598	23	-74	11	-90	16.00
599	23	-74	11	-90	16.00
600	23	-74	12	-90	16.00
601	23	-74	12	-90	16.00
602	23	-74	12	-90	16.00
603	23	-74	12	-90	16.00
604	25	-74	12	-90	16.00
605	25	-74	12	-90	16.00
606	27	-73	12	-90	17.00
607	33	-72	12	-90	18.00
608	33	-72	37	-85	13.02
609	33	-72	37	-85	13.02
610	40	-71	38	-85	14.00
611	40	-71	38	-85	14.00
612	50	-69	39	-86	17.09
613	50	-69	39	-86	17.09
614	53	-69	40	-86	17.13
615	53	-69	40	-86	17.13
616	56	-69	41	-87	18.12
617	58	-69	41	-87	18.15
618	58	-69	42	-87	18.13
619	59	-69	42	-88	19.10
620	59	-69	43	-88	19.09
621	61	-69	43	-88	19.11
622	61	-69	44	-88	19.10
623	62	-69	44	-89	20.05
624	62	-69	45	-89	20.05
625	62	-69	45	-89	20.05
626	63	-69	46	-90	21.00
627	63	-69	46	-90	21.00
628	64	-69	47	-90	21.00
629	64	-69	47	-90	21.00
630	64	-69	48	-90	21.00
631	65	-69	48	-90	21.00
632	65	-69	49	-90	21.00
633	65	-69	49	-90	21.00
634	66	-68	50	-90	22.00
635	66	-68	50	-90	22.00
636	68	-68	51	-90	22.00
637	68	-68	51	-90	22.00
638	68	-67	52	-90	23.00
639	66	-67	52	-90	23.00
640	66	-67	45	-68	8.06
641	63	-67	45	-67	7.01
642	63	-67	45	-67	7.01
643	61	-67	46	-67	5.85
644	61	-67	46	-67	5.85
645	58	-66	46	-67	4.88
646	55	-65	47	-67	3.82
647	55	-65	47	-67	3.82
648	50	-64	48	-67	3.11
649	50	-64	48	-66	2.17
650	45	-62	48	-66	4.21
651	41	-61	49	-66	6.13
652	41	-61	49	-66	6.13
653	38	-60	49	-66	7.78
654	38	-60	50	-66	8.08
655	36	-58	50	-66	10.31
656	34	-57	51	-66	12.04
657	34	-57	51	-65	11.42
658	32	-56	51	-65	12.89
659	32	-56	52	-65	13.24
660	31	-55	52	-65	14.37
661	30	-54	52	-65	15.52
662	30	-54	53	-65	15.87
663	28	-53	53	-65	17.39
664	28	-53	54	-65	17.75
665	27	-51	54	-64	19.21
666	26	-49	54	-64	21.21
667	26	-49	55	-64	21.59
668	24	-48	55	-64	23.17
669	24	-48	55	-64	23.17
670	23	-47	56	-64	24.76
671	23	-47	56	-64	24.76
672	22	-47	99	-62	44.13
673	22	-47	100	-61	44.90
674	22	-47	101	-61	45.35
675	20	-46	102	-61	47.47
676	20	-46	103	-61	47.92
677	18	-45	104	-61	50.03
678	16	-44	105	-61	52.15
679	16	-44	106	-60	53.02
680	15	-42	107	-60	55.49
681	15	-42	108	-60	55.94
682	14	-41	109	-60	57.64
683	13	-40	110	-60	59.34
684	13	-40	111	-60	59.78
685	12	-39	112	-59	61.97
686	12	-39	113	-59	62.42
687	11	-37	114	-59	64.96
688	11	-37	115	-59	65.40
689	10	-36	116	-59	67.11
690	9	-34	117	-59	69.67
691	9	-34	118	-59	70.10
692	8	-33	119	-58	72.39
693	8	-33	120	-58	72.82
694	7	-32	121	-58	74.54
695	7	-30	122	-58	76.70
696	7	-30	123	-58	77.12
697	6	-29	124	-58	78.84
698	6	-29	125	-57	79.88
699	6	-27	126	-57	82.06
700	6	-25	127	-57	84.25
701	6	-25	128	-57	84.67
702	5	-24	129	-57	86.39
703	5	-24	130	-57	86.81
704	5	-23	-22	-27	24.75
705	5	-23	-23	-26	25.61
706	5	-22	-24	-25	26.71
707	5	-21	-26	-25	28.75
708	5	-21	-27	-24	29.65
709	4	-20	-28	-23	29.87
710	4	-20	-30	-23	31.71
711	4	-19	-31	-22	32.85
712	3	-18	-33	-22	33.99
713	3	-18	-34	-21	34.93
714	3	-17	-35	-20	36.09
715	3	-17	-37	-20	37.96
716	3	-17	-38	-19	38.96
717	3	-15	-39	-18	40.30
718	3	-15	-41	-18	42.20
719	3	-15	-42	-17	43.21
720	3	-15	-44	-17	45.12
721	3	-14	-45	-16	46.31
722	3	-14	-46	-15	47.35
723	3	-14	-48	-15	49.27
724	3	-13	-49	-14	50.47
725	3	-13	-50	-13	51.54
726	3	-12	-52	-13	53.60
727	3	-12	-53	-12	54.67
728	3	-12	-55	-12	56.62
729	3	-11	-56	-11	57.81
730	3	-11	-57	-10	58.90
731	3	-11	-59	-10	60.86
732	3	-11	-60	-9	61.96
733	3	-10	-61	-8	63.15
734	3	-10	-63	-8	65.11
735	3	-10	-64	-7	66.23
736	3	-9	-12	1	17.98
737	3	-9	-12	1	17.98
738	3	-9	-13	2	19.37
739	3	-9	-13	3	19.96
740	3	-9	-14	4	21.36
741	3	-9	-14	4	21.36
742	3	-9	-15	5	22.76
743	3	-10	-15	6	24.03
744	3	-10	-16	7	25.44
745	3	-10	-16	7	25.44
746	3	-10	-17	8	26.84
747	3	-10	-17	9	27.52
748	3	-10	-18	10	28.92
749	3	-10	-18	10	28.92
750	3	-11	-19	11	31.02
751	3	-11	-19	12	31.72
752	4	-11	-20	13	33.81
753	4	-12	-21	13	35.21
754	4	-12	-21	14	35.92
755	4	-12	-22	15	37.31
756	4	-12	-22	16	38.02
757	4	-12	-23	16	38.70
758	4	-13	-23	17	40.14
759	4	-13	-24	18	41.52
760	4	-14	-24	19	43.01
761	4	-14	-25	19	43.64
762	4	-14	-25	20	44.38
763	4	-15	-26	21	46.51
764	4	-15	-26	22	47.26
765	4	-15	-27	22	47.88
766	4	-15	-27	23	48.62
767	4	-15	-28	24	49.98
768	4	-15	1	5	20.22
769	4	-15	0	5	20.39
770	4	-15	0	5	20.39
771	4	-15	0	6	21.37
772	4	-15	0	6	21.37
773	4	-15	0	7	22.35
774	4	-15	0	7	22.35
775	4	-15	0	8	23.34
776	4	-15	0	8	23.34
777	4	-15	0	8	23.34
778	4	-15	0	9	24.33
779	4	-15	0	9	24.33
780	4	-15	0	10	25.31
781	4	-15	0	10	25.31
782	4	-15	0	11	26.30
783	4	-15	0	11	26.30
784	4	-15	0	12	27.29
785	3	-15	0	12	27.16
786	3	-15	0	12	27.16
787	4	-15	0	13	28.28
788	4	-15	0	13	28.28
789	3	-15	0	14	29.15
790	4	-15	0	14	29.27
791	4	-15	0	15	30.26
792	4	-15	0	15	30.26
793	4	-15	0	15	30.26
794	4	-15	0	16	31.25
795	4	-15	0	16	31.25
796	3	-15	0	17	32.14
797	3	-15	0	17	32.14
798	3	-15	0	18	33.13
799	4	-15	0	18	33.23
800	4	-15	5	-21	6.07
801	4	-15	5	-21	6.07
802	3	-14	5	-21	7.25
803	3	-14	5	-21	7.25
804	3	-14	5	-21	7.25
805	3	-14	5	-21	7.25
806	3	-15	5	-22	7.25
807	3	-15	5	-22	7.25
808	3	-15	5	-22	7.25
809	3	-15	5	-22	7.25
810	3	-15	5	-22	7.25
811	3	-15	5	-23	8.22
812	3	-15	5	-23	8.22
813	3	-15	5	-23	8.22
814	3	-15	5	-23	8.22
815	3	-15	5	-23	8.22
816	4	-15	5	-24	9.05
817	4	-15	5	-24	9.05
818	4	-15	5	-24	9.05
819	4	-14	5	-24	10.04
820	4	-14	5	-24	10.04
821	3	-14	5	-24	10.18
822	3	-14	5	-25	11.16
823	3	-14	5	-25	11.16
824	3	-14	5	-25	11.16
825	3	-14	5	-25	11.16
826	3	-15	5	-25	10.17
827	3	-15	5	-26	11.16
828	3	-15	5	-26	11.16
829	3	-15	5	-26	11.16
830	3	-15	5	-26	11.16
831	3	-15	5	-26	11.16
832	3	-15	4	-15	0.97
833	3	-15	4	-15	0.97
834	3	-15	4	-15	0.97
835	3	-15	4	-15	0.97
836	3	-15	4	-15	0.97
837	3	-15	4	-15	0.97
838	3	-15	4	-15	0.97
839	3	-15	4	-15	0.97
840	2	-15	4	-15	1.93
841	2	-16	4	-15	2.17
842	2	-16	4	-15	2.17
843	2	-16	4	-15	2.17
844	2	-16	4	-15	2.17
845	2	-17	4	-15	2.77
846	2	-17	4	-15	2.77
847	2	-17	4	-15	2.77
848	2	-18	4	-15	3.56
849	2	-18	4	-15	3.56
850	2	-20	4	-15	5.35
851	3	-22	4	-15	7.06
852	3	-22	4	-15	7.06
853	3	-25	4	-15	10.04
854	3	-25	4	-15	10.04
855	3	-27	4	-15	12.04
856	3	-27	4	-15	12.04
857	2	-29	4	-15	14.12
858	1	-30	4	-15	15.25
859	1	-30	4	-15	15.25
860	0	-31	4	-15	16.41
861	0	-31	4	-15	16.41
862	-1	-33	4	-15	18.56
863	-2	-34	4	-15	19.76
864	-2	-34	2	-15	19.34
865	-2	-36	1	-15	21.17
866	-2	-36	1	-15	21.17
867	-3	-37	1	-15	22.29
868	-2	-39	1	-15	24.14
869	-2	-39	1	-15	24.14
870	-2	-40	1	-15	25.14
871	-2	-40	1	-15	25.14
872	-2	-42	1	-15	27.12
873	-2	-42	1	-15	27.12
874	-2	-43	1	-15	28.12
875	-1	-44	1	-15	29.05
876	-1	-44	1	-15	29.05
877	-1	-45	1	-15	30.05
878	-1	-45	1	-15	30.05
879	0	-46	1	-15	31.01
880	0	-46	1	-15	31.01
881	0	-46	1	-15	31.01
882	0	-47	1	-15	32.01
883	0	-47	1	-15	32.01
884	0	-48	1	-15	33.01
885	1	-50	1	-15	35.00
886	1	-50	1	-15	35.00
887	2	-51	1	-15	36.01
888	2	-51	1	-15	36.01
889	2	-53	1	-15	38.01
890	3	-54	1	-15	39.03
891	3	-54	1	-15	39.03
892	3	-55	1	-15	40.03
893	3	-55	1	-15	40.03
894	3	-56	1	-15	41.03
895	3	-56	1	-15	41.03
896	4	-57	-7	-53	7.46
897	4	-58	-7	-53	7.97
898	4	-58	-7	-54	7.32
899	4	-59	-7	-54	7.85
900	4	-59	-7	-55	7.19
901	4	-61	-7	-55	8.34
902	5	-62	-7	-56	8.59
903	5	-62	-8	-57	8.25
904	6	-63	-8	-57	9.19
905	6	-63	-8	-58	8.49
906	7	-64	-8	-58	9.39
907	8	-65	-8	-59	9.57
908	8	-65	-8	-60	8.88
909	9	-66	-9	-60	10.08
910	9	-66	-9	-61	9.41
911	10	-67	-9	-61	10.20
912	10	-68	-9	-62	9.96
913	10	-68	-9	-63	9.27
914	11	-68	-9	-63	9.62
915	11	-68	-9	-64	9.01
916	11	-69	-10	-64	9.68
917	11	-69	-10	-65	9.07
918	12	-72	-10	-66	9.81
919	14	-74	-10	-66	11.31
920	14	-74	-10	-67	10.51
921	15	-76	-10	-67	11.81
922	15	-76	-11	-68	11.16
923	16	-77	-11	-69	11.04
924	17	-77	-11	-69	11.24
925	17	-77	-11	-70	10.41
926	17	-77	-11	-70	10.41
927	17	-77	-11	-71	9.62
928	18	-78	10	-80	2.51
929	20	-78	10	-80	2.76
930	20	-78	10	-81	3.50
931	22	-78	10	-82	4.49
932	22	-78	10	-82	4.49
933	22	-78	10	-83	5.35
934	22	-78	11	-84	6.22
935	22	-78	11	-85	7.15
936	23	-78	11	-85	7.18
937	23	-78	11	-86	8.13
938	22	-77	11	-87	10.07
939	22	-77	12	-87	10.06
940	23	-77	12	-88	11.04
941	22	-76	12	-89	13.02
942	22	-76	12	-90	14.00
943	23	-76	12	-90	14.00
944	23	-76	13	-90	14.00
945	22	-76	13	-90	14.00
946	22	-75	13	-90	15.00
947	22	-75	13	-90	15.00
948	22	-75	13	-90	15.00
949	22	-75	13	-90	15.00
950	22	-75	14	-90	15.00
951	21	-75	14	-90	15.00
952	21	-75	14	-90	15.00
953	21	-75	14	-90	15.00
954	21	-75	14	-90	15.00
955	22	-75	15	-90	15.00
956	22	-75	15	-90	15.00
957	22	-75	15	-90	15.00
958	23	-75	15	-90	15.00
959	23	-75	15	-90	15.00
960	23	-75	32	-90	15.00
961	23	-75	32	-90	15.00
962	24	-76	32	-90	14.00
963	24	-76	33	-90	14.00
964	24	-76	33	-90	14.00
965	24	-76	34	-90	14.00
966	25	-76	34	-90	14.00
967	25	-76	35	-90	14.00
968	25	-76	35	-90	14.00
969	25	-76	35	-90	14.00
970	25	-76	36	-90	14.00
971	25	-75	36	-90	15.00
972	25	-75	37	-90	15.00
973	25	-75	37	-90	15.00
974	25	-75	38	-90	15.00
975	24	-74	38	-90	16.00
976	24	-74	39	-90	16.00
977	24	-74	39	-90	16.00
978	25	-74	39	-90	16.00
979	25	-74	40	-90	16.00
980	25	-74	40	-90	16.00
981	25	-74	41	-90	16.00
982	25	-73	41	-90	17.00
983	25	-73	42	-90	17.00
984	25	-73	42	-90	17.00
985	25	-72	42	-90	18.00
986	25	-72	43	-90	18.00
987	25	-72	43	-90	18.00
988	25	-72	44	-90	18.00
989	26	-71	44	-90	19.00
990	26	-71	45	-90	19.00
991	26	-71	45	-90	19.00
992	26	-71	28	-72	1.18
993	27	-70	28	-71	1.05
994	27	-70	28	-71	1.05
995	27	-70	28	-71	1.05
996	27	-69	28	-71	2.03
997	27	-69	28	-71	2.03
998	27	-69	28	-71	2.03
999	27	-68	29	-71	3.08
1000	28	-68	29	-71	3.02
1001	28	-68	29	-71	3.02
1002	29	-68	29	-71	3.00
1003	29	-68	29	-70	2.00
1004	29	-67	29	-70	3.00
1005	29	-67	30	-70	3.02
1006	29	-68	30	-70	2.03
1007	29	-68	30	-70	2.03
1008	29	-68	30	-70	2.03
1009	29	-68	30	-70	2.03
1010	29	-68	30	-70	2.03
1011	30	-67	30	-70	3.00
1012	32	-67	31	-70	3.02
1013	32	-67	31	-70	3.02
1014	32	-67	31	-69	2.03
1015	33	-67	31	-69	2.14
1016	34	-67	31	-69	2.29
1017	34	-67	31	-69	2.29
1018	33	-67	32	-69	2.03
1019	33	-67	32	-69	2.03
1020	33	-67	32	-69	2.03
1021	35	-68	32	-69	1.49
1022	35	-68	32	-69	1.49
1023	37	-68	32	-69	2.09
1024	37	-68	29	-67	3.22
1025	37	-69	29	-66	4.28
1026	37	-69	29	-66	4.28
1027	36	-69	29	-66	4.02
1028	36	-69	29	-66	4.02
1029	35	-69	29	-66	3.77
1030	35	-69	29	-66	3.77
1031	35	-69	29	-66	3.77
1032	35	-69	29	-66	3.77
1033	37	-69	29	-65	5.07
1034	37	-69	29	-65	5.07
1035	38	-69	30	-65	5.07
1036	38	-69	30	-65	5.07
1037	40	-69	30	-65	5.58
1038	40	-69	30	-65	5.58
1039	42	-68	30	-65	5.63
1040	45	-67	30	-65	6.40
1041	48	-66	30	-64	7.84
1042	48	-66	30	-64	7.84
1043	51	-65	30	-64	9.05
1044	51	-65	30	-64	9.05
1045	54	-64	30	-64	10.46
1046	58	-62	31	-64	12.32
1047	58	-62	31	-64	12.32
1048	62	-61	31	-64	14.47
1049	62	-61	31	-63	14.54
1050	64	-59	31	-63	16.29
1051	64	-59	31	-63	16.29
1052	66	-58	31	-63	17.70
1053	66	-58	31	-63	17.70
1054	69	-56	31	-63	20.16
1055	69	-56	31	-63	20.16
1056	71	-55	48	-65	15.09
1057	71	-55	48	-64	14.60
1058	74	-53	48	-64	17.27
1059	74	-53	49	-64	16.88
1060	77	-52	49	-64	18.82
1061	77	-52	49	-64	18.82
1062	79	-50	50	-64	20.78
1063	79	-50	50	-64	20.78
1064	80	-50	50	-64	21.17
1065	80	-50	51	-64	20.78
1066	82	-49	51	-64	22.35
1067	82	-49	51	-63	21.91
1068	82	-47	52	-63	23.11
1069	82	-47	52	-63	23.11
1070	82	-46	52	-63	23.93
1071	83	-45	53	-63	24.76
1072	83	-45	53	-63	24.76
1073	83	-43	53	-63	26.46
1074	83	-43	54	-63	26.10
1075	84	-41	54	-63	28.20
1076	84	-38	54	-63	30.86
1077	84	-38	55	-63	30.52
1078	84	-36	55	-62	31.66
1079	84	-36	55	-62	31.66
1080	85	-33	56	-62	34.39
1081	85	-33	56	-62	34.39
1082	85	-31	56	-62	36.22
1083	85	-31	57	-62	35.90
1084	86	-30	57	-62	37.15
1085	86	-30	57	-62	37.15
1086	86	-30	58	-62	36.83
1087	86	-30	58	-62	36.83
1088	86	-31	105	-42	18.75
1089	86	-31	106	-41	18.95
1090	85	-31	107	-41	20.33
1091	85	-31	108	-40	20.69
1092	85	-31	109	-40	21.42
1093	85	-31	110	-39	21.90
1094	85	-32	111	-39	22.20
1095	85	-32	112	-39	22.97
1096	84	-32	113	-38	24.39
1097	84	-32	114	-38	25.18
1098	84	-32	115	-37	25.91
1099	84	-32	116	-37	26.71
1100	85	-32	117	-37	26.71
1101	85	-32	118	-36	27.52
1102	85	-32	119	-36	28.33
1103	85	-32	120	-35	29.19
1104	84	-32	122	-35	31.64
1105	84	-32	123	-35	32.45
1106	85	-31	124	-34	32.83
1107	85	-31	125	-34	33.66
1108	86	-29	126	-33	34.31
1109	86	-29	127	-33	35.15
1110	86	-29	128	-33	35.99
1111	87	-27	129	-32	36.67
1112	87	-27	130	-32	37.51
1113	88	-25	131	-31	38.20
1114	89	-23	132	-31	38.89
1115	89	-23	133	-31	39.75
1116	89	-21	134	-30	41.33
1117	89	-20	135	-30	42.58
1118	89	-20	136	-29	43.42
1119	88	-19	137	-29	45.54
1120	88	-19	101	-7	17.43
1121	88	-19	101	-6	18.15
1122	87	-19	101	-5	19.56
1123	87	-19	102	-4	20.97
1124	88	-19	102	-4	20.30
1125	88	-19	103	-3	21.71
1126	88	-19	103	-2	22.47
1127	88	-19	104	-1	23.87
1128	87	-19	104	-1	24.53
1129	87	-19	105	0	25.94
1130	87	-19	105	0	25.94
1131	87	-19	106	1	27.35
1132	88	-19	106	2	27.46
1133	88	-19	107	2	28.10
1134	87	-19	107	3	29.51
1135	87	-19	108	4	30.92
1136	88	-19	108	5	31.05
1137	88	-19	108	5	31.05
1138	87	-19	109	6	33.09
1139	87	-19	109	7	33.85
1140	87	-19	110	8	35.26
1141	87	-19	110	8	35.26
1142	87	-19	111	9	36.66
1143	87	-19	111	10	37.43
1144	87	-19	112	11	38.82
1145	86	-19	112	11	39.46
1146	86	-19	113	12	40.86
1147	86	-19	113	13	41.61
1148	86	-19	114	14	43.01
1149	85	-19	114	14	43.64
1150	85	-19	115	15	45.03
1151	83	-20	115	16	47.80
1152	83	-20	90	-7	14.67
1153	78	-23	90	-6	20.56
1154	78	-23	90	-6	20.56
1155	71	-26	90	-5	27.77
1156	71	-26	90	-5	27.77
1157	65	-29	90	-5	33.70
1158	65	-29	90	-4	34.46
1159	60	-30	90	-4	38.46
1160	60	-30	90	-4	38.46
1161	54	-33	90	-3	45.08
1162	54	-33	90	-3	45.08
1163	51	-34	90	-2	48.44
1164	51	-34	90	-2	48.44
1165	47	-34	90	-2	51.28
1166	47	-34	90	-1	51.98
1167	44	-36	90	-1	55.10
1168	44	-36	91	-1	55.81
1169	40	-37	91	0	59.83
1170	37	-38	91	0	62.41
1171	37	-38	91	0	62.41
1172	35	-39	91	0	64.24
1173	35	-39	91	0	64.24
1174	31	-39	91	1	67.82
1175	28	-40	91	1	70.34
1176	28	-40	91	2	71.03
1177	26	-41	91	2	72.79
1178	26	-41	91	2	72.79
1179	23	-40	91	3	75.35
1180	20	-41	91	3	77.82
1181	20	-41	91	3	77.82
1182	17	-41	91	4	80.69
1183	17	-41	91	4	80.69
1184	15	-42	78	-21	56.31
1185	15	-42	77	-21	55.56
1186	13	-43	77	-21	57.06
1187	13	-43	77	-21	57.06
1188	11	-44	77	-21	58.53
1189	11	-44	77	-21	58.53
1190	7	-44	77	-21	61.40
1191	7	-44	76	-21	60.69
1192	1	-44	76	-21	64.99
1193	-6	-44	76	-21	69.98
1194	-6	-44	76	-21	69.98
1195	-16	-43	76	-21	77.26
1196	-16	-43	76	-21	77.26
1197	-24	-42	75	-21	82.46
1198	-29	-41	75	-21	86.29
1199	-29	-41	75	-21	86.29
1200	-33	-41	75	-21	89.00
1201	-33	-41	75	-21	89.00
1202	-38	-40	75	-21	92.81
1203	-42	-39	75	-21	95.96
1204	-42	-39	74	-21	95.31
1205	-43	-38	74	-21	96.51
1206	-43	-38	74	-21	96.51
1207	-43	-38	74	-21	96.51
1208	-42	-39	74	-21	95.31
1209	-42	-39	74	-21	95.31
1210	-43	-38	73	-21	95.85
1211	-43	-38	73	-21	95.85
1212	-44	-38	73	-21	96.51
1213	-44	-38	73	-21	96.51
1214	-45	-38	73	-21	97.17
1215	-46	-38	73	-21	97.82
1216	-46	-38	-53	-64	26.33
1217	-46	-38	-55	-64	26.55
1218	-46	-38	-57	-65	27.76
1219	-46	-38	-59	-66	28.99
1220	-46	-37	-61	-66	30.28
1221	-46	-37	-63	-67	31.53
1222	-46	-37	-65	-68	32.77
1223	-46	-37	-67	-68	33.14
1224	-46	-37	-70	-69	34.58
1225	-46	-37	-72	-70	35.80
1226	-47	-37	-74	-70	36.01
1227	-47	-37	-76	-71	37.21
1228	-47	-37	-78	-72	38.38
1229	-47	-37	-80	-72	38.80
1230	-47	-37	-82	-73	39.93
1231	-47	-37	-84	-74	41.04
1232	-47	-37	-87	-75	42.30
1233	-47	-37	-89	-75	42.70
1234	-47	-37	-91	-76	43.70
1235	-47	-37	-93	-77	44.67
1236	-47	-37	-95	-77	45.04
1237	-47	-37	-97	-78	45.94
1238	-47	-37	-99	-79	46.80
1239	-47	-37	-101	-79	47.13
1240	-46	-37	-104	-80	48.23
1241	-46	-37	-106	-81	48.94
1242	-46	-37	-108	-81	49.23
1243	-46	-37	-110	-82	49.86
1244	-46	-37	-112	-83	50.44
1245	-46	-37	-114	-83	50.67
1246	-46	-37	-116	-84	51.17
1247	-46	-37	-118	-85	51.61
1248	-46	-37	-107	-34	48.89
1249	-46	-37	-108	-33	50.04
1250	-46	-37	-110	-33	51.58
1251	-46	-37	-112	-33	53.12
1252	-45	-38	-114	-33	55.10
1253	-43	-38	-116	-33	58.09
1254	-43	-38	-118	-33	59.58
1255	-40	-39	-120	-33	62.88
1256	-35	-41	-122	-33	67.02
1257	-30	-42	-124	-32	71.90
1258	-30	-42	-126	-32	73.22
1259	-25	-43	-127	-32	76.56
1260	-19	-45	-129	-32	80.23
1261	-13	-46	-131	-32	83.99
1262	-13	-46	-133	-32	85.03
1263	-8	-47	-135	-32	87.74
1264	-8	-47	-137	-32	88.65
1265	-4	-47	-139	-31	92.10
1266	0	-48	-141	-31	93.61
1267	0	-48	-143	-31	94.32
1268	4	-48	-145	-31	96.25
1269	9	-49	-147	-31	97.18
1270	9	-49	-148	-31	97.41
1271	13	-50	-150	-31	97.61
1272	16	-51	-152	-31	97.32
1273	19	-51	-154	-30	98.76
1274	22	-51	-156	-30	98.98
1275	25	-50	-158	-30	99.96
1276	25	-50	-160	-30	99.88
1277	27	-51	-162	-30	98.61
1278	28	-51	-164	-30	98.31
1279	28	-52	-166	-30	97.08
1280	29	-52	-46	-36	53.69
1281	29	-52	-46	-35	54.37
1282	31	-53	-46	-35	55.32
1283	32	-55	-46	-35	55.42
1284	33	-57	-46	-35	55.52
1285	35	-59	-46	-35	56.11
1286	35	-59	-46	-35	56.11
1287	36	-60	-46	-35	56.38
1288	37	-61	-46	-35	56.63
1289	38	-61	-46	-35	57.10
1290	39	-62	-46	-35	57.32
1291	39	-62	-46	-35	57.32
1292	39	-62	-46	-35	57.32
1293	39	-62	-46	-35	57.32
1294	39	-62	-46	-35	57.32
1295	39	-62	-46	-35	57.32
1296	40	-63	-46	-35	57.52
1297	40	-63	-46	-35	57.52
1298	40	-63	-46	-35	57.52
1299	42	-64	-46	-35	58.13
1300	42	-64	-46	-35	58.13
1301	42	-64	-46	-35	58.13
1302	42	-64	-46	-35	58.13
1303	42	-64	-46	-35	58.13
1304	42	-65	-46	-35	57.86
1305	42	-66	-46	-35	57.61
1306	42	-66	-46	-35	57.61
1307	41	-66	-46	-35	57.22
1308	38	-66	-46	-35	56.03
1309	38	-66	-46	-35	56.03
1310	35	-65	-46	-35	54.97
1311	32	-65	-46	-35	53.71
1312	30	-65	104	-67	28.38
1313	30	-65	106	-67	29.05
1314	29	-66	108	-67	29.40
1315	29	-66	111	-68	29.75
1316	28	-66	113	-68	30.65
1317	28	-65	115	-69	31.35
1318	28	-65	118	-69	32.21
1319	29	-65	120	-70	31.88
1320	29	-65	122	-70	32.43
1321	29	-65	125	-71	32.59
1322	29	-65	127	-71	33.09
1323	29	-65	129	-72	32.94
1324	29	-65	132	-72	33.64
1325	29	-65	134	-73	33.41
1326	30	-65	136	-73	33.63
1327	30	-65	139	-74	33.56
1328	30	-65	141	-74	33.96
1329	30	-65	143	-74	34.34
1330	30	-65	146	-75	34.16
1331	30	-65	148	-75	34.51
1332	30	-65	150	-76	34.08
1333	30	-64	153	-76	35.48
1334	31	-65	155	-77	33.91
1335	31	-65	157	-77	34.19
1336	31	-65	160	-78	33.78
1337	31	-65	162	-78	34.02
1338	31	-65	164	-79	33.42
1339	31	-65	167	-79	33.73
1340	31	-65	169	-80	33.07
1341	31	-65	171	-80	33.25
1342	31	-65	174	-81	32.61
1343	31	-65	176	-81	32.75
1344	31	-65	31	-78	13.00
1345	31	-65	31	-78	13.00
1346	31	-65	31	-78	13.00
1347	31	-65	31	-79	14.00
1348	31	-64	31	-79	15.00
1349	31	-64	31	-80	16.00
1350	31	-64	31	-80	16.00
1351	31	-64	31	-80	16.00
1352	31	-64	31	-81	17.00
1353	31	-64	31	-81	17.00
1354	31	-64	31	-82	18.00
1355	31	-64	31	-82	18.00
1356	30	-64	31	-82	18.00
1357	30	-64	31	-83	19.00
1358	30	-64	31	-83	19.00
1359	30	-64	31	-84	20.00
1360	30	-63	31	-84	21.00
1361	29	-63	31	-84	21.00
1362	28	-62	31	-85	23.01
1363	28	-62	31	-85	23.01
1364	26	-61	31	-86	25.02
1365	26	-61	31	-86	25.02
1366	26	-60	31	-86	26.02
1367	25	-59	31	-87	28.02
1368	25	-59	31	-87	28.02
1369	24	-58	31	-88	30.02
1370	23	-57	31	-88	31.02
1371	23	-57	31	-88	31.02
1372	23	-55	31	-89	34.01
1373	23	-54	31	-89	35.01
1374	23	-54	31	-90	36.00
1375	22	-53	31	-90	37.00
1376	21	-51	32	-65	15.11
1377	21	-49	32	-65	17.03
1378	20	-47	32	-65	19.13
1379	19	-45	32	-65	21.25
1380	19	-45	32	-65	21.25
1381	19	-43	32	-65	23.18
1382	18	-41	32	-65	25.30
1383	18	-41	32	-65	25.30
1384	18	-40	32	-65	26.27
1385	17	-39	32	-65	27.43
1386	17	-39	32	-65	27.43
1387	17	-37	32	-65	29.37
1388	17	-37	32	-65	29.37
1389	16	-36	32	-65	30.53
1390	16	-35	32	-65	31.50
1391	17	-34	32	-65	32.30
1392	17	-32	32	-65	34.26
1393	17	-32	32	-65	34.26
1394	17	-31	32	-65	35.24
1395	17	-29	32	-65	37.21
1396	17	-29	32	-65	37.21
1397	17	-28	32	-65	38.19
1398	17	-28	32	-65	38.19
1399	17	-26	32	-65	40.16
1400	17	-26	32	-65	40.16
1401	17	-26	32	-65	40.16
1402	16	-25	32	-65	41.30
1403	16	-25	32	-65	41.30
1404	16	-25	32	-65	41.30
1405	16	-25	32	-65	41.30
1406	16	-25	32	-65	41.30
1407	16	-25	32	-65	41.30
1408	16	-25	11	-37	12.74
1409	16	-25	10	-36	12.15
1410	16	-25	10	-36	12.15
1411	16	-25	10	-35	11.26
1412	16	-25	9	-35	11.69
1413	16	-26	9	-34	10.03
1414	16	-26	9	-34	10.03
1415	16	-26	8	-33	9.87
1416	15	-26	8	-33	9.27
1417	15	-26	8	-33	9.27
1418	15	-26	7	-32	9.21
1419	15	-27	7	-32	8.57
1420	15	-27	7	-31	8.06
1421	15	-27	6	-31	8.83
1422	15	-27	6	-30	8.46
1423	15	-27	6	-30	8.46
1424	15	-27	6	-30	8.46
1425	15	-27	5	-29	9.05
1426	15	-27	5	-29	9.05
1427	14	-29	5	-28	7.97
1428	14	-29	4	-28	8.84
1429	13	-29	4	-27	8.19
1430	12	-30	4	-27	7.64
1431	12	-30	3	-26	8.89
1432	10	-30	3	-26	7.36
1433	9	-30	3	-26	6.64
1434	9	-30	2	-25	7.97
1435	8	-30	2	-25	7.30
1436	8	-30	2	-24	8.03
1437	4	-30	1	-24	6.57
1438	2	-30	1	-23	7.06
1439	2	-30	1	-23	7.06
1440	0	-30	11	1	32.73
1441	0	-30	10	1	32.43
1442	-2	-31	10	2	34.92
1443	-3	-31	10	3	36.19
1444	-3	-31	10	4	37.13
1445	-3	-31	10	5	38.08
1446	-3	-31	10	5	38.08
1447	-3	-32	9	6	39.68
1448	-4	-32	9	7	40.92
1449	-4	-32	9	8	41.88
1450	-4	-32	9	9	42.84
1451	-5	-32	9	9	43.13
1452	-5	-32	9	10	44.08
1453	-6	-33	8	11	45.98
1454	-6	-33	8	12	46.94
1455	-6	-33	8	13	47.90
1456	-6	-33	8	14	48.87
1457	-7	-33	8	14	49.14
1458	-7	-33	8	15	50.09
1459	-7	-33	8	16	51.05
1460	-7	-33	7	17	51.76
1461	-7	-33	7	18	52.73
1462	-8	-33	7	18	52.98
1463	-8	-33	7	19	53.94
1464	-8	-33	7	20	54.90
1465	-8	-33	7	21	55.87
1466	-8	-33	6	22	56.60
1467	-8	-33	6	22	56.60
1468	-8	-33	6	23	57.57
1469	-8	-33	6	24	58.54
1470	-8	-33	6	25	59.51
1471	-7	-33	6	26	60.28
1472	-7	-33	-16	-35	7.72
1473	-7	-34	-16	-35	7.48
1474	-7	-34	-17	-35	8.30
1475	-7	-33	-17	-35	8.52
1476	-7	-33	-18	-35	9.33
1477	-7	-34	-18	-35	9.12
1478	-7	-34	-19	-35	9.93
1479	-7	-34	-19	-36	10.02
1480	-7	-33	-20	-36	11.12
1481	-7	-33	-20	-36	11.12
1482	-7	-33	-21	-36	11.91
1483	-7	-33	-21	-36	11.91
1484	-7	-33	-22	-36	12.71
1485	-7	-33	-22	-37	12.91
1486	-7	-34	-23	-37	13.35
1487	-7	-34	-23	-37	13.35
1488	-7	-34	-24	-37	14.14
1489	-7	-34	-24	-37	14.14
1490	-7	-34	-25	-37	14.93
1491	-7	-34	-25	-37	14.93
1492	-7	-34	-26	-38	15.85
1493	-7	-34	-26	-38	15.85
1494	-8	-34	-27	-38	15.85
1495	-7	-34	-27	-38	16.63
1496	-7	-34	-28	-38	17.41
1497	-7	-34	-28	-38	17.41
1498	-7	-34	-29	-39	18.33
1499	-8	-34	-29	-39	17.56
1500	-8	-34	-30	-39	18.33
1501	-8	-34	-30	-39	18.33
1502	-8	-34	-31	-39	19.10
1503	-10	-35	-31	-39	17.20
1504	-10	-35	-14	-36	3.41
1505	-12	-35	-14	-36	1.91
1506	-14	-35	-14	-36	1.00
1507	-15	-37	-14	-36	1.28
1508	-17	-38	-14	-36	3.12
1509	-17	-38	-15	-36	2.56
1510	-19	-40	-15	-36	5.09
1511	-21	-42	-15	-36	7.59
1512	-21	-42	-15	-36	7.59
1513	-23	-43	-15	-36	9.32
1514	-24	-44	-16	-36	10.07
1515	-26	-46	-16	-37	11.69
1516	-27	-50	-16	-37	15.22
1517	-29	-55	-16	-37	20.06
1518	-29	-55	-17	-37	19.77
1519	-30	-58	-17	-37	22.67
1520	-30	-59	-17	-37	23.56
1521	-30	-59	-17	-37	23.56
1522	-29	-60	-17	-37	24.25
1523	-29	-60	-18	-37	24.05
1524	-27	-61	-18	-37	24.66
1525	-28	-61	-18	-37	24.82
1526	-30	-62	-18	-38	25.11
1527	-30	-62	-19	-38	24.94
1528	-31	-62	-19	-38	25.11
1529	-31	-61	-19	-38	24.19
1530	-31	-61	-19	-38	24.19
1531	-32	-62	-19	-38	25.30
1532	-32	-62	-20	-38	25.11
1533	-32	-61	-20	-38	24.19
1534	-32	-61	-20	-38	24.19
1535	-32	-61	-20	-38	24.19
1536	-32	-61	-13	-37	26.82
1537	-32	-61	-13	-37	26.82
1538	-31	-61	-13	-37	26.54
1539	-31	-60	-13	-37	25.72
1540	-30	-60	-13	-37	25.44
1541	-30	-60	-13	-37	25.44
1542	-30	-60	-13	-37	25.44
1543	-30	-60	-13	-37	25.44
1544	-30	-60	-13	-37	25.44
1545	-30	-60	-13	-37	25.44
1546	-29	-60	-13	-37	25.17
1547	-29	-60	-14	-37	24.92
1548	-29	-60	-14	-37	24.92
1549	-28	-60	-14	-37	24.68
1550	-28	-60	-14	-37	24.68
1551	-28	-60	-14	-37	24.68
1552	-28	-60	-14	-38	23.73
1553	-28	-60	-14	-38	23.73
1554	-28	-60	-14	-38	23.73
1555	-27	-60	-14	-38	23.50
1556	-26	-60	-14	-38	23.28
1557	-24	-60	-14	-38	22.90
1558	-24	-60	-15	-38	22.73
1559	-21	-59	-15	-38	21.35
1560	-17	-58	-15	-38	20.04
1561	-14	-58	-15	-38	20.01
1562	-14	-58	-15	-38	20.01
1563	-14	-58	-15	-38	20.01
1564	-10	-56	-15	-38	18.31
1565	-9	-56	-15	-38	18.44
1566	-9	-56	-15	-38	18.44
1567	-6	-56	-15	-38	18.98
1568	-4	-56	-54	-87	32.14
1569	-4	-56	-54	-87	32.14
1570	-2	-55	-55	-88	33.83
1571	-1	-54	-56	-89	35.43
1572	0	-54	-56	-90	36.00
1573	0	-54	-57	-90	36.00
1574	1	-54	-58	-90	36.00
1575	2	-54	-58	-90	36.00
1576	4	-53	-59	-90	37.00
1577	4	-53	-60	-90	37.00
1578	5	-53	-60	-90	37.00
1579	5	-53	-61	-90	37.00
1580	6	-54	-62	-90	36.00
1581	6	-54	-62	-90	36.00
1582	7	-54	-63	-90	36.00
1583	8	-54	-64	-90	36.00
1584	8	-54	-65	-90	36.00
1585	8	-55	-65	-90	35.00
1586	8	-55	-66	-90	35.00
1587	8	-55	-67	-90	35.00
1588	8	-55	-67	-90	35.00
1589	11	-55	-68	-90	35.00
1590	16	-55	-69	-90	35.00
1591	16	-55	-69	-90	35.00
1592	16	-55	-70	-90	35.00
1593	31	-54	-71	-90	36.00
1594	31	-54	-71	-90	36.00
1595	37	-52	-72	-90	38.00
1596	44	-51	-73	-90	39.00
1597	52	-50	-73	-90	40.00
1598	60	-48	-74	-90	42.00
1599	60	-48	-75	-90	42.00
1600	68	-47	24	-51	28.70
1601	75	-46	24	-50	33.69
1602	78	-44	25	-50	35.86
1603	78	-44	26	-50	35.23
1604	79	-44	27	-50	35.23
1605	81	-44	28	-50	35.86
1606	84	-45	29	-50	36.64
1607	84	-45	30	-49	36.26
1608	86	-45	31	-49	36.89
1609	86	-45	31	-49	36.89
1610	91	-46	32	-49	38.96
1611	91	-46	33	-49	38.34
1612	92	-46	34	-49	38.34
1613	93	-47	35	-48	38.25
1614	93	-47	36	-48	37.62
1615	93	-47	37	-48	37.00
1616	93	-48	38	-48	35.99
1617	93	-48	38	-48	35.99
1618	94	-49	39	-48	35.64
1619	94	-49	40	-48	35.03
1620	94	-49	41	-47	34.79
1621	95	-50	42	-47	34.51
1622	95	-50	43	-47	33.89
1623	96	-50	44	-47	33.89
1624	97	-52	45	-47	33.40
1625	99	-54	45	-47	34.18
1626	99	-54	46	-46	34.14
1627	101	-55	47	-46	34.57
1628	101	-55	48	-46	34.00
1629	101	-56	49	-46	33.33
1630	102	-57	50	-46	33.26
1631	103	-58	51	-46	33.21
1632	105	-59	140	-38	30.66
1633	105	-59	142	-37	32.40
1634	105	-60	144	-37	33.75
1635	105	-60	146	-37	34.66
1636	105	-61	149	-36	37.23
1637	106	-61	151	-36	37.68
1638	106	-61	153	-36	38.59
1639	106	-61	155	-36	39.52
1640	104	-62	158	-35	42.91
1641	104	-62	160	-35	43.82
1642	104	-62	162	-35	44.75
1643	104	-62	164	-34	46.50
1644	104	-62	167	-34	47.90
1645	104	-62	169	-34	48.84
1646	104	-62	171	-34	49.77
1647	102	-62	173	-33	52.48
1648	102	-62	176	-33	53.88
1649	102	-61	178	-33	54.92
1650	101	-61	-180	-32	57.19
1651	101	-61	-178	-32	58.14
1652	101	-61	-175	-32	59.57
1653	101	-61	-173	-32	60.52
1654	101	-60	-171	-31	62.55
1655	101	-60	-169	-31	63.51
1656	100	-60	-166	-31	65.41
1657	100	-60	-164	-30	67.19
1658	99	-61	-162	-30	68.18
1659	99	-61	-160	-30	69.07
1660	97	-62	-157	-30	70.77
1661	97	-62	-155	-29	72.47
1662	97	-62	-153	-29	73.28
1663	98	-62	-151	-29	73.69
1664	99	-61	142	-71	19.54
1665	98	-61	143	-71	20.19
1666	98	-61	144	-71	20.51
1667	98	-61	145	-72	20.94
1668	96	-61	146	-72	21.86
1669	96	-61	147	-72	22.17
1670	94	-61	148	-73	23.12
1671	87	-62	150	-73	24.95
1672	87	-62	151	-74	25.11
1673	78	-62	152	-74	27.82
1674	66	-62	153	-74	31.18
1675	66	-62	154	-75	31.01
1676	49	-61	155	-75	35.88
1677	49	-61	157	-75	36.29
1678	42	-60	158	-76	38.07
1679	36	-59	159	-76	40.20
1680	36	-59	160	-77	39.61
1681	32	-58	161	-77	41.30
1682	29	-58	162	-77	41.84
1683	29	-58	163	-78	41.15
1684	25	-59	165	-78	40.85
1685	23	-59	166	-78	41.16
1686	23	-59	167	-79	40.37
1687	23	-59	168	-79	40.45
1688	23	-59	169	-80	39.65
1689	21	-59	170	-80	39.87
1690	20	-59	172	-80	40.08
1691	20	-59	173	-81	39.21
1692	20	-59	174	-81	39.27
1693	20	-59	175	-81	39.32
1694	19	-58	176	-82	39.47
1695	17	-57	177	-82	40.60
1696	16	-56	93	-63	37.27
1697	14	-55	92	-63	38.37
1698	14	-55	92	-63	38.37
1699	14	-55	92	-63	38.37
1700	11	-53	92	-63	41.03
1701	10	-52	92	-63	42.18
1702	10	-52	91	-63	41.77
1703	11	-51	91	-63	42.09
1704	12	-51	91	-63	41.67
1705	12	-51	91	-63	41.67
1706	13	-51	91	-63	41.25
1707	13	-51	90	-63	40.82
1708	13	-51	90	-63	40.82
1709	12	-50	90	-63	41.99
1710	11	-50	90	-63	42.42
1711	10	-49	90	-63	43.60
1712	10	-49	90	-64	43.26
1713	8	-49	89	-64	43.67
1714	8	-49	89	-64	43.67
1715	7	-48	89	-64	44.87
1716	7	-48	89	-64	44.87
1717	6	-47	89	-64	46.07
1718	6	-46	88	-64	46.46
1719	6	-46	88	-64	46.46
1720	5	-46	88	-64	46.87
1721	5	-46	88	-64	46.87
1722	5	-45	88	-64	47.68
1723	5	-45	87	-64	47.26
1724	4	-45	87	-64	47.68
1725	4	-45	87	-64	47.68
1726	3	-41	87	-64	51.37
1727	3	-41	87	-64	51.37
1728	2	-39	-67	-51	48.37
1729	1	-37	-69	-50	50.46
1730	1	-37	-72	-50	52.33
1731	2	-35	-74	-50	55.47
1732	2	-33	-77	-50	58.66
1733	3	-32	-79	-50	61.20
1734	3	-32	-82	-50	63.03
1735	3	-32	-85	-49	65.21
1736	4	-29	-87	-49	69.15
1737	4	-29	-90	-49	70.98
1738	4	-28	-92	-49	72.92
1739	4	-28	-95	-49	74.71
1740	4	-28	-98	-49	76.47
1741	3	-28	-100	-48	77.53
1742	3	-28	-103	-48	79.28
1743	3	-27	-105	-48	81.19
1744	3	-26	-108	-48	83.67
1745	3	-26	-111	-48	85.34
1746	3	-25	-113	-48	87.24
1747	3	-23	-116	-48	90.47
1748	3	-20	-118	-47	94.58
1749	4	-16	-121	-47	100.05
1750	4	-16	-124	-47	101.66
1751	4	-13	-126	-47	105.23
1752	5	-10	-129	-47	109.85
1753	5	-10	-131	-47	110.86
1754	5	-7	-134	-46	115.64
1755	5	-7	-137	-46	117.11
1756	6	-4	-139	-46	121.16
1757	8	0	-142	-46	126.98
1758	8	0	-144	-46	127.83
1759	8	6	-147	-46	134.53
1760	8	6	-12	-22	34.17
1761	8	9	-12	-21	35.86
1762	8	12	-12	-20	37.57
1763	8	14	-13	-20	39.78
1764	8	14	-13	-19	38.95
1765	8	14	-14	-19	39.48
1766	8	18	-14	-18	42.00
1767	8	20	-15	-18	44.20
1768	8	20	-15	-17	43.35
1769	8	20	-15	-17	43.35
1770	8	23	-16	-16	45.52
1771	8	23	-16	-16	45.52
1772	8	25	-17	-15	46.84
1773	7	26	-17	-15	47.18
1774	7	26	-18	-14	46.82
1775	7	28	-18	-14	48.48
1776	7	28	-19	-13	48.11
1777	7	29	-19	-12	48.08
1778	7	29	-19	-12	48.08
1779	7	29	-20	-11	47.74
1780	8	29	-20	-11	48.28
1781	8	30	-21	-10	48.77
1782	8	30	-21	-10	48.77
1783	8	30	-22	-9	48.51
1784	8	30	-22	-9	48.51
1785	8	30	-22	-8	47.69
1786	8	30	-23	-8	48.28
1787	8	30	-23	-7	47.48
1788	8	31	-24	-7	48.80
1789	8	31	-24	-6	48.00
1790	8	31	-25	-6	48.62
1791	9	31	-25	-5	48.47
