frame_id	phi	theta	est_phi	est_theta	err_phi	err_theta	speed	err_ang
0	158	-26	0	0	146.44
1	157	-26	0	0	145.83
2	157	-26	0	0	145.83
3	157	-26	0	0	145.83
4	157	-26	0	0	145.83
5	156	-26	0	0	145.19
6	156	-26	0	0	145.19
7	157	-26	0	0	145.83
8	157	-26	0	0	145.83
9	157	-26	0	0	145.83
10	157	-26	0	0	145.83
11	157	-26	0	0	145.83
12	156	-26	0	0	145.19
13	157	-25	0	0	146.54
14	157	-25	0	0	146.54
15	157	-25	0	0	146.54
16	157	-25	0	0	146.54
17	157	-25	0	0	146.54
18	157	-25	0	0	146.54
19	157	-25	0	0	146.54
20	157	-24	0	0	147.24
21	157	-24	0	0	147.24
22	157	-24	0	0	147.24
23	158	-22	0	0	149.28
24	158	-22	0	0	149.28
25	157	-20	0	0	149.88
26	157	-20	0	0	149.88
27	157	-19	0	0	150.50
28	157	-19	0	0	150.50
29	157	-19	0	0	150.50
30	156	-19	0	0	149.74
31	156	-19	0	0	149.74
32	157	-19	158	-26	7.06
33	157	-19	158	-26	7.06
34	157	-19	158	-26	7.06
35	156	-18	158	-26	8.21
36	156	-18	158	-26	8.21
37	156	-18	158	-26	8.21
38	156	-18	158	-26	8.21
39	156	-16	158	-26	10.17
40	156	-14	158	-26	12.15
41	156	-14	158	-26	12.15
42	155	-11	158	-26	15.27
43	155	-11	158	-26	15.27
44	155	-9	158	-26	17.24
45	155	-7	158	-26	19.21
46	155	-7	158	-26	19.21
47	155	-5	158	-26	21.20
48	155	-5	158	-26	21.20
49	155	-5	158	-26	21.20
50	155	-5	158	-26	21.20
51	155	-5	158	-26	21.20
52	156	-5	158	-26	21.09
53	156	-5	158	-26	21.09
54	156	-5	158	-26	21.09
55	156	-5	158	-26	21.09
56	156	-5	158	-26	21.09
57	156	-5	158	-26	21.09
58	156	-5	158	-26	21.09
59	156	-5	158	-26	21.09
60	156	-5	158	-26	21.09
61	156	-7	158	-26	19.10
62	157	-6	158	-26	20.02
63	157	-6	158	-26	20.02
64	157	-6	156	-12	6.08
65	157	-6	155	-11	5.38
66	157	-6	155	-11	5.38
67	157	-6	155	-11	5.38
68	157	-6	155	-11	5.38
69	158	-6	155	-10	4.98
70	158	-6	155	-10	4.98
71	159	-6	155	-10	5.63
72	159	-6	155	-10	5.63
73	160	-7	155	-10	5.78
74	161	-7	155	-9	6.27
75	161	-7	155	-9	6.27
76	161	-7	155	-9	6.27
77	161	-7	155	-9	6.27
78	162	-7	155	-8	7.01
79	163	-7	155	-8	7.99
80	163	-7	155	-8	7.99
81	165	-7	155	-8	9.96
82	165	-7	155	-8	9.96
83	168	-7	155	-7	12.90
84	171	-8	155	-7	15.89
85	171	-8	155	-7	15.89
86	175	-8	155	-7	19.85
87	175	-8	155	-6	19.95
88	177	-8	155	-6	21.92
89	-179	-8	155	-6	25.88
90	-179	-8	155	-6	25.88
91	-177	-8	155	-6	27.86
92	-177	-8	155	-5	27.97
93	-174	-9	155	-5	31.02
94	-174	-9	155	-5	31.02
95	-172	-9	155	-5	32.98
96	-170	-9	157	7	36.57
97	-170	-9	157	7	36.57
98	-169	-9	157	7	37.47
99	-169	-9	157	8	37.90
100	-167	-9	157	8	39.69
101	-165	-9	157	9	41.90
102	-165	-9	157	9	41.90
103	-163	-9	157	9	43.71
104	-163	-9	157	10	44.11
105	-160	-9	157	10	46.83
106	-158	-9	157	11	49.03
107	-158	-9	157	11	49.03
108	-155	-8	157	11	51.40
109	-155	-8	157	12	51.74
110	-153	-8	157	12	53.58
111	-150	-8	157	13	56.68
112	-150	-8	157	13	56.68
113	-148	-8	157	13	58.52
114	-148	-8	157	14	58.84
115	-146	-7	157	14	60.33
116	-145	-7	157	15	61.54
117	-145	-7	157	15	61.54
118	-143	-7	157	15	63.40
119	-143	-7	157	16	63.68
120	-141	-7	157	16	65.52
121	-141	-7	157	17	65.80
122	-140	-7	157	17	66.72
123	-139	-6	157	17	67.27
124	-139	-6	157	18	67.52
125	-138	-6	157	18	68.44
126	-138	-6	157	19	68.69
127	-137	-6	157	19	69.61
128	-136	-6	-137	-12	6.08
129	-136	-6	-135	-12	6.08
130	-135	-6	-134	-12	6.08
131	-135	-6	-133	-12	6.32
132	-133	-6	-132	-12	6.08
133	-132	-6	-131	-12	6.08
134	-132	-6	-130	-12	6.32
135	-131	-6	-129	-12	6.32
136	-131	-6	-128	-12	6.69
137	-131	-6	-127	-12	7.18
138	-131	-6	-126	-12	7.77
139	-130	-6	-125	-13	8.56
140	-129	-6	-124	-13	8.56
141	-129	-6	-123	-13	9.16
142	-128	-6	-122	-13	9.16
143	-128	-6	-121	-13	9.83
144	-128	-6	-120	-13	10.54
145	-127	-6	-119	-13	10.54
146	-127	-6	-118	-13	11.30
147	-127	-6	-117	-13	12.09
148	-127	-6	-116	-13	12.90
149	-126	-6	-115	-13	12.90
150	-126	-6	-114	-14	14.26
151	-126	-6	-113	-14	15.09
152	-125	-6	-112	-14	15.09
153	-125	-6	-111	-14	15.93
154	-124	-6	-110	-14	15.93
155	-124	-6	-109	-14	16.79
156	-124	-6	-108	-14	17.66
157	-123	-5	-107	-14	18.15
158	-123	-5	-106	-14	19.01
159	-122	-5	-105	-14	19.01
160	-122	-5	-102	-3	20.05
161	-121	-5	-100	-2	21.17
162	-120	-5	-99	-2	21.17
163	-120	-5	-98	-2	22.16
164	-119	-5	-97	-2	22.16
165	-119	-5	-96	-2	23.15
166	-117	-5	-95	-2	22.16
167	-115	-5	-94	-2	21.17
168	-115	-5	-93	-2	22.16
169	-111	-4	-92	-2	19.08
170	-111	-4	-91	-2	20.07
171	-107	-4	-90	-1	17.24
172	-105	-4	-89	-1	16.26
173	-105	-4	-88	-1	17.24
174	-103	-4	-87	-1	16.26
175	-103	-4	-86	-1	17.24
176	-102	-4	-85	-1	17.24
177	-101	-4	-83	-1	18.23
178	-101	-4	-82	-1	19.22
179	-100	-3	-81	-1	19.09
180	-100	-3	-80	-1	20.09
181	-100	-3	-79	-1	21.08
182	-100	-3	-78	0	22.19
183	-99	-3	-77	0	22.19
184	-98	-4	-76	0	22.34
185	-98	-4	-75	0	23.33
186	-98	-3	-74	0	24.18
187	-98	-3	-73	0	25.17
188	-97	-3	-72	0	25.17
189	-97	-3	-71	0	26.16
190	-97	-3	-70	0	27.15
191	-96	-3	-69	0	27.15
192	-96	-3	-108	-4	12.02
193	-95	-3	-107	-3	11.98
194	-94	-4	-107	-3	13.01
195	-94	-4	-106	-3	12.02
196	-92	-4	-106	-3	14.01
197	-92	-4	-105	-3	13.01
198	-89	-4	-105	-3	16.00
199	-87	-4	-104	-3	17.00
200	-87	-4	-104	-3	17.00
201	-87	-4	-104	-3	17.00
202	-87	-4	-103	-3	16.00
203	-86	-5	-103	-3	17.07
204	-86	-5	-102	-3	16.08
205	-84	-5	-102	-3	18.07
206	-83	-5	-101	-3	18.07
207	-83	-5	-101	-3	18.07
208	-82	-5	-101	-3	19.06
209	-82	-5	-100	-3	18.07
210	-82	-5	-100	-3	18.07
211	-81	-5	-99	-3	18.07
212	-81	-5	-99	-3	18.07
213	-80	-5	-98	-3	18.07
214	-80	-5	-98	-3	18.07
215	-79	-6	-97	-3	18.19
216	-79	-6	-97	-3	18.19
217	-79	-6	-97	-3	18.19
218	-79	-6	-96	-3	17.21
219	-79	-6	-96	-3	17.21
220	-80	-6	-95	-3	15.25
221	-80	-6	-95	-3	15.25
222	-80	-6	-94	-3	14.27
223	-80	-6	-94	-3	14.27
224	-80	-6	-70	-1	11.16
225	-81	-6	-69	0	13.40
226	-81	-6	-68	0	14.30
227	-82	-6	-67	0	16.13
228	-82	-6	-66	0	17.06
229	-82	-6	-65	0	18.00
230	-83	-6	-65	0	18.94
231	-83	-6	-64	0	19.89
232	-84	-5	-63	0	21.56
233	-84	-4	-62	0	22.34
234	-84	-4	-61	0	23.33
235	-85	-2	-61	0	24.08
236	-85	-2	-60	0	25.07
237	-86	0	-59	0	27.00
238	-87	1	-58	0	29.02
239	-87	1	-57	0	30.02
240	-89	5	-57	0	32.35
241	-89	5	-56	0	33.33
242	-91	7	-55	0	36.58
243	-91	7	-54	0	37.56
244	-92	10	-53	0	40.06
245	-95	13	-52	0	44.55
246	-95	13	-52	0	44.55
247	-97	15	-51	0	47.86
248	-97	15	-50	0	48.79
249	-99	17	-49	0	52.07
250	-101	19	-48	0	55.32
251	-101	19	-48	0	55.32
252	-103	21	-47	0	58.53
253	-103	21	-46	0	59.44
254	-106	23	-45	0	63.50
255	-109	26	-44	0	67.68
256	-109	26	-64	-9	56.00
257	-114	28	-63	-9	61.62
258	-114	28	-63	-9	61.62
259	-119	31	-62	-9	67.63
260	-124	33	-62	-9	72.32
261	-124	33	-61	-9	73.09
262	-130	36	-61	-9	78.79
263	-130	36	-60	-9	79.55
264	-135	37	-60	-9	83.68
265	-135	37	-59	-9	84.45
266	-139	38	-59	-9	87.77
267	-143	39	-58	-10	92.44
268	-143	39	-58	-10	92.44
269	-146	40	-57	-10	95.65
270	-146	40	-57	-10	95.65
271	-150	40	-56	-10	99.45
272	-154	40	-56	-10	102.51
273	-154	40	-55	-10	103.28
274	-157	41	-55	-10	105.57
275	-157	41	-54	-10	106.33
276	-161	40	-54	-10	109.40
277	-164	40	-53	-10	112.46
278	-164	40	-53	-11	113.09
279	-168	40	-52	-11	116.89
280	-168	40	-52	-11	116.89
281	-171	39	-51	-11	120.10
282	-171	39	-51	-11	120.10
283	-174	39	-50	-11	123.14
284	-178	39	-50	-11	126.14
285	-178	39	-49	-11	126.88
286	178	39	-49	-11	129.82
287	178	39	-48	-11	130.54
288	174	39	-138	58	35.98
289	170	38	-138	59	38.96
290	170	38	-139	60	38.64
291	166	39	-140	61	39.48
292	166	39	-141	62	39.17
293	163	38	-142	63	41.08
294	158	38	-143	64	43.01
295	158	38	-144	65	42.74
296	154	38	-145	66	44.13
297	154	38	-146	67	43.89
298	150	38	-147	68	45.18
299	147	37	-147	69	47.29
300	147	37	-148	70	47.08
301	144	37	-149	71	47.88
302	144	37	-150	72	47.72
303	141	36	-151	73	49.40
304	137	36	-152	74	50.39
305	137	36	-153	75	50.25
306	134	35	-154	76	51.85
307	134	35	-155	77	51.77
308	130	34	-156	78	53.52
309	130	34	-157	79	53.48
310	127	32	-157	80	56.12
311	122	31	-158	81	57.86
312	122	31	-159	82	57.81
313	115	29	-160	83	60.63
314	115	29	-161	84	60.55
315	109	26	-162	85	64.02
316	103	23	-163	86	67.34
317	103	23	-164	87	67.19
318	97	20	-165	88	70.29
319	97	20	-166	89	70.12
320	91	16	97	52	36.31
321	87	12	94	52	40.40
322	87	12	92	52	40.20
323	84	8	89	53	45.18
324	84	8	87	53	45.07
325	83	5	84	54	49.01
326	81	4	82	54	50.01
327	81	4	80	54	50.01
328	78	3	77	55	52.01
329	78	3	75	55	52.06
330	75	1	72	56	55.05
331	75	1	70	56	55.15
332	72	0	68	56	56.09
333	72	0	65	57	57.28
334	70	0	63	57	57.28
335	68	0	60	58	58.35
336	68	0	58	58	58.54
337	67	-1	56	58	59.65
338	67	-1	53	59	61.01
339	67	-1	51	59	61.31
340	67	-1	48	60	62.77
341	67	-1	46	60	63.15
342	68	0	44	60	62.82
343	68	0	41	61	64.41
344	68	0	39	61	64.91
345	69	0	36	62	66.81
346	69	0	34	62	67.38
347	69	0	32	62	67.98
348	69	0	29	63	69.65
349	70	0	27	63	70.61
350	71	0	24	64	72.60
351	71	0	22	64	73.29
352	71	0	8	-7	63.22
353	71	0	5	-7	66.19
354	72	0	2	-8	70.20
355	72	0	0	-9	72.23
356	72	-1	-2	-9	74.04
357	72	0	-4	-10	76.22
358	72	0	-7	-11	79.20
359	73	0	-10	-12	83.15
360	72	0	-12	-12	84.13
361	72	0	-15	-13	87.08
362	71	0	-17	-14	88.06
363	71	0	-20	-14	90.97
364	67	-1	-23	-15	89.74
365	61	-3	-25	-16	85.33
366	61	-3	-28	-17	88.17
367	57	-4	-30	-17	85.97
368	57	-4	-33	-18	88.76
369	57	-4	-36	-19	91.53
370	53	-5	-38	-19	89.32
371	49	-6	-41	-20	87.95
372	45	-7	-43	-21	85.64
373	45	-7	-46	-22	88.30
374	41	-8	-49	-22	87.01
375	41	-8	-51	-23	88.71
376	41	-8	-54	-24	91.27
377	35	-10	-56	-24	86.85
378	35	-10	-59	-25	89.36
379	35	-10	-62	-26	91.82
380	31	-11	-64	-27	89.40
381	31	-11	-67	-27	92.01
382	22	-13	-69	-28	84.80
383	22	-13	-72	-29	87.16
384	22	-13	51	-16	28.21
385	18	-14	50	-16	30.94
386	14	-14	49	-17	33.82
387	14	-14	49	-17	33.82
388	14	-14	48	-18	32.88
389	8	-14	47	-18	37.64
390	8	-14	47	-19	37.65
391	6	-13	46	-19	38.83
392	6	-13	46	-20	38.89
393	6	-13	45	-20	37.95
394	1	-13	44	-21	41.76
395	1	-13	44	-21	41.76
396	1	-13	43	-22	40.92
397	-1	-12	42	-22	42.17
398	-1	-12	42	-23	42.29
399	-3	-10	41	-23	43.95
400	-3	-10	41	-24	44.13
401	-3	-6	40	-24	45.01
402	-3	-6	39	-25	44.44
403	-2	-2	39	-25	45.71
404	-2	-2	38	-26	45.30
405	0	0	37	-26	44.13
406	0	0	37	-27	44.64
407	-1	2	36	-27	45.95
408	-1	2	36	-28	46.50
409	-1	4	35	-28	47.17
410	0	6	34	-29	47.90
411	2	6	34	-29	46.61
412	2	6	33	-30	46.69
413	3	6	32	-30	45.49
414	3	6	32	-31	46.23
415	3	6	31	-31	45.67
416	3	6	-27	-26	43.26
417	3	6	-28	-26	43.91
418	3	6	-30	-26	45.26
419	3	6	-31	-27	46.59
420	3	6	-33	-27	47.98
421	2	5	-34	-28	47.88
422	2	5	-36	-28	49.29
423	1	5	-37	-28	49.29
424	1	5	-39	-29	51.30
425	0	4	-40	-29	50.61
426	0	4	-42	-30	52.62
427	0	4	-43	-30	53.35
428	0	4	-45	-30	54.83
429	-2	3	-46	-31	53.93
430	-2	3	-48	-31	55.41
431	-4	1	-49	-32	53.82
432	-4	1	-51	-32	55.32
433	-10	-1	-53	-32	51.00
434	-10	-1	-54	-33	52.21
435	-15	-1	-56	-33	50.03
436	-15	-1	-57	-34	51.26
437	-20	-3	-59	-34	47.73
438	-20	-3	-60	-34	48.43
439	-24	-5	-62	-35	46.13
440	-24	-5	-63	-35	46.83
441	-27	-5	-65	-36	46.66
442	-27	-5	-66	-36	47.35
443	-34	-5	-68	-36	44.00
444	-34	-5	-69	-37	45.24
445	-38	-4	-71	-37	44.75
446	-38	-4	-72	-38	46.00
447	-41	-5	-74	-38	44.60
448	-41	-5	-16	25	38.61
449	-45	-4	-16	25	40.42
450	-45	-4	-17	26	40.44
451	-49	-4	-17	26	43.13
452	-49	-4	-18	27	43.10
453	-51	-4	-18	27	44.46
454	-51	-4	-19	28	44.42
455	-55	-4	-20	29	47.09
456	-55	-4	-20	29	47.09
457	-56	-5	-21	30	48.46
458	-56	-5	-21	30	48.46
459	-58	-5	-22	31	49.76
460	-58	-5	-23	32	49.77
461	-59	-4	-23	32	49.65
462	-59	-4	-24	33	49.66
463	-60	-4	-24	33	50.29
464	-60	-4	-25	34	50.32
465	-61	-4	-26	35	51.00
466	-61	-4	-26	35	51.00
467	-62	-4	-27	36	51.68
468	-62	-4	-27	36	51.68
469	-60	-4	-28	37	50.68
470	-60	-4	-29	38	50.89
471	-58	-5	-29	38	50.73
472	-58	-5	-30	39	51.04
473	-57	-5	-30	39	50.58
474	-57	-5	-31	40	50.96
475	-56	-5	-32	41	50.98
476	-54	-5	-32	41	50.21
477	-54	-5	-33	42	50.74
478	-52	-5	-33	42	50.08
479	-52	-5	-34	43	50.69
480	-50	-6	-85	-16	35.72
481	-50	-6	-86	-16	36.66
482	-47	-5	-87	-16	40.75
483	-47	-5	-89	-17	42.82
484	-44	-6	-90	-17	46.27
485	-44	-6	-91	-17	47.22
486	-33	-6	-93	-18	59.65
487	-33	-6	-94	-18	60.60
488	-24	-7	-96	-18	70.77
489	-24	-7	-97	-19	71.70
490	-15	-7	-98	-19	81.14
491	-15	-7	-100	-19	83.02
492	-5	-7	-101	-20	93.20
493	-5	-7	-102	-20	94.13
494	4	-7	-104	-20	104.27
495	4	-7	-105	-21	104.95
496	21	-8	-107	-21	121.29
497	21	-8	-108	-21	122.14
498	27	-8	-109	-22	127.47
499	27	-8	-111	-22	129.06
500	32	-8	-112	-22	133.68
501	32	-8	-113	-23	133.81
502	37	-8	-115	-23	138.63
503	37	-8	-116	-23	139.27
504	43	-8	-118	-24	143.01
505	43	-8	-119	-24	143.49
506	49	-8	-120	-24	146.25
507	49	-8	-122	-25	145.86
508	64	-9	-123	-25	145.32
509	64	-9	-124	-25	145.12
510	70	-9	-126	-26	141.70
511	70	-9	-127	-26	141.29
512	73	-10	-59	-7	129.26
513	73	-10	-59	-7	129.26
514	74	-11	-59	-7	129.88
515	74	-11	-59	-7	129.88
516	75	-12	-60	-7	131.39
517	75	-12	-60	-7	131.39
518	77	-11	-60	-7	133.58
519	77	-11	-60	-7	133.58
520	80	-11	-61	-7	137.22
521	80	-11	-61	-7	137.22
522	82	-11	-61	-7	139.01
523	82	-11	-62	-7	139.91
524	82	-12	-62	-7	139.47
525	82	-12	-62	-7	139.47
526	83	-12	-62	-7	140.35
527	83	-12	-63	-7	141.22
528	83	-11	-63	-7	141.67
529	83	-11	-63	-7	141.67
530	83	-11	-64	-7	142.55
531	83	-11	-64	-7	142.55
532	84	-12	-64	-7	142.94
533	84	-12	-64	-7	142.94
534	84	-12	-65	-7	143.79
535	84	-12	-65	-7	143.79
536	85	-12	-65	-7	144.63
537	85	-12	-66	-7	145.47
538	85	-12	-66	-7	145.47
539	85	-12	-66	-7	145.47
540	84	-15	-66	-7	143.01
541	84	-15	-67	-7	143.80
542	85	-14	-67	-7	145.17
543	85	-14	-67	-7	145.17
544	89	-15	-164	-14	102.20
545	89	-15	-161	-14	104.95
546	92	-16	-157	-14	105.52
547	92	-16	-153	-14	109.12
548	95	-18	-149	-14	109.26
549	95	-18	-145	-14	112.75
550	99	-17	-141	-14	113.15
551	99	-17	-138	-14	115.76
552	101	-16	-134	-15	117.47
553	101	-16	-130	-15	120.86
554	103	-17	-126	-15	122.03
555	103	-17	-122	-15	125.27
556	106	-17	-118	-15	126.07
557	106	-17	-115	-15	128.42
558	110	-16	-111	-15	129.01
559	110	-16	-107	-15	132.08
560	115	-13	-103	-16	132.54
561	115	-13	-99	-16	135.60
562	128	-10	-95	-16	130.13
563	128	-10	-91	-16	133.46
564	137	-9	-88	-16	128.92
565	137	-9	-84	-16	132.33
566	144	-9	-80	-16	129.78
567	144	-9	-76	-16	133.17
568	150	-9	-72	-17	131.01
569	150	-9	-68	-17	134.31
570	155	-9	-65	-17	132.67
571	155	-9	-61	-17	135.92
572	165	-7	-57	-17	132.05
573	165	-7	-53	-17	135.42
574	169	-6	-49	-17	135.96
575	169	-6	-45	-17	139.28
576	172	-7	105	-20	66.04
577	172	-7	105	-20	66.04
578	176	-8	106	-20	68.54
579	-179	-8	106	-20	73.24
580	-179	-8	107	-20	72.30
581	-175	-8	107	-20	76.05
582	-175	-8	108	-20	75.11
583	-175	-8	108	-21	75.06
584	-171	-8	109	-21	77.85
585	-167	-7	109	-21	81.92
586	-167	-7	110	-21	80.99
587	-163	-6	110	-21	85.06
588	-161	-3	111	-21	87.06
589	-161	-3	111	-22	87.02
590	-159	-1	112	-22	88.70
591	-160	2	112	-22	88.90
592	-160	2	113	-22	87.97
593	-160	7	113	-22	89.86
594	-162	12	114	-22	89.03
595	-162	12	114	-22	89.03
596	-162	12	115	-23	88.37
597	-165	16	115	-23	87.37
598	-165	16	116	-23	86.49
599	-169	19	116	-23	84.37
600	-174	23	117	-23	81.32
601	-174	23	117	-23	81.32
602	-178	27	118	-24	80.09
603	-179	29	118	-24	80.47
604	-179	29	119	-24	79.75
605	178	32	119	-24	79.43
606	178	32	120	-24	78.75
607	177	34	120	-24	79.34
608	177	34	-105	1	79.51
609	175	35	-103	1	82.88
610	172	35	-100	1	87.79
611	172	35	-98	1	89.43
612	171	35	-95	2	92.13
613	171	35	-93	2	93.76
614	170	34	-90	2	97.14
615	168	32	-87	2	101.59
616	168	32	-85	3	102.70
617	167	30	-82	3	106.48
618	167	30	-80	3	108.16
619	165	26	-77	3	113.48
620	163	18	-74	4	119.68
621	163	18	-72	4	121.51
622	159	9	-69	4	130.42
623	159	9	-67	4	132.34
624	156	0	-64	5	139.74
625	152	-4	-61	5	147.09
626	152	-4	-59	5	149.08
627	151	0	-56	5	152.58
628	151	0	-54	6	154.34
629	150	-4	-51	6	158.99
630	150	-4	-48	6	161.96
631	150	-9	-46	6	163.86
632	151	-1	-43	7	164.81
633	151	-1	-41	7	166.61
634	152	-7	-38	7	170.07
635	152	-7	-35	7	173.05
636	151	-14	-33	8	172.83
637	150	-12	-30	8	176.00
638	150	-12	-28	8	175.54
639	149	-16	-25	8	170.08
640	149	-16	-178	75	93.30
641	146	-20	-178	76	98.51
642	141	-21	-178	77	100.99
643	141	-21	-178	78	101.77
644	135	-21	-178	80	104.03
645	135	-21	-178	81	104.74
646	128	-20	-178	82	105.18
647	128	-20	-177	83	105.89
648	122	-20	-177	85	107.52
649	121	-20	-177	86	108.08
650	121	-20	-177	87	108.57
651	122	-19	-177	89	108.51
652	122	-19	-177	90	109.00
653	121	-19	-176	90	109.00
654	118	-20	-176	90	110.00
655	118	-20	-176	90	110.00
656	115	-22	-176	90	112.00
657	115	-22	-176	90	112.00
658	113	-23	-176	90	113.00
659	113	-23	-176	90	113.00
660	109	-24	-175	90	114.00
661	104	-26	-175	90	116.00
662	104	-26	-175	90	116.00
663	99	-25	-175	90	115.00
664	99	-25	-175	90	115.00
665	95	-24	-175	90	114.00
666	92	-25	-174	90	115.00
667	92	-25	-174	90	115.00
668	90	-25	-174	90	115.00
669	90	-25	-174	90	115.00
670	88	-23	-174	90	113.00
671	88	-23	-174	90	113.00
672	87	-23	121	-66	48.14
673	86	-23	120	-67	48.86
674	86	-23	119	-69	50.10
675	84	-23	118	-70	51.08
676	84	-23	117	-72	52.40
677	81	-23	116	-73	53.55
678	79	-22	115	-75	56.22
679	79	-22	114	-76	56.82
680	78	-22	114	-78	58.51
681	78	-22	113	-80	59.95
682	79	-22	112	-81	60.55
683	79	-22	111	-83	62.12
684	79	-21	110	-84	63.89
685	79	-21	109	-86	65.55
686	79	-21	108	-87	66.38
687	80	-20	107	-89	69.11
688	80	-20	107	-90	70.00
689	80	-18	106	-90	72.00
690	80	-18	105	-90	72.00
691	80	-17	104	-90	73.00
692	80	-16	103	-90	74.00
693	80	-16	102	-90	74.00
694	81	-16	101	-90	74.00
695	81	-16	100	-90	74.00
696	81	-16	100	-90	74.00
697	81	-16	99	-90	74.00
698	82	-16	98	-90	74.00
699	82	-16	97	-90	74.00
700	82	-16	96	-90	74.00
701	82	-16	95	-90	74.00
702	82	-16	94	-90	74.00
703	82	-16	93	-90	74.00
704	82	-16	25	-30	53.76
705	82	-16	23	-30	55.49
706	82	-16	21	-30	57.22
707	82	-16	19	-30	58.95
708	82	-16	17	-30	60.68
709	82	-16	15	-31	62.36
710	83	-16	13	-31	64.93
711	83	-16	11	-31	66.64
712	83	-16	9	-31	68.34
713	83	-16	7	-31	70.04
714	83	-16	5	-32	71.61
715	83	-16	3	-32	73.28
716	83	-16	1	-32	74.96
717	83	-16	0	-32	75.79
718	84	-16	-2	-33	78.09
719	84	-16	-4	-33	79.73
720	84	-16	-6	-33	81.37
721	84	-16	-7	-33	82.18
722	84	-16	-9	-33	83.80
723	84	-16	-11	-34	85.14
724	84	-16	-13	-34	86.73
725	84	-16	-15	-34	88.31
726	84	-16	-17	-34	89.88
727	84	-15	-19	-35	91.69
728	84	-15	-21	-35	93.23
729	84	-13	-23	-35	95.99
730	85	-13	-25	-35	98.28
731	85	-13	-27	-35	99.79
732	85	-13	-29	-36	100.86
733	85	-13	-31	-36	102.32
734	86	-13	-33	-36	104.47
735	88	-13	-35	-36	107.28
736	88	-13	77	-9	11.51
737	89	-13	76	-8	13.72
738	89	-13	76	-8	13.72
739	90	-12	76	-8	14.35
740	90	-12	76	-8	14.35
741	91	-13	76	-7	15.94
742	94	-15	76	-7	19.38
743	94	-15	75	-7	20.28
744	95	-15	75	-7	21.18
745	95	-15	75	-7	21.18
746	94	-13	75	-6	19.99
747	93	-12	75	-6	18.75
748	93	-12	75	-6	18.75
749	94	-13	74	-6	20.92
750	94	-13	74	-5	21.29
751	96	-14	74	-5	23.46
752	98	-14	74	-5	25.29
753	98	-14	74	-5	25.29
754	98	-13	74	-5	24.99
755	98	-13	74	-4	25.36
756	99	-12	73	-4	26.94
757	99	-12	73	-4	26.94
758	102	-10	73	-4	29.38
759	104	-7	73	-3	31.13
760	104	-7	73	-3	31.13
761	105	-7	73	-3	32.12
762	105	-7	72	-3	33.11
763	106	-8	72	-3	34.20
764	105	-9	72	-2	33.56
765	105	-9	72	-2	33.56
766	107	-10	72	-2	35.68
767	107	-10	72	-2	35.68
768	108	-10	94	-10	13.79
769	111	-9	94	-9	16.79
770	111	-9	94	-9	16.79
771	111	-8	94	-9	16.84
772	111	-8	94	-9	16.84
773	111	-7	94	-9	16.95
774	111	-7	95	-9	15.97
775	112	-7	95	-9	16.95
776	113	-8	95	-9	17.83
777	113	-8	95	-9	17.83
778	113	-8	95	-9	17.83
779	113	-8	96	-8	16.83
780	114	-8	96	-8	17.82
781	115	-7	96	-8	18.86
782	115	-7	96	-8	18.86
783	116	-7	96	-8	19.85
784	116	-7	97	-8	18.86
785	117	-7	97	-8	19.85
786	118	-6	97	-8	20.94
787	118	-6	97	-8	20.94
788	119	-7	97	-8	21.83
789	119	-7	97	-8	21.83
790	119	-8	98	-7	20.84
791	119	-7	98	-7	20.84
792	119	-7	98	-7	20.84
793	119	-7	98	-7	20.84
794	119	-7	98	-7	20.84
795	120	-6	99	-7	20.89
796	120	-6	99	-7	20.89
797	120	-6	99	-7	20.89
798	121	-4	99	-7	22.10
799	121	-4	99	-7	22.10
800	122	-3	128	-7	7.19
801	122	-3	128	-6	6.69
802	120	-2	129	-6	9.83
803	118	-1	129	-6	12.06
804	118	-1	130	-6	12.98
805	116	0	131	-6	16.13
806	116	0	131	-6	16.13
807	114	1	132	-6	19.29
808	112	0	133	-6	21.80
809	112	0	133	-6	21.80
810	112	0	134	-6	22.76
811	112	0	134	-5	22.53
812	113	0	135	-5	22.53
813	112	0	136	-5	24.49
814	112	0	136	-5	24.49
815	111	0	137	-5	26.44
816	111	0	138	-5	27.42
817	107	0	138	-5	31.36
818	107	0	139	-5	32.35
819	102	0	139	-5	37.29
820	97	-1	140	-5	43.12
821	97	-1	141	-5	44.11
822	94	-1	141	-4	47.04
823	94	-1	142	-4	48.04
824	93	-1	143	-4	50.03
825	93	-2	143	-4	49.96
826	93	-2	144	-4	50.96
827	93	-2	144	-4	50.96
828	93	-2	145	-4	51.96
829	94	-2	146	-4	51.96
830	93	-1	146	-4	53.02
831	93	-1	147	-4	54.02
832	92	-1	136	4	44.25
833	92	-1	136	4	44.25
834	91	-1	136	4	45.25
835	91	-1	137	4	46.24
836	90	-1	137	4	47.23
837	90	-2	138	5	48.46
838	90	-2	138	5	48.46
839	89	-2	139	5	50.44
840	89	-2	139	5	50.44
841	89	-2	139	5	50.44
842	88	-3	140	6	52.70
843	88	-3	140	6	52.70
844	88	-3	141	6	53.68
845	88	-3	141	6	53.68
846	88	-3	142	7	54.81
847	87	-3	142	7	55.80
848	87	-3	143	7	56.78
849	87	-3	143	7	56.78
850	87	-3	143	7	56.78
851	86	-4	144	8	59.08
852	86	-4	144	8	59.08
853	86	-4	145	8	60.06
854	86	-4	145	8	60.06
855	86	-4	146	9	61.20
856	86	-4	146	9	61.20
857	86	-4	146	9	61.20
858	86	-4	147	9	62.18
859	86	-4	147	9	62.18
860	86	-4	148	10	63.31
861	85	-3	148	10	64.06
862	85	-3	149	10	65.04
863	83	-3	149	10	66.99
864	81	-3	62	1	19.41
865	81	-3	61	1	20.39
866	80	-3	60	1	20.39
867	80	-3	59	1	21.37
868	79	-2	58	1	21.21
869	78	-2	57	1	21.21
870	78	-2	56	1	22.20
871	77	-1	55	1	22.09
872	77	-1	54	1	23.09
873	75	0	53	1	22.02
874	73	0	52	1	21.02
875	73	0	51	1	22.02
876	70	-1	50	1	20.10
877	70	-1	49	1	21.09
878	68	-1	48	1	20.10
879	68	-1	47	1	21.09
880	65	-1	47	2	18.25
881	63	0	46	2	17.11
882	63	0	45	2	18.11
883	62	0	44	2	18.11
884	62	0	43	2	19.10
885	61	0	42	2	19.10
886	61	0	41	2	20.10
887	61	0	40	2	21.09
888	60	0	39	2	21.09
889	60	0	38	2	22.09
890	59	0	37	2	22.09
891	57	0	36	2	21.09
892	57	0	35	2	22.09
893	55	-1	34	2	21.21
894	55	-1	33	2	22.20
895	52	-2	32	2	20.39
896	50	-3	70	-5	20.05
897	50	-3	69	-5	19.06
898	48	-3	69	-5	21.04
899	48	-3	68	-5	20.05
900	47	-4	68	-5	20.96
901	47	-4	68	-5	20.96
902	46	-4	67	-5	20.96
903	46	-3	67	-5	21.04
904	46	-3	67	-5	21.04
905	44	-4	66	-5	21.95
906	44	-4	66	-5	21.95
907	42	-5	66	-5	23.91
908	38	-4	65	-5	26.93
909	38	-4	65	-5	26.93
910	38	-4	65	-5	26.93
911	36	-1	64	-5	28.24
912	33	3	64	-6	32.24
913	33	3	64	-6	32.24
914	31	10	63	-6	35.67
915	30	16	63	-6	39.38
916	30	16	63	-6	39.38
917	29	21	62	-6	42.16
918	29	21	62	-6	42.16
919	28	24	62	-6	44.71
920	28	24	61	-6	43.99
921	28	25	61	-6	44.62
922	27	27	61	-6	46.59
923	27	27	60	-6	45.92
924	25	29	60	-6	48.56
925	25	29	60	-6	48.56
926	24	30	59	-6	49.21
927	24	30	59	-6	49.21
928	24	30	19	-3	33.34
929	23	31	18	-3	34.33
930	23	31	17	-3	34.48
931	21	32	16	-3	35.32
932	21	32	15	-3	35.46
933	20	32	14	-3	35.46
934	20	32	13	-3	35.63
935	17	33	12	-3	36.31
936	15	33	11	-3	36.20
937	15	33	10	-3	36.31
938	12	33	9	-3	36.11
939	12	33	8	-3	36.20
940	9	32	7	-3	35.05
941	7	31	6	-3	34.01
942	7	31	5	-3	34.05
943	4	29	4	-3	32.00
944	4	29	3	-3	32.01
945	1	28	2	-3	31.01
946	1	28	1	-3	31.00
947	0	27	0	-3	30.00
948	-2	27	0	-3	30.06
949	-2	27	-1	-3	30.02
950	-4	24	-2	-3	27.07
951	-4	24	-3	-3	27.02
952	-4	24	-4	-3	27.00
953	-6	21	-5	-3	24.02
954	-7	18	-6	-3	21.02
955	-8	17	-7	-3	20.02
956	-8	17	-8	-3	20.00
957	-8	17	-9	-3	20.02
958	-8	17	-10	-3	20.10
959	-9	16	-11	-3	19.10
960	-9	16	-2	63	47.25
961	-10	15	-2	64	49.31
962	-10	13	-3	65	52.22
963	-10	13	-4	66	53.16
964	-12	12	-5	67	55.20
965	-12	12	-6	68	56.14
966	-15	10	-6	69	59.29
967	-16	9	-7	70	61.27
968	-16	9	-8	71	62.20
969	-16	9	-9	72	63.15
970	-16	9	-10	73	64.10
971	-14	9	-10	74	65.04
972	-14	9	-11	75	66.02
973	-13	10	-12	76	66.00
974	-13	10	-13	77	67.00
975	-13	10	-14	78	68.00
976	-13	9	-15	79	70.01
977	-13	9	-15	80	71.01
978	-13	9	-16	81	72.01
979	-13	9	-17	82	73.02
980	-13	9	-18	83	74.03
981	-12	9	-19	84	75.05
982	-12	9	-19	85	76.04
983	-12	9	-20	86	77.04
984	-12	9	-21	87	78.04
985	-12	9	-22	88	79.03
986	-12	10	-23	89	79.02
987	-12	10	-23	90	80.00
988	-11	10	-24	90	80.00
989	-11	10	-25	90	80.00
990	-11	11	-26	90	79.00
991	-10	12	-27	90	78.00
992	-10	12	-42	2	33.25
993	-10	13	-43	1	34.82
994	-10	13	-44	1	35.75
995	-8	13	-45	0	38.91
996	-7	13	-46	0	40.78
997	-7	13	-47	0	41.72
998	-6	13	-48	0	43.61
999	-6	13	-49	-1	44.88
1000	-6	12	-50	-1	45.58
1001	-4	11	-51	-1	48.24
1002	-4	11	-52	-2	49.48
1003	-2	11	-53	-2	52.36
1004	-2	11	-54	-3	53.59
1005	-1	11	-55	-3	55.51
1006	-1	11	-56	-4	56.75
1007	-1	11	-57	-4	57.71
1008	-1	11	-58	-5	58.94
1009	-1	11	-59	-5	59.90
1010	0	11	-60	-5	61.82
1011	0	11	-61	-6	63.04
1012	0	10	-62	-6	63.79
1013	0	11	-63	-7	65.22
1014	0	11	-64	-7	66.18
1015	0	11	-65	-8	67.40
1016	0	11	-66	-8	68.36
1017	0	11	-67	-8	69.31
1018	1	11	-68	-9	71.48
1019	1	11	-69	-9	72.44
1020	1	10	-70	-10	73.41
1021	1	10	-71	-10	74.36
1022	1	10	-72	-11	75.55
1023	2	10	-73	-11	77.46
1024	2	10	-11	8	12.99
1025	2	10	-11	7	13.20
1026	2	10	-11	7	13.20
1027	2	10	-11	7	13.20
1028	3	10	-11	7	14.17
1029	3	10	-11	7	14.17
1030	3	10	-11	7	14.17
1031	3	10	-11	7	14.17
1032	3	10	-11	7	14.17
1033	3	10	-11	6	14.43
1034	3	10	-11	6	14.43
1035	3	10	-11	6	14.43
1036	3	10	-11	6	14.43
1037	3	10	-11	6	14.43
1038	4	10	-11	6	15.38
1039	4	10	-11	6	15.38
1040	4	10	-11	6	15.38
1041	4	10	-11	5	15.68
1042	4	10	-11	5	15.68
1043	4	10	-11	5	15.68
1044	4	10	-11	5	15.68
1045	4	10	-11	5	15.68
1046	4	10	-11	5	15.68
1047	4	10	-11	5	15.68
1048	4	10	-11	5	15.68
1049	4	10	-11	4	16.04
1050	4	10	-11	4	16.04
1051	4	11	-11	4	16.43
1052	4	11	-11	4	16.43
1053	4	11	-11	4	16.43
1054	5	11	-11	4	17.33
1055	5	11	-11	4	17.33
1056	5	11	14	8	9.37
1057	5	11	14	7	9.75
1058	5	11	14	7	9.75
1059	5	11	15	7	10.65
1060	5	11	15	7	10.65
1061	5	11	15	7	10.65
1062	5	12	16	7	11.94
1063	5	12	16	7	11.94
1064	5	12	17	7	12.84
1065	6	12	17	7	11.94
1066	6	12	17	7	11.94
1067	6	12	18	7	12.84
1068	7	12	18	7	11.94
1069	7	12	18	7	11.94
1070	7	12	19	7	12.84
1071	9	12	19	7	11.05
1072	9	12	20	7	11.94
1073	9	12	20	6	12.41
1074	12	12	20	6	9.92
1075	12	12	21	6	10.72
1076	12	12	21	6	10.72
1077	14	12	21	6	9.15
1078	14	12	22	6	9.92
1079	14	12	22	6	9.92
1080	14	12	23	6	10.72
1081	14	12	23	6	10.72
1082	14	10	23	6	9.77
1083	14	10	24	6	10.68
1084	13	9	24	6	11.31
1085	13	9	24	6	11.31
1086	12	8	25	6	13.06
1087	12	8	25	6	13.06
1088	12	8	8	12	5.61
1089	12	8	8	12	5.61
1090	12	6	8	12	7.18
1091	12	6	8	12	7.18
1092	11	6	8	12	6.69
1093	11	6	8	12	6.69
1094	10	4	8	12	8.24
1095	10	4	8	12	8.24
1096	10	2	8	12	10.19
1097	10	2	8	12	10.19
1098	9	2	8	12	10.05
1099	9	2	9	12	10.00
1100	9	3	9	12	9.00
1101	9	3	9	12	9.00
1102	8	4	9	12	8.06
1103	8	4	9	12	8.06
1104	8	4	9	12	8.06
1105	8	4	9	12	8.06
1106	8	4	9	12	8.06
1107	8	4	9	12	8.06
1108	8	4	9	12	8.06
1109	8	4	9	12	8.06
1110	8	4	10	12	8.24
1111	8	4	10	12	8.24
1112	8	5	10	12	7.27
1113	8	5	10	12	7.27
1114	8	4	10	12	8.24
1115	9	4	10	12	8.06
1116	9	4	10	12	8.06
1117	8	4	10	12	8.24
1118	8	4	10	12	8.24
1119	8	4	10	12	8.24
1120	8	4	19	5	11.01
1121	8	4	19	4	10.97
1122	8	4	19	4	10.97
1123	8	4	19	4	10.97
1124	8	4	19	4	10.97
1125	9	4	20	4	10.97
1126	9	4	20	4	10.97
1127	9	4	20	4	10.97
1128	9	4	20	4	10.97
1129	9	4	20	4	10.97
1130	9	4	21	4	11.97
1131	10	4	21	3	11.02
1132	10	4	21	3	11.02
1133	10	4	21	3	11.02
1134	10	4	22	3	12.02
1135	10	4	22	3	12.02
1136	10	4	22	3	12.02
1137	9	4	22	3	13.01
1138	9	4	22	3	13.01
1139	9	4	23	3	14.01
1140	9	4	23	3	14.01
1141	10	3	23	3	12.98
1142	10	3	23	2	13.03
1143	9	3	24	2	15.02
1144	9	3	24	2	15.02
1145	9	3	24	2	15.02
1146	9	3	24	2	15.02
1147	9	3	24	2	15.02
1148	9	3	25	2	16.02
1149	9	4	25	2	16.10
1150	9	4	25	2	16.10
1151	9	3	25	2	16.02
1152	9	3	4	0	5.83
1153	10	3	3	0	7.61
1154	10	3	3	0	7.61
1155	10	3	3	0	7.61
1156	10	3	3	0	7.61
1157	10	3	3	0	7.61
1158	10	3	3	0	7.61
1159	10	3	3	0	7.61
1160	10	3	3	-1	8.06
1161	10	3	2	-1	8.94
1162	10	3	2	-1	8.94
1163	10	3	2	-1	8.94
1164	10	3	2	-1	8.94
1165	10	3	2	-1	8.94
1166	10	3	2	-1	8.94
1167	10	3	2	-1	8.94
1168	10	3	2	-2	9.43
1169	10	3	1	-2	10.29
1170	10	3	1	-2	10.29
1171	10	3	1	-2	10.29
1172	10	3	1	-2	10.29
1173	10	3	1	-2	10.29
1174	10	3	1	-2	10.29
1175	10	3	1	-2	10.29
1176	10	2	1	-3	10.29
1177	10	2	0	-3	11.18
1178	10	2	0	-3	11.18
1179	10	2	0	-3	11.18
1180	10	2	0	-3	11.18
1181	10	2	0	-3	11.18
1182	10	2	0	-3	11.18
1183	10	2	0	-3	11.18
1184	10	2	10	2	0.00
1185	10	2	10	1	1.00
1186	10	2	10	1	1.00
1187	10	2	10	1	1.00
1188	10	2	10	1	1.00
1189	10	2	10	1	1.00
1190	10	1	10	1	0.00
1191	10	1	10	1	0.00
1192	10	2	10	1	1.00
1193	10	2	10	1	1.00
1194	10	2	10	1	1.00
1195	11	2	10	1	1.41
1196	11	2	10	1	1.41
1197	12	2	10	1	2.24
1198	13	1	10	1	3.00
1199	13	1	10	1	3.00
1200	13	0	10	1	3.16
1201	13	0	10	1	3.16
1202	13	0	10	1	3.16
1203	13	-1	10	1	3.61
1204	13	-1	10	1	3.61
1205	13	-1	10	1	3.61
1206	13	-1	10	1	3.61
1207	12	-1	10	1	2.83
1208	12	-1	10	1	2.83
1209	12	0	10	1	2.24
1210	12	0	10	1	2.24
1211	12	0	10	1	2.24
1212	12	0	10	1	2.24
1213	12	0	10	1	2.24
1214	12	0	10	1	2.24
1215	12	0	10	1	2.24
1216	13	0	11	1	2.24
1217	13	0	11	0	2.00
1218	13	0	11	0	2.00
1219	14	0	11	0	3.00
1220	14	0	11	0	3.00
1221	14	0	11	0	3.00
1222	14	0	11	0	3.00
1223	14	0	11	0	3.00
1224	14	0	11	0	3.00
1225	14	0	11	0	3.00
1226	14	1	11	0	3.16
1227	14	1	11	0	3.16
1228	14	1	11	0	3.16
1229	13	1	11	0	2.24
1230	13	1	11	0	2.24
1231	13	1	11	0	2.24
1232	13	1	11	0	2.24
1233	13	1	11	0	2.24
1234	12	1	11	0	1.41
1235	12	1	11	0	1.41
1236	12	1	11	0	1.41
1237	12	1	11	0	1.41
1238	11	1	11	0	1.00
1239	11	1	11	0	1.00
1240	11	1	11	0	1.00
1241	11	2	11	0	2.00
1242	11	2	11	0	2.00
1243	11	2	11	0	2.00
1244	11	2	11	0	2.00
1245	11	2	11	0	2.00
1246	11	2	11	0	2.00
1247	11	2	11	0	2.00
1248	11	2	16	-2	6.40
1249	11	2	16	-2	6.40
1250	10	2	16	-2	7.21
1251	10	1	16	-2	6.71
1252	10	1	16	-2	6.71
1253	10	1	16	-2	6.71
1254	10	1	16	-2	6.71
1255	11	0	16	-2	5.38
1256	12	1	16	-2	5.00
1257	12	1	16	-2	5.00
1258	12	2	16	-2	5.66
1259	12	2	17	-2	6.40
1260	12	2	17	-2	6.40
1261	12	2	17	-2	6.40
1262	12	2	17	-2	6.40
1263	12	2	17	-2	6.40
1264	12	2	17	-3	7.07
1265	13	3	17	-3	7.21
1266	14	2	17	-3	5.83
1267	14	2	17	-3	5.83
1268	14	2	17	-3	5.83
1269	14	2	17	-3	5.83
1270	14	3	18	-3	7.21
1271	15	3	18	-3	6.71
1272	15	3	18	-3	6.71
1273	16	3	18	-3	6.32
1274	16	3	18	-3	6.32
1275	17	2	18	-3	5.10
1276	20	2	18	-3	5.38
1277	20	2	18	-3	5.38
1278	22	2	18	-3	6.40
1279	22	2	18	-3	6.40
1280	25	2	9	4	16.10
1281	25	2	8	4	17.09
1282	29	2	8	4	21.06
1283	33	2	8	4	25.04
1284	33	2	8	4	25.04
1285	39	2	8	4	31.02
1286	39	2	8	4	31.02
1287	45	1	8	4	37.08
1288	51	0	8	4	43.15
1289	51	0	8	4	43.15
1290	56	-1	8	4	48.23
1291	56	-1	8	4	48.23
1292	60	-2	8	4	52.31
1293	62	-3	8	4	54.42
1294	62	-3	8	4	54.42
1295	64	-4	8	4	56.52
1296	64	-4	8	5	56.66
1297	65	-4	7	5	58.63
1298	65	-4	7	5	58.63
1299	65	-4	7	5	58.63
1300	64	-5	7	5	57.80
1301	64	-5	7	5	57.80
1302	64	-5	7	5	57.80
1303	63	-5	7	5	56.81
1304	63	-5	7	5	56.81
1305	60	-5	7	5	53.87
1306	60	-5	7	5	53.87
1307	56	-4	7	5	49.77
1308	53	-4	7	5	46.82
1309	53	-4	7	5	46.82
1310	50	-4	7	5	43.89
1311	50	-4	7	5	43.89
1312	47	-4	39	2	10.00
1313	43	-4	39	2	7.21
1314	43	-4	39	2	7.21
1315	39	-4	40	2	6.08
1316	39	-4	40	2	6.08
1317	35	-4	41	2	8.48
1318	35	-4	41	2	8.48
1319	32	-3	42	2	11.18
1320	29	-2	42	2	13.60
1321	29	-2	42	2	13.60
1322	27	-2	43	2	16.49
1323	27	-2	43	2	16.49
1324	25	-1	44	2	19.23
1325	24	0	44	2	20.10
1326	24	0	45	2	21.09
1327	22	1	45	2	23.01
1328	22	1	46	2	24.01
1329	21	5	46	2	25.13
1330	19	6	46	2	27.22
1331	19	6	47	2	28.21
1332	18	8	47	2	29.49
1333	18	8	48	2	30.47
1334	18	9	48	2	30.65
1335	17	11	49	2	33.01
1336	17	11	49	2	33.01
1337	17	11	49	2	33.01
1338	17	11	50	2	33.96
1339	17	11	50	2	33.96
1340	17	10	51	2	34.71
1341	17	10	51	2	34.71
1342	16	10	52	2	36.65
1343	16	10	52	2	36.65
1344	15	10	69	-10	57.32
1345	15	10	69	-10	57.32
1346	15	10	70	-10	58.26
1347	15	9	71	-10	58.89
1348	15	9	71	-10	58.89
1349	14	9	72	-10	60.77
1350	15	9	73	-11	61.06
1351	15	9	73	-11	61.06
1352	14	9	74	-11	62.94
1353	14	9	75	-11	63.88
1354	13	9	75	-11	64.83
1355	13	9	76	-12	66.04
1356	13	8	77	-12	66.69
1357	13	8	77	-12	66.69
1358	13	8	78	-12	67.64
1359	13	7	79	-12	68.31
1360	13	7	80	-13	69.48
1361	14	6	80	-13	68.25
1362	14	6	81	-13	69.20
1363	14	6	82	-13	70.15
1364	15	5	82	-13	68.92
1365	15	5	83	-13	69.88
1366	15	5	84	-14	71.02
1367	15	5	84	-14	71.02
1368	15	5	85	-14	71.97
1369	14	6	86	-14	74.16
1370	14	6	86	-14	74.16
1371	13	7	87	-15	76.54
1372	12	8	88	-15	78.73
1373	12	8	88	-15	78.73
1374	11	9	89	-15	80.92
1375	11	9	90	-15	81.86
1376	9	10	-17	24	28.45
1377	7	11	-18	24	27.08
1378	7	11	-19	24	27.92
1379	5	13	-20	25	26.44
1380	5	13	-21	25	27.28
1381	3	15	-22	26	25.80
1382	2	16	-23	26	25.33
1383	2	16	-24	27	26.50
1384	0	18	-25	27	24.73
1385	0	18	-26	27	25.59
1386	-1	18	-27	28	25.87
1387	-1	18	-28	28	26.71
1388	-2	20	-29	29	26.09
1389	-4	21	-30	29	24.82
1390	-4	21	-31	30	25.90
1391	-5	23	-32	30	25.09
1392	-5	23	-33	31	26.12
1393	-5	22	-34	31	27.37
1394	-5	22	-35	31	28.21
1395	-5	22	-36	32	29.25
1396	-5	22	-37	32	30.08
1397	-5	22	-38	33	31.11
1398	-4	21	-39	33	33.22
1399	-4	20	-40	34	34.76
1400	-4	20	-41	34	35.57
1401	-3	19	-42	34	37.70
1402	-3	19	-43	35	38.73
1403	-2	18	-44	35	40.87
1404	-1	16	-45	36	43.83
1405	-1	16	-46	36	44.61
1406	0	16	-47	37	46.41
1407	0	16	-48	37	47.19
1408	0	15	3	10	5.79
1409	1	14	2	10	4.12
1410	1	14	2	10	4.12
1411	3	13	2	10	3.16
1412	3	13	2	10	3.16
1413	5	11	2	10	3.11
1414	5	11	1	10	4.06
1415	6	10	1	10	4.92
1416	6	10	1	10	4.92
1417	6	10	1	10	4.92
1418	8	10	1	10	6.89
1419	8	10	0	10	7.88
1420	8	10	0	10	7.88
1421	9	8	0	10	9.11
1422	9	8	0	10	9.11
1423	10	8	0	10	10.08
1424	10	8	0	10	10.08
1425	10	7	0	10	10.33
1426	10	7	0	10	10.33
1427	10	6	0	10	10.68
1428	11	5	0	10	11.99
1429	11	5	0	10	11.99
1430	12	3	-1	10	14.68
1431	12	3	-1	10	14.68
1432	13	3	-1	10	15.56
1433	13	3	-1	10	15.56
1434	14	2	-1	10	16.92
1435	14	3	-2	10	17.36
1436	14	3	-2	10	17.36
1437	15	3	-2	10	18.27
1438	15	3	-2	10	18.27
1439	16	3	-2	10	19.19
1440	18	2	-9	20	31.93
1441	18	2	-9	20	31.93
1442	19	2	-9	20	32.74
1443	19	2	-9	20	32.74
1444	19	2	-10	20	33.56
1445	19	2	-10	20	33.56
1446	19	1	-10	20	34.14
1447	20	1	-10	21	35.45
1448	20	1	-11	21	36.26
1449	20	1	-11	21	36.26
1450	20	1	-11	21	36.26
1451	20	1	-12	21	37.07
1452	21	1	-12	21	37.90
1453	21	1	-12	22	38.37
1454	21	1	-12	22	38.37
1455	21	1	-13	22	39.19
1456	21	1	-13	22	39.19
1457	21	1	-13	22	39.19
1458	22	0	-14	22	41.40
1459	22	0	-14	22	41.40
1460	22	0	-14	23	41.87
1461	23	0	-14	23	42.68
1462	23	0	-15	23	43.50
1463	23	0	-15	23	43.50
1464	23	0	-15	23	43.50
1465	23	0	-16	23	44.33
1466	23	0	-16	24	44.77
1467	23	0	-16	24	44.77
1468	22	1	-16	24	43.38
1469	22	1	-17	24	44.20
1470	22	0	-17	24	44.77
1471	22	0	-17	24	44.77
1472	22	0	36	-11	17.74
1473	22	0	36	-11	17.74
1474	22	0	37	-11	18.53
1475	22	0	37	-12	19.12
1476	21	0	38	-12	20.71
1477	21	0	38	-13	21.28
1478	22	0	39	-13	21.28
1479	22	0	39	-13	21.28
1480	21	0	40	-14	23.45
1481	21	0	41	-14	24.25
1482	20	0	41	-15	25.61
1483	20	0	42	-15	26.42
1484	20	0	42	-15	26.42
1485	20	0	43	-16	27.77
1486	20	0	43	-16	27.77
1487	20	0	44	-17	29.12
1488	19	0	45	-17	30.74
1489	19	0	45	-17	30.74
1490	19	0	46	-18	32.07
1491	19	0	46	-18	32.07
1492	20	0	47	-19	32.60
1493	20	0	47	-19	32.60
1494	20	0	48	-19	33.40
1495	20	0	48	-20	33.93
1496	20	0	49	-20	34.73
1497	20	0	50	-21	36.05
1498	21	0	50	-21	35.26
1499	21	0	51	-21	36.05
1500	21	0	51	-22	36.59
1501	21	0	52	-22	37.37
1502	21	0	52	-23	37.91
1503	21	0	53	-23	38.68
1504	21	0	26	-2	5.38
1505	21	-1	26	-2	5.10
1506	21	-1	26	-2	5.10
1507	21	-1	26	-2	5.10
1508	21	-1	26	-2	5.10
1509	21	-1	26	-2	5.10
1510	21	-1	26	-2	5.10
1511	21	-1	26	-2	5.10
1512	21	-1	27	-2	6.08
1513	21	-1	27	-2	6.08
1514	20	0	27	-2	7.28
1515	20	0	27	-2	7.28
1516	20	0	27	-2	7.28
1517	20	-1	27	-2	7.07
1518	20	-1	27	-2	7.07
1519	21	-1	27	-2	6.08
1520	21	-1	28	-3	7.28
1521	21	-1	28	-3	7.28
1522	21	-1	28	-3	7.28
1523	21	-1	28	-3	7.28
1524	21	-2	28	-3	7.06
1525	21	-1	28	-3	7.28
1526	21	-1	28	-3	7.28
1527	21	-1	28	-3	7.28
1528	21	-1	29	-3	8.24
1529	22	-1	29	-3	7.28
1530	21	-1	29	-3	8.24
1531	21	-1	29	-3	8.24
1532	21	-1	29	-3	8.24
1533	21	-1	29	-3	8.24
1534	21	-1	29	-3	8.24
1535	21	-1	29	-3	8.24
1536	21	-1	20	0	1.41
1537	21	-1	19	0	2.24
1538	21	-1	19	0	2.24
1539	22	-1	19	0	3.16
1540	22	-1	19	0	3.16
1541	22	-1	19	0	3.16
1542	23	-1	19	0	4.12
1543	23	-1	19	0	4.12
1544	24	-2	19	0	5.38
1545	24	-2	19	0	5.38
1546	25	-2	19	0	6.32
1547	27	-3	19	0	8.54
1548	27	-3	19	0	8.54
1549	28	-5	19	0	10.29
1550	28	-5	19	0	10.29
1551	29	-4	19	0	10.76
1552	29	-4	19	0	10.76
1553	31	-6	19	0	13.40
1554	32	-6	19	0	14.30
1555	32	-6	19	0	14.30
1556	34	-8	19	0	16.96
1557	34	-8	19	0	16.96
1558	37	-7	19	0	19.27
1559	37	-7	19	0	19.27
1560	39	-8	19	0	21.48
1561	41	-9	19	0	23.68
1562	41	-9	19	0	23.68
1563	43	-9	19	0	25.54
1564	45	-10	19	0	27.73
1565	45	-10	19	0	27.73
1566	47	-11	19	0	29.92
1567	47	-11	19	0	29.92
1568	48	-13	21	-2	28.90
1569	48	-13	21	-2	28.90
1570	48	-13	21	-2	28.90
1571	49	-13	21	-2	29.81
1572	49	-13	21	-2	29.81
1573	50	-14	21	-2	31.07
1574	50	-14	21	-2	31.07
1575	51	-14	21	-2	31.98
1576	52	-14	21	-2	32.90
1577	52	-14	21	-2	32.90
1578	52	-14	21	-2	32.90
1579	52	-14	21	-2	32.90
1580	52	-14	21	-2	32.90
1581	52	-13	21	-2	32.59
1582	52	-13	21	-2	32.59
1583	52	-14	21	-2	32.90
1584	52	-14	21	-2	32.90
1585	52	-14	21	-2	32.90
1586	52	-14	21	-2	32.90
1587	52	-13	21	-2	32.59
1588	52	-13	21	-2	32.59
1589	52	-13	21	-2	32.59
1590	52	-13	21	-2	32.59
1591	52	-14	21	-2	32.90
1592	52	-14	21	-2	32.90
1593	53	-14	21	-2	33.82
1594	53	-14	21	-2	33.82
1595	53	-14	21	-2	33.82
1596	53	-14	21	-2	33.82
1597	53	-14	21	-2	33.82
1598	53	-14	21	-2	33.82
1599	53	-14	21	-2	33.82
1600	53	-15	75	-25	22.92
1601	53	-16	75	-25	22.44
1602	53	-16	76	-25	23.30
1603	54	-16	77	-26	23.63
1604	54	-16	78	-26	24.48
1605	54	-16	79	-26	25.33
1606	54	-16	80	-27	26.50
1607	55	-15	80	-27	26.17
1608	55	-15	81	-28	27.37
1609	54	-15	82	-28	29.01
1610	54	-15	83	-28	29.84
1611	54	-15	84	-29	31.01
1612	54	-15	85	-29	31.83
1613	55	-15	85	-29	31.01
1614	55	-15	86	-30	32.17
1615	55	-15	87	-30	32.98
1616	55	-15	88	-31	34.14
1617	54	-15	89	-31	35.75
1618	54	-15	90	-31	36.57
1619	55	-15	91	-32	36.88
1620	55	-15	91	-32	36.88
1621	55	-15	92	-32	37.69
1622	55	-15	93	-33	38.80
1623	55	-15	94	-33	39.60
1624	55	-15	95	-34	40.70
1625	55	-15	96	-34	41.49
1626	55	-15	96	-34	41.49
1627	55	-15	97	-35	42.57
1628	55	-15	98	-35	43.35
1629	55	-15	99	-35	44.14
1630	55	-15	100	-36	45.19
1631	55	-15	101	-36	45.98
1632	55	-15	58	-17	3.51
1633	55	-15	58	-17	3.51
1634	55	-15	58	-17	3.51
1635	55	-15	58	-17	3.51
1636	55	-15	58	-17	3.51
1637	55	-15	58	-17	3.51
1638	55	-15	58	-17	3.51
1639	55	-15	59	-17	4.33
1640	55	-15	59	-17	4.33
1641	55	-15	59	-17	4.33
1642	55	-15	59	-17	4.33
1643	55	-16	59	-17	3.96
1644	55	-16	59	-17	3.96
1645	55	-15	60	-17	5.21
1646	55	-15	60	-17	5.21
1647	56	-15	60	-17	4.33
1648	56	-15	60	-18	4.87
1649	56	-15	60	-18	4.87
1650	56	-15	60	-18	4.87
1651	55	-15	60	-18	5.65
1652	55	-15	61	-18	6.49
1653	56	-15	61	-18	5.65
1654	56	-15	61	-18	5.65
1655	56	-14	61	-18	6.25
1656	56	-14	61	-18	6.25
1657	56	-14	61	-18	6.25
1658	56	-14	62	-18	7.02
1659	56	-15	62	-18	6.49
1660	56	-15	62	-18	6.49
1661	56	-15	62	-18	6.49
1662	56	-15	62	-18	6.49
1663	56	-14	62	-18	7.02
1664	56	-14	57	-15	1.39
1665	56	-14	57	-15	1.39
1666	56	-14	57	-15	1.39
1667	56	-15	57	-15	0.97
1668	56	-15	57	-15	0.97
1669	56	-14	57	-15	1.39
1670	56	-14	57	-15	1.39
1671	57	-14	57	-15	1.00
1672	57	-14	57	-15	1.00
1673	56	-15	57	-15	0.97
1674	56	-15	57	-15	0.97
1675	56	-14	57	-15	1.39
1676	56	-14	57	-15	1.39
1677	55	-15	57	-15	1.93
1678	55	-15	57	-15	1.93
1679	55	-14	57	-15	2.18
1680	55	-14	58	-15	3.07
1681	56	-14	58	-15	2.18
1682	56	-14	58	-15	2.18
1683	56	-14	58	-15	2.18
1684	56	-14	58	-15	2.18
1685	56	-14	58	-15	2.18
1686	56	-14	58	-15	2.18
1687	57	-14	58	-15	1.39
1688	57	-14	58	-15	1.39
1689	56	-14	58	-15	2.18
1690	56	-14	58	-15	2.18
1691	56	-14	58	-15	2.18
1692	56	-14	58	-15	2.18
1693	57	-14	58	-15	1.39
1694	57	-14	58	-15	1.39
1695	57	-14	58	-15	1.39
1696	57	-14	57	-13	1.00
1697	57	-14	57	-12	2.00
1698	56	-14	57	-12	2.22
1699	56	-15	57	-12	3.15
1700	56	-15	57	-12	3.15
1701	57	-16	57	-12	4.00
1702	57	-16	57	-12	4.00
1703	57	-16	57	-12	4.00
1704	58	-16	57	-12	4.12
1705	58	-14	57	-12	2.22
1706	58	-14	57	-12	2.22
1707	57	-15	57	-12	3.00
1708	58	-15	57	-12	3.15
1709	58	-15	57	-12	3.15
1710	58	-15	57	-12	3.15
1711	59	-16	57	-12	4.45
1712	59	-16	57	-12	4.45
1713	59	-16	57	-12	4.45
1714	59	-16	57	-12	4.45
1715	59	-16	57	-12	4.45
1716	59	-16	57	-12	4.45
1717	59	-16	57	-12	4.45
1718	59	-14	57	-12	2.79
1719	59	-14	57	-12	2.79
1720	60	-13	57	-12	3.09
1721	60	-13	57	-12	3.09
1722	60	-13	57	-12	3.09
1723	60	-14	57	-12	3.54
1724	60	-14	57	-12	3.54
1725	61	-13	57	-12	4.03
1726	61	-13	57	-12	4.03
1727	60	-14	57	-12	3.54
1728	60	-14	58	-14	1.94
1729	59	-14	58	-14	0.97
1730	59	-14	58	-14	0.97
1731	60	-15	58	-14	2.18
1732	60	-15	58	-14	2.18
1733	59	-15	58	-14	1.39
1734	59	-15	58	-14	1.39
1735	59	-14	58	-14	0.97
1736	59	-14	58	-14	0.97
1737	60	-15	58	-14	2.18
1738	60	-15	58	-14	2.18
1739	60	-15	58	-14	2.18
1740	60	-15	58	-14	2.18
1741	60	-15	58	-14	2.18
1742	60	-15	58	-14	2.18
1743	60	-15	58	-14	2.18
1744	60	-15	58	-14	2.18
1745	60	-15	58	-14	2.18
1746	60	-15	58	-14	2.18
1747	60	-15	58	-14	2.18
1748	60	-15	58	-14	2.18
1749	60	-15	58	-14	2.18
1750	60	-15	58	-14	2.18
1751	60	-15	58	-14	2.18
1752	60	-15	58	-14	2.18
1753	60	-14	58	-14	1.94
1754	60	-14	58	-14	1.94
1755	61	-15	58	-14	3.07
1756	61	-15	58	-14	3.07
1757	61	-14	58	-14	2.91
1758	61	-14	58	-14	2.91
1759	61	-14	58	-14	2.91
1760	61	-14	63	-14	1.94
1761	61	-14	63	-14	1.94
1762	61	-14	63	-14	1.94
1763	61	-15	63	-14	2.18
1764	61	-15	63	-14	2.18
1765	61	-17	63	-14	3.57
1766	61	-17	63	-14	3.57
1767	62	-16	63	-14	2.22
1768	62	-16	63	-14	2.22
1769	61	-15	63	-14	2.18
1770	61	-15	63	-14	2.18
1771	61	-14	64	-14	2.91
1772	61	-14	64	-14	2.91
1773	61	-14	64	-14	2.91
1774	61	-14	64	-14	2.91
1775	61	-15	64	-14	3.07
1776	61	-15	64	-14	3.07
1777	61	-14	64	-14	2.91
1778	61	-14	64	-14	2.91
1779	61	-13	64	-14	3.08
1780	61	-13	64	-14	3.08
1781	61	-13	64	-14	3.08
1782	61	-13	65	-14	4.02
1783	61	-13	65	-14	4.02
1784	61	-13	65	-14	4.02
1785	62	-13	65	-14	3.08
1786	62	-13	65	-14	3.08
1787	62	-12	65	-14	3.54
1788	62	-12	65	-14	3.54
1789	61	-13	65	-14	4.02
1790	61	-13	65	-14	4.02
1791	61	-13	65	-14	4.02
