frame_id	phi	theta	est_phi	est_theta	err_phi	err_theta	speed
0	36	0	0	0	36	0
1	36	0	0	0	36	0
2	36	0	0	0	36	0
3	36	0	0	0	36	0
4	36	0	0	0	36	0
5	36	0	0	0	36	0
6	36	0	0	0	36	0
7	36	0	0	0	36	0
8	36	0	0	0	36	0
9	36	0	0	0	36	0
10	36	0	0	0	36	0
11	37	0	0	0	37	0
12	37	0	0	0	37	0
13	37	0	0	0	37	0
14	37	0	0	0	37	0
15	37	0	0	0	37	0
16	37	0	0	0	37	0
17	37	0	0	0	37	0
18	37	0	0	0	37	0
19	36	0	0	0	36	0
20	36	0	0	0	36	0
21	36	0	0	0	36	0
22	36	0	0	0	36	0
23	36	0	0	0	36	0
24	36	2	0	0	36	2
25	36	2	0	0	36	2
26	36	2	0	0	36	2
27	34	10	0	0	34	10
28	34	10	0	0	34	10
29	34	10	0	0	34	10
30	34	10	0	0	34	10
31	34	10	0	0	34	10
32	32	16	0	0	32	16
33	32	16	0	0	32	16
34	32	16	0	0	32	16
35	32	16	0	0	32	16
36	28	21	0	0	28	21
37	28	21	0	0	28	21
38	28	21	0	0	28	21
39	28	21	0	0	28	21
40	28	21	0	0	28	21
41	26	26	0	0	26	26
42	26	26	0	0	26	26
43	26	26	0	0	26	26
44	24	28	0	0	24	28
45	24	28	0	0	24	28
46	24	28	0	0	24	28
47	24	28	0	0	24	28
48	24	28	36	4	-12	24
49	22	29	36	4	-14	25
50	22	29	36	4	-14	25
51	22	29	36	4	-14	25
52	20	29	36	4	-16	25
53	20	29	36	4	-16	25
54	20	29	36	4	-16	25
55	20	29	36	4	-16	25
56	20	29	36	4	-16	25
57	16	29	36	4	-20	25
58	16	29	36	4	-20	25
59	16	29	36	4	-20	25
60	16	29	36	5	-20	24
61	13	27	36	5	-23	22
62	13	27	36	5	-23	22
63	13	27	36	5	-23	22
64	13	27	36	5	-23	22
65	13	27	36	5	-23	22
66	9	25	36	5	-27	20
67	9	25	36	5	-27	20
68	9	25	36	5	-27	20
69	6	23	36	5	-30	18
70	6	23	36	5	-30	18
71	6	23	36	5	-30	18
72	6	23	12	54	-6	-31
73	6	23	11	55	-5	-32
74	3	22	11	56	-8	-34
75	3	22	10	57	-7	-35
76	3	22	10	58	-7	-36
77	3	22	9	59	-6	-37
78	2	20	9	60	-7	-40
79	2	20	8	61	-6	-41
80	2	20	8	62	-6	-42
81	2	20	7	63	-5	-43
82	2	17	7	64	-5	-47
83	2	17	6	65	-4	-48
84	2	17	6	67	-4	-50
85	2	17	5	68	-3	-51
86	3	15	5	69	-2	-54
87	3	15	4	70	-1	-55
88	3	15	4	71	-1	-56
89	3	15	3	72	0	-57
90	3	14	3	73	0	-59
91	3	14	2	74	1	-60
92	3	14	2	75	1	-61
93	3	14	1	76	2	-62
94	3	14	1	77	2	-63
95	3	13	0	78	3	-65
96	3	13	-12	18	15	-5
97	3	13	-12	17	15	-4
98	3	13	-13	17	16	-4
99	3	12	-14	17	17	-5
100	3	12	-15	17	18	-5
101	3	12	-15	16	18	-4
102	3	12	-16	16	19	-4
103	3	12	-17	16	20	-4
104	3	11	-18	16	21	-5
105	3	11	-18	16	21	-5
106	3	11	-19	15	22	-4
107	3	11	-20	15	23	-4
108	3	11	-21	15	24	-4
109	3	11	-21	15	24	-4
110	3	11	-22	15	25	-4
111	3	11	-23	14	26	-3
112	4	11	-24	14	28	-3
113	4	11	-24	14	28	-3
114	4	11	-25	14	29	-3
115	4	11	-26	14	30	-3
116	5	11	-27	13	32	-2
117	5	11	-27	13	32	-2
118	5	11	-28	13	33	-2
119	5	11	-29	13	34	-2
120	5	11	0	3	5	8
121	5	11	0	2	5	9
122	5	11	0	2	5	9
123	5	11	0	1	5	10
124	5	12	0	1	5	11
125	5	12	0	0	5	12
126	5	12	0	0	5	12
127	5	12	0	0	5	12
128	5	12	-1	0	6	12
129	6	14	-1	0	7	14
130	6	14	-1	-1	7	15
131	6	14	-1	-1	7	15
132	4	14	-1	-2	5	16
133	4	14	-1	-2	5	16
134	4	14	-1	-2	5	16
135	4	14	-1	-3	5	17
136	4	14	-2	-3	6	17
137	0	14	-2	-4	2	18
138	0	14	-2	-4	2	18
139	0	14	-2	-4	2	18
140	0	14	-2	-5	2	19
141	-3	15	-2	-5	-1	20
142	-3	15	-2	-6	-1	21
143	-3	15	-2	-6	-1	21
144	-3	15	7	9	-10	6
145	-6	17	7	8	-13	9
146	-6	17	7	8	-13	9
147	-6	17	7	8	-13	9
148	-6	17	7	8	-13	9
149	-6	17	7	8	-13	9
150	-8	18	7	8	-15	10
151	-8	18	7	8	-15	10
152	-8	18	7	8	-15	10
153	-8	18	7	8	-15	10
154	-9	20	7	8	-16	12
155	-9	20	7	8	-16	12
156	-9	20	8	8	-17	12
157	-9	20	8	7	-17	13
158	-9	20	8	7	-17	13
159	-10	23	8	7	-18	16
160	-10	23	8	7	-18	16
161	-10	23	8	7	-18	16
162	-11	24	8	7	-19	17
163	-11	24	8	7	-19	17
164	-11	24	8	7	-19	17
165	-11	24	8	7	-19	17
166	-11	24	8	7	-19	17
167	-14	24	8	7	-22	17
168	-14	24	-11	19	-3	5
169	-14	24	-11	19	-3	5
170	-18	26	-11	19	-7	7
171	-18	26	-12	19	-6	7
172	-18	26	-12	19	-6	7
173	-18	26	-12	19	-6	7
174	-18	26	-13	20	-5	6
175	-23	30	-13	20	-10	10
176	-23	30	-13	20	-10	10
177	-23	30	-14	20	-9	10
178	-23	30	-14	20	-9	10
179	-27	33	-14	20	-13	13
180	-27	33	-15	21	-12	12
181	-27	33	-15	21	-12	12
182	-27	33	-15	21	-12	12
183	-27	33	-16	21	-11	12
184	-29	34	-16	21	-13	13
185	-29	34	-16	21	-13	13
186	-29	34	-17	22	-12	12
187	-32	34	-17	22	-15	12
188	-32	34	-17	22	-15	12
189	-32	34	-18	22	-14	12
190	-32	34	-18	22	-14	12
191	-33	34	-18	22	-15	12
192	-33	34	-25	33	-8	1
193	-33	34	-25	33	-8	1
194	-33	34	-25	33	-8	1
195	-35	33	-26	34	-9	-1
196	-35	33	-26	34	-9	-1
197	-35	33	-27	34	-8	-1
198	-35	33	-27	35	-8	-2
199	-35	33	-28	35	-7	-2
200	-39	30	-28	36	-11	-6
201	-39	30	-29	36	-10	-6
202	-39	30	-29	36	-10	-6
203	-39	30	-30	37	-9	-7
204	-44	27	-30	37	-14	-10
205	-44	27	-30	37	-14	-10
206	-44	27	-31	38	-13	-11
207	-44	27	-31	38	-13	-11
208	-44	27	-32	39	-12	-12
209	-49	20	-32	39	-17	-19
210	-49	20	-33	39	-16	-19
211	-49	20	-33	40	-16	-20
212	-49	20	-34	40	-15	-20
213	-54	13	-34	40	-20	-27
214	-54	13	-35	41	-19	-28
215	-54	13	-35	41	-19	-28
216	-54	13	-52	44	-2	-31
217	-59	8	-52	44	-7	-36
218	-59	8	-53	44	-6	-36
219	-59	8	-54	45	-5	-37
220	-59	8	-55	45	-4	-37
221	-59	8	-55	46	-4	-38
222	-64	4	-56	46	-8	-42
223	-64	4	-57	46	-7	-42
224	-64	4	-58	47	-6	-43
225	-65	0	-59	47	-6	-47
226	-65	0	-59	48	-6	-48
227	-65	0	-60	48	-5	-48
228	-65	0	-61	49	-4	-49
229	-67	-1	-62	49	-5	-50
230	-67	-1	-63	49	-4	-50
231	-67	-1	-63	50	-4	-51
232	-67	-1	-64	50	-3	-51
233	-67	-2	-65	51	-2	-53
234	-67	-2	-66	51	-1	-53
235	-67	-2	-67	51	0	-53
236	-67	-2	-67	52	0	-54
237	-67	-2	-68	52	1	-54
238	-67	-3	-69	53	2	-56
239	-67	-3	-70	53	3	-56
240	-67	-3	-75	-8	8	5
241	-67	-3	-75	-8	8	5
242	-67	-3	-76	-9	9	6
243	-67	-3	-77	-10	10	7
244	-67	-3	-78	-11	11	8
245	-67	-3	-79	-12	12	9
246	-67	-3	-80	-13	13	10
247	-68	-2	-81	-14	13	12
248	-68	-2	-82	-15	14	13
249	-68	-2	-82	-15	14	13
250	-71	1	-83	-16	12	17
251	-71	1	-84	-17	13	18
252	-71	1	-85	-18	14	19
253	-71	1	-86	-19	15	20
254	-71	1	-87	-20	16	21
255	-75	2	-88	-21	13	23
256	-75	2	-89	-22	14	24
257	-75	2	-89	-22	14	24
258	-76	3	-90	-23	14	26
259	-76	3	-91	-24	15	27
260	-76	3	-92	-25	16	28
261	-76	3	-93	-26	17	29
262	-76	3	-94	-27	18	30
263	-75	3	-95	-28	20	31
264	-75	3	-80	-19	5	22
265	-75	3	-80	-19	5	22
266	-75	3	-81	-20	6	23
267	-71	8	-81	-21	10	29
268	-71	8	-82	-21	11	29
269	-71	8	-82	-22	11	30
270	-71	8	-83	-23	12	31
271	-71	8	-83	-23	12	31
272	-70	13	-84	-24	14	37
273	-70	13	-84	-25	14	38
274	-70	13	-85	-25	15	38
275	-70	14	-85	-26	15	40
276	-70	14	-86	-27	16	41
277	-70	14	-87	-27	17	41
278	-70	14	-87	-28	17	42
279	-70	14	-88	-29	18	43
280	-69	19	-88	-29	19	48
281	-69	19	-89	-30	20	49
282	-69	19	-89	-31	20	50
283	-63	22	-90	-31	27	53
284	-63	22	-90	-32	27	54
285	-63	22	-91	-33	28	55
286	-63	22	-91	-33	28	55
287	-63	22	-92	-34	29	56
288	-56	24	-83	9	27	15
289	-56	24	-83	9	27	15
290	-56	24	-83	9	27	15
291	-56	24	-84	9	28	15
292	-50	26	-84	10	34	16
293	-50	26	-84	10	34	16
294	-50	26	-85	10	35	16
295	-50	26	-85	10	35	16
296	-50	26	-85	11	35	15
297	-43	28	-86	11	43	17
298	-43	28	-86	11	43	17
299	-43	28	-86	11	43	17
300	-32	30	-87	12	55	18
301	-32	30	-87	12	55	18
302	-32	30	-87	12	55	18
303	-32	30	-88	12	56	18
304	-32	30	-88	13	56	17
305	-16	29	-88	13	72	16
306	-16	29	-89	13	73	16
307	-16	29	-89	13	73	16
308	-16	29	-89	14	73	15
309	-16	29	-90	14	74	15
310	-6	27	-90	14	84	13
311	-6	27	-90	14	84	13
312	-6	27	-37	45	31	-18
313	0	25	-36	45	36	-20
314	0	25	-35	46	35	-21
315	0	25	-34	47	34	-22
316	0	25	-33	48	33	-23
317	5	24	-33	49	38	-25
318	5	24	-32	50	37	-26
319	5	24	-31	51	36	-27
320	5	24	-30	52	35	-28
321	5	24	-29	52	34	-28
322	11	22	-29	53	40	-31
323	11	22	-28	54	39	-32
324	11	22	-27	55	38	-33
325	18	19	-26	56	44	-37
326	18	19	-25	57	43	-38
327	18	19	-25	58	43	-39
328	18	19	-24	59	42	-40
329	18	19	-23	59	41	-40
330	25	15	-22	60	47	-45
331	25	15	-21	61	46	-46
332	25	15	-21	62	46	-47
333	28	12	-20	63	48	-51
334	28	12	-19	64	47	-52
335	28	12	-18	65	46	-53
336	28	12	44	30	-16	-18
337	28	12	46	30	-18	-18
338	31	11	48	30	-17	-19
339	31	11	50	30	-19	-19
340	31	11	52	30	-21	-19
341	31	11	54	30	-23	-19
342	31	11	56	30	-25	-19
343	33	11	58	30	-25	-19
344	33	11	60	31	-27	-20
345	33	11	62	31	-29	-20
346	34	11	64	31	-30	-20
347	34	11	66	31	-32	-20
348	34	11	69	31	-35	-20
349	34	11	71	31	-37	-20
350	33	11	73	31	-40	-20
351	33	11	75	31	-42	-20
352	33	11	77	32	-44	-21
353	33	11	79	32	-46	-21
354	33	11	81	32	-48	-21
355	33	12	83	32	-50	-20
356	33	12	85	32	-52	-20
357	33	12	87	32	-54	-20
358	32	12	89	32	-57	-20
359	32	12	91	32	-59	-20
360	32	12	62	-3	-30	15
361	32	12	63	-3	-31	15
362	32	12	64	-4	-32	16
363	32	12	66	-4	-34	16
364	32	12	67	-5	-35	17
365	32	12	69	-6	-37	18
366	32	12	70	-6	-38	18
367	32	12	71	-7	-39	19
368	31	12	73	-8	-42	20
369	31	12	74	-8	-43	20
370	31	12	76	-9	-45	21
371	31	13	77	-9	-46	22
372	31	13	79	-10	-48	23
373	31	13	80	-11	-49	24
374	31	13	81	-11	-50	24
375	31	13	83	-12	-52	25
376	31	13	84	-13	-53	26
377	31	13	86	-13	-55	26
378	31	13	87	-14	-56	27
379	31	13	88	-14	-57	27
380	30	13	90	-15	-60	28
381	30	13	91	-16	-61	29
382	30	13	93	-16	-63	29
383	29	13	94	-17	-65	30
384	29	13	36	12	-7	1
385	29	13	36	12	-7	1
386	29	13	36	12	-7	1
387	29	13	36	12	-7	1
388	29	13	36	12	-7	1
389	29	13	36	12	-7	1
390	29	13	37	12	-8	1
391	29	13	37	12	-8	1
392	29	13	37	12	-8	1
393	29	13	37	12	-8	1
394	29	13	37	12	-8	1
395	29	13	37	12	-8	1
396	29	14	38	12	-9	2
397	29	14	38	12	-9	2
398	29	14	38	12	-9	2
399	29	14	38	12	-9	2
400	29	13	38	12	-9	1
401	29	13	38	12	-9	1
402	29	13	39	12	-10	1
403	29	13	39	12	-10	1
404	29	13	39	12	-10	1
405	29	13	39	12	-10	1
406	27	13	39	12	-12	1
407	27	13	39	12	-12	1
408	27	13	26	14	1	-1
409	27	14	25	14	2	0
410	27	14	25	14	2	0
411	27	14	25	14	2	0
412	27	14	25	14	2	0
413	26	23	25	14	1	9
414	26	23	25	14	1	9
415	26	23	25	14	1	9
416	26	23	25	14	1	9
417	26	23	24	14	2	9
418	27	30	24	14	3	16
419	27	30	24	14	3	16
420	27	30	24	14	3	16
421	32	35	24	14	8	21
422	32	35	24	14	8	21
423	32	35	24	14	8	21
424	32	35	24	14	8	21
425	32	35	23	14	9	21
426	36	40	23	14	13	26
427	36	40	23	14	13	26
428	36	40	23	14	13	26
429	36	40	23	14	13	26
430	39	42	23	14	16	28
431	39	42	23	14	16	28
432	39	42	25	13	14	29
433	39	42	24	13	15	29
434	39	42	24	13	15	29
435	43	43	24	13	19	30
436	43	43	24	13	19	30
437	43	43	24	13	19	30
438	46	43	24	13	22	30
439	46	43	24	13	22	30
440	46	43	24	13	22	30
441	46	43	24	13	22	30
442	46	43	24	13	22	30
443	47	39	24	13	23	26
444	47	39	24	13	23	26
445	47	39	23	13	24	26
446	49	36	23	13	26	23
447	49	36	23	13	26	23
448	49	36	23	13	26	23
449	49	36	23	13	26	23
450	49	36	23	13	26	23
451	53	36	23	13	30	23
452	53	36	23	13	30	23
453	53	36	23	13	30	23
454	53	36	23	13	30	23
455	53	36	23	13	30	23
456	58	36	51	71	7	-35
457	58	36	51	72	7	-36
458	58	36	52	73	6	-37
459	64	35	52	74	12	-39
460	64	35	53	75	11	-40
461	64	35	53	77	11	-42
462	64	35	54	78	10	-43
463	70	34	54	79	16	-45
464	70	34	55	80	15	-46
465	70	34	55	81	15	-47
466	70	34	56	83	14	-49
467	70	34	56	84	14	-50
468	75	34	57	85	18	-51
469	75	34	57	86	18	-52
470	75	34	58	87	17	-53
471	81	33	58	89	23	-56
472	81	33	59	90	22	-57
473	81	33	59	90	22	-57
474	81	33	60	90	21	-57
475	81	33	60	90	21	-57
476	89	31	61	90	28	-59
477	89	31	61	90	28	-59
478	89	31	62	90	27	-59
479	89	31	62	90	27	-59
480	89	31	77	30	12	1
481	98	29	77	29	21	0
482	98	29	78	29	20	0
483	98	29	79	29	19	0
484	106	25	80	29	26	-4
485	106	25	80	28	26	-3
486	106	25	81	28	25	-3
487	106	25	82	28	24	-3
488	112	21	83	28	29	-7
489	112	21	84	27	28	-6
490	112	21	84	27	28	-6
491	112	21	85	27	27	-6
492	112	21	86	27	26	-6
493	120	17	87	26	33	-9
494	120	17	88	26	32	-9
495	120	17	88	26	32	-9
496	128	15	89	26	39	-11
497	128	15	90	25	38	-10
498	128	15	91	25	37	-10
499	128	15	92	25	36	-10
500	128	15	92	25	36	-10
501	133	14	93	24	40	-10
502	133	14	94	24	39	-10
503	133	14	95	24	38	-10
504	133	14	120	26	13	-12
505	133	14	121	25	12	-11
506	138	14	122	25	16	-11
507	138	14	123	25	15	-11
508	138	14	125	25	13	-11
509	144	14	126	24	18	-10
510	144	14	127	24	17	-10
511	144	14	129	24	15	-10
512	144	14	130	24	14	-10
513	144	14	131	24	13	-10
514	148	13	132	23	16	-10
515	148	13	134	23	14	-10
516	148	13	135	23	13	-10
517	148	13	136	23	12	-10
518	152	13	138	23	14	-10
519	152	13	139	22	13	-9
520	152	13	140	22	12	-9
521	152	13	141	22	11	-9
522	152	13	143	22	9	-9
523	154	13	144	22	10	-9
524	154	13	145	21	9	-8
525	154	13	147	21	7	-8
526	157	13	148	21	9	-8
527	157	13	149	21	8	-8
528	157	13	177	-3	-20	16
529	157	13	178	-3	-21	16
530	157	13	-180	-4	-23	17
531	159	14	-178	-5	-23	19
532	159	14	-176	-5	-25	19
533	159	14	-174	-6	-27	20
534	161	14	-172	-7	-27	21
535	161	14	-171	-7	-28	21
536	161	14	-169	-8	-30	22
537	161	14	-167	-9	-32	23
538	161	14	-165	-10	-34	24
539	162	18	-163	-10	-35	28
540	162	18	-161	-11	-37	29
541	162	18	-160	-12	-38	30
542	162	18	-158	-12	-40	30
543	162	18	-156	-13	-42	31
544	160	25	-154	-14	-46	39
545	160	25	-152	-15	-48	40
546	160	25	-150	-15	-50	40
547	162	28	-149	-16	-49	44
548	162	28	-147	-17	-51	45
549	162	28	-145	-17	-53	45
550	162	28	-143	-18	-55	46
551	162	28	-141	-19	-57	47
552	162	32	-179	12	-19	20
553	162	32	-178	11	-20	21
554	162	32	-177	11	-21	21
555	162	32	-176	11	-22	21
556	162	33	-175	11	-23	22
557	162	33	-174	11	-24	22
558	162	33	-173	11	-25	22
559	162	33	-172	11	-26	22
560	162	33	-171	11	-27	22
561	160	33	-170	11	-30	22
562	160	33	-169	11	-31	22
563	160	33	-168	11	-32	22
564	160	35	-167	11	-33	24
565	160	35	-166	11	-34	24
566	160	35	-165	11	-35	24
567	160	35	-164	11	-36	24
568	160	35	-163	11	-37	24
569	161	35	-162	11	-37	24
570	161	35	-161	11	-38	24
571	161	35	-160	11	-39	24
572	161	35	-159	11	-40	24
573	162	34	-158	11	-40	23
574	162	34	-157	11	-41	23
575	162	34	-156	11	-42	23
576	162	34	167	51	-5	-17
577	162	34	167	51	-5	-17
578	162	34	167	52	-5	-18
579	162	34	167	53	-5	-19
580	162	34	167	54	-5	-20
581	161	34	168	54	-7	-20
582	161	34	168	55	-7	-21
583	161	34	168	56	-7	-22
584	161	34	168	57	-7	-23
585	161	34	168	58	-7	-24
586	159	33	169	58	-10	-25
587	159	33	169	59	-10	-26
588	159	33	169	60	-10	-27
589	159	33	169	61	-10	-28
590	159	33	169	62	-10	-29
591	160	33	170	62	-10	-29
592	160	33	170	63	-10	-30
593	160	33	170	64	-10	-31
594	162	32	170	65	-8	-33
595	162	32	170	66	-8	-34
596	162	32	171	66	-9	-34
597	162	32	171	67	-9	-35
598	165	30	171	68	-6	-38
599	165	30	171	69	-6	-39
600	165	30	162	36	3	-6
601	165	30	162	36	3	-6
602	170	24	162	36	8	-12
603	170	24	162	36	8	-12
604	170	24	162	36	8	-12
605	170	24	162	36	8	-12
606	170	24	162	36	8	-12
607	174	19	162	36	12	-17
608	174	19	162	36	12	-17
609	174	19	162	36	12	-17
610	174	19	162	36	12	-17
611	176	15	162	36	14	-21
612	176	15	162	37	14	-22
613	176	15	162	37	14	-22
614	176	15	162	37	14	-22
615	179	9	162	37	17	-28
616	179	9	162	37	17	-28
617	179	9	162	37	17	-28
618	179	9	162	37	17	-28
619	-176	3	162	37	22	-34
620	-176	3	162	37	22	-34
621	-176	3	162	37	22	-34
622	-176	3	162	37	22	-34
623	-176	3	162	37	22	-34
624	-175	0	168	26	17	-26
625	-175	0	168	25	17	-25
626	-175	0	168	25	17	-25
627	-176	-2	168	25	16	-27
628	-176	-2	168	25	16	-27
629	-176	-2	168	25	16	-27
630	-176	-2	168	25	16	-27
631	-176	-2	168	24	16	-26
632	-175	-4	169	24	16	-28
633	-175	-4	169	24	16	-28
634	-175	-4	169	24	16	-28
635	-175	-4	169	24	16	-28
636	-175	-4	169	24	16	-28
637	-175	-4	169	23	16	-27
638	-175	-4	169	23	16	-27
639	-175	-4	169	23	16	-27
640	-175	-4	170	23	15	-27
641	-175	-2	170	23	15	-25
642	-175	-2	170	23	15	-25
643	-175	-2	170	22	15	-24
644	-175	2	170	22	15	-20
645	-175	2	170	22	15	-20
646	-175	2	170	22	15	-20
647	-175	2	170	22	15	-20
648	-175	2	-155	-30	-20	32
649	-175	6	-154	-31	-21	37
650	-175	6	-153	-32	-22	38
651	-175	6	-152	-33	-23	39
652	179	9	-151	-35	-30	44
653	179	9	-150	-36	-31	45
654	179	9	-150	-37	-31	46
655	179	9	-149	-38	-32	47
656	179	9	-148	-40	-33	49
657	173	10	-147	-41	-40	51
658	173	10	-146	-42	-41	52
659	173	10	-145	-43	-42	53
660	173	10	-145	-45	-42	55
661	173	10	-144	-46	-43	56
662	167	9	-143	-47	-50	56
663	167	9	-142	-48	-51	57
664	167	9	-141	-50	-52	59
665	159	8	-140	-51	-61	59
666	159	8	-140	-52	-61	60
667	159	8	-139	-53	-62	61
668	159	8	-138	-55	-63	63
669	151	7	-137	-56	-72	63
670	151	7	-136	-57	-73	64
671	151	7	-135	-58	-74	65
672	151	7	-175	4	-34	3
673	151	7	-175	4	-34	3
674	146	6	-175	4	-39	2
675	146	6	-175	4	-39	2
676	146	6	-175	4	-39	2
677	139	6	-175	4	-46	2
678	139	6	-175	4	-46	2
679	139	6	-175	4	-46	2
680	139	6	-175	4	-46	2
681	139	6	-175	4	-46	2
682	131	6	-175	4	-54	2
683	131	6	-175	4	-54	2
684	131	6	-175	5	-54	1
685	131	6	-175	5	-54	1
686	131	6	-175	5	-54	1
687	124	8	-175	5	-61	3
688	124	8	-175	5	-61	3
689	124	8	-175	5	-61	3
690	116	9	-175	5	-69	4
691	116	9	-175	5	-69	4
692	116	9	-175	5	-69	4
693	116	9	-175	5	-69	4
694	116	9	-175	5	-69	4
695	108	9	-175	5	-77	4
696	108	9	117	12	-9	-3
697	108	9	115	12	-7	-3
698	108	9	114	12	-6	-3
699	97	9	112	12	-15	-3
700	97	9	111	12	-14	-3
701	97	9	109	13	-12	-4
702	97	9	108	13	-11	-4
703	89	9	107	13	-18	-4
704	89	9	105	13	-16	-4
705	89	9	104	13	-15	-4
706	89	9	102	14	-13	-5
707	82	9	101	14	-19	-5
708	82	9	100	14	-18	-5
709	82	9	98	14	-16	-5
710	82	9	97	14	-15	-5
711	82	9	95	15	-13	-6
712	78	10	94	15	-16	-5
713	78	10	92	15	-14	-5
714	78	10	91	15	-13	-5
715	74	10	90	15	-16	-5
716	74	10	88	16	-14	-6
717	74	10	87	16	-13	-6
718	74	10	85	16	-11	-6
719	74	10	84	16	-10	-6
720	61	9	65	11	-4	-2
721	61	9	63	11	-2	-2
722	61	9	61	11	0	-2
723	61	9	59	11	2	-2
724	49	7	57	11	-8	-4
725	49	7	56	11	-7	-4
726	49	7	54	11	-5	-4
727	49	7	52	11	-3	-4
728	49	7	50	11	-1	-4
729	41	6	48	11	-7	-5
730	41	6	47	11	-6	-5
731	41	6	45	11	-4	-5
732	36	7	43	12	-7	-5
733	36	7	41	12	-5	-5
734	36	7	39	12	-3	-5
735	36	7	38	12	-2	-5
736	36	7	36	12	0	-5
737	34	12	34	12	0	0
738	34	12	32	12	2	0
739	34	12	30	12	4	0
740	34	23	29	12	5	11
741	34	23	27	12	7	11
742	34	23	25	12	9	11
743	34	23	23	12	11	11
744	34	32	14	9	20	23
745	34	32	12	9	22	23
746	34	32	10	9	24	23
747	34	32	8	9	26	23
748	34	32	6	9	28	23
749	34	35	4	9	30	26
750	34	35	2	9	32	26
751	34	35	0	9	34	26
752	33	35	-1	9	34	26
753	33	35	-3	9	36	26
754	33	35	-5	9	38	26
755	33	35	-7	9	40	26
756	33	35	-9	9	42	26
757	32	35	-11	9	43	26
758	32	35	-13	9	45	26
759	32	35	-15	9	47	26
760	32	35	-17	9	49	26
761	32	35	-19	9	51	26
762	33	33	-21	9	54	24
763	33	33	-23	9	56	24
764	33	33	-25	9	58	24
765	33	32	-27	9	60	23
766	33	32	-29	9	62	23
767	33	32	-31	9	64	23
768	33	32	7	55	26	-23
769	33	32	5	55	28	-23
770	32	28	4	56	28	-28
771	32	28	3	57	29	-29
772	32	28	2	58	30	-30
773	32	28	1	59	31	-31
774	32	28	0	60	32	-32
775	26	21	0	61	26	-40
776	26	21	-2	62	28	-41
777	26	21	-3	63	29	-42
778	19	13	-4	64	23	-51
779	19	13	-5	65	24	-52
780	19	13	-6	66	25	-53
781	19	13	-7	67	26	-54
782	12	7	-8	68	20	-61
783	12	7	-9	69	21	-62
784	12	7	-11	70	23	-63
785	12	7	-12	71	24	-64
786	12	7	-13	72	25	-65
787	4	4	-14	73	18	-69
788	4	4	-15	74	19	-70
789	4	4	-16	75	20	-71
790	-1	2	-17	76	16	-74
791	-1	2	-18	77	17	-75
792	-1	2	32	32	-33	-30
793	-1	2	31	32	-32	-30
794	-1	2	31	32	-32	-30
795	-7	2	31	32	-38	-30
796	-7	2	31	32	-38	-30
797	-7	2	31	32	-38	-30
798	-7	2	31	32	-38	-30
799	-7	2	31	32	-38	-30
800	-11	1	31	32	-42	-31
801	-11	1	31	32	-42	-31
802	-11	1	31	32	-42	-31
803	-14	0	31	32	-45	-32
804	-14	0	31	32	-45	-32
805	-14	0	31	32	-45	-32
806	-14	0	31	32	-45	-32
807	-14	0	31	32	-45	-32
808	-15	1	31	32	-46	-31
809	-15	1	31	32	-46	-31
810	-15	1	31	32	-46	-31
811	-15	1	31	32	-46	-31
812	-17	2	31	32	-48	-30
813	-17	2	31	32	-48	-30
814	-17	2	31	32	-48	-30
815	-17	2	31	32	-48	-30
816	-17	2	-35	-28	18	30
817	-19	3	-36	-29	17	32
818	-19	3	-37	-30	18	33
819	-19	3	-39	-31	20	34
820	-21	3	-40	-33	19	36
821	-21	3	-42	-34	21	37
822	-21	3	-43	-35	22	38
823	-21	3	-44	-36	23	39
824	-21	3	-46	-38	25	41
825	-22	2	-47	-39	25	41
826	-22	2	-49	-40	27	42
827	-22	2	-50	-41	28	43
828	-22	3	-52	-43	30	46
829	-22	3	-53	-44	31	47
830	-22	3	-54	-45	32	48
831	-22	3	-56	-46	34	49
832	-22	3	-57	-48	35	51
833	-21	6	-59	-49	38	55
834	-21	6	-60	-50	39	56
835	-21	6	-61	-51	40	57
836	-21	6	-63	-53	42	59
837	-21	7	-64	-54	43	61
838	-21	7	-66	-55	45	62
839	-21	7	-67	-56	46	63
840	-21	7	-33	2	12	5
841	-21	7	-33	2	12	5
842	-22	8	-34	2	12	6
843	-22	8	-35	2	13	6
844	-22	8	-35	2	13	6
845	-24	10	-36	2	12	8
846	-24	10	-37	2	13	8
847	-24	10	-37	2	13	8
848	-24	10	-38	2	14	8
849	-24	10	-39	2	15	8
850	-24	12	-39	2	15	10
851	-24	12	-40	2	16	10
852	-24	12	-41	2	17	10
853	-24	12	-41	2	17	10
854	-24	12	-42	2	18	10
855	-26	15	-43	2	17	13
856	-26	15	-43	2	17	13
857	-26	15	-44	2	18	13
858	-30	22	-45	2	15	20
859	-30	22	-45	2	15	20
860	-30	22	-46	2	16	20
861	-30	22	-47	2	17	20
862	-30	30	-47	2	17	28
863	-30	30	-48	2	18	28
