frame_id	phi	theta	est_phi	est_theta	err_phi	err_theta	speed	err_ang
0	46	-2	0	0	46.03
1	46	-2	0	0	46.03
2	47	-2	0	0	47.03
3	47	-2	0	0	47.03
4	48	-1	0	0	48.01
5	48	-1	0	0	48.01
6	50	-1	0	0	50.01
7	50	-1	0	0	50.01
8	51	0	0	0	51.00
9	51	0	0	0	51.00
10	51	0	0	0	51.00
11	51	0	0	0	51.00
12	51	0	0	0	51.00
13	51	0	0	0	51.00
14	52	-1	0	0	52.01
15	52	-1	0	0	52.01
16	53	-2	0	0	53.03
17	53	-2	0	0	53.03
18	54	-1	0	0	54.01
19	54	-1	0	0	54.01
20	54	-1	0	0	54.01
21	54	-1	0	0	54.01
22	55	-1	0	0	55.01
23	55	-1	0	0	55.01
24	56	-1	0	0	56.01
25	56	-1	0	0	56.01
26	57	-1	0	0	57.01
27	57	-1	0	0	57.01
28	58	-1	0	0	58.01
29	58	-1	0	0	58.01
30	59	-1	0	0	59.01
31	59	-1	0	0	59.01
32	58	-1	46	-2	12.04
33	58	-1	46	-2	12.04
34	56	-2	46	-2	9.99
35	56	-2	46	-2	9.99
36	53	-1	46	-2	7.07
37	53	-1	46	-2	7.07
38	52	-1	46	-2	6.08
39	52	-1	46	-2	6.08
40	50	0	46	-2	4.47
41	50	0	46	-2	4.47
42	50	0	46	-2	4.47
43	50	0	46	-2	4.47
44	48	0	46	-2	2.83
45	48	0	46	-2	2.83
46	44	0	46	-2	2.83
47	44	0	46	-2	2.83
48	40	1	46	-2	6.71
49	40	1	46	-2	6.71
50	35	1	46	-2	11.40
51	35	1	46	-2	11.40
52	30	1	46	-2	16.28
53	30	1	46	-2	16.28
54	27	1	46	-2	19.23
55	27	1	46	-2	19.23
56	25	2	46	-2	21.37
57	25	2	46	-2	21.37
58	24	3	46	-2	22.55
59	24	3	46	-2	22.55
60	21	3	46	-2	25.49
61	21	3	46	-2	25.49
62	19	3	46	-2	27.45
63	19	3	46	-2	27.45
64	16	3	70	0	54.06
65	16	3	70	0	54.06
66	13	3	70	0	57.05
67	13	3	71	0	58.05
68	10	3	71	0	61.04
69	10	3	71	0	61.04
70	7	3	72	0	65.04
71	7	3	72	0	65.04
72	6	2	73	0	67.01
73	6	2	73	0	67.01
74	4	2	73	0	69.01
75	4	2	74	0	70.01
76	4	2	74	0	70.01
77	4	2	74	0	70.01
78	4	2	75	0	71.01
79	4	2	75	0	71.01
80	4	2	76	0	72.01
81	4	2	76	0	72.01
82	5	2	76	0	71.01
83	5	2	77	0	72.01
84	6	2	77	0	71.01
85	6	2	77	0	71.01
86	6	2	78	0	72.01
87	6	2	78	0	72.01
88	7	3	79	0	72.03
89	7	3	79	0	72.03
90	7	3	79	0	72.03
91	7	3	80	0	73.02
92	7	2	80	0	73.01
93	7	2	80	0	73.01
94	7	2	81	0	74.01
95	7	2	81	0	74.01
96	7	2	-26	7	33.26
97	7	2	-27	7	34.25
98	7	2	-28	7	35.23
99	7	2	-29	7	36.22
100	6	2	-31	7	37.21
101	6	2	-32	7	38.19
102	6	2	-33	7	39.18
103	6	2	-35	7	41.16
104	6	2	-36	8	42.24
105	6	2	-37	8	43.23
106	6	1	-39	8	45.37
107	6	1	-40	8	46.35
108	6	2	-41	8	47.17
109	6	2	-43	8	49.15
110	6	1	-44	8	50.29
111	6	1	-45	8	51.28
112	5	1	-47	9	52.36
113	5	1	-48	9	53.34
114	5	1	-49	9	54.32
115	5	1	-50	9	55.31
116	5	1	-52	9	57.28
117	5	1	-53	9	58.26
118	5	1	-54	9	59.25
119	5	1	-56	9	61.22
120	6	1	-57	10	63.25
121	6	1	-58	10	64.24
122	6	1	-60	10	66.20
123	6	1	-61	10	67.18
124	6	1	-62	10	68.17
125	6	1	-64	10	70.14
126	6	0	-65	10	71.30
127	6	0	-66	10	72.28
128	6	0	-2	1	8.06
129	6	0	-2	0	8.00
130	6	0	-2	0	8.00
131	6	0	-2	0	8.00
132	7	0	-3	0	10.00
133	7	0	-3	0	10.00
134	7	0	-3	0	10.00
135	7	0	-3	0	10.00
136	7	0	-4	0	11.00
137	7	0	-4	0	11.00
138	7	0	-4	0	11.00
139	7	0	-5	0	12.00
140	8	0	-5	0	13.00
141	8	0	-5	0	13.00
142	8	0	-5	0	13.00
143	8	0	-6	0	14.00
144	8	0	-6	0	14.00
145	8	0	-6	0	14.00
146	8	0	-7	0	15.00
147	8	0	-7	0	15.00
148	8	0	-7	0	15.00
149	8	0	-7	0	15.00
150	8	0	-8	0	16.00
151	8	0	-8	0	16.00
152	8	0	-8	0	16.00
153	8	0	-9	0	17.00
154	8	0	-9	0	17.00
155	8	0	-9	0	17.00
156	8	0	-9	0	17.00
157	8	0	-10	0	18.00
158	8	0	-10	0	18.00
159	8	0	-10	0	18.00
160	8	0	5	-2	3.61
161	8	0	4	-2	4.47
162	7	0	4	-2	3.61
163	7	0	4	-2	3.61
164	7	0	4	-2	3.61
165	7	0	4	-2	3.61
166	7	0	4	-2	3.61
167	7	0	4	-2	3.61
168	7	0	4	-2	3.61
169	7	0	4	-2	3.61
170	7	0	4	-2	3.61
171	7	0	4	-2	3.61
172	7	0	4	-2	3.61
173	7	0	4	-2	3.61
174	7	0	4	-2	3.61
175	7	0	4	-2	3.61
176	7	0	4	-3	4.24
177	7	0	4	-3	4.24
178	7	0	4	-3	4.24
179	7	0	4	-3	4.24
180	7	0	4	-3	4.24
181	7	0	4	-3	4.24
182	7	0	4	-3	4.24
183	7	0	4	-3	4.24
184	7	0	4	-3	4.24
185	7	0	4	-3	4.24
186	7	0	4	-3	4.24
187	7	0	4	-3	4.24
188	7	-1	4	-3	3.60
189	7	-1	4	-3	3.60
190	8	0	4	-3	5.00
191	8	0	4	-3	5.00
192	8	0	10	0	2.00
193	8	0	10	0	2.00
194	7	0	10	0	3.00
195	7	0	10	0	3.00
196	6	0	10	0	4.00
197	6	0	10	0	4.00
198	3	0	10	0	7.00
199	3	0	10	0	7.00
200	2	0	10	0	8.00
201	2	0	10	0	8.00
202	2	0	10	0	8.00
203	2	0	10	0	8.00
204	3	0	10	0	7.00
205	3	0	10	0	7.00
206	3	0	10	0	7.00
207	3	0	10	0	7.00
208	2	1	11	0	9.05
209	2	1	11	0	9.05
210	2	1	11	0	9.05
211	2	1	11	0	9.05
212	2	1	11	0	9.05
213	2	1	11	0	9.05
214	2	2	11	0	9.22
215	2	2	11	0	9.22
216	3	2	11	0	8.24
217	3	2	11	0	8.24
218	3	1	11	0	8.06
219	3	1	11	0	8.06
220	2	2	11	0	9.22
221	2	2	11	0	9.22
222	2	2	11	0	9.22
223	2	2	11	0	9.22
224	2	2	8	0	6.32
225	2	2	8	0	6.32
226	3	1	8	0	5.10
227	3	1	8	0	5.10
228	4	1	8	0	4.12
229	4	1	8	0	4.12
230	4	1	8	0	4.12
231	4	1	8	0	4.12
232	4	1	8	0	4.12
233	4	1	8	0	4.12
234	5	1	8	0	3.16
235	5	1	8	0	3.16
236	6	1	8	0	2.24
237	6	1	8	0	2.24
238	6	0	8	0	2.00
239	6	0	8	0	2.00
240	8	0	8	0	0.00
241	8	0	8	0	0.00
242	9	0	8	0	1.00
243	9	0	8	0	1.00
244	9	0	8	0	1.00
245	9	0	8	0	1.00
246	9	0	8	0	1.00
247	9	0	8	0	1.00
248	9	0	8	0	1.00
249	9	0	8	0	1.00
250	8	0	8	0	0.00
251	8	0	8	0	0.00
252	8	0	8	0	0.00
253	8	0	8	0	0.00
254	8	0	8	0	0.00
255	8	0	8	0	0.00
256	9	0	-4	4	13.59
257	9	0	-4	4	13.59
258	10	-1	-4	4	14.86
259	10	-1	-4	4	14.86
260	11	-1	-4	4	15.80
261	11	-1	-4	4	15.80
262	12	-1	-5	4	17.71
263	12	-1	-5	4	17.71
264	13	-1	-5	4	18.67
265	13	-1	-5	4	18.67
266	13	0	-5	4	18.42
267	13	0	-6	4	19.40
268	13	0	-6	4	19.40
269	13	0	-6	4	19.40
270	14	0	-6	4	20.38
271	14	0	-6	4	20.38
272	14	-1	-7	5	21.82
273	14	-1	-7	5	21.82
274	14	-1	-7	5	21.82
275	14	-1	-7	5	21.82
276	13	-1	-7	5	20.86
277	13	-1	-7	5	20.86
278	12	-1	-8	5	20.86
279	12	-1	-8	5	20.86
280	11	-1	-8	5	19.91
281	11	-1	-8	5	19.91
282	11	-1	-8	5	19.91
283	11	-1	-9	5	20.86
284	10	-2	-9	5	20.23
285	10	-2	-9	5	20.23
286	9	-2	-9	5	19.30
287	9	-2	-9	5	19.30
288	8	-1	16	-2	8.06
289	8	-1	16	-2	8.06
290	8	-1	16	-2	8.06
291	8	-1	16	-2	8.06
292	8	-2	16	-2	8.00
293	8	-2	17	-2	8.99
294	8	-2	17	-2	8.99
295	8	-2	17	-2	8.99
296	8	-3	17	-2	9.05
297	8	-3	17	-2	9.05
298	8	-2	18	-2	9.99
299	8	-2	18	-2	9.99
300	10	-2	18	-2	8.00
301	10	-2	18	-2	8.00
302	15	-2	19	-2	4.00
303	15	-2	19	-2	4.00
304	22	-2	19	-3	3.16
305	22	-2	19	-3	3.16
306	28	-1	19	-3	9.21
307	28	-1	20	-3	8.24
308	31	-1	20	-3	11.17
309	31	-1	20	-3	11.17
310	33	-1	20	-3	13.14
311	33	-1	21	-3	12.16
312	35	0	21	-3	14.31
313	35	0	21	-3	14.31
314	37	0	21	-3	16.27
315	37	0	21	-3	16.27
316	41	0	22	-3	19.23
317	41	0	22	-3	19.23
318	45	0	22	-3	23.18
319	45	0	22	-3	23.18
320	48	0	7	-2	41.04
321	48	0	6	-2	42.04
322	52	0	6	-2	46.03
323	52	0	6	-2	46.03
324	54	0	6	-2	48.03
325	54	0	6	-2	48.03
326	56	-1	6	-2	49.99
327	56	-1	6	-2	49.99
328	57	-1	6	-2	50.99
329	57	-1	6	-2	50.99
330	58	-1	6	-2	51.99
331	58	-1	6	-2	51.99
332	56	-1	6	-2	49.99
333	56	-1	6	-2	49.99
334	54	-1	6	-2	47.99
335	54	-1	6	-2	47.99
336	50	-1	6	-2	43.99
337	50	-1	6	-2	43.99
338	47	-1	6	-2	41.00
339	47	-1	6	-2	41.00
340	44	-1	6	-2	38.00
341	44	-1	6	-2	38.00
342	42	0	6	-2	36.05
343	42	0	6	-2	36.05
344	41	0	6	-2	35.05
345	41	0	6	-2	35.05
346	41	0	6	-2	35.05
347	41	0	6	-2	35.05
348	39	1	6	-2	33.13
349	39	1	6	-2	33.13
350	37	1	6	-2	31.14
351	37	1	6	-2	31.14
352	35	0	88	1	53.01
353	35	0	89	1	54.01
354	36	-1	90	1	54.03
355	36	-1	91	1	55.03
356	37	-1	93	1	56.03
357	37	-1	94	1	57.03
358	38	0	95	1	57.01
359	38	0	96	1	58.01
360	41	0	98	1	57.01
361	41	0	99	1	58.01
362	44	0	100	1	56.01
363	44	0	101	1	57.01
364	46	0	103	1	57.01
365	46	0	104	1	58.01
366	49	0	105	1	56.01
367	49	0	106	1	57.01
368	52	0	108	1	56.01
369	52	0	109	1	57.01
370	55	0	110	1	55.01
371	55	0	111	1	56.01
372	58	0	113	1	55.01
373	58	0	114	1	56.01
374	59	-1	115	1	56.03
375	59	-1	116	1	57.03
376	60	-3	118	1	58.12
377	60	-3	119	1	59.11
378	61	-4	120	1	59.17
379	61	-4	121	1	60.17
380	59	-3	123	1	64.10
381	59	-3	124	1	65.10
382	57	-3	125	1	68.09
383	57	-3	126	1	69.09
384	54	-2	22	0	32.06
385	54	-2	21	0	33.05
386	49	-3	21	0	28.15
387	49	-3	20	0	29.14
388	44	-4	20	0	24.31
389	44	-4	19	0	25.30
390	39	-4	19	0	20.38
391	39	-4	19	0	20.38
392	34	-3	18	0	16.27
393	34	-3	18	0	16.27
394	28	-4	17	0	11.70
395	28	-4	17	0	11.70
396	23	-4	17	0	7.21
397	23	-4	16	0	8.06
398	19	-5	16	0	5.83
399	19	-5	15	0	6.40
400	16	-5	15	0	5.10
401	16	-5	15	0	5.10
402	15	-3	14	0	3.16
403	15	-3	14	0	3.16
404	16	-3	13	0	4.24
405	16	-3	13	0	4.24
406	20	-3	13	0	7.61
407	20	-3	12	0	8.54
408	29	-3	12	0	17.25
409	29	-3	11	0	18.24
410	38	-4	11	0	27.27
411	38	-4	11	0	27.27
412	46	-6	10	0	36.43
413	46	-6	10	0	36.43
414	51	-5	9	0	42.24
415	51	-5	9	0	42.24
416	54	-4	73	-4	18.95
417	54	-4	73	-4	18.95
418	57	-4	74	-4	16.96
419	57	-4	74	-4	16.96
420	57	-4	75	-4	17.96
421	57	-4	75	-4	17.96
422	54	-4	76	-4	21.95
423	54	-4	77	-4	22.94
424	51	-4	77	-4	25.94
425	51	-4	78	-4	26.93
426	51	-4	78	-4	26.93
427	51	-4	79	-4	27.93
428	54	-4	80	-4	25.94
429	54	-4	80	-4	25.94
430	55	-3	81	-4	25.97
431	55	-3	81	-4	25.97
432	53	-3	82	-5	29.00
433	53	-3	83	-5	29.99
434	48	-3	83	-5	34.97
435	48	-3	84	-5	35.96
436	42	-4	84	-5	41.88
437	42	-4	85	-5	42.87
438	40	-4	86	-5	45.86
439	40	-4	86	-5	45.86
440	39	-3	87	-5	47.92
441	39	-3	87	-5	47.92
442	40	-3	88	-5	47.92
443	40	-3	89	-5	48.91
444	41	-4	89	-5	47.85
445	41	-4	90	-5	48.85
446	42	-4	90	-5	47.85
447	42	-4	91	-5	48.85
448	41	-4	54	-6	13.10
449	41	-4	54	-6	13.10
450	39	-4	54	-6	15.08
451	39	-4	54	-6	15.08
452	36	-4	54	-6	18.04
453	36	-4	54	-6	18.04
454	34	-5	54	-6	19.93
455	34	-5	54	-6	19.93
456	31	-5	54	-6	22.91
457	31	-5	54	-6	22.91
458	28	-5	54	-6	25.90
459	28	-5	54	-6	25.90
460	28	-5	54	-6	25.90
461	28	-5	54	-6	25.90
462	31	-4	54	-6	23.00
463	31	-4	54	-6	23.00
464	33	-5	54	-7	20.98
465	33	-5	54	-7	20.98
466	33	-5	54	-7	20.98
467	33	-5	54	-7	20.98
468	32	-5	54	-7	21.97
469	32	-5	54	-7	21.97
470	32	-4	54	-7	22.10
471	32	-4	54	-7	22.10
472	33	-4	54	-7	21.11
473	33	-4	54	-7	21.11
474	34	-4	54	-7	20.13
475	34	-4	54	-7	20.13
476	35	-4	54	-7	19.15
477	35	-4	54	-7	19.15
478	36	-3	54	-7	18.37
479	36	-3	54	-7	18.37
480	37	-2	28	-4	9.21
481	37	-2	27	-4	10.18
482	38	-1	27	-4	11.39
483	38	-1	26	-4	12.36
484	39	0	26	-4	13.59
485	39	0	25	-4	14.55
486	41	4	25	-4	17.88
487	41	4	25	-4	17.88
488	42	9	24	-4	22.16
489	42	9	24	-4	22.16
490	43	15	23	-4	27.45
491	43	15	23	-4	27.45
492	44	20	23	-4	31.65
493	44	20	22	-4	32.30
494	45	22	22	-4	34.38
495	45	22	21	-4	35.03
496	46	22	21	-4	35.69
497	46	22	21	-4	35.69
498	46	21	20	-4	35.70
499	46	21	20	-4	35.70
500	46	20	19	-4	35.77
501	46	20	19	-4	35.77
502	46	19	19	-4	35.14
503	46	19	18	-4	35.89
504	46	19	18	-4	35.89
505	46	19	17	-4	36.66
506	46	19	17	-4	36.66
507	46	19	17	-4	36.66
508	46	20	16	-4	38.00
509	46	20	16	-4	38.00
510	46	20	15	-4	38.77
511	46	20	15	-4	38.77
512	46	20	33	0	23.71
513	46	20	32	0	24.25
514	46	20	32	0	24.25
515	46	20	32	0	24.25
516	46	20	32	0	24.25
517	46	20	32	0	24.25
518	46	20	32	0	24.25
519	46	20	32	0	24.25
520	46	19	32	0	23.45
521	46	19	31	0	24.03
522	46	20	31	0	24.81
523	46	20	31	0	24.81
524	46	19	31	0	24.03
525	46	19	31	0	24.03
526	46	19	31	0	24.03
527	46	19	31	0	24.03
528	46	19	31	1	23.24
529	46	19	30	1	23.87
530	46	19	30	1	23.87
531	46	19	30	1	23.87
532	46	19	30	1	23.87
533	46	19	30	1	23.87
534	46	19	30	1	23.87
535	46	19	30	1	23.87
536	46	18	30	1	23.15
537	46	18	29	1	23.83
538	46	18	29	1	23.83
539	46	18	29	1	23.83
540	46	18	29	1	23.83
541	46	18	29	1	23.83
542	46	18	29	1	23.83
543	46	18	29	1	23.83
544	45	18	55	42	25.47
545	45	18	55	42	25.47
546	45	18	55	43	26.40
547	45	18	55	44	27.33
548	46	18	56	44	27.33
549	46	18	56	45	28.26
550	46	18	56	46	29.20
551	46	18	56	46	29.20
552	46	18	57	47	30.38
553	46	18	57	48	31.31
554	46	18	57	48	31.31
555	46	18	58	49	32.48
556	46	18	58	50	33.42
557	46	18	58	50	33.42
558	46	18	58	51	34.35
559	46	18	59	52	35.51
560	46	18	59	53	36.44
561	46	18	59	53	36.44
562	46	17	60	54	38.56
563	46	17	60	55	39.49
564	46	17	60	55	39.49
565	46	17	60	56	40.42
566	46	17	61	57	41.56
567	46	17	61	57	41.56
568	46	17	61	58	42.49
569	46	17	62	59	43.61
570	46	17	62	59	43.61
571	46	17	62	60	44.53
572	46	17	62	61	45.46
573	46	17	63	61	45.65
574	48	16	63	62	47.21
575	48	16	63	63	48.15
576	51	15	44	16	6.82
577	51	15	43	15	7.73
578	56	13	43	15	12.77
579	56	13	43	15	12.77
580	65	11	43	15	21.79
581	65	11	43	15	21.79
582	75	10	43	15	31.61
583	75	10	43	15	31.61
584	85	9	43	15	41.46
585	85	9	43	15	41.46
586	93	8	43	15	49.39
587	93	8	43	15	49.39
588	100	7	43	15	56.38
589	100	7	43	15	56.38
590	107	5	43	15	63.62
591	107	5	43	15	63.62
592	112	4	43	15	68.69
593	112	4	43	14	68.67
594	117	2	43	14	73.99
595	117	2	43	14	73.99
596	122	0	43	14	79.33
597	122	0	43	14	79.33
598	127	-1	43	14	84.42
599	127	-1	43	14	84.42
600	131	-2	43	14	88.54
601	131	-2	43	14	88.54
602	133	-3	43	14	90.73
603	133	-3	43	14	90.73
604	134	-3	43	14	91.69
605	134	-3	43	14	91.69
606	135	-4	43	14	92.90
607	135	-4	43	14	92.90
608	137	-3	57	12	80.87
609	137	-3	57	11	80.78
610	139	-3	57	11	82.74
611	139	-3	57	11	82.74
612	140	-4	57	11	83.91
613	140	-4	57	11	83.91
614	141	-5	58	11	84.11
615	141	-5	58	11	84.11
616	141	-6	58	11	84.32
617	141	-6	58	11	84.32
618	139	-7	58	11	82.58
619	139	-7	59	10	81.46
620	137	-9	59	10	79.92
621	137	-9	59	10	79.92
622	134	-10	59	10	77.24
623	134	-10	59	10	77.24
624	132	-10	60	10	74.36
625	132	-10	60	10	74.36
626	129	-11	60	10	71.74
627	129	-11	60	10	71.74
628	123	-12	60	10	66.35
629	123	-12	60	10	66.35
630	113	-12	61	9	55.79
631	113	-12	61	9	55.79
632	104	-12	61	9	47.62
633	104	-12	61	9	47.62
634	92	-12	61	9	37.29
635	92	-12	62	9	36.47
636	79	-11	62	9	26.19
637	79	-11	62	9	26.19
638	68	-9	62	9	18.97
639	68	-9	62	9	18.97
640	59	-8	-137	-21	147.01
641	59	-8	-135	-21	147.90
642	52	-7	-132	-22	150.74
643	52	-7	-129	-22	150.98
644	45	-4	-127	-23	151.89
645	45	-4	-124	-23	150.94
646	39	-3	-121	-24	146.72
647	39	-3	-119	-24	145.55
648	35	-2	-116	-25	141.03
649	35	-2	-113	-26	138.28
650	34	-2	-111	-26	136.10
651	34	-2	-108	-27	133.30
652	33	-3	-105	-27	129.60
653	33	-3	-103	-28	127.57
654	33	-3	-100	-28	125.22
655	33	-3	-97	-29	122.42
656	34	-4	-94	-30	119.80
657	34	-4	-92	-30	118.22
658	34	-4	-89	-31	115.45
659	34	-4	-86	-31	113.05
660	35	-4	-84	-32	111.91
661	35	-4	-81	-32	109.50
662	34	-4	-78	-33	105.99
663	34	-4	-76	-33	104.37
664	34	-4	-73	-34	101.70
665	34	-4	-70	-35	99.07
666	34	-3	-68	-35	98.05
667	34	-3	-65	-36	95.49
668	35	-3	-62	-36	93.88
669	35	-3	-60	-37	92.18
670	37	-3	-57	-37	91.38
671	37	-3	-54	-38	88.94
672	39	-3	-19	-13	58.17
673	39	-3	-21	-13	60.11
674	43	-2	-23	-13	66.18
675	43	-2	-26	-13	69.09
676	45	-2	-28	-13	72.99
677	45	-2	-31	-13	75.91
678	47	-2	-33	-13	79.81
679	47	-2	-36	-14	82.73
680	49	-3	-38	-14	86.37
681	49	-3	-40	-14	88.31
682	51	-3	-43	-14	93.15
683	51	-3	-45	-14	95.08
684	52	-4	-48	-14	98.70
685	52	-4	-50	-15	100.50
686	53	-4	-53	-15	104.33
687	53	-4	-55	-15	106.24
688	52	-4	-58	-15	108.15
689	52	-4	-60	-15	110.05
690	53	-3	-62	-15	113.21
691	53	-3	-65	-15	116.06
692	53	-3	-67	-16	117.75
693	53	-3	-70	-16	120.56
694	53	-3	-72	-16	122.42
695	53	-3	-75	-16	125.21
696	53	-3	-77	-16	127.06
697	53	-3	-79	-16	128.90
698	52	-2	-82	-17	130.82
699	52	-2	-84	-17	132.63
700	51	-2	-87	-17	134.43
701	51	-2	-89	-17	136.21
702	49	-2	-92	-17	137.10
703	49	-2	-94	-17	138.86
704	47	-3	19	2	28.43
705	47	-3	18	2	29.42
706	44	-2	17	2	27.29
707	44	-2	17	2	27.29
708	40	-3	16	2	24.51
709	40	-3	15	2	25.49
710	34	-3	15	2	19.64
711	34	-3	14	3	20.87
712	28	-2	14	3	14.86
713	28	-2	13	3	15.81
714	22	-3	12	3	11.66
715	22	-3	12	3	11.66
716	16	-3	11	3	7.81
717	16	-3	10	4	9.22
718	11	-4	10	4	8.06
719	11	-4	9	4	8.25
720	7	-4	9	4	8.25
721	7	-4	8	4	8.06
722	3	-5	7	4	9.85
723	3	-5	7	4	9.85
724	0	-5	6	5	11.66
725	0	-5	5	5	11.18
726	-3	-6	5	5	13.59
727	-3	-6	4	5	13.03
728	-7	-5	4	5	14.86
729	-7	-5	3	5	14.13
730	-11	-5	2	6	17.01
731	-11	-5	2	6	17.01
732	-17	-5	1	6	21.07
733	-17	-5	0	6	20.23
734	-22	-5	0	6	24.57
735	-22	-5	0	6	24.57
736	-27	-5	55	-3	81.78
737	-27	-5	55	-3	81.78
738	-34	-3	55	-3	88.85
739	-34	-3	55	-3	88.85
740	-39	0	56	-3	94.99
741	-39	0	56	-3	94.99
742	-43	0	56	-3	98.99
743	-43	0	56	-3	98.99
744	-46	0	57	-3	102.98
745	-46	0	57	-3	102.98
746	-48	0	57	-3	104.98
747	-48	0	57	-3	104.98
748	-50	0	58	-3	107.97
749	-50	0	58	-3	107.97
750	-53	2	58	-3	111.07
751	-53	2	58	-3	111.07
752	-54	2	59	-3	113.07
753	-54	2	59	-3	113.07
754	-53	1	59	-3	112.02
755	-53	1	59	-3	112.02
756	-52	0	60	-3	111.97
757	-52	0	60	-3	111.97
758	-53	1	60	-3	113.02
759	-53	1	60	-3	113.02
760	-54	1	61	-3	115.02
761	-54	1	61	-3	115.02
762	-53	2	61	-3	114.06
763	-53	2	61	-3	114.06
764	-51	2	62	-3	113.07
765	-51	2	62	-3	113.07
766	-51	2	62	-3	113.07
767	-51	2	62	-3	113.07
768	-51	2	-101	-7	50.70
769	-51	2	-103	-7	52.67
770	-51	2	-105	-7	54.63
771	-51	2	-107	-7	56.60
772	-52	2	-110	-7	58.57
773	-52	2	-112	-7	60.55
774	-51	2	-114	-7	63.51
775	-51	2	-117	-7	66.47
776	-51	2	-119	-7	68.45
777	-51	2	-121	-7	70.43
778	-51	3	-124	-7	73.54
779	-51	3	-126	-7	75.51
780	-51	3	-128	-7	77.49
781	-51	3	-131	-7	80.46
782	-52	2	-133	-7	81.32
783	-52	2	-135	-7	83.30
784	-55	2	-138	-8	83.35
785	-55	2	-140	-8	85.33
786	-58	2	-142	-8	84.34
787	-58	2	-144	-8	86.32
788	-64	2	-147	-8	83.35
789	-64	2	-149	-8	85.33
790	-68	2	-151	-8	83.35
791	-68	2	-154	-8	86.32
792	-71	2	-156	-8	85.33
793	-71	2	-158	-8	87.31
794	-74	3	-161	-8	87.45
795	-74	3	-163	-8	89.43
796	-74	2	-165	-8	91.27
797	-74	2	-168	-8	94.24
798	-73	3	-170	-8	97.34
799	-73	3	-172	-8	99.32
800	-72	5	-75	9	4.99
801	-72	5	-75	9	4.99
802	-74	6	-76	9	3.60
803	-74	6	-77	9	4.22
804	-77	6	-78	9	3.16
805	-77	6	-78	10	4.12
806	-78	6	-79	10	4.12
807	-78	6	-80	10	4.46
808	-79	6	-81	10	4.46
809	-79	6	-81	10	4.46
810	-81	6	-82	11	5.10
811	-81	6	-83	11	5.38
812	-83	6	-84	11	5.10
813	-83	6	-84	11	5.10
814	-87	3	-85	12	9.22
815	-87	3	-86	12	9.05
816	-93	1	-87	12	12.51
817	-93	1	-87	12	12.51
818	-97	0	-88	12	14.96
819	-97	0	-89	13	15.23
820	-99	0	-90	13	15.77
821	-99	0	-90	13	15.77
822	-99	-1	-91	13	16.09
823	-99	-1	-92	14	16.53
824	-99	-2	-93	14	17.07
825	-99	-2	-93	14	17.07
826	-100	-3	-94	14	18.01
827	-100	-3	-95	14	17.71
828	-100	-3	-96	15	18.43
829	-100	-3	-96	15	18.43
830	-101	-3	-97	15	18.43
831	-101	-3	-98	15	18.24
832	-100	-4	-93	8	13.88
833	-100	-4	-93	8	13.88
834	-99	-4	-94	8	13.00
835	-99	-4	-94	8	13.00
836	-98	-4	-95	8	12.37
837	-98	-4	-96	8	12.16
838	-98	-4	-96	8	12.16
839	-98	-4	-97	8	12.04
840	-99	-3	-98	8	11.05
841	-99	-3	-98	8	11.05
842	-96	-4	-99	8	12.37
843	-96	-4	-100	9	13.60
844	-91	-4	-100	9	15.80
845	-91	-4	-101	9	16.38
846	-85	-4	-102	9	21.36
847	-85	-4	-102	9	21.36
848	-74	-3	-103	9	31.30
849	-74	-3	-104	9	32.22
850	-61	-2	-104	9	44.24
851	-61	-2	-105	9	45.20
852	-47	-1	-106	9	59.61
853	-47	-1	-106	9	59.61
854	-33	-2	-107	10	74.62
855	-33	-2	-108	10	75.60
856	-20	-2	-108	10	88.38
857	-20	-2	-109	10	89.36
858	-9	-3	-110	10	101.35
859	-9	-3	-110	10	101.35
860	-2	-2	-111	10	109.06
861	-2	-2	-112	10	110.04
862	3	-3	-112	10	115.13
863	3	-3	-113	10	116.12
864	7	-4	-128	-13	132.19
865	7	-4	-128	-13	132.19
866	11	-5	-129	-13	136.38
867	11	-5	-130	-13	137.29
868	15	-6	-131	-14	140.78
869	15	-6	-132	-14	141.63
870	16	-6	-133	-14	143.31
871	16	-6	-134	-14	144.14
872	17	-7	-135	-15	144.58
873	17	-7	-135	-15	144.58
874	17	-6	-136	-15	145.98
875	17	-6	-137	-16	146.14
876	17	-6	-138	-16	146.89
877	17	-6	-139	-16	147.62
878	18	-6	-140	-16	149.05
879	18	-6	-141	-17	149.02
880	19	-6	-142	-17	150.31
881	19	-6	-142	-17	150.31
882	19	-6	-143	-18	150.14
883	19	-6	-144	-18	150.72
884	19	-6	-145	-18	151.27
885	19	-6	-146	-18	151.80
886	18	-6	-147	-19	150.96
887	18	-6	-148	-19	151.45
888	14	-6	-149	-19	149.91
889	14	-6	-149	-20	149.09
890	9	-6	-150	-20	146.80
891	9	-6	-151	-20	147.40
892	0	-6	-152	-20	142.13
893	0	-6	-153	-21	142.17
894	-7	-5	-154	-21	138.48
895	-7	-5	-155	-21	139.24
896	-15	-5	114	-4	128.27
897	-15	-5	117	-4	131.21
898	-20	-5	120	-4	139.04
899	-20	-5	124	-4	142.93
900	-23	-4	127	-4	148.98
901	-23	-4	130	-4	151.86
902	-24	-4	134	-4	156.61
903	-24	-4	137	-4	159.40
904	-25	-4	140	-4	163.01
905	-25	-4	144	-4	166.41
906	-25	-4	147	-4	168.69
907	-25	-4	150	-4	170.57
908	-24	-3	154	-4	172.72
909	-24	-3	157	-4	172.93
910	-25	-3	160	-4	171.40
911	-25	-3	164	-4	168.60
912	-25	-3	167	-4	166.11
913	-25	-3	170	-4	163.46
914	-25	-3	174	-4	159.76
915	-25	-3	177	-4	156.93
916	-25	-4	-180	-4	153.77
917	-25	-4	-176	-4	149.94
918	-24	-4	-173	-4	148.01
919	-24	-4	-170	-4	145.10
920	-24	-4	-166	-4	141.20
921	-24	-4	-163	-4	138.26
922	-24	-4	-160	-4	135.31
923	-24	-4	-156	-4	131.38
924	-24	-4	-153	-4	128.42
925	-24	-4	-150	-4	125.45
926	-24	-4	-146	-4	121.50
927	-24	-4	-143	-4	118.53
928	-24	-4	-37	-6	13.10
929	-24	-4	-37	-6	13.10
930	-20	-4	-38	-6	18.04
931	-20	-4	-39	-6	19.03
932	-12	-4	-39	-6	26.97
933	-12	-4	-40	-6	27.96
934	-1	-4	-41	-6	39.89
935	-1	-4	-41	-6	39.89
936	10	-5	-42	-6	51.75
937	10	-5	-43	-6	52.75
938	19	-4	-43	-6	61.77
939	19	-4	-44	-6	62.76
940	26	-4	-45	-6	70.71
941	26	-4	-45	-6	70.71
942	29	-5	-46	-6	74.60
943	29	-5	-47	-6	75.59
944	30	-5	-48	-6	77.58
945	30	-5	-48	-6	77.58
946	29	-6	-49	-6	77.49
947	29	-6	-50	-6	78.48
948	28	-6	-50	-6	77.49
949	28	-6	-51	-6	78.48
950	26	-6	-52	-6	77.49
951	26	-6	-52	-6	77.49
952	25	-6	-53	-6	77.49
953	25	-6	-54	-6	78.48
954	24	-7	-54	-6	77.41
955	24	-7	-55	-6	78.40
956	24	-6	-56	-6	79.47
957	24	-6	-56	-6	79.47
958	25	-6	-57	-6	81.46
959	25	-6	-58	-6	82.45
960	26	-6	-33	-3	58.87
961	26	-6	-33	-2	58.97
962	27	-6	-33	-2	59.96
963	27	-6	-33	-2	59.96
964	29	-5	-34	-2	62.93
965	29	-5	-34	-2	62.93
966	31	-4	-34	-2	64.93
967	31	-4	-34	-2	64.93
968	34	-2	-35	-2	68.95
969	34	-2	-35	-2	68.95
970	37	0	-35	-2	72.01
971	37	0	-36	-2	73.01
972	39	1	-36	-2	75.05
973	39	1	-36	-2	75.05
974	42	3	-36	-2	78.13
975	42	3	-37	-2	79.13
976	43	4	-37	-2	80.17
977	43	4	-37	-2	80.17
978	43	4	-38	-2	81.17
979	43	4	-38	-2	81.17
980	43	4	-38	-2	81.17
981	43	4	-38	-2	81.17
982	42	5	-39	-2	81.22
983	42	5	-39	-2	81.22
984	41	5	-39	-2	80.22
985	41	5	-40	-2	81.22
986	39	4	-40	-2	79.18
987	39	4	-40	-2	79.18
988	38	3	-40	-2	78.13
989	38	3	-41	-2	79.13
990	37	2	-41	-2	78.09
991	37	2	-41	-2	78.09
992	37	2	76	-8	40.16
993	37	2	77	-8	41.13
994	38	3	79	-8	42.35
995	38	3	80	-8	43.31
996	36	4	82	-8	47.43
997	36	4	83	-8	48.39
998	31	7	85	-8	55.89
999	31	7	86	-8	56.85
1000	22	5	88	-8	67.10
1001	22	5	90	-8	69.06
1002	17	3	91	-8	74.62
1003	17	3	93	-8	76.59
1004	18	4	94	-8	76.75
1005	18	4	96	-8	78.72
1006	21	5	97	-8	76.91
1007	21	5	99	-8	78.87
1008	22	4	101	-9	79.80
1009	22	4	102	-9	80.78
1010	23	4	104	-9	81.77
1011	23	4	105	-9	82.75
1012	24	4	107	-9	83.73
1013	24	4	108	-9	84.72
1014	26	4	110	-9	84.72
1015	26	4	111	-9	85.70
1016	29	3	113	-9	84.55
1017	29	3	115	-9	86.52
1018	31	1	116	-9	85.22
1019	31	1	118	-9	87.19
1020	32	0	119	-9	87.04
1021	32	0	121	-9	89.01
1022	32	0	122	-9	90.00
1023	32	0	124	-9	91.98
1024	32	-1	48	10	19.36
1025	32	-1	48	10	19.36
1026	31	-1	48	10	20.18
1027	31	-1	49	10	21.02
1028	32	-1	49	11	20.73
1029	32	-1	49	11	20.73
1030	32	-1	50	11	21.55
1031	32	-1	50	11	21.55
1032	33	-1	50	12	21.31
1033	33	-1	51	12	22.10
1034	33	-2	51	12	22.71
1035	33	-2	51	12	22.71
1036	33	-3	52	13	24.74
1037	33	-3	52	13	24.74
1038	33	-5	52	13	26.08
1039	33	-5	53	13	26.81
1040	32	-8	53	14	30.30
1041	32	-8	53	14	30.30
1042	31	-11	54	14	33.84
1043	31	-11	54	14	33.84
1044	31	-14	54	15	36.86
1045	31	-14	55	15	37.48
1046	30	-15	55	15	38.87
1047	30	-15	55	15	38.87
1048	29	-15	56	16	40.89
1049	29	-15	56	16	40.89
1050	29	-16	56	16	41.64
1051	29	-16	57	16	42.28
1052	29	-17	57	17	43.78
1053	29	-17	57	17	43.78
1054	29	-18	58	17	45.16
1055	29	-18	58	17	45.16
1056	29	-19	27	-4	15.13
1057	29	-19	26	-4	15.28
1058	29	-19	26	-4	15.28
1059	29	-19	26	-4	15.28
1060	29	-19	26	-4	15.28
1061	29	-19	26	-4	15.28
1062	28	-21	26	-4	17.11
1063	28	-21	25	-4	17.25
1064	27	-22	25	-4	18.10
1065	27	-22	25	-4	18.10
1066	27	-21	25	-4	17.11
1067	27	-21	25	-5	16.12
1068	26	-20	25	-5	15.03
1069	26	-20	24	-5	15.13
1070	27	-21	24	-5	16.26
1071	27	-21	24	-5	16.26
1072	27	-21	24	-5	16.26
1073	27	-21	24	-5	16.26
1074	27	-22	24	-5	17.25
1075	27	-22	24	-5	17.25
1076	27	-21	23	-5	16.46
1077	27	-21	23	-5	16.46
1078	26	-23	23	-6	17.24
1079	26	-23	23	-6	17.24
1080	26	-26	23	-6	20.20
1081	26	-26	23	-6	20.20
1082	27	-26	22	-6	20.56
1083	27	-26	22	-6	20.56
1084	27	-23	22	-6	17.67
1085	27	-23	22	-6	17.67
1086	27	-20	22	-6	14.82
1087	27	-20	22	-6	14.82
1088	27	-20	26	-37	17.02
1089	27	-19	25	-37	18.09
1090	27	-19	25	-38	19.08
1091	27	-18	25	-38	20.08
1092	27	-18	25	-39	21.07
1093	27	-18	25	-39	21.07
1094	27	-18	25	-40	22.07
1095	28	-18	25	-40	22.15
1096	28	-18	25	-41	23.14
1097	28	-18	25	-42	24.14
1098	28	-17	25	-42	25.13
1099	28	-17	24	-43	26.22
1100	28	-17	24	-43	26.22
1101	28	-17	24	-44	27.21
1102	28	-17	24	-44	27.21
1103	28	-17	24	-45	28.20
1104	28	-17	24	-46	29.19
1105	28	-17	24	-46	29.19
1106	28	-17	24	-47	30.18
1107	28	-17	24	-47	30.18
1108	28	-17	24	-48	31.17
1109	28	-17	24	-48	31.17
1110	28	-17	23	-49	32.26
1111	28	-17	23	-49	32.26
1112	28	-17	23	-50	33.25
1113	28	-17	23	-51	34.23
1114	28	-17	23	-51	34.23
1115	28	-18	23	-52	34.23
1116	28	-18	23	-52	34.23
1117	28	-18	23	-53	35.22
1118	28	-18	23	-53	35.22
1119	28	-18	23	-54	36.21
1120	28	-18	25	-21	4.12
1121	28	-18	24	-21	4.82
1122	28	-18	24	-21	4.82
1123	28	-18	24	-21	4.82
1124	27	-18	24	-21	4.12
1125	27	-18	24	-21	4.12
1126	27	-18	24	-21	4.12
1127	27	-18	24	-21	4.12
1128	27	-19	24	-21	3.46
1129	27	-19	24	-21	3.46
1130	27	-19	24	-21	3.46
1131	27	-19	24	-21	3.46
1132	27	-19	24	-21	3.46
1133	27	-19	24	-21	3.46
1134	27	-19	24	-21	3.46
1135	27	-19	24	-21	3.46
1136	27	-19	24	-21	3.46
1137	26	-20	23	-21	2.98
1138	25	-20	23	-21	2.12
1139	25	-20	23	-21	2.12
1140	25	-20	23	-21	2.12
1141	25	-20	23	-21	2.12
1142	25	-20	23	-21	2.12
1143	25	-20	23	-21	2.12
1144	25	-20	23	-21	2.12
1145	25	-21	23	-21	1.87
1146	25	-21	23	-21	1.87
1147	25	-20	23	-21	2.12
1148	25	-20	23	-21	2.12
1149	25	-20	23	-21	2.12
1150	25	-20	23	-21	2.12
1151	25	-20	23	-21	2.12
1152	25	-20	29	-16	5.52
1153	25	-20	29	-15	6.29
1154	25	-20	29	-15	6.29
1155	25	-20	29	-15	6.29
1156	25	-20	29	-15	6.29
1157	25	-20	29	-15	6.29
1158	25	-20	29	-15	6.29
1159	25	-20	29	-15	6.29
1160	25	-20	29	-15	6.29
1161	25	-20	29	-15	6.29
1162	25	-20	29	-15	6.29
1163	25	-20	29	-15	6.29
1164	25	-20	29	-15	6.29
1165	25	-20	29	-15	6.29
1166	25	-20	29	-15	6.29
1167	25	-20	29	-15	6.29
1168	25	-20	29	-15	6.29
1169	25	-20	29	-14	7.11
1170	25	-20	29	-14	7.11
1171	25	-20	29	-14	7.11
1172	25	-20	29	-14	7.11
1173	25	-20	29	-14	7.11
1174	25	-20	29	-14	7.11
1175	25	-20	29	-14	7.11
1176	25	-20	29	-14	7.11
1177	25	-20	29	-14	7.11
1178	25	-20	29	-14	7.11
1179	25	-20	29	-14	7.11
1180	25	-20	29	-14	7.11
1181	25	-20	29	-14	7.11
1182	25	-20	29	-14	7.11
1183	25	-21	29	-14	7.97
1184	25	-21	22	-22	2.96
1185	25	-21	21	-22	3.85
1186	25	-21	21	-22	3.85
1187	25	-21	21	-22	3.85
1188	25	-21	21	-22	3.85
1189	25	-21	21	-22	3.85
1190	25	-21	21	-22	3.85
1191	25	-21	21	-22	3.85
1192	25	-21	21	-22	3.85
1193	25	-21	21	-22	3.85
1194	25	-21	21	-22	3.85
1195	25	-21	20	-22	4.76
1196	25	-21	20	-22	4.76
1197	25	-21	20	-22	4.76
1198	25	-22	20	-22	4.64
1199	25	-21	20	-22	4.76
1200	25	-21	20	-23	5.05
1201	25	-21	20	-23	5.05
1202	26	-22	20	-23	5.63
1203	26	-21	20	-23	5.91
1204	26	-21	20	-23	5.91
1205	26	-21	20	-23	5.91
1206	27	-21	19	-23	7.68
1207	27	-21	19	-23	7.68
1208	28	-21	19	-23	8.58
1209	28	-21	19	-23	8.58
1210	29	-20	19	-23	9.77
1211	29	-20	19	-23	9.77
1212	29	-20	19	-23	9.77
1213	29	-20	19	-23	9.77
1214	30	-19	19	-23	11.02
1215	30	-19	19	-23	11.02
1216	33	-17	25	-22	9.04
1217	33	-17	25	-22	9.04
1218	39	-15	25	-22	15.00
1219	39	-15	25	-22	15.00
1220	44	-13	25	-22	20.20
1221	44	-13	25	-22	20.20
1222	49	-12	25	-22	24.99
1223	49	-12	25	-22	24.99
1224	54	-10	25	-22	30.27
1225	54	-10	25	-22	30.27
1226	59	-8	25	-22	35.58
1227	59	-8	25	-22	35.58
1228	63	-7	25	-22	39.57
1229	63	-7	25	-22	39.57
1230	65	-6	25	-22	41.80
1231	65	-6	25	-22	41.80
1232	65	-5	25	-22	42.25
1233	65	-5	25	-22	42.25
1234	64	-4	25	-22	41.85
1235	64	-4	25	-22	41.85
1236	64	-4	25	-22	41.85
1237	63	-4	25	-22	40.98
1238	63	-4	25	-22	40.98
1239	63	-3	25	-22	41.48
1240	63	-3	25	-22	41.48
1241	63	-3	25	-22	41.48
1242	63	-3	25	-22	41.48
1243	63	-2	25	-22	41.99
1244	63	-2	25	-22	41.99
1245	63	-1	25	-22	42.52
1246	63	-1	25	-22	42.52
1247	64	-1	25	-22	43.37
1248	64	-1	41	-13	25.75
1249	64	0	41	-12	25.79
1250	64	0	41	-12	25.79
1251	64	0	41	-12	25.79
1252	64	0	42	-12	24.92
1253	64	0	42	-12	24.92
1254	64	0	42	-12	24.92
1255	64	0	42	-12	24.92
1256	64	0	43	-12	24.05
1257	65	0	43	-11	24.47
1258	65	0	43	-11	24.47
1259	65	0	43	-11	24.47
1260	65	0	44	-11	23.59
1261	65	0	44	-11	23.59
1262	65	0	44	-11	23.59
1263	65	0	44	-11	23.59
1264	65	0	45	-11	22.72
1265	65	0	45	-10	22.27
1266	65	0	45	-10	22.27
1267	64	0	45	-10	21.38
1268	64	0	46	-10	20.51
1269	65	0	46	-10	21.38
1270	65	0	46	-10	21.38
1271	65	0	46	-10	21.38
1272	65	0	47	-10	20.51
1273	65	0	47	-9	20.06
1274	65	0	47	-9	20.06
1275	65	0	47	-9	20.06
1276	65	0	48	-9	19.17
1277	65	0	48	-9	19.17
1278	65	0	48	-9	19.17
1279	64	0	48	-9	18.30
1280	64	0	95	15	34.11
1281	64	0	95	15	34.11
1282	64	0	96	16	35.39
1283	64	0	97	16	36.28
1284	64	0	98	17	37.55
1285	64	0	99	17	38.43
1286	64	0	100	18	39.70
1287	64	0	101	18	40.58
1288	64	0	102	19	41.83
1289	64	0	103	19	42.71
1290	64	0	104	20	43.96
1291	64	0	105	20	44.83
1292	64	0	106	21	46.07
1293	64	0	107	21	46.94
1294	64	0	108	22	48.17
1295	64	0	109	22	49.03
1296	64	0	110	23	50.25
1297	65	0	111	23	50.25
1298	65	0	112	24	51.46
1299	65	0	113	24	52.32
1300	65	0	114	25	53.52
1301	64	0	115	25	55.22
1302	64	0	116	26	56.40
1303	65	0	117	26	56.40
1304	65	0	118	27	57.57
1305	65	0	119	27	58.42
1306	65	0	120	28	59.57
1307	65	0	121	28	60.41
1308	65	0	122	29	61.55
1309	65	0	123	29	62.39
1310	65	0	124	30	63.51
1311	65	0	125	30	64.34
1312	65	0	64	1	1.41
1313	65	0	64	1	1.41
1314	65	0	64	1	1.41
1315	65	0	64	1	1.41
1316	65	0	64	1	1.41
1317	65	0	64	1	1.41
1318	65	0	64	1	1.41
1319	65	0	64	1	1.41
1320	65	0	64	1	1.41
1321	65	0	64	1	1.41
1322	65	0	64	1	1.41
1323	65	0	64	1	1.41
1324	65	0	64	1	1.41
1325	65	0	64	1	1.41
1326	65	0	64	1	1.41
1327	65	0	64	1	1.41
1328	65	0	64	1	1.41
1329	65	0	64	1	1.41
1330	65	0	64	1	1.41
1331	65	0	64	1	1.41
1332	65	0	64	1	1.41
1333	65	0	64	1	1.41
1334	65	0	64	1	1.41
1335	65	0	64	1	1.41
1336	65	0	64	1	1.41
1337	65	0	64	1	1.41
1338	65	0	64	1	1.41
1339	65	0	64	1	1.41
1340	65	0	64	1	1.41
1341	68	0	64	1	4.12
1342	68	0	64	1	4.12
1343	74	0	64	1	10.05
1344	74	0	66	0	8.00
1345	81	-1	66	0	15.03
1346	81	-1	66	0	15.03
1347	90	-1	66	0	24.02
1348	90	-1	66	0	24.02
1349	98	0	66	0	32.00
1350	98	0	66	0	32.00
1351	106	0	66	0	40.00
1352	106	0	66	0	40.00
1353	113	-1	66	0	47.01
1354	113	-1	66	0	47.01
1355	119	-2	66	0	53.03
1356	119	-2	66	0	53.03
1357	126	-4	66	0	60.08
1358	126	-4	66	0	60.08
1359	133	-4	66	0	67.06
1360	133	-4	66	0	67.06
1361	139	-4	66	0	73.04
1362	139	-4	66	0	73.04
1363	143	-5	66	0	77.05
1364	143	-5	66	0	77.05
1365	146	-7	66	0	80.08
1366	146	-7	66	0	80.08
1367	148	-8	66	0	82.08
1368	148	-8	66	0	82.08
1369	151	-10	66	0	85.08
1370	151	-10	66	0	85.08
1371	153	-11	66	0	87.06
1372	153	-11	66	0	87.06
1373	153	-12	66	0	87.07
1374	153	-12	66	0	87.07
1375	153	-13	66	0	87.08
1376	153	-13	83	0	70.53
1377	153	-13	83	0	70.53
1378	153	-13	83	0	70.53
1379	153	-14	83	0	70.62
1380	153	-14	84	0	69.65
1381	153	-15	84	0	69.75
1382	153	-15	84	0	69.75
1383	153	-16	84	0	69.85
1384	153	-16	85	0	68.89
1385	153	-17	85	0	69.01
1386	153	-17	85	0	69.01
1387	153	-18	86	0	68.19
1388	153	-18	86	0	68.19
1389	153	-19	86	0	68.32
1390	153	-19	86	0	68.32
1391	153	-21	87	0	67.68
1392	153	-21	87	0	67.68
1393	153	-23	87	0	68.01
1394	153	-23	88	0	67.11
1395	154	-25	88	0	68.37
1396	154	-25	88	0	68.37
1397	155	-26	88	0	69.44
1398	155	-26	89	0	68.56
1399	156	-28	89	0	69.82
1400	156	-28	89	0	69.82
1401	155	-31	90	0	68.76
1402	155	-31	90	0	68.76
1403	154	-33	90	0	68.43
1404	154	-33	90	0	68.43
1405	153	-36	91	0	67.68
1406	153	-36	91	0	67.68
1407	152	-39	91	0	67.87
1408	152	-39	-128	-26	66.60
1409	151	-42	-126	-26	67.99
1410	151	-43	-124	-26	69.13
1411	151	-43	-121	-27	70.59
1412	151	-43	-119	-27	71.96
1413	151	-43	-116	-28	73.36
1414	151	-43	-114	-28	74.70
1415	151	-43	-111	-28	76.68
1416	151	-43	-109	-29	77.32
1417	151	-43	-106	-29	79.24
1418	151	-43	-104	-30	79.80
1419	151	-43	-101	-30	81.65
1420	151	-44	-99	-30	82.28
1421	151	-44	-96	-31	83.29
1422	151	-44	-94	-31	84.42
1423	151	-44	-91	-32	85.31
1424	151	-44	-89	-32	86.38
1425	151	-44	-87	-32	87.43
1426	151	-44	-84	-33	88.15
1427	151	-44	-82	-33	89.13
1428	151	-44	-79	-34	89.71
1429	151	-44	-77	-34	90.61
1430	151	-44	-74	-34	91.90
1431	151	-44	-72	-35	91.86
1432	151	-44	-69	-35	93.04
1433	151	-45	-67	-36	92.02
1434	151	-45	-64	-36	93.04
1435	151	-45	-62	-36	93.68
1436	151	-45	-59	-37	93.64
1437	151	-45	-57	-37	94.19
1438	151	-45	-54	-38	93.99
1439	151	-45	-52	-38	94.45
1440	151	-45	151	-65	20.00
1441	152	-45	150	-65	20.03
1442	152	-45	150	-66	21.03
1443	152	-45	150	-67	22.03
1444	152	-45	150	-68	23.02
1445	152	-45	150	-69	24.02
1446	152	-45	150	-69	24.02
1447	152	-45	150	-70	25.02
1448	152	-45	150	-71	26.02
1449	152	-47	150	-72	25.02
1450	152	-47	150	-73	26.02
1451	151	-49	150	-73	24.00
1452	151	-49	150	-74	25.00
1453	151	-50	150	-75	25.00
1454	151	-50	150	-76	26.00
1455	152	-51	150	-77	26.01
1456	152	-51	150	-78	27.01
1457	152	-52	150	-78	26.01
1458	152	-52	150	-79	27.01
1459	153	-53	150	-80	27.02
1460	153	-53	150	-81	28.02
1461	153	-55	150	-82	27.01
1462	153	-55	150	-82	27.01
1463	153	-56	150	-83	27.01
1464	153	-56	150	-84	28.01
1465	153	-57	150	-85	28.01
1466	153	-57	150	-86	29.01
1467	154	-58	150	-86	28.01
1468	154	-58	150	-87	29.01
1469	155	-60	150	-88	28.01
1470	155	-60	150	-89	29.00
1471	155	-61	150	-90	29.00
1472	155	-62	150	-51	11.33
1473	155	-62	149	-51	11.48
1474	155	-62	149	-51	11.48
1475	155	-62	149	-51	11.48
1476	155	-62	149	-51	11.48
1477	156	-63	149	-51	12.57
1478	156	-63	149	-52	11.61
1479	157	-63	149	-52	11.79
1480	157	-63	149	-52	11.79
1481	158	-64	149	-52	12.88
1482	158	-64	149	-52	12.88
1483	157	-64	149	-53	11.75
1484	157	-64	149	-53	11.75
1485	156	-63	149	-53	10.65
1486	156	-63	149	-53	10.65
1487	155	-64	149	-53	11.43
1488	155	-64	149	-54	10.46
1489	153	-64	149	-54	10.21
1490	153	-64	149	-54	10.21
1491	154	-64	149	-54	10.32
1492	154	-64	149	-54	10.32
1493	155	-65	149	-54	11.40
1494	155	-65	149	-55	10.43
1495	156	-66	149	-55	11.51
1496	156	-66	149	-55	11.51
1497	157	-66	149	-55	11.66
1498	157	-66	149	-55	11.66
1499	157	-66	149	-56	10.71
1500	157	-66	149	-56	10.71
1501	159	-66	149	-56	11.08
1502	159	-66	149	-56	11.08
1503	159	-66	149	-56	11.08
1504	159	-66	159	-79	13.00
1505	159	-66	159	-79	13.00
1506	159	-66	159	-80	14.00
1507	159	-66	159	-80	14.00
1508	159	-66	159	-81	15.00
1509	159	-67	159	-81	14.00
1510	159	-67	159	-82	15.00
1511	160	-66	159	-82	16.00
1512	160	-66	160	-83	17.00
1513	159	-66	160	-83	17.00
1514	159	-66	160	-84	18.00
1515	159	-67	160	-84	17.00
1516	159	-67	160	-85	18.00
1517	159	-67	160	-85	18.00
1518	159	-67	160	-86	19.00
1519	159	-67	160	-86	19.00
1520	159	-67	161	-87	20.00
1521	160	-67	161	-88	21.00
1522	160	-67	161	-88	21.00
1523	160	-66	161	-89	23.00
1524	160	-66	161	-89	23.00
1525	161	-66	161	-90	24.00
1526	161	-66	161	-90	24.00
1527	159	-66	161	-90	24.00
1528	159	-66	162	-90	24.00
1529	155	-67	162	-90	23.00
1530	155	-67	162	-90	23.00
1531	151	-67	162	-90	23.00
1532	151	-67	162	-90	23.00
1533	148	-68	162	-90	22.00
1534	148	-68	162	-90	22.00
1535	146	-69	162	-90	21.00
1536	146	-69	163	-70	6.02
1537	143	-70	163	-70	6.81
1538	143	-70	163	-70	6.81
1539	140	-70	163	-70	7.82
1540	140	-70	163	-70	7.82
1541	138	-70	163	-70	8.49
1542	138	-70	163	-70	8.49
1543	135	-71	163	-70	9.31
1544	135	-71	164	-71	9.35
1545	133	-71	164	-71	9.98
1546	133	-71	164	-71	9.98
1547	129	-68	164	-71	12.43
1548	129	-68	164	-71	12.43
1549	127	-64	164	-71	15.46
1550	127	-64	164	-71	15.46
1551	122	-65	164	-71	16.43
1552	122	-65	165	-72	16.77
1553	122	-65	165	-72	16.77
1554	122	-65	165	-72	16.77
1555	117	-66	165	-72	17.65
1556	117	-66	165	-72	17.65
1557	113	-68	165	-72	17.62
1558	113	-68	165	-72	17.62
1559	112	-69	165	-72	17.34
1560	112	-69	166	-73	17.37
1561	112	-69	166	-73	17.37
1562	112	-69	166	-73	17.37
1563	109	-70	166	-73	17.62
1564	109	-70	166	-73	17.62
1565	105	-72	166	-73	17.58
1566	105	-72	166	-73	17.58
1567	100	-73	166	-73	18.33
1568	100	-73	133	-72	9.85
1569	95	-74	132	-72	10.81
1570	95	-74	132	-72	10.81
1571	92	-74	131	-72	11.36
1572	92	-74	131	-72	11.36
1573	89	-75	130	-72	11.76
1574	89	-75	130	-72	11.76
1575	84	-75	130	-72	13.04
1576	84	-75	129	-72	12.79
1577	81	-75	129	-72	13.55
1578	81	-75	128	-72	13.30
1579	79	-75	128	-73	13.25
1580	79	-75	128	-73	13.25
1581	79	-76	127	-73	12.78
1582	79	-76	127	-73	12.78
1583	83	-77	126	-73	11.51
1584	83	-77	126	-73	11.51
1585	89	-77	126	-73	10.16
1586	89	-77	125	-73	9.94
1587	91	-77	125	-73	9.49
1588	91	-77	124	-73	9.27
1589	89	-77	124	-73	9.71
1590	89	-77	124	-74	9.10
1591	88	-77	123	-74	9.10
1592	88	-77	123	-74	9.10
1593	89	-77	122	-74	8.65
1594	89	-77	122	-74	8.65
1595	90	-77	122	-74	8.43
1596	90	-77	121	-74	8.20
1597	91	-76	121	-74	7.92
1598	91	-76	120	-74	7.68
1599	92	-76	120	-74	7.44
1600	92	-76	54	-77	8.77
1601	94	-77	52	-77	9.25
1602	94	-77	51	-77	9.46
1603	94	-77	49	-77	9.88
1604	94	-77	48	-77	10.09
1605	94	-78	46	-77	10.14
1606	94	-78	45	-77	10.34
1607	94	-78	43	-77	10.73
1608	94	-78	42	-78	10.46
1609	92	-80	41	-78	9.60
1610	92	-80	39	-78	9.93
1611	90	-82	38	-78	9.45
1612	90	-82	36	-78	9.72
1613	93	-84	35	-78	10.16
1614	93	-84	33	-78	10.37
1615	93	-84	32	-78	10.48
1616	93	-84	31	-79	9.73
1617	95	-84	29	-79	10.15
1618	95	-84	28	-79	10.25
1619	95	-84	26	-79	10.46
1620	95	-84	25	-79	10.56
1621	96	-84	23	-79	10.86
1622	96	-84	22	-79	10.96
1623	99	-85	20	-79	11.17
1624	99	-85	19	-80	10.36
1625	103	-86	18	-80	10.43
1626	103	-86	16	-80	10.57
1627	110	-87	15	-80	10.68
1628	110	-87	13	-80	10.78
1629	135	-88	12	-80	11.21
1630	135	-88	10	-80	11.27
1631	178	-88	9	-80	11.97
1632	178	-88	84	-79	11.31
1633	-166	-88	83	-79	11.86
1634	-166	-88	83	-79	11.86
1635	-157	-88	83	-79	12.12
1636	-157	-88	83	-79	12.12
1637	-157	-88	82	-79	12.15
1638	-157	-88	82	-79	12.15
1639	-148	-88	82	-79	12.38
1640	-148	-88	82	-79	12.38
1641	-175	-88	81	-79	11.64
1642	-175	-88	81	-79	11.64
1643	131	-88	81	-80	8.85
1644	131	-88	81	-80	8.85
1645	112	-87	80	-80	7.62
1646	112	-87	80	-80	7.62
1647	109	-87	80	-80	7.52
1648	109	-87	80	-80	7.52
1649	109	-86	79	-80	6.83
1650	109	-86	79	-80	6.83
1651	110	-86	79	-80	6.88
1652	110	-86	79	-80	6.88
1653	114	-85	78	-80	6.63
1654	114	-85	78	-81	5.75
1655	109	-85	78	-81	5.37
1656	109	-85	78	-81	5.37
1657	108	-86	77	-81	5.94
1658	108	-86	77	-81	5.94
1659	106	-86	77	-81	5.83
1660	106	-86	77	-81	5.83
1661	107	-86	76	-81	5.94
1662	107	-86	76	-81	5.94
1663	110	-86	76	-81	6.10
1664	110	-86	-96	-90	4.00
1665	116	-86	-94	-90	4.00
1666	116	-86	-91	-90	4.00
1667	116	-86	-88	-90	4.00
1668	116	-86	-86	-90	4.00
1669	119	-86	-83	-90	4.00
1670	119	-86	-80	-90	4.00
1671	120	-86	-78	-90	4.00
1672	120	-86	-75	-90	4.00
1673	121	-86	-72	-90	4.00
1674	121	-86	-70	-90	4.00
1675	120	-86	-67	-90	4.00
1676	120	-86	-64	-90	4.00
1677	121	-86	-62	-90	4.00
1678	122	-86	-59	-90	4.00
1679	121	-86	-56	-90	4.00
1680	122	-86	-53	-90	4.00
1681	122	-86	-51	-90	4.00
1682	121	-86	-48	-90	4.00
1683	122	-86	-45	-90	4.00
1684	122	-86	-43	-90	4.00
1685	122	-86	-40	-90	4.00
1686	121	-86	-37	-90	4.00
1687	122	-86	-35	-90	4.00
1688	122	-85	-32	-90	5.00
1689	122	-85	-29	-90	5.00
1690	122	-86	-27	-90	4.00
1691	122	-85	-24	-90	5.00
1692	123	-85	-21	-90	5.00
1693	124	-85	-19	-90	5.00
1694	122	-85	-16	-90	5.00
1695	123	-85	-13	-90	5.00
1696	122	-85	42	-84	7.11
1697	122	-86	39	-83	7.62
1698	122	-85	37	-83	8.23
1699	123	-85	35	-83	8.45
1700	123	-85	33	-83	8.60
1701	123	-85	31	-83	8.74
1702	122	-85	29	-83	8.81
1703	122	-85	27	-83	8.94
1704	123	-85	25	-83	9.14
1705	124	-85	22	-83	9.40
1706	124	-85	20	-83	9.53
1707	123	-85	18	-83	9.59
1708	123	-85	16	-83	9.71
1709	123	-85	14	-83	9.83
1710	123	-85	12	-83	9.95
1711	122	-85	10	-83	10.01
1712	122	-85	8	-83	10.12
1713	123	-85	5	-82	11.24
1714	123	-85	3	-82	11.35
1715	122	-85	1	-82	11.41
1716	122	-85	0	-82	11.46
1717	121	-85	-2	-82	11.51
1718	122	-85	-4	-82	11.66
1719	122	-85	-6	-82	11.75
1720	122	-85	-9	-82	11.89
1721	121	-85	-11	-82	11.93
1722	121	-85	-13	-82	12.02
1723	121	-85	-15	-82	12.10
1724	121	-85	-17	-82	12.18
1725	122	-84	-19	-82	13.21
1726	122	-84	-21	-82	13.29
1727	127	-85	-23	-82	12.58
1728	127	-85	134	-84	1.20
1729	127	-85	134	-83	2.13
1730	146	-86	134	-83	3.20
1731	146	-86	135	-83	3.17
1732	156	-86	135	-83	3.57
1733	156	-86	135	-83	3.57
1734	157	-86	136	-83	3.57
1735	157	-86	136	-83	3.57
1736	155	-86	137	-83	3.43
1737	155	-86	137	-83	3.43
1738	154	-86	137	-83	3.38
1739	154	-86	138	-83	3.34
1740	155	-86	138	-83	3.38
1741	155	-86	138	-83	3.38
1742	155	-86	139	-83	3.34
1743	156	-86	139	-83	3.38
1744	156	-86	140	-83	3.34
1745	156	-86	140	-83	3.34
1746	156	-86	140	-83	3.34
1747	158	-86	141	-83	3.38
1748	158	-86	141	-83	3.38
1749	161	-85	141	-83	2.86
1750	161	-85	142	-83	2.79
1751	160	-85	142	-83	2.72
1752	160	-85	143	-83	2.65
1753	159	-85	143	-83	2.59
1754	159	-85	143	-83	2.59
1755	159	-85	144	-83	2.53
1756	159	-85	144	-83	2.53
1757	161	-85	144	-83	2.65
1758	161	-85	145	-83	2.59
1759	164	-85	145	-83	2.79
1760	164	-85	132	-85	2.75
1761	165	-84	132	-85	3.26
1762	165	-84	132	-85	3.26
1763	165	-85	132	-85	2.84
1764	165	-85	132	-85	2.84
1765	165	-84	132	-85	3.26
1766	165	-84	132	-85	3.26
1767	167	-84	133	-85	3.35
1768	167	-84	133	-85	3.35
1769	166	-84	133	-85	3.26
1770	166	-84	133	-85	3.26
1771	165	-84	133	-85	3.18
1772	165	-84	133	-85	3.18
1773	164	-84	134	-85	3.00
1774	164	-84	134	-85	3.00
1775	164	-84	134	-85	3.00
1776	164	-84	134	-85	3.00
1777	169	-84	134	-85	3.44
1778	169	-84	134	-85	3.44
1779	174	-84	134	-85	3.87
1780	174	-84	135	-85	3.79
1781	177	-84	135	-85	4.05
1782	177	-84	135	-85	4.05
1783	178	-84	135	-85	4.13
1784	178	-84	135	-85	4.13
1785	-175	-85	135	-85	4.22
1786	49	8	136	-85	97.71
1787	49	8	136	-85	97.71
1788	50	8	136	-85	97.62
1789	50	8	136	-85	97.62
1790	51	8	136	-85	97.53
1791	52	8	136	-85	97.45
