frame_id	phi	theta	est_phi	est_theta	err_phi	err_theta	speed	err_ang
0	-38	5	0	0	38.28
1	-37	6	0	0	37.41
2	-36	6	0	0	36.43
3	-36	6	0	0	36.43
4	-35	7	0	0	35.61
5	-35	7	0	0	35.61
6	-35	8	0	0	35.79
7	-35	9	0	0	36.00
8	-35	10	0	0	36.22
9	-35	10	0	0	36.22
10	-36	10	0	0	37.18
11	-36	9	0	0	36.96
12	-35	8	0	0	35.79
13	-34	8	0	0	34.82
14	-34	8	0	0	34.82
15	-33	8	0	0	33.85
16	-33	9	0	0	34.07
17	-32	10	0	0	33.37
18	-31	10	0	0	32.42
19	-31	10	0	0	32.42
20	-30	10	0	0	31.47
21	-30	10	0	0	31.47
22	-29	10	0	0	30.53
23	-29	10	0	0	30.53
24	-29	10	0	0	30.53
25	-29	11	0	0	30.85
26	-29	10	0	0	30.53
27	-29	10	0	0	30.53
28	-29	10	0	0	30.53
29	-30	10	0	0	31.47
30	-30	10	0	0	31.47
31	-30	10	0	0	31.47
32	-30	10	-38	5	9.37
33	-30	10	-38	5	9.37
34	-30	10	-38	5	9.37
35	-30	10	-38	5	9.37
36	-30	9	-38	5	8.89
37	-30	10	-38	5	9.37
38	-30	10	-38	5	9.37
39	-31	10	-38	5	8.55
40	-31	10	-38	5	8.55
41	-31	10	-38	5	8.55
42	-31	10	-38	5	8.55
43	-31	10	-38	5	8.55
44	-32	10	-38	5	7.77
45	-32	10	-38	5	7.77
46	-33	10	-38	5	7.04
47	-33	10	-38	5	7.04
48	-34	10	-38	5	6.38
49	-34	10	-38	5	6.38
50	-35	10	-38	5	5.82
51	-35	10	-38	5	5.82
52	-35	10	-38	5	5.82
53	-35	10	-38	5	5.82
54	-34	10	-38	5	6.38
55	-34	10	-38	5	6.38
56	-34	10	-38	5	6.38
57	-32	10	-38	5	7.77
58	-31	10	-38	5	8.55
59	-30	10	-38	5	9.37
60	-29	10	-38	5	10.23
61	-29	10	-38	5	10.23
62	-29	10	-38	5	10.23
63	-28	10	-38	5	11.10
64	-27	10	-22	15	6.99
65	-27	10	-21	15	7.70
66	-27	10	-21	15	7.70
67	-27	10	-21	15	7.70
68	-27	10	-21	15	7.70
69	-27	10	-20	15	8.47
70	-27	10	-20	15	8.47
71	-27	11	-20	16	8.44
72	-27	11	-20	16	8.44
73	-27	12	-19	16	8.73
74	-27	12	-19	16	8.73
75	-27	12	-19	16	8.73
76	-27	13	-19	16	8.30
77	-27	14	-18	17	9.18
78	-27	14	-18	17	9.18
79	-27	14	-18	17	9.18
80	-27	15	-18	17	8.88
81	-27	15	-17	17	9.82
82	-27	16	-17	17	9.64
83	-27	16	-17	17	9.64
84	-27	16	-17	18	9.77
85	-27	16	-16	18	10.71
86	-27	16	-16	18	10.71
87	-27	16	-16	18	10.71
88	-26	16	-16	18	9.77
89	-26	16	-15	18	10.71
90	-27	16	-15	19	11.83
91	-27	16	-15	19	11.83
92	-27	16	-15	19	11.83
93	-27	16	-14	19	12.75
94	-27	15	-14	19	13.05
95	-27	15	-14	19	13.05
96	-27	14	-24	10	4.96
97	-27	14	-23	10	5.59
98	-27	14	-23	10	5.59
99	-27	13	-23	10	4.94
100	-27	13	-23	10	4.94
101	-27	13	-23	10	4.94
102	-28	12	-23	10	5.30
103	-28	12	-23	10	5.30
104	-28	11	-23	10	5.02
105	-28	10	-23	10	4.92
106	-28	10	-23	10	4.92
107	-28	10	-22	10	5.91
108	-28	9	-22	10	6.00
109	-29	9	-22	10	6.98
110	-29	9	-22	10	6.98
111	-30	8	-22	10	8.15
112	-30	8	-22	10	8.15
113	-30	8	-22	10	8.15
114	-31	8	-22	10	9.11
115	-32	8	-22	10	10.08
116	-32	8	-22	10	10.08
117	-33	9	-22	10	10.89
118	-34	9	-21	10	12.86
119	-34	9	-21	10	12.86
120	-34	9	-21	10	12.86
121	-34	9	-21	10	12.86
122	-35	9	-21	10	13.84
123	-36	9	-21	10	14.83
124	-37	9	-21	10	15.81
125	-37	9	-21	10	15.81
126	-38	9	-21	10	16.79
127	-40	9	-21	10	18.76
128	-40	8	-27	18	16.12
129	-40	9	-27	18	15.50
130	-40	9	-27	18	15.50
131	-40	8	-27	18	16.12
132	-41	8	-27	18	16.90
133	-41	8	-27	18	16.90
134	-41	8	-27	18	16.90
135	-42	8	-27	18	17.69
136	-43	8	-27	19	19.03
137	-43	8	-27	19	19.03
138	-44	8	-27	19	19.83
139	-44	8	-27	19	19.83
140	-45	8	-27	19	20.64
141	-46	9	-27	19	20.94
142	-45	9	-27	19	20.10
143	-45	9	-27	19	20.10
144	-45	9	-27	20	20.58
145	-46	9	-27	20	21.40
146	-46	10	-27	20	20.87
147	-46	10	-27	20	20.87
148	-46	10	-27	20	20.87
149	-46	10	-27	20	20.87
150	-45	10	-27	20	20.03
151	-45	9	-27	20	20.58
152	-45	9	-27	21	21.09
153	-45	9	-27	21	21.09
154	-45	9	-27	21	21.09
155	-46	8	-27	21	22.48
156	-46	8	-27	21	22.48
157	-46	8	-27	21	22.48
158	-45	9	-27	21	21.09
159	-45	9	-27	21	21.09
160	-45	9	-53	2	10.60
161	-45	9	-53	1	11.29
162	-45	9	-53	1	11.29
163	-45	9	-54	1	12.01
164	-45	9	-54	1	12.01
165	-46	10	-55	1	12.69
166	-46	10	-55	0	13.42
167	-46	10	-55	0	13.42
168	-45	10	-56	0	14.82
169	-45	10	-56	0	14.82
170	-45	10	-57	0	15.57
171	-45	10	-57	0	15.57
172	-44	10	-57	0	16.35
173	-44	10	-58	0	17.15
174	-43	9	-58	0	17.44
175	-43	9	-59	0	18.30
176	-43	9	-59	-1	18.82
177	-42	9	-59	-1	19.67
178	-41	10	-60	-1	21.88
179	-41	10	-60	-1	21.88
180	-41	10	-61	-1	22.74
181	-39	10	-61	-1	24.50
182	-38	10	-61	-2	25.85
183	-38	10	-62	-2	26.74
184	-36	10	-62	-2	28.53
185	-34	10	-63	-2	31.27
186	-32	10	-63	-2	33.12
187	-31	10	-63	-3	34.42
188	-31	10	-64	-3	35.34
189	-30	10	-64	-3	36.27
190	-31	10	-65	-3	36.27
191	-31	10	-65	-3	36.27
192	-30	10	-50	10	19.69
193	-30	10	-50	10	19.69
194	-29	10	-50	10	20.68
195	-28	9	-50	10	21.72
196	-28	10	-50	10	21.66
197	-28	10	-50	10	21.66
198	-27	10	-50	10	22.65
199	-26	10	-51	10	24.61
200	-24	10	-51	10	26.58
201	-24	10	-51	10	26.58
202	-24	10	-51	10	26.58
203	-23	9	-51	10	27.63
204	-23	9	-51	10	27.63
205	-22	9	-52	10	29.60
206	-22	9	-52	10	29.60
207	-22	9	-52	10	29.60
208	-22	9	-52	10	29.60
209	-21	9	-52	10	30.58
210	-21	8	-52	10	30.67
211	-21	8	-52	10	30.67
212	-22	8	-53	10	30.67
213	-22	8	-53	10	30.67
214	-22	7	-53	10	30.79
215	-22	7	-53	10	30.79
216	-21	8	-53	10	31.66
217	-20	8	-53	10	32.64
218	-19	8	-54	10	34.61
219	-19	8	-54	10	34.61
220	-19	8	-54	10	34.61
221	-18	7	-54	10	35.71
222	-18	7	-54	10	35.71
223	-17	7	-54	10	36.70
224	-16	7	-15	11	4.12
225	-16	7	-14	11	4.46
226	-16	7	-14	11	4.46
227	-15	7	-13	11	4.46
228	-14	7	-13	11	4.12
229	-14	7	-12	11	4.46
230	-13	7	-12	11	4.12
231	-12	7	-11	11	4.12
232	-11	6	-11	11	5.00
233	-10	5	-10	11	6.00
234	-10	5	-10	11	6.00
235	-10	5	-9	11	6.08
236	-10	5	-9	11	6.08
237	-11	6	-8	11	5.81
238	-11	7	-8	11	4.98
239	-11	7	-7	11	5.62
240	-11	6	-7	11	6.37
241	-10	6	-7	11	5.81
242	-10	6	-6	11	6.37
243	-10	6	-6	11	6.37
244	-10	6	-5	11	7.03
245	-10	6	-5	11	7.03
246	-10	6	-4	11	7.76
247	-10	6	-4	11	7.76
248	-10	6	-3	11	8.54
249	-10	6	-3	11	8.54
250	-10	6	-2	11	9.36
251	-10	6	-2	11	9.36
252	-10	6	-1	11	10.21
253	-10	6	-1	11	10.21
254	-10	6	0	11	11.08
255	-10	6	0	11	11.08
256	-10	5	-2	4	8.04
257	-10	5	-1	3	9.20
258	-10	5	-1	3	9.20
259	-10	5	0	3	10.17
260	-10	5	0	3	10.17
261	-10	5	0	3	10.17
262	-10	5	0	3	10.17
263	-9	5	1	3	10.17
264	-9	5	1	3	10.17
265	-8	5	1	3	9.20
266	-8	5	2	3	10.17
267	-8	5	2	2	10.42
268	-9	5	3	2	12.35
269	-9	5	3	2	12.35
270	-8	5	4	2	12.35
271	-8	5	4	2	12.35
272	-9	5	5	2	14.29
273	-9	5	5	2	14.29
274	-9	6	5	2	14.52
275	-9	5	6	2	15.27
276	-9	5	6	2	15.27
277	-9	5	7	2	16.25
278	-9	5	7	1	16.47
279	-9	5	8	1	17.44
280	-9	5	8	1	17.44
281	-9	5	8	1	17.44
282	-9	5	9	1	18.41
283	-9	5	9	1	18.41
284	-9	5	10	1	19.39
285	-9	5	10	1	19.39
286	-9	5	11	1	20.36
287	-9	5	11	1	20.36
288	-9	5	-4	3	5.37
289	-9	5	-3	2	6.70
290	-9	5	-3	2	6.70
291	-9	5	-3	2	6.70
292	-9	4	-3	2	6.32
293	-9	4	-3	2	6.32
294	-8	4	-2	2	6.32
295	-8	4	-2	2	6.32
296	-8	3	-2	2	6.08
297	-8	2	-2	2	6.00
298	-8	1	-2	2	6.08
299	-8	1	-1	2	7.07
300	-8	0	-1	2	7.28
301	-8	1	-1	2	7.07
302	-7	0	-1	2	6.32
303	-7	0	-1	2	6.32
304	-7	0	-1	2	6.32
305	-6	0	0	1	6.08
306	-6	0	0	1	6.08
307	-6	0	0	1	6.08
308	-6	0	0	1	6.08
309	-6	0	0	1	6.08
310	-6	0	0	1	6.08
311	-6	0	0	1	6.08
312	-6	0	0	1	6.08
313	-6	0	0	1	6.08
314	-6	0	0	1	6.08
315	-6	0	1	1	7.07
316	-5	0	1	1	6.08
317	-6	1	1	1	7.00
318	-6	1	1	1	7.00
319	-6	2	1	1	7.07
320	-5	2	-8	5	4.24
321	-5	2	-7	5	3.60
322	-5	2	-7	5	3.60
323	-6	2	-7	5	3.16
324	-5	3	-7	5	2.82
325	-5	2	-7	5	3.60
326	-4	2	-7	5	4.24
327	-4	2	-7	5	4.24
328	-4	3	-7	5	3.60
329	-4	3	-7	5	3.60
330	-4	3	-7	5	3.60
331	-4	3	-7	5	3.60
332	-4	3	-7	5	3.60
333	-4	3	-7	5	3.60
334	-4	2	-7	5	4.24
335	-5	3	-7	5	2.82
336	-5	3	-7	5	2.82
337	-4	3	-7	5	3.60
338	-5	2	-7	5	3.60
339	-5	2	-7	5	3.60
340	-6	2	-7	5	3.16
341	-6	2	-7	5	3.16
342	-6	1	-7	5	4.12
343	-5	0	-7	5	5.38
344	-6	0	-7	5	5.10
345	-6	0	-7	5	5.10
346	-6	0	-7	5	5.10
347	-6	0	-7	5	5.10
348	-6	0	-7	5	5.10
349	-6	0	-7	5	5.10
350	-6	0	-7	5	5.10
351	-6	0	-7	5	5.10
352	-7	0	-1	-1	6.08
353	-6	0	0	-1	6.08
354	-6	0	0	-1	6.08
355	-6	0	0	-1	6.08
356	-6	0	0	-1	6.08
357	-7	0	0	-1	7.07
358	-7	1	0	-1	7.28
359	-6	2	0	-1	6.71
360	-6	2	0	-1	6.71
361	-5	3	0	-1	6.40
362	-5	3	0	-1	6.40
363	-5	3	0	-2	7.07
364	-5	3	0	-2	7.07
365	-5	3	0	-2	7.07
366	-5	3	0	-2	7.07
367	-5	3	0	-2	7.07
368	-6	2	1	-2	8.06
369	-6	2	1	-2	8.06
370	-7	2	1	-2	8.94
371	-7	2	1	-2	8.94
372	-7	2	1	-2	8.94
373	-7	3	1	-2	9.43
374	-7	3	1	-3	10.00
375	-7	3	1	-3	10.00
376	-7	2	2	-3	10.29
377	-7	2	2	-3	10.29
378	-7	2	2	-3	10.29
379	-6	2	2	-3	9.43
380	-6	2	2	-3	9.43
381	-6	2	2	-3	9.43
382	-6	2	2	-3	9.43
383	-6	2	2	-3	9.43
384	-6	2	-9	-2	5.00
385	-6	2	-9	-2	5.00
386	-6	2	-9	-2	5.00
387	-6	2	-9	-2	5.00
388	-6	2	-9	-2	5.00
389	-6	2	-9	-2	5.00
390	-7	2	-9	-2	4.47
391	-6	2	-9	-2	5.00
392	-6	2	-9	-2	5.00
393	-6	2	-9	-2	5.00
394	-6	2	-9	-2	5.00
395	-6	3	-9	-2	5.83
396	-6	3	-9	-2	5.83
397	-6	3	-9	-2	5.83
398	-5	3	-9	-2	6.40
399	-5	3	-9	-2	6.40
400	-6	3	-10	-3	7.21
401	-5	3	-10	-3	7.81
402	-5	3	-10	-3	7.81
403	-5	3	-10	-3	7.81
404	-5	3	-10	-3	7.81
405	-5	3	-10	-3	7.81
406	-4	3	-10	-3	8.48
407	-4	3	-10	-3	8.48
408	-4	3	-10	-3	8.48
409	-3	3	-10	-3	9.22
410	-3	3	-10	-3	9.22
411	-3	3	-10	-3	9.22
412	-4	3	-10	-3	8.48
413	-4	3	-10	-3	8.48
414	-4	3	-10	-3	8.48
415	-4	4	-10	-3	9.22
416	-4	4	-5	4	1.00
417	-4	4	-4	4	0.00
418	-5	4	-4	4	1.00
419	-5	4	-4	4	1.00
420	-5	4	-4	4	1.00
421	-5	4	-4	4	1.00
422	-5	5	-4	4	1.41
423	-5	5	-4	4	1.41
424	-5	5	-4	4	1.41
425	-5	6	-4	4	2.23
426	-5	6	-4	4	2.23
427	-6	7	-4	4	3.60
428	-6	8	-4	4	4.47
429	-6	8	-4	4	4.47
430	-6	8	-4	4	4.47
431	-6	7	-4	4	3.60
432	-6	6	-4	5	2.23
433	-6	6	-4	5	2.23
434	-6	5	-4	5	1.99
435	-6	5	-4	5	1.99
436	-6	4	-4	5	2.23
437	-6	4	-4	5	2.23
438	-6	4	-4	5	2.23
439	-6	4	-4	5	2.23
440	-7	3	-4	5	3.60
441	-7	3	-4	5	3.60
442	-7	3	-4	5	3.60
443	-7	3	-4	5	3.60
444	-6	3	-4	5	2.82
445	-6	3	-4	5	2.82
446	-6	3	-4	5	2.82
447	-6	2	-4	5	3.60
448	-6	2	-2	6	5.65
449	-6	2	-1	6	6.39
450	-6	2	-1	6	6.39
451	-6	2	-1	6	6.39
452	-6	2	-1	6	6.39
453	-6	3	-1	6	5.82
454	-6	3	-1	6	5.82
455	-6	4	-1	6	5.37
456	-6	4	-1	6	5.37
457	-6	4	-1	6	5.37
458	-6	4	-1	6	5.37
459	-6	4	-1	6	5.37
460	-6	4	-1	6	5.37
461	-6	4	-1	6	5.37
462	-6	4	-1	6	5.37
463	-6	4	-1	6	5.37
464	-6	4	-1	7	5.81
465	-6	4	0	7	6.68
466	-6	4	0	7	6.68
467	-6	4	0	7	6.68
468	-7	4	0	7	7.59
469	-7	4	0	7	7.59
470	-7	4	0	7	7.59
471	-7	5	0	7	7.24
472	-7	5	0	7	7.24
473	-7	5	0	7	7.24
474	-6	5	0	7	6.29
475	-6	5	0	7	6.29
476	-6	5	0	7	6.29
477	-6	6	0	7	6.04
478	-6	6	0	7	6.04
479	-6	6	0	7	6.04
480	-6	6	-8	0	6.32
481	-5	6	-8	0	6.71
482	-4	6	-8	0	7.21
483	-3	6	-8	0	7.80
484	-3	6	-8	0	7.80
485	-2	6	-8	0	8.48
486	-2	7	-8	0	9.21
487	-1	7	-8	0	9.89
488	0	8	-8	0	11.30
489	0	8	-8	0	11.30
490	0	8	-8	0	11.30
491	1	8	-8	0	12.02
492	2	8	-8	0	12.78
493	3	8	-8	0	13.57
494	3	8	-8	0	13.57
495	3	8	-8	0	13.57
496	4	8	-9	-1	15.78
497	4	8	-9	-1	15.78
498	4	8	-9	-1	15.78
499	4	8	-9	-1	15.78
500	4	7	-9	-1	15.24
501	4	7	-9	-1	15.24
502	5	7	-9	-1	16.10
503	5	7	-9	-1	16.10
504	5	7	-9	-1	16.10
505	6	7	-9	-1	16.97
506	9	7	-9	-1	19.66
507	12	7	-9	-1	22.43
508	12	7	-9	-1	22.43
509	16	7	-9	-1	26.20
510	17	7	-9	-1	27.15
511	18	7	-9	-1	28.10
512	18	7	-6	10	23.92
513	17	7	-6	10	22.94
514	17	7	-6	10	22.94
515	17	6	-6	10	23.12
516	18	6	-6	10	24.09
517	18	6	-6	10	24.09
518	18	6	-6	10	24.09
519	19	6	-6	10	25.07
520	20	7	-6	11	25.98
521	22	7	-6	11	27.93
522	22	7	-6	11	27.93
523	25	7	-6	11	30.86
524	29	6	-6	11	34.95
525	31	5	-6	11	37.10
526	31	5	-6	11	37.10
527	32	5	-6	11	38.07
528	32	5	-6	12	38.19
529	32	5	-6	12	38.19
530	32	5	-6	12	38.19
531	32	5	-6	12	38.19
532	33	5	-6	12	39.16
533	34	5	-6	12	40.13
534	35	5	-6	12	41.10
535	36	5	-6	12	42.08
536	36	5	-6	13	42.19
537	36	5	-6	13	42.19
538	37	6	-6	13	42.93
539	38	6	-6	13	43.90
540	38	6	-6	13	43.90
541	38	6	-6	13	43.90
542	39	6	-6	13	44.87
543	40	6	-6	13	45.84
544	41	5	42	8	3.16
545	41	5	42	8	3.16
546	42	4	43	8	4.12
547	43	4	44	8	4.12
548	43	4	45	8	4.47
549	44	4	45	8	4.12
550	44	4	46	8	4.47
551	45	3	47	8	5.38
552	46	4	48	8	4.47
553	46	4	48	8	4.47
554	46	4	49	8	4.99
555	47	4	50	8	4.99
556	47	4	51	8	5.64
557	48	4	51	8	4.99
558	48	4	52	8	5.64
559	48	4	53	8	6.38
560	47	4	54	8	8.03
561	47	5	54	8	7.57
562	47	7	55	8	7.99
563	47	8	56	8	8.91
564	47	8	57	8	9.90
565	47	9	57	8	9.94
566	47	11	58	8	11.25
567	47	11	59	8	12.21
568	47	11	60	8	13.17
569	48	12	60	8	12.47
570	49	12	61	8	12.47
571	51	11	62	8	11.25
572	52	11	63	8	11.25
573	52	11	63	8	11.25
574	53	11	64	8	11.25
575	53	12	65	8	12.47
576	52	12	64	3	14.91
577	53	13	64	2	15.48
578	53	13	65	2	16.19
579	53	13	66	2	16.93
580	53	14	66	2	17.58
581	53	14	67	2	18.32
582	53	14	68	2	19.07
583	53	15	69	2	20.45
584	52	15	69	2	21.22
585	52	15	70	2	22.01
586	53	14	71	2	21.46
587	53	14	71	2	21.46
588	53	13	72	2	21.79
589	53	12	73	2	22.20
590	55	9	74	2	20.15
591	56	7	74	2	18.62
592	56	7	75	2	19.58
593	57	5	76	1	19.39
594	58	4	76	1	18.23
595	59	3	77	1	18.10
596	59	2	78	1	19.02
597	59	2	79	1	20.02
598	60	1	79	1	19.00
599	60	1	80	1	20.00
600	60	0	81	1	21.02
601	60	0	81	1	21.02
602	61	0	82	1	21.02
603	61	0	83	1	22.02
604	61	-2	84	1	23.19
605	61	-3	84	1	23.34
606	61	-3	85	1	24.32
607	61	-3	86	1	25.31
608	61	-3	63	19	22.09
609	60	-3	63	19	22.20
610	60	-3	63	19	22.20
611	60	-4	64	19	23.33
612	60	-4	64	19	23.33
613	61	-4	64	20	24.18
614	61	-4	65	20	24.32
615	60	-4	65	20	24.50
616	59	-2	65	20	22.77
617	58	0	66	20	21.48
618	55	1	66	21	22.70
619	55	1	66	21	22.70
620	53	2	67	21	23.39
621	51	3	67	21	23.80
622	50	4	67	22	24.41
623	50	4	68	22	25.07
624	49	6	68	22	24.35
625	47	8	68	22	24.59
626	45	9	69	22	26.47
627	43	9	69	23	28.56
628	43	9	69	23	28.56
629	41	9	70	23	31.10
630	38	8	70	23	34.17
631	36	8	70	24	36.23
632	33	6	71	24	40.67
633	33	6	71	24	40.67
634	31	5	71	24	42.89
635	29	5	72	24	45.49
636	29	5	72	25	45.80
637	29	5	72	25	45.80
638	28	5	73	25	47.53
639	27	5	73	25	48.39
640	27	4	70	-18	47.75
641	26	3	70	-18	48.16
642	26	3	70	-18	48.16
643	25	3	70	-19	49.41
644	25	2	71	-19	49.83
645	25	2	71	-20	50.18
646	26	3	71	-20	49.79
647	26	3	71	-21	50.17
648	26	2	72	-21	50.53
649	27	2	72	-22	50.05
650	27	1	72	-22	49.54
651	27	1	73	-23	50.76
652	27	1	73	-23	50.76
653	27	2	73	-24	51.68
654	28	2	73	-24	50.85
655	28	2	74	-25	52.09
656	28	2	74	-25	52.09
657	28	2	74	-25	52.09
658	28	2	75	-26	53.32
659	28	2	75	-26	53.32
660	29	2	75	-27	52.93
661	29	2	75	-27	52.93
662	30	2	76	-28	53.37
663	31	1	76	-28	51.97
664	31	1	76	-29	52.42
665	31	1	77	-29	53.20
666	31	1	77	-30	53.65
667	31	1	77	-30	53.65
668	31	1	77	-31	54.10
669	31	1	78	-31	54.86
670	31	1	78	-32	55.32
671	31	2	78	-32	55.98
672	31	2	-7	11	38.76
673	31	1	-8	11	40.00
674	30	1	-9	11	40.00
675	30	1	-10	11	40.96
676	29	2	-11	11	40.70
677	28	2	-12	12	40.88
678	28	2	-13	12	41.84
679	28	2	-14	12	42.80
680	28	2	-15	12	43.76
681	28	2	-16	12	44.73
682	27	2	-17	13	44.90
683	26	2	-18	13	44.90
684	26	2	-19	13	45.86
685	26	2	-20	13	46.82
686	26	2	-21	14	47.95
687	26	2	-22	14	48.91
688	27	2	-24	14	51.78
689	27	2	-25	14	52.74
690	27	1	-26	14	53.98
691	27	1	-27	15	55.10
692	28	1	-28	15	57.00
693	28	1	-29	15	57.96
694	28	1	-30	15	58.92
695	28	1	-31	16	60.01
696	28	1	-32	16	60.96
697	28	1	-33	16	61.92
698	28	1	-34	16	62.87
699	28	1	-35	16	63.82
700	27	1	-36	17	63.95
701	27	2	-37	17	64.59
702	26	2	-38	17	64.59
703	26	2	-39	17	65.54
704	25	2	35	0	10.20
705	23	2	35	0	12.16
706	21	2	35	0	14.14
707	18	2	35	0	17.11
708	18	2	35	0	17.11
709	16	2	35	0	19.10
710	14	2	35	0	21.09
711	12	2	35	0	23.08
712	12	2	36	0	24.08
713	11	2	36	0	25.07
714	10	2	36	0	26.07
715	10	1	36	0	26.02
716	10	1	36	0	26.02
717	10	1	36	0	26.02
718	10	1	36	0	26.02
719	10	2	36	0	26.07
720	10	1	37	-1	27.07
721	10	1	37	-1	27.07
722	10	1	37	-1	27.07
723	10	1	37	-1	27.07
724	9	2	37	-1	28.16
725	8	2	37	-1	29.15
726	8	2	37	-1	29.15
727	7	2	37	-1	30.15
728	6	2	38	-1	32.14
729	5	3	38	-1	33.23
730	4	3	38	-1	34.22
731	4	3	38	-1	34.22
732	3	3	38	-1	35.22
733	2	3	38	-1	36.21
734	2	3	38	-1	36.21
735	2	3	38	-1	36.21
736	2	4	19	2	17.09
737	2	4	18	2	16.10
738	2	4	18	2	16.10
739	1	4	18	2	17.09
740	1	4	18	2	17.09
741	1	4	18	2	17.09
742	1	4	17	2	16.10
743	0	4	17	2	17.09
744	0	4	17	2	17.09
745	0	4	17	2	17.09
746	0	4	17	2	17.09
747	0	4	16	2	16.10
748	0	4	16	2	16.10
749	0	4	16	2	16.10
750	0	4	16	2	16.10
751	-1	4	16	2	17.09
752	-1	4	16	2	17.09
753	-2	4	15	2	17.09
754	-2	4	15	2	17.09
755	-2	5	15	2	17.23
756	-3	5	15	2	18.21
757	-3	5	15	2	18.21
758	-3	5	14	2	17.23
759	-4	5	14	2	18.21
760	-4	5	14	2	18.21
761	-5	5	14	2	19.20
762	-5	5	14	2	19.20
763	-6	5	13	2	19.20
764	-7	5	13	2	20.18
765	-8	5	13	2	21.17
766	-9	5	13	2	22.16
767	-9	5	13	2	22.16
768	-9	5	-21	6	11.99
769	-10	6	-21	6	10.94
770	-11	6	-22	6	10.94
771	-11	6	-23	6	11.93
772	-11	6	-23	6	11.93
773	-12	5	-24	6	11.99
774	-13	5	-25	6	11.99
775	-13	5	-26	6	12.98
776	-14	5	-26	6	11.99
777	-14	5	-27	6	12.98
778	-14	5	-28	6	13.97
779	-15	5	-28	6	12.98
780	-15	5	-29	6	13.97
781	-15	5	-30	6	14.96
782	-15	5	-31	6	15.96
783	-15	5	-31	6	15.96
784	-15	5	-32	7	17.02
785	-16	5	-33	7	17.02
786	-16	5	-33	7	17.02
787	-16	5	-34	7	18.01
788	-16	5	-35	7	19.00
789	-16	5	-36	7	19.99
790	-17	5	-36	7	19.00
791	-17	5	-37	7	19.99
792	-17	5	-38	7	20.98
793	-18	4	-38	7	20.13
794	-18	4	-39	7	21.11
795	-18	4	-40	7	22.10
796	-19	4	-41	7	22.10
797	-19	4	-41	7	22.10
798	-20	4	-42	7	22.10
799	-21	4	-43	7	22.10
800	-21	4	-20	6	2.23
801	-22	4	-20	6	2.82
802	-23	5	-20	6	3.15
803	-25	5	-21	6	4.11
804	-26	5	-21	6	5.08
805	-26	5	-21	6	5.08
806	-26	5	-22	6	4.11
807	-27	5	-22	6	5.08
808	-28	5	-22	6	6.06
809	-28	5	-23	6	5.08
810	-28	5	-23	6	5.08
811	-29	5	-23	6	6.06
812	-29	4	-24	6	5.37
813	-29	4	-24	6	5.37
814	-29	4	-24	6	5.37
815	-29	5	-25	6	4.11
816	-30	5	-25	6	5.08
817	-30	5	-25	6	5.08
818	-31	5	-26	6	5.08
819	-31	5	-26	6	5.08
820	-31	5	-26	6	5.08
821	-32	5	-27	6	5.08
822	-33	5	-27	6	6.06
823	-33	5	-27	6	6.06
824	-34	4	-28	6	6.30
825	-34	4	-28	6	6.30
826	-35	4	-28	6	7.25
827	-36	4	-29	6	7.25
828	-36	4	-29	6	7.25
829	-36	4	-29	6	7.25
830	-37	4	-30	6	7.25
831	-37	4	-30	6	7.25
832	-37	4	-33	3	4.12
833	-38	5	-33	2	5.82
834	-38	5	-33	2	5.82
835	-39	5	-34	2	5.82
836	-39	5	-34	2	5.82
837	-39	5	-34	2	5.82
838	-39	5	-35	2	4.99
839	-40	5	-35	2	5.82
840	-40	5	-36	2	4.99
841	-40	4	-36	2	4.47
842	-40	4	-36	2	4.47
843	-41	4	-37	2	4.47
844	-41	4	-37	2	4.47
845	-42	5	-37	2	5.82
846	-42	5	-38	2	4.99
847	-43	5	-38	2	5.82
848	-44	5	-39	2	5.82
849	-45	5	-39	2	6.70
850	-45	4	-39	2	6.32
851	-45	4	-40	2	5.38
852	-45	4	-40	2	5.38
853	-45	5	-40	2	5.82
854	-45	5	-41	2	4.99
855	-46	5	-41	2	5.82
856	-46	5	-42	2	4.99
857	-46	5	-42	2	4.99
858	-47	5	-42	2	5.82
859	-48	5	-43	2	5.82
860	-48	5	-43	2	5.82
861	-48	6	-43	2	6.39
862	-49	6	-44	2	6.39
863	-50	6	-44	2	7.20
864	-50	5	-53	4	3.15
865	-50	5	-53	4	3.15
866	-50	5	-54	4	4.11
867	-51	5	-54	4	3.15
868	-51	5	-55	4	4.11
869	-52	6	-55	4	3.60
870	-52	6	-56	4	4.46
871	-52	6	-56	4	4.46
872	-53	6	-57	4	4.46
873	-54	5	-57	4	3.15
874	-54	5	-58	4	4.11
875	-55	5	-58	4	3.15
876	-55	5	-59	4	4.11
877	-55	5	-59	4	4.11
878	-55	5	-60	4	5.08
879	-55	5	-60	4	5.08
880	-55	5	-61	4	6.06
881	-55	5	-61	4	6.06
882	-55	5	-62	4	7.05
883	-56	4	-62	4	5.99
884	-56	4	-63	4	6.98
885	-56	4	-63	4	6.98
886	-56	4	-64	4	7.98
887	-57	4	-64	4	6.98
888	-57	4	-65	4	7.98
889	-57	4	-65	4	7.98
890	-57	4	-66	4	8.98
891	-56	4	-66	4	9.98
892	-56	4	-67	4	10.97
893	-56	4	-67	4	10.97
894	-55	4	-68	4	12.97
895	-55	4	-68	4	12.97
896	-55	4	-63	6	8.22
897	-55	4	-63	6	8.22
898	-55	4	-63	6	8.22
899	-56	4	-64	6	8.22
900	-56	4	-64	6	8.22
901	-57	4	-65	6	8.22
902	-57	4	-65	6	8.22
903	-58	4	-65	6	7.25
904	-59	4	-66	6	7.25
905	-59	4	-66	6	7.25
906	-60	4	-67	6	7.25
907	-60	4	-67	6	7.25
908	-60	4	-67	6	7.25
909	-61	4	-68	6	7.25
910	-62	4	-68	6	6.30
911	-62	4	-69	6	7.25
912	-62	4	-69	6	7.25
913	-62	4	-69	6	7.25
914	-62	4	-70	6	8.22
915	-63	4	-70	6	7.25
916	-63	4	-71	6	8.22
917	-64	4	-71	6	7.25
918	-65	4	-71	6	6.30
919	-65	4	-72	6	7.25
920	-65	4	-72	6	7.25
921	-66	4	-73	6	7.25
922	-66	4	-73	6	7.25
923	-68	5	-73	6	5.08
924	-68	5	-74	6	6.06
925	-68	5	-74	6	6.06
926	-69	5	-75	6	6.06
927	-69	5	-75	6	6.06
928	-69	5	-60	3	9.20
929	-69	5	-60	2	9.47
930	-69	5	-60	2	9.47
931	-69	5	-60	2	9.47
932	-69	5	-60	2	9.47
933	-70	5	-60	2	10.42
934	-70	5	-60	2	10.42
935	-70	5	-61	2	9.47
936	-71	5	-61	2	10.42
937	-71	6	-61	2	10.75
938	-72	6	-61	2	11.68
939	-72	6	-61	2	11.68
940	-72	6	-61	2	11.68
941	-72	6	-62	2	10.75
942	-72	6	-62	2	10.75
943	-72	6	-62	2	10.75
944	-72	6	-62	2	10.75
945	-72	6	-62	2	10.75
946	-71	5	-62	2	9.47
947	-71	5	-62	2	9.47
948	-71	5	-63	2	8.53
949	-71	5	-63	2	8.53
950	-71	5	-63	2	8.53
951	-71	5	-63	2	8.53
952	-71	5	-63	2	8.53
953	-71	5	-63	2	8.53
954	-71	5	-64	2	7.60
955	-71	5	-64	2	7.60
956	-71	5	-64	2	7.60
957	-71	5	-64	2	7.60
958	-71	5	-64	2	7.60
959	-71	5	-64	2	7.60
960	-71	5	-83	6	11.99
961	-72	5	-83	6	10.99
962	-72	5	-83	6	10.99
963	-72	5	-84	6	11.99
964	-72	5	-84	6	11.99
965	-73	5	-85	6	11.99
966	-73	5	-85	6	11.99
967	-73	5	-86	6	12.98
968	-72	5	-86	6	13.97
969	-72	5	-86	6	13.97
970	-72	4	-87	6	15.08
971	-72	4	-87	6	15.08
972	-72	4	-88	6	16.06
973	-71	4	-88	6	17.05
974	-71	4	-89	6	18.04
975	-71	4	-89	6	18.04
976	-71	4	-90	6	19.03
977	-71	4	-90	6	19.03
978	-70	4	-90	6	20.02
979	-70	4	-91	6	21.01
980	-69	4	-91	6	22.01
981	-69	4	-92	6	23.00
982	-69	3	-92	6	23.12
983	-68	3	-93	6	25.10
984	-67	3	-93	6	26.09
985	-66	2	-93	6	27.22
986	-66	2	-94	6	28.21
987	-64	1	-94	6	30.35
988	-63	1	-95	6	32.32
989	-61	1	-95	6	34.29
990	-61	1	-96	6	35.28
991	-60	1	-96	6	36.27
992	-59	1	-73	5	14.54
993	-57	0	-73	5	16.74
994	-55	0	-73	5	18.66
995	-55	0	-73	5	18.66
996	-54	0	-73	5	19.62
997	-52	0	-73	5	21.56
998	-50	0	-73	5	23.51
999	-49	0	-73	5	24.49
1000	-49	0	-73	5	24.49
1001	-49	0	-73	5	24.49
1002	-48	0	-73	5	25.46
1003	-47	0	-73	5	26.44
1004	-47	-1	-73	5	26.66
1005	-47	-1	-73	5	26.66
1006	-46	-2	-73	5	27.87
1007	-46	-2	-73	5	27.87
1008	-45	-3	-74	5	30.06
1009	-45	-3	-74	5	30.06
1010	-45	-4	-74	5	30.33
1011	-44	-5	-74	5	31.59
1012	-44	-5	-74	5	31.59
1013	-44	-6	-74	5	31.91
1014	-44	-6	-74	5	31.91
1015	-43	-8	-74	5	33.54
1016	-42	-9	-74	5	34.84
1017	-41	-10	-74	5	36.13
1018	-41	-10	-74	5	36.13
1019	-40	-11	-74	5	37.43
1020	-39	-13	-74	5	39.15
1021	-38	-13	-74	5	40.03
1022	-38	-13	-74	5	40.03
1023	-38	-13	-74	5	40.03
1024	-37	-13	-47	-3	14.06
1025	-37	-13	-46	-3	13.39
1026	-37	-13	-46	-3	13.39
1027	-37	-12	-45	-3	11.99
1028	-37	-12	-45	-3	11.99
1029	-36	-12	-45	-3	12.67
1030	-36	-12	-44	-3	11.99
1031	-35	-12	-44	-3	12.67
1032	-35	-12	-44	-4	11.97
1033	-35	-11	-43	-4	10.57
1034	-35	-10	-43	-4	9.95
1035	-35	-10	-42	-4	9.18
1036	-35	-9	-42	-4	8.56
1037	-35	-9	-42	-4	8.56
1038	-35	-8	-41	-4	7.18
1039	-35	-7	-41	-4	6.68
1040	-35	-6	-41	-5	6.06
1041	-35	-6	-40	-5	5.08
1042	-35	-6	-40	-5	5.08
1043	-35	-6	-39	-5	4.11
1044	-35	-6	-39	-5	4.11
1045	-34	-5	-39	-5	4.98
1046	-34	-5	-38	-5	3.98
1047	-34	-5	-38	-5	3.98
1048	-34	-5	-38	-6	4.11
1049	-34	-4	-37	-6	3.60
1050	-34	-4	-37	-6	3.60
1051	-34	-4	-36	-6	2.82
1052	-34	-4	-36	-6	2.82
1053	-34	-4	-36	-6	2.82
1054	-34	-4	-35	-6	2.23
1055	-33	-4	-35	-6	2.82
1056	-33	-4	-15	-27	28.72
1057	-33	-3	-14	-27	30.11
1058	-33	-3	-13	-27	30.70
1059	-34	-2	-12	-28	33.43
1060	-34	-2	-12	-28	33.43
1061	-33	-2	-11	-29	34.17
1062	-33	-2	-10	-29	34.76
1063	-33	-2	-10	-30	35.50
1064	-33	-2	-9	-30	36.09
1065	-33	-2	-8	-30	36.69
1066	-33	-2	-8	-31	37.41
1067	-33	-2	-7	-31	38.01
1068	-33	-2	-6	-32	39.32
1069	-33	-2	-6	-32	39.32
1070	-33	-2	-5	-33	40.62
1071	-33	-2	-4	-33	41.23
1072	-33	-2	-4	-34	41.91
1073	-33	-1	-3	-34	43.31
1074	-33	-1	-2	-34	43.92
1075	-33	-1	-1	-35	45.20
1076	-34	-1	-1	-35	45.82
1077	-34	-1	0	-36	47.09
1078	-34	-1	0	-36	47.09
1079	-34	-1	0	-37	47.74
1080	-34	-1	1	-37	48.35
1081	-34	-1	2	-37	48.97
1082	-35	-1	2	-38	50.21
1083	-35	-1	3	-38	50.83
1084	-35	-1	4	-39	52.06
1085	-35	-1	4	-39	52.06
1086	-36	-1	5	-40	53.89
1087	-36	-1	6	-40	54.52
1088	-36	-1	-29	5	9.21
1089	-35	-1	-28	5	9.21
1090	-35	-1	-28	5	9.21
1091	-35	-1	-28	5	9.21
1092	-35	-1	-28	6	9.89
1093	-35	-1	-28	6	9.89
1094	-35	-1	-28	6	9.89
1095	-35	-1	-28	6	9.89
1096	-35	-1	-28	7	10.62
1097	-35	-1	-27	7	11.30
1098	-34	-1	-27	7	10.62
1099	-34	-1	-27	8	11.39
1100	-34	-1	-27	8	11.39
1101	-34	-1	-27	8	11.39
1102	-34	-2	-27	8	12.20
1103	-34	-1	-27	9	12.19
1104	-34	-1	-27	9	12.19
1105	-34	-1	-26	9	12.79
1106	-34	-1	-26	10	13.58
1107	-33	-1	-26	10	13.02
1108	-32	-1	-26	10	12.52
1109	-30	-1	-26	10	11.70
1110	-30	-1	-26	11	12.64
1111	-29	-1	-26	11	12.37
1112	-28	-1	-26	11	12.16
1113	-27	-1	-25	12	13.15
1114	-25	-1	-25	12	13.00
1115	-25	-1	-25	12	13.00
1116	-24	-1	-25	12	13.04
1117	-22	-1	-25	13	14.31
1118	-22	-1	-25	13	14.31
1119	-22	-1	-25	13	14.31
1120	-21	-1	-39	2	18.25
1121	-20	-1	-39	2	19.23
1122	-20	-1	-39	2	19.23
1123	-20	-1	-39	2	19.23
1124	-19	-1	-39	2	20.22
1125	-18	-1	-39	2	21.21
1126	-17	-1	-39	2	22.20
1127	-17	-1	-39	2	22.20
1128	-17	-1	-39	2	22.20
1129	-16	-1	-39	2	23.19
1130	-15	-1	-39	2	24.18
1131	-14	-1	-40	3	26.30
1132	-13	-1	-40	3	27.29
1133	-13	-1	-40	3	27.29
1134	-13	-1	-40	3	27.29
1135	-12	-1	-40	3	28.27
1136	-12	-1	-40	3	28.27
1137	-12	-1	-40	3	28.27
1138	-11	-1	-40	3	29.26
1139	-10	-1	-40	3	30.25
1140	-9	-1	-40	3	31.25
1141	-9	-1	-40	3	31.25
1142	-9	-1	-41	4	32.37
1143	-8	-1	-41	4	33.35
1144	-8	-1	-41	4	33.35
1145	-7	-1	-41	4	34.34
1146	-7	-1	-41	4	34.34
1147	-7	-1	-41	4	34.34
1148	-6	-1	-41	4	35.33
1149	-5	-1	-41	4	36.32
1150	-4	-1	-41	4	37.31
1151	-4	-1	-41	4	37.31
1152	-3	-1	-6	-1	3.00
1153	-3	-1	-5	-1	2.00
1154	-2	-1	-5	-1	3.00
1155	-2	-1	-4	-1	2.00
1156	-1	-1	-4	-1	3.00
1157	0	-1	-3	-1	3.00
1158	0	-1	-3	-1	3.00
1159	0	-1	-2	-1	2.00
1160	0	-1	-2	-1	2.00
1161	0	-1	-1	-1	1.00
1162	1	-1	-1	-1	2.00
1163	2	-1	0	-1	2.00
1164	2	-1	0	-1	2.00
1165	2	-2	0	-1	2.24
1166	3	-2	0	-1	3.16
1167	3	-1	1	-1	2.00
1168	4	-1	1	-1	3.00
1169	4	-1	1	-1	3.00
1170	5	-1	2	-1	3.00
1171	5	-2	2	-1	3.16
1172	6	-2	3	-1	3.16
1173	6	-2	3	-1	3.16
1174	6	-2	4	-1	2.24
1175	7	-2	4	-1	3.16
1176	7	-2	5	-1	2.24
1177	8	-2	5	-1	3.16
1178	8	-2	6	-1	2.24
1179	8	-2	6	-1	2.24
1180	8	-2	7	-1	1.41
1181	9	-2	7	-1	2.24
1182	9	-2	8	-1	1.41
1183	9	-2	8	-1	1.41
1184	10	-2	15	-1	5.10
1185	10	-2	15	-1	5.10
1186	11	-2	16	-1	5.10
1187	11	-2	16	-1	5.10
1188	11	-2	17	-1	6.08
1189	11	-2	17	-1	6.08
1190	11	-2	18	-1	7.07
1191	10	-2	18	-1	8.06
1192	10	-2	19	-1	9.05
1193	10	-2	20	-1	10.05
1194	10	-2	20	-1	10.05
1195	9	-2	21	-1	12.04
1196	8	-2	21	-1	13.03
1197	8	-2	22	-1	14.03
1198	8	-2	22	-1	14.03
1199	7	-2	23	-1	16.03
1200	5	-2	24	-1	19.02
1201	5	-2	24	-1	19.02
1202	5	-2	25	-1	20.02
1203	3	-1	25	-1	22.00
1204	2	-1	26	-1	24.00
1205	2	-1	26	-1	24.00
1206	2	-1	27	-1	25.00
1207	1	-1	27	-1	26.00
1208	0	-1	28	-1	28.00
1209	0	-1	29	-1	29.00
1210	0	-1	29	-1	29.00
1211	0	-1	30	-1	30.00
1212	-1	-1	30	-1	31.00
1213	-2	-1	31	-1	32.99
1214	-3	-1	31	-1	33.99
1215	-3	-1	32	-1	34.99
1216	-3	-1	23	-3	26.06
1217	-4	-1	23	-3	27.06
1218	-4	-1	23	-3	27.06
1219	-5	-1	24	-3	29.05
1220	-5	-1	24	-3	29.05
1221	-5	-1	25	-3	30.05
1222	-6	-1	25	-3	31.04
1223	-6	-1	25	-3	31.04
1224	-6	-1	26	-3	32.04
1225	-7	-1	26	-3	33.04
1226	-7	-1	27	-3	34.04
1227	-8	-1	27	-3	35.03
1228	-8	-1	27	-3	35.03
1229	-8	-1	28	-3	36.03
1230	-9	-1	28	-3	37.03
1231	-9	-1	29	-3	38.03
1232	-10	-1	29	-3	39.02
1233	-10	-1	29	-3	39.02
1234	-10	-1	30	-3	40.02
1235	-11	-1	30	-3	41.02
1236	-12	-1	31	-3	43.02
1237	-12	-1	31	-3	43.02
1238	-12	-1	31	-3	43.02
1239	-13	-1	32	-3	45.01
1240	-14	-1	32	-3	46.01
1241	-14	-1	33	-3	47.01
1242	-15	-1	33	-3	48.01
1243	-15	-1	33	-3	48.01
1244	-15	-1	34	-3	49.01
1245	-16	-1	34	-3	50.00
1246	-16	-1	35	-3	51.00
1247	-16	-1	35	-3	51.00
1248	-17	-1	-16	0	1.41
1249	-18	-1	-16	0	2.24
1250	-19	-1	-16	0	3.16
1251	-20	-1	-17	0	3.16
1252	-20	-1	-17	0	3.16
1253	-21	-1	-18	0	3.16
1254	-22	-2	-18	0	4.47
1255	-23	-1	-18	0	5.10
1256	-23	-2	-19	0	4.47
1257	-23	-2	-19	0	4.47
1258	-24	-2	-20	0	4.47
1259	-25	-2	-20	0	5.38
1260	-26	-2	-20	0	6.32
1261	-26	-2	-21	0	5.38
1262	-27	-1	-21	0	6.08
1263	-28	-1	-22	0	6.08
1264	-29	-1	-22	0	7.07
1265	-30	-1	-22	0	8.06
1266	-30	-1	-23	0	7.07
1267	-30	-1	-23	0	7.07
1268	-31	-1	-24	0	7.07
1269	-33	0	-24	0	9.00
1270	-34	-1	-24	0	10.05
1271	-34	-1	-25	0	9.05
1272	-34	0	-25	0	9.00
1273	-35	0	-26	0	9.00
1274	-36	-1	-26	0	10.05
1275	-36	-1	-26	0	10.05
1276	-37	-1	-27	0	10.05
1277	-38	-1	-27	0	11.04
1278	-38	-1	-28	0	10.05
1279	-39	-1	-28	0	11.04
1280	-39	-1	-31	-1	8.00
1281	-40	-1	-31	-1	9.00
1282	-40	-1	-31	-1	9.00
1283	-41	-1	-32	-1	9.00
1284	-42	-1	-32	-1	10.00
1285	-42	-1	-33	-1	9.00
1286	-43	-1	-33	-1	10.00
1287	-43	-1	-34	-1	9.00
1288	-44	-1	-34	-1	10.00
1289	-44	-1	-34	-1	10.00
1290	-45	-1	-35	-1	10.00
1291	-45	-1	-35	-1	10.00
1292	-46	-1	-36	-1	10.00
1293	-47	-1	-36	-1	11.00
1294	-47	-1	-37	-1	10.00
1295	-47	-1	-37	-1	10.00
1296	-48	-1	-38	-1	10.00
1297	-48	-1	-38	-1	10.00
1298	-49	-1	-38	-1	11.00
1299	-49	-1	-39	-1	10.00
1300	-49	-1	-39	-1	10.00
1301	-50	-1	-40	-1	10.00
1302	-51	-1	-40	-1	11.00
1303	-51	-1	-41	-1	10.00
1304	-51	-1	-41	-1	10.00
1305	-52	-1	-41	-1	11.00
1306	-52	-1	-42	-1	10.00
1307	-53	-1	-42	-1	11.00
1308	-53	-1	-43	-1	10.00
1309	-53	-1	-43	-1	10.00
1310	-54	-1	-44	-1	10.00
1311	-55	-1	-44	-1	11.00
1312	-56	-1	-61	-1	5.00
1313	-56	-1	-61	-1	5.00
1314	-57	-1	-62	-1	5.00
1315	-58	-1	-63	-1	5.00
1316	-58	-1	-63	-1	5.00
1317	-59	-1	-64	-1	5.00
1318	-59	-1	-65	-1	6.00
1319	-61	-1	-65	-1	4.00
1320	-62	-1	-66	-1	4.00
1321	-64	-1	-67	-1	3.00
1322	-64	-1	-67	-1	3.00
1323	-65	-1	-68	-1	3.00
1324	-66	-1	-69	-1	3.00
1325	-67	-1	-69	-1	2.00
1326	-68	-1	-70	-1	2.00
1327	-68	-1	-71	-1	3.00
1328	-70	-1	-72	-1	2.00
1329	-71	-1	-72	-1	1.00
1330	-72	-1	-73	-1	1.00
1331	-72	-1	-74	-1	2.00
1332	-72	-1	-74	-1	2.00
1333	-73	-1	-75	-1	2.00
1334	-74	-1	-76	-1	2.00
1335	-76	-1	-76	-1	0.00
1336	-76	-1	-77	-1	1.00
1337	-77	-1	-78	-1	1.00
1338	-79	-1	-78	-1	1.00
1339	-81	-1	-79	-1	2.00
1340	-83	-1	-80	-1	3.00
1341	-83	-1	-80	-1	3.00
1342	-85	-1	-81	-1	4.00
1343	-87	-1	-82	-1	5.00
1344	-88	-1	-73	-1	15.00
1345	-88	-1	-73	-1	15.00
1346	-90	-1	-74	-1	16.00
1347	-91	-1	-74	-1	17.00
1348	-92	-1	-75	-1	17.00
1349	-93	-1	-75	-1	18.00
1350	-93	-1	-76	-1	17.00
1351	-94	-1	-76	-1	18.00
1352	-94	-1	-77	-1	17.00
1353	-95	-1	-77	-1	18.00
1354	-95	-1	-78	-1	17.00
1355	-95	-1	-78	-1	17.00
1356	-96	-1	-79	-1	17.00
1357	-97	0	-79	-1	18.03
1358	-98	0	-80	-1	18.03
1359	-98	0	-80	-1	18.03
1360	-99	0	-81	-1	18.03
1361	-101	0	-82	-1	19.03
1362	-103	0	-82	-1	21.02
1363	-103	0	-83	-1	20.02
1364	-105	-1	-83	-1	22.00
1365	-107	-1	-84	-1	23.00
1366	-108	-1	-84	-1	24.00
1367	-108	-1	-85	-1	23.00
1368	-108	-1	-85	-1	23.00
1369	-108	-1	-86	-1	22.00
1370	-109	-1	-86	-1	23.00
1371	-109	-1	-87	-1	22.00
1372	-109	-1	-87	-1	22.00
1373	-110	-1	-88	-1	22.00
1374	-110	-1	-88	-1	22.00
1375	-110	-2	-89	-1	21.02
1376	-110	-2	-120	-1	10.05
1377	-111	-2	-121	-1	10.05
1378	-112	-2	-122	-1	10.05
1379	-112	-2	-123	-1	11.04
1380	-113	-2	-124	-1	11.04
1381	-113	-2	-125	-1	12.04
1382	-113	-2	-126	-1	13.03
1383	-113	-2	-127	-1	14.03
1384	-112	-2	-128	-1	16.03
1385	-112	-2	-129	-1	17.02
1386	-112	-2	-130	-1	18.02
1387	-112	-2	-131	-1	19.02
1388	-112	-2	-132	-1	20.02
1389	-112	-2	-133	-1	21.02
1390	-112	-2	-134	-1	22.01
1391	-113	-2	-135	-1	22.01
1392	-113	-3	-136	-1	23.07
1393	-113	-3	-137	-1	24.07
1394	-112	-2	-138	-1	26.01
1395	-112	-2	-139	-1	27.01
1396	-111	-3	-140	-1	29.05
1397	-110	-3	-141	-1	31.04
1398	-109	-2	-142	-1	33.00
1399	-108	-2	-143	-1	35.00
1400	-108	-2	-144	-1	36.00
1401	-107	-2	-145	-1	38.00
1402	-107	-3	-146	-1	39.02
1403	-106	-2	-147	-1	41.00
1404	-105	-3	-148	-1	43.02
1405	-105	-3	-149	-1	44.01
1406	-105	-3	-150	-1	45.01
1407	-104	-3	-151	-1	47.01
1408	-103	-3	-132	-3	28.96
1409	-103	-3	-132	-3	28.96
1410	-102	-3	-133	-3	30.96
1411	-101	-3	-134	-3	32.95
1412	-100	-4	-134	-3	33.95
1413	-99	-3	-135	-3	35.95
1414	-99	-3	-136	-3	36.95
1415	-98	-3	-136	-3	37.95
1416	-97	-3	-137	-3	39.94
1417	-96	-3	-138	-3	41.94
1418	-95	-3	-138	-3	42.94
1419	-95	-3	-139	-3	43.94
1420	-94	-4	-140	-3	45.92
1421	-93	-4	-140	-3	46.92
1422	-92	-4	-141	-3	48.91
1423	-92	-4	-142	-3	49.91
1424	-92	-4	-143	-3	50.91
1425	-91	-4	-143	-3	51.90
1426	-90	-3	-144	-3	53.92
1427	-90	-3	-145	-3	54.92
1428	-90	-3	-145	-3	54.92
1429	-89	-3	-146	-3	56.91
1430	-88	-3	-147	-3	58.91
1431	-88	-3	-147	-3	58.91
1432	-88	-3	-148	-3	59.91
1433	-87	-3	-149	-3	61.91
1434	-86	-3	-149	-3	62.90
1435	-85	-3	-150	-3	64.90
1436	-84	-3	-151	-3	66.90
1437	-84	-3	-151	-3	66.90
1438	-83	-3	-152	-3	68.89
1439	-81	-3	-153	-3	71.89
1440	-79	-4	-96	-4	16.96
1441	-78	-4	-95	-4	16.96
1442	-78	-4	-95	-4	16.96
1443	-76	-3	-95	-4	18.99
1444	-75	-3	-95	-4	19.99
1445	-74	-3	-94	-4	19.99
1446	-74	-3	-94	-4	19.99
1447	-73	-3	-94	-4	20.98
1448	-72	-3	-94	-4	21.98
1449	-72	-3	-94	-4	21.98
1450	-71	-3	-93	-4	21.98
1451	-71	-3	-93	-4	21.98
1452	-71	-3	-93	-4	21.98
1453	-70	-3	-93	-4	22.98
1454	-69	-3	-92	-4	22.98
1455	-69	-3	-92	-4	22.98
1456	-68	-3	-92	-4	23.98
1457	-67	-3	-92	-4	24.97
1458	-66	-3	-92	-4	25.97
1459	-65	-3	-91	-4	25.97
1460	-65	-3	-91	-4	25.97
1461	-64	-3	-91	-4	26.97
1462	-62	-3	-91	-4	28.96
1463	-61	-2	-90	-4	29.03
1464	-61	-2	-90	-4	29.03
1465	-60	-2	-90	-4	30.02
1466	-59	-2	-90	-4	31.02
1467	-58	-2	-90	-4	32.02
1468	-57	-2	-89	-4	32.02
1469	-57	-2	-89	-4	32.02
1470	-56	-2	-89	-4	33.01
1471	-55	-2	-89	-4	34.01
1472	-55	-2	-55	-5	3.00
1473	-55	-2	-54	-5	3.16
1474	-54	-2	-53	-5	3.16
1475	-52	-2	-52	-5	3.00
1476	-52	-1	-52	-5	4.00
1477	-51	-1	-51	-5	4.00
1478	-51	-1	-50	-5	4.12
1479	-50	-1	-49	-5	4.12
1480	-49	-1	-49	-5	4.00
1481	-49	-2	-48	-5	3.16
1482	-48	-1	-47	-5	4.12
1483	-48	-1	-46	-5	4.47
1484	-48	-1	-46	-5	4.47
1485	-47	-1	-45	-5	4.47
1486	-47	-1	-44	-5	5.00
1487	-47	-1	-43	-5	5.65
1488	-46	-1	-43	-5	5.00
1489	-46	-1	-42	-5	5.65
1490	-45	-2	-41	-5	4.99
1491	-45	-2	-40	-5	5.82
1492	-45	-2	-40	-5	5.82
1493	-44	-2	-39	-5	5.82
1494	-44	-2	-38	-5	6.70
1495	-43	-2	-37	-5	6.70
1496	-42	-2	-37	-5	5.82
1497	-42	-2	-36	-5	6.70
1498	-41	-1	-35	-5	7.20
1499	-40	-1	-34	-5	7.20
1500	-40	-1	-34	-5	7.20
1501	-40	-1	-33	-5	8.05
1502	-39	-1	-32	-5	8.05
1503	-39	-1	-31	-5	8.93
1504	-38	-1	-31	0	7.07
1505	-37	-1	-30	0	7.07
1506	-37	-1	-29	0	8.06
1507	-36	-1	-28	0	8.06
1508	-35	-1	-28	0	7.07
1509	-34	-1	-27	0	7.07
1510	-32	-1	-26	0	6.08
1511	-32	-1	-25	0	7.07
1512	-29	0	-25	0	4.00
1513	-26	0	-24	0	2.00
1514	-24	0	-23	0	1.00
1515	-24	0	-22	0	2.00
1516	-22	0	-22	0	0.00
1517	-20	0	-21	0	1.00
1518	-20	0	-20	0	0.00
1519	-20	0	-19	0	1.00
1520	-20	0	-19	1	1.41
1521	-20	0	-18	1	2.24
1522	-20	0	-17	1	3.16
1523	-20	0	-16	1	4.12
1524	-20	0	-16	1	4.12
1525	-20	0	-15	1	5.10
1526	-19	0	-14	1	5.10
1527	-18	0	-13	1	5.10
1528	-17	0	-13	1	4.12
1529	-17	0	-12	1	5.10
1530	-16	-1	-11	1	5.38
1531	-14	-1	-10	1	4.47
1532	-12	-2	-10	1	3.61
1533	-12	-2	-9	1	4.24
1534	-10	-3	-8	1	4.47
1535	-7	-4	-7	1	5.00
1536	-5	-5	-21	0	16.74
1537	-3	-5	-20	0	17.70
1538	-3	-5	-19	0	16.74
1539	-2	-4	-19	0	17.45
1540	-1	-4	-18	0	17.45
1541	0	-4	-18	0	18.42
1542	0	-4	-17	0	17.45
1543	0	-4	-17	0	17.45
1544	1	-4	-16	0	17.45
1545	2	-4	-16	0	18.42
1546	2	-3	-15	0	17.25
1547	2	-3	-15	0	17.25
1548	2	-3	-14	0	16.27
1549	2	-4	-14	0	16.48
1550	3	-4	-13	0	16.48
1551	4	-5	-13	0	17.70
1552	4	-5	-12	0	16.74
1553	5	-6	-11	0	17.06
1554	6	-6	-11	0	18.00
1555	8	-7	-10	0	19.27
1556	9	-7	-10	0	20.20
1557	9	-7	-9	0	19.27
1558	10	-7	-9	0	20.20
1559	10	-7	-8	0	19.27
1560	11	-7	-8	0	20.20
1561	11	-7	-7	0	19.27
1562	12	-8	-7	0	20.56
1563	12	-8	-6	0	19.64
1564	12	-8	-6	0	19.64
1565	13	-8	-5	0	19.64
1566	13	-8	-5	0	19.64
1567	13	-8	-4	0	18.74
1568	14	-8	28	-9	13.88
1569	15	-7	29	-9	14.01
1570	15	-8	30	-9	14.87
1571	15	-8	31	-9	15.85
1572	16	-8	32	-9	15.85
1573	17	-8	33	-9	15.85
1574	18	-8	34	-9	15.85
1575	18	-8	35	-9	16.84
1576	19	-8	36	-10	16.91
1577	19	-8	37	-10	17.89
1578	20	-8	38	-10	17.89
1579	21	-8	39	-10	17.89
1580	21	-8	40	-10	18.87
1581	22	-8	41	-10	18.87
1582	23	-9	42	-10	18.76
1583	24	-9	43	-10	18.76
1584	25	-9	44	-11	18.81
1585	25	-9	45	-11	19.79
1586	26	-9	46	-11	19.79
1587	26	-8	47	-11	20.92
1588	27	-8	48	-11	20.92
1589	27	-8	49	-11	21.90
1590	27	-8	50	-11	22.88
1591	28	-9	51	-11	22.73
1592	28	-9	52	-12	23.78
1593	27	-9	53	-12	25.73
1594	27	-9	54	-12	26.71
1595	26	-8	55	-12	28.82
1596	24	-9	56	-12	31.59
1597	23	-9	57	-12	33.54
1598	22	-8	58	-12	35.65
1599	22	-8	59	-12	36.63
1600	21	-8	33	-11	12.21
1601	19	-8	33	-11	14.13
1602	17	-8	34	-11	17.03
1603	16	-8	34	-11	18.00
1604	16	-8	35	-11	18.97
1605	14	-8	35	-11	20.92
1606	13	-8	36	-11	22.88
1607	11	-7	37	-11	25.98
1608	11	-7	37	-11	25.98
1609	10	-8	38	-11	27.77
1610	8	-8	38	-11	29.73
1611	7	-8	39	-12	31.75
1612	5	-8	40	-12	34.68
1613	5	-8	40	-12	34.68
1614	4	-8	41	-12	36.63
1615	3	-8	41	-12	37.61
1616	2	-8	42	-12	39.56
1617	2	-8	43	-12	40.54
1618	1	-8	43	-12	41.52
1619	0	-9	44	-12	43.32
1620	0	-8	44	-12	43.47
1621	0	-8	45	-12	44.45
1622	-2	-8	46	-13	47.39
1623	-4	-9	46	-13	49.17
1624	-5	-8	47	-13	51.29
1625	-7	-8	47	-13	53.24
1626	-7	-8	48	-13	54.22
1627	-9	-8	49	-13	57.14
1628	-10	-7	49	-13	58.30
1629	-12	-7	50	-13	61.22
1630	-13	-7	50	-13	62.19
1631	-13	-7	51	-13	63.17
1632	-14	-7	28	-8	41.64
1633	-15	-7	28	-8	42.63
1634	-17	-6	28	-8	44.69
1635	-17	-6	28	-8	44.69
1636	-18	-6	28	-8	45.68
1637	-19	-6	29	-8	47.66
1638	-20	-5	29	-8	48.75
1639	-21	-5	29	-8	49.74
1640	-21	-5	29	-8	49.74
1641	-22	-5	29	-8	50.73
1642	-23	-4	30	-8	52.83
1643	-25	-4	30	-8	54.81
1644	-25	-4	30	-8	54.81
1645	-27	-4	30	-8	56.79
1646	-29	-3	31	-8	59.88
1647	-31	-2	31	-8	62.00
1648	-33	-2	31	-8	63.98
1649	-33	-2	31	-8	63.98
1650	-35	-2	31	-8	65.96
1651	-37	-3	32	-8	68.80
1652	-40	-3	32	-8	71.77
1653	-42	-3	32	-8	73.75
1654	-42	-3	32	-8	73.75
1655	-44	-2	33	-8	76.85
1656	-45	-2	33	-8	77.84
1657	-46	-2	33	-8	78.83
1658	-46	-2	33	-8	78.83
1659	-47	-2	33	-8	79.82
1660	-49	-3	34	-8	82.66
1661	-51	-3	34	-8	84.64
1662	-54	-2	34	-8	87.74
1663	-54	-2	34	-8	87.74
1664	-56	-2	-49	-6	8.05
1665	-58	-2	-50	-5	8.53
1666	-59	-1	-51	-5	8.93
1667	-62	-2	-52	-5	10.42
1668	-62	-2	-53	-5	9.47
1669	-64	-2	-54	-5	10.42
1670	-66	-2	-55	-5	11.38
1671	-67	-2	-56	-5	11.38
1672	-68	-2	-57	-5	11.38
1673	-68	-2	-58	-5	10.42
1674	-68	-3	-59	-5	9.20
1675	-68	-2	-61	-5	7.60
1676	-69	-2	-62	-5	7.60
1677	-69	-2	-63	-5	6.70
1678	-70	-2	-64	-5	6.70
1679	-72	-2	-65	-5	7.60
1680	-72	-2	-66	-5	6.70
1681	-73	-2	-67	-5	6.70
1682	-73	-2	-68	-5	5.82
1683	-74	-2	-69	-5	5.82
1684	-76	-2	-70	-5	6.70
1685	-77	-2	-71	-5	6.70
1686	-78	-2	-73	-5	5.82
1687	-78	-2	-74	-5	4.99
1688	-78	-2	-75	-5	4.24
1689	-79	-2	-76	-5	4.24
1690	-80	-2	-77	-5	4.24
1691	-81	-2	-78	-5	4.24
1692	-81	-2	-79	-5	3.60
1693	-82	-2	-80	-5	3.60
1694	-84	-2	-81	-5	4.24
1695	-85	-2	-82	-5	4.24
1696	-85	-2	-98	3	13.92
1697	-88	-2	-99	3	12.08
1698	-90	-2	-100	3	11.18
1699	-91	-3	-101	3	11.66
1700	-93	-3	-103	3	11.66
1701	-93	-3	-104	3	12.53
1702	-94	-3	-105	3	12.53
1703	-95	-3	-107	4	13.89
1704	-96	-3	-108	4	13.89
1705	-96	-3	-109	4	14.76
1706	-97	-3	-111	4	15.64
1707	-99	-3	-112	4	14.76
1708	-99	-3	-113	4	15.64
1709	-99	-3	-115	5	17.87
1710	-99	-3	-116	5	18.77
1711	-99	-3	-117	5	19.68
1712	-99	-3	-119	5	21.52
1713	-99	-3	-120	5	22.45
1714	-100	-3	-121	5	22.45
1715	-100	-3	-122	5	23.39
1716	-101	-3	-124	6	24.67
1717	-101	-3	-125	6	25.60
1718	-101	-3	-126	6	26.54
1719	-102	-3	-128	6	27.48
1720	-102	-3	-129	6	28.43
1721	-103	-3	-130	6	28.43
1722	-104	-3	-132	7	29.68
1723	-106	-3	-133	7	28.74
1724	-106	-3	-134	7	29.68
1725	-108	-4	-136	7	30.03
1726	-110	-3	-137	7	28.74
1727	-111	-4	-138	7	29.11
1728	-111	-3	-114	-2	3.16
1729	-111	-3	-114	-2	3.16
1730	-111	-3	-115	-2	4.12
1731	-110	-3	-116	-2	6.08
1732	-110	-3	-117	-2	7.06
1733	-110	-3	-118	-2	8.05
1734	-109	-3	-119	-2	10.04
1735	-108	-3	-120	-2	12.03
1736	-108	-2	-121	-2	12.99
1737	-107	-2	-122	-2	14.99
1738	-107	-2	-123	-2	15.99
1739	-107	-1	-123	-2	16.03
1740	-105	0	-124	-2	19.10
1741	-104	0	-125	-2	21.09
1742	-103	0	-126	-2	23.08
1743	-103	0	-127	-2	24.08
1744	-102	1	-128	-2	26.17
1745	-102	2	-129	-2	27.29
1746	-101	2	-130	-2	29.27
1747	-101	2	-131	-2	30.26
1748	-101	2	-132	-2	31.25
1749	-100	2	-133	-2	33.23
1750	-99	1	-133	-2	34.13
1751	-99	0	-134	-2	35.05
1752	-99	0	-135	-2	36.05
1753	-98	0	-136	-2	38.04
1754	-97	0	-137	-2	40.04
1755	-97	0	-138	-2	41.04
1756	-96	0	-139	-2	43.04
1757	-96	0	-140	-2	44.04
1758	-96	0	-141	-2	45.03
1759	-95	-1	-142	-2	46.99
1760	-95	-1	-137	-4	42.06
1761	-94	-1	-137	-4	43.06
1762	-94	-1	-138	-4	44.05
1763	-94	-1	-139	-4	45.05
1764	-94	-1	-140	-4	46.05
1765	-93	-1	-141	-4	48.04
1766	-93	-1	-141	-4	48.04
1767	-92	-2	-142	-4	49.96
1768	-91	-3	-143	-4	51.90
1769	-89	-4	-144	-4	54.85
1770	-87	-5	-145	-4	57.81
1771	-87	-5	-145	-4	57.81
1772	-86	-5	-146	-4	59.80
1773	-85	-7	-147	-4	61.75
1774	-82	-8	-148	-4	65.70
1775	-80	-9	-149	-4	68.65
1776	-80	-9	-150	-4	69.64
1777	-78	-9	-150	-4	71.62
1778	-77	-9	-151	-4	73.59
1779	-76	-9	-152	-4	75.57
1780	-76	-9	-153	-4	76.55
1781	-75	-9	-154	-4	78.53
1782	-74	-8	-154	-4	79.56
1783	-73	-8	-155	-4	81.54
1784	-72	-8	-156	-4	83.51
1785	-72	-8	-157	-4	84.50
1786	-70	-8	-158	-4	87.47
1787	-69	-8	-158	-4	88.46
1788	-67	-8	-159	-4	91.42
1789	-67	-8	-160	-4	92.41
1790	-66	-8	-161	-4	94.38
1791	-64	-8	-162	-4	97.34
