frame_id	phi	theta	est_phi	est_theta	err_phi	err_theta	speed	err_ang
0	-171	7	0	0	168.62
1	-171	7	0	0	168.62
2	-171	6	0	0	169.20
3	-171	6	0	0	169.20
4	-171	6	0	0	169.20
5	-171	5	0	0	169.71
6	-171	5	0	0	169.71
7	-171	4	0	0	170.16
8	-171	4	0	0	170.16
9	-171	4	0	0	170.16
10	-171	3	0	0	170.52
11	-171	2	0	0	170.78
12	-172	0	0	0	172.00
13	-172	-3	0	0	171.46
14	-173	-5	0	0	171.40
15	-174	-7	0	0	170.79
16	-175	-8	0	0	170.57
17	-176	-9	0	0	170.16
18	-176	-10	0	0	169.24
19	-177	-10	0	0	169.56
20	-177	-11	0	0	168.60
21	-177	-11	0	0	168.60
22	-177	-11	0	0	168.60
23	-177	-12	0	0	167.64
24	-177	-13	0	0	166.66
25	-176	-13	0	0	166.41
26	-176	-14	0	0	165.45
27	-176	-14	0	0	165.45
28	-176	-15	0	0	164.49
29	-176	-15	0	0	164.49
30	-175	-15	0	0	164.21
31	-175	-16	0	0	163.26
32	-174	-16	-171	7	23.19
33	-174	-16	-171	7	23.19
34	-174	-17	-171	7	24.18
35	-174	-17	-171	7	24.18
36	-174	-18	-171	7	25.17
37	-173	-18	-171	7	25.08
38	-173	-18	-171	7	25.08
39	-173	-18	-171	7	25.08
40	-172	-18	-171	7	25.02
41	-173	-18	-171	7	25.08
42	-173	-19	-171	7	26.07
43	-173	-19	-171	7	26.07
44	-173	-19	-171	7	26.07
45	-173	-19	-171	7	26.07
46	-173	-20	-171	7	27.07
47	-174	-20	-171	7	27.16
48	-174	-20	-171	7	27.16
49	-175	-20	-171	7	27.29
50	-176	-20	-171	7	27.44
51	-177	-20	-171	7	27.64
52	-178	-20	-171	7	27.86
53	-179	-21	-171	7	29.08
54	-179	-23	-171	7	31.00
55	179	-26	-171	7	34.40
56	178	-31	-171	7	39.43
57	176	-35	-171	7	43.75
58	175	-36	-171	7	44.97
59	175	-38	-171	7	46.85
60	174	-39	-171	7	48.06
61	173	-39	-171	7	48.33
62	173	-40	-171	7	49.27
63	173	-40	-171	7	49.27
64	172	-41	-177	-39	8.65
65	172	-43	-177	-39	9.21
66	172	-44	-177	-40	9.09
67	171	-45	-177	-41	9.63
68	171	-45	-177	-41	9.63
69	170	-46	-177	-42	10.16
70	170	-45	-177	-43	9.55
71	170	-45	-177	-44	9.32
72	169	-45	-177	-44	10.02
73	169	-45	-177	-45	9.89
74	169	-44	-177	-46	10.09
75	169	-45	-178	-46	9.16
76	169	-45	-178	-47	9.24
77	168	-44	-178	-48	10.50
78	168	-44	-178	-49	10.83
79	168	-43	-178	-49	11.40
80	168	-41	-178	-50	13.28
81	169	-40	-178	-51	14.24
82	169	-40	-178	-51	14.24
83	169	-37	-178	-52	17.57
84	170	-36	-178	-53	18.97
85	170	-35	-178	-54	20.77
86	171	-34	-179	-54	21.21
87	171	-34	-179	-55	22.13
88	173	-32	-179	-56	24.64
89	173	-32	-179	-56	24.64
90	175	-30	-179	-57	27.32
91	175	-30	-179	-58	28.31
92	177	-29	-179	-59	30.13
93	177	-28	-179	-59	31.12
94	179	-26	-179	-60	34.03
95	179	-26	-179	-61	35.03
96	-179	-24	158	-66	44.47
97	-179	-24	157	-66	44.68
98	-177	-26	157	-67	44.01
99	-177	-26	156	-68	45.05
100	-175	-26	156	-69	46.29
101	-175	-26	155	-69	46.51
102	-174	-25	155	-70	48.48
103	-174	-25	154	-71	49.47
104	-174	-25	154	-72	50.25
105	-174	-25	154	-73	51.03
106	-171	-24	153	-73	52.77
107	-171	-24	153	-74	53.51
108	-170	-25	152	-75	53.63
109	-170	-25	152	-76	54.35
110	-169	-25	151	-76	54.69
111	-169	-25	151	-77	55.39
112	-168	-25	151	-78	56.25
113	-168	-25	150	-79	57.09
114	-168	-25	150	-80	57.78
115	-168	-25	149	-80	57.91
116	-167	-25	149	-81	58.71
117	-167	-25	148	-82	59.49
118	-167	-26	148	-83	59.17
119	-167	-26	147	-83	59.26
120	-167	-27	147	-84	58.92
121	-167	-27	147	-85	59.59
122	-167	-30	146	-86	57.32
123	-167	-30	146	-87	57.98
124	-168	-32	145	-87	55.98
125	-168	-32	145	-88	56.65
126	-167	-33	144	-89	56.35
127	-167	-33	144	-90	57.00
128	-167	-35	-170	-7	28.14
129	-167	-35	-169	-6	29.06
130	-166	-39	-169	-5	34.11
131	-166	-39	-169	-5	34.11
132	-165	-42	-168	-4	38.09
133	-165	-42	-168	-4	38.09
134	-164	-45	-168	-3	42.15
135	-164	-45	-168	-3	42.15
136	-163	-47	-167	-2	45.13
137	-163	-47	-167	-2	45.13
138	-161	-48	-167	-1	47.29
139	-161	-48	-166	-1	47.20
140	-157	-49	-166	0	49.61
141	-157	-49	-166	0	49.61
142	-152	-49	-166	0	50.46
143	-152	-49	-165	0	50.26
144	-148	-50	-165	1	53.04
145	-148	-50	-165	2	54.01
146	-144	-50	-164	2	54.77
147	-144	-50	-164	3	55.73
148	-141	-51	-164	3	57.46
149	-141	-51	-164	4	58.42
150	-136	-52	-163	4	60.51
151	-136	-52	-163	5	61.46
152	-132	-53	-163	5	63.62
153	-132	-53	-162	6	64.22
154	-128	-53	-162	6	65.62
155	-128	-53	-162	7	66.55
156	-124	-53	-162	7	68.08
157	-124	-53	-161	8	68.60
158	-121	-53	-161	8	69.79
159	-121	-53	-161	9	70.71
160	-120	-54	-155	-46	23.59
161	-120	-54	-154	-46	23.01
162	-120	-54	-154	-46	23.01
163	-121	-54	-153	-47	21.31
164	-121	-54	-153	-47	21.31
165	-123	-53	-153	-47	20.03
166	-124	-53	-152	-48	18.37
167	-126	-53	-152	-48	17.17
168	-127	-53	-152	-48	16.57
169	-129	-53	-151	-49	14.35
170	-130	-52	-151	-49	13.64
171	-131	-52	-150	-49	12.41
172	-133	-52	-150	-50	10.86
173	-136	-52	-150	-50	9.02
174	-138	-51	-149	-50	7.06
175	-141	-51	-149	-51	5.03
176	-143	-50	-149	-51	3.94
177	-145	-50	-148	-51	2.15
178	-147	-50	-148	-52	2.10
179	-150	-49	-147	-52	3.55
180	-153	-47	-147	-52	6.33
181	-156	-46	-147	-53	9.11
182	-158	-45	-146	-53	11.20
183	-160	-44	-146	-53	12.88
184	-162	-43	-146	-54	15.21
185	-163	-43	-145	-54	16.14
186	-163	-42	-145	-54	16.91
187	-164	-42	-144	-55	18.44
188	-164	-42	-144	-55	18.44
189	-165	-41	-144	-55	19.69
190	-165	-41	-143	-56	20.74
191	-166	-40	-143	-56	22.00
192	-166	-40	-73	-73	52.92
193	-169	-40	-71	-73	54.30
194	-169	-40	-70	-74	54.21
195	-170	-40	-68	-74	54.97
196	-170	-40	-67	-75	54.81
197	-170	-40	-65	-75	55.28
198	-170	-40	-64	-76	55.07
199	-170	-40	-62	-77	55.04
200	-170	-40	-61	-77	55.24
201	-172	-38	-59	-78	57.44
202	-172	-38	-58	-78	57.62
203	-174	-38	-56	-79	57.74
204	-174	-38	-55	-80	57.32
205	-175	-38	-53	-80	57.74
206	-175	-38	-52	-81	57.25
207	-174	-37	-50	-81	58.36
208	-174	-37	-49	-82	57.85
209	-173	-35	-48	-83	59.20
210	-173	-35	-46	-83	59.39
211	-170	-34	-45	-84	59.57
212	-170	-34	-43	-84	59.74
213	-166	-33	-42	-85	59.89
214	-166	-33	-40	-86	59.41
215	-162	-33	-39	-86	59.24
216	-162	-33	-37	-87	58.75
217	-158	-31	-36	-87	60.62
218	-158	-31	-34	-88	60.13
219	-155	-30	-33	-89	60.53
220	-155	-30	-31	-89	60.56
221	-154	-29	-30	-90	61.00
222	-154	-29	-28	-90	61.00
223	-153	-29	-27	-90	61.00
224	-153	-29	148	-26	51.87
225	-155	-30	147	-25	51.15
226	-155	-30	146	-25	52.01
227	-156	-30	144	-24	53.21
228	-156	-30	143	-24	54.06
229	-158	-29	141	-23	54.57
230	-158	-29	140	-23	55.43
231	-161	-26	138	-22	55.37
232	-161	-26	137	-22	56.26
233	-163	-26	136	-22	55.37
234	-163	-26	134	-21	57.45
235	-165	-26	133	-21	56.56
236	-165	-26	131	-20	58.66
237	-167	-25	130	-20	57.91
238	-167	-25	128	-19	60.02
239	-171	-26	127	-19	57.20
240	-171	-26	125	-19	58.99
241	-174	-26	124	-18	57.54
242	-174	-26	123	-18	58.43
243	-177	-27	121	-17	57.81
244	-177	-27	120	-17	58.70
245	179	-28	118	-16	57.26
246	179	-28	117	-16	58.14
247	176	-28	115	-15	57.66
248	176	-28	114	-15	58.54
249	173	-28	113	-15	56.77
250	173	-28	111	-14	58.95
251	170	-29	110	-14	57.21
252	170	-29	108	-13	59.39
253	168	-30	107	-13	58.56
254	168	-30	105	-12	60.76
255	166	-30	104	-12	59.89
256	166	-30	-140	-18	50.31
257	165	-31	-139	-17	52.49
258	165	-31	-139	-17	52.49
259	164	-32	-138	-16	54.69
260	164	-32	-138	-16	54.69
261	162	-33	-137	-16	57.25
262	162	-33	-137	-15	57.74
263	159	-35	-137	-15	60.31
264	159	-35	-136	-15	61.13
265	155	-36	-136	-14	64.94
266	155	-36	-135	-14	65.75
267	152	-37	-135	-14	68.15
268	150	-38	-135	-13	70.29
269	149	-38	-134	-13	71.87
270	148	-37	-134	-13	72.71
271	148	-37	-133	-12	74.09
272	148	-37	-133	-12	74.09
273	148	-37	-133	-12	74.09
274	148	-37	-132	-11	75.47
275	148	-38	-132	-11	75.42
276	148	-37	-131	-11	76.26
277	148	-37	-131	-10	76.85
278	148	-37	-131	-10	76.85
279	149	-37	-130	-10	76.85
280	150	-37	-130	-9	76.64
281	151	-37	-129	-9	76.64
282	151	-37	-129	-9	76.64
283	150	-37	-129	-8	78.03
284	150	-37	-128	-8	78.82
285	149	-37	-128	-8	79.62
286	147	-37	-127	-7	82.61
287	145	-39	-127	-7	84.05
288	142	-40	125	-31	16.46
289	138	-42	123	-31	16.28
290	134	-42	122	-31	14.60
291	130	-43	121	-31	13.97
292	126	-43	119	-31	13.23
293	123	-44	118	-31	13.58
294	120	-44	117	-31	13.21
295	118	-44	116	-31	13.10
296	116	-45	114	-31	14.09
297	114	-45	113	-31	14.02
298	112	-45	112	-31	14.00
299	110	-45	110	-31	14.00
300	110	-45	109	-31	14.02
301	108	-46	108	-31	15.00
302	108	-46	107	-31	15.02
303	107	-45	105	-31	14.09
304	107	-45	104	-31	14.20
305	106	-44	103	-31	13.21
306	106	-44	101	-31	13.58
307	108	-44	100	-31	14.45
308	108	-44	99	-31	14.81
309	112	-44	98	-31	17.05
310	112	-44	96	-31	18.11
311	115	-43	95	-31	19.89
312	118	-43	94	-31	22.49
313	118	-43	92	-31	23.84
314	123	-42	91	-31	27.77
315	127	-42	90	-31	31.42
316	127	-42	89	-31	32.16
317	133	-41	87	-31	38.07
318	136	-41	86	-31	41.09
319	136	-41	85	-31	41.84
320	142	-42	118	-50	18.38
321	142	-42	117	-50	19.00
322	147	-42	116	-50	22.77
323	147	-42	115	-50	23.41
324	151	-41	115	-51	26.61
325	153	-41	114	-51	28.48
326	153	-41	113	-51	29.11
327	157	-42	112	-52	31.70
328	158	-43	112	-52	31.77
329	158	-43	111	-52	32.38
330	160	-43	110	-53	34.15
331	161	-43	109	-53	35.35
332	161	-43	109	-53	35.35
333	164	-41	108	-54	38.85
334	164	-41	107	-54	39.43
335	166	-41	106	-54	41.19
336	167	-40	106	-55	42.31
337	167	-40	105	-55	42.88
338	170	-41	104	-55	44.48
339	170	-41	103	-55	45.04
340	172	-43	103	-56	44.61
341	172	-43	102	-56	45.15
342	174	-42	101	-56	47.45
343	174	-42	100	-57	47.72
344	174	-42	100	-57	47.72
345	174	-43	99	-57	47.54
346	174	-43	98	-58	47.77
347	174	-45	97	-58	46.85
348	175	-45	97	-58	47.35
349	175	-45	96	-59	47.50
350	174	-45	95	-59	47.50
351	173	-45	94	-59	47.50
352	173	-45	142	-44	22.00
353	170	-45	142	-44	19.90
354	168	-45	142	-44	18.49
355	168	-45	142	-44	18.49
356	166	-45	142	-44	17.08
357	166	-45	142	-44	17.08
358	164	-45	142	-44	15.67
359	164	-45	142	-44	15.67
360	163	-46	142	-44	14.94
361	163	-46	142	-44	14.94
362	160	-49	142	-44	13.32
363	160	-49	142	-44	13.32
364	157	-52	142	-44	12.79
365	157	-52	142	-44	12.79
366	152	-55	142	-44	12.75
367	152	-55	142	-44	12.75
368	147	-58	142	-45	13.36
369	147	-58	142	-45	13.36
370	141	-61	142	-45	16.01
371	141	-61	142	-45	16.01
372	136	-63	142	-45	18.32
373	135	-63	142	-45	18.44
374	132	-64	142	-45	19.81
375	132	-64	142	-45	19.81
376	131	-63	142	-45	19.06
377	132	-63	142	-45	18.88
378	131	-63	142	-45	19.06
379	130	-65	142	-45	21.07
380	131	-66	142	-45	21.83
381	132	-66	142	-45	21.69
382	132	-66	142	-45	21.69
383	132	-64	142	-45	19.81
384	133	-63	-156	-48	40.44
385	133	-63	-156	-48	40.44
386	133	-63	-155	-48	40.89
387	135	-64	-154	-48	40.23
388	137	-64	-153	-48	39.80
389	137	-64	-152	-48	40.23
390	140	-65	-151	-48	39.21
391	140	-65	-150	-48	39.62
392	139	-66	-149	-48	40.27
393	139	-66	-148	-48	40.67
394	136	-66	-147	-48	42.26
395	136	-66	-146	-49	41.85
396	136	-67	-145	-49	41.96
397	136	-67	-144	-49	42.33
398	130	-68	-143	-49	44.55
399	130	-68	-142	-49	44.90
400	126	-66	-141	-49	47.51
401	126	-66	-140	-49	47.87
402	128	-65	-139	-49	47.97
403	128	-65	-138	-49	48.34
404	131	-65	-137	-49	47.60
405	131	-65	-136	-49	47.97
406	133	-65	-135	-50	46.78
407	133	-65	-134	-50	47.15
408	135	-63	-133	-50	47.75
409	135	-63	-132	-50	48.14
410	133	-61	-131	-50	50.40
411	133	-61	-130	-50	50.80
412	133	-59	-129	-50	52.37
413	133	-58	-128	-50	53.39
414	133	-58	-127	-50	53.81
415	132	-58	-126	-50	54.63
416	132	-58	93	-81	25.57
417	132	-59	91	-81	24.85
418	132	-59	90	-82	25.57
419	133	-58	89	-82	26.77
420	133	-58	88	-83	27.45
421	135	-57	86	-83	28.84
422	135	-57	85	-84	29.46
423	137	-55	84	-84	31.71
424	137	-55	83	-85	32.28
425	138	-53	81	-86	34.96
426	138	-53	80	-86	35.02
427	141	-52	79	-87	36.67
428	141	-52	78	-87	36.72
429	144	-51	76	-88	38.29
430	144	-51	75	-88	38.32
431	146	-51	74	-89	38.70
432	146	-51	73	-90	39.00
433	149	-49	71	-90	41.00
434	151	-49	70	-90	41.00
435	151	-49	69	-90	41.00
436	153	-49	68	-90	41.00
437	153	-49	66	-90	41.00
438	155	-49	65	-90	41.00
439	155	-49	64	-90	41.00
440	155	-46	63	-90	44.00
441	156	-44	61	-90	46.00
442	156	-42	60	-90	48.00
443	158	-39	59	-90	51.00
444	158	-39	58	-90	51.00
445	162	-35	56	-90	55.00
446	163	-33	55	-90	57.00
447	163	-32	54	-90	58.00
448	164	-30	131	-53	33.24
449	164	-30	130	-52	33.28
450	168	-26	130	-52	38.60
451	168	-24	130	-52	40.21
452	169	-24	130	-52	40.75
453	169	-24	130	-52	40.75
454	172	-23	130	-52	43.19
455	172	-23	130	-51	42.76
456	173	-22	130	-51	44.12
457	173	-22	130	-51	44.12
458	176	-21	130	-51	46.64
459	176	-21	130	-51	46.64
460	178	-21	130	-51	47.81
461	178	-21	130	-50	47.46
462	178	-22	130	-50	46.70
463	178	-22	130	-50	46.70
464	178	-22	130	-50	46.70
465	178	-22	130	-50	46.70
466	177	-21	130	-50	46.86
467	176	-21	130	-50	46.26
468	176	-21	130	-49	45.90
469	174	-21	130	-49	44.68
470	174	-21	130	-49	44.68
471	171	-20	130	-49	43.66
472	169	-20	130	-49	42.50
473	167	-20	130	-49	41.37
474	167	-20	130	-48	40.86
475	164	-18	130	-48	40.78
476	163	-18	130	-48	40.24
477	162	-17	130	-48	40.54
478	162	-17	130	-48	40.54
479	161	-16	130	-48	40.87
480	160	-17	-164	-2	38.43
481	159	-17	-163	-1	40.66
482	158	-17	-162	0	42.90
483	159	-17	-161	0	42.90
484	160	-17	-160	1	43.33
485	161	-18	-159	2	44.17
486	163	-18	-158	3	43.79
487	164	-19	-157	4	44.74
488	166	-20	-156	5	44.94
489	167	-22	-155	5	45.96
490	167	-23	-154	6	47.89
491	167	-23	-153	7	49.29
492	169	-25	-152	8	50.31
493	169	-25	-151	9	51.71
494	172	-27	-150	10	52.22
495	172	-27	-149	11	53.62
496	177	-28	-148	12	52.42
497	177	-28	-147	12	53.05
498	-174	-27	-146	13	48.36
499	-174	-27	-145	14	49.74
500	-166	-25	-144	15	45.39
501	-166	-25	-143	16	46.73
502	-159	-24	-142	17	44.23
503	-159	-24	-141	18	45.52
504	-152	-23	-140	19	43.60
505	-152	-23	-139	19	43.88
506	-145	-23	-138	20	43.54
507	-145	-23	-137	21	44.69
508	-139	-25	-136	22	47.09
509	-139	-25	-135	23	48.16
510	-133	-25	-134	24	49.01
511	-133	-25	-133	25	50.00
512	-129	-25	156	-4	74.72
513	-129	-25	155	-3	76.05
514	-124	-24	155	-3	80.56
515	-124	-24	155	-2	80.97
516	-117	-23	155	-2	87.38
517	-117	-23	155	-1	87.77
518	-111	-25	155	-1	93.20
519	-111	-25	155	-1	93.20
520	-106	-25	155	0	98.15
521	-106	-25	154	0	99.05
522	-103	-24	154	0	101.86
523	-102	-25	154	0	102.67
524	-101	-25	154	0	103.57
525	-102	-25	154	1	103.10
526	-103	-25	154	1	102.19
527	-104	-25	154	2	101.72
528	-105	-25	154	2	100.81
529	-107	-25	153	2	99.91
530	-108	-25	153	3	99.42
531	-110	-25	153	3	97.61
532	-111	-25	153	4	97.12
533	-113	-25	153	4	95.31
534	-114	-25	153	4	94.40
535	-116	-25	153	5	93.01
536	-118	-26	153	5	91.29
537	-120	-26	152	6	90.84
538	-122	-26	152	6	89.05
539	-123	-26	152	6	88.16
540	-124	-25	152	7	87.56
541	-124	-25	152	7	87.56
542	-126	-25	152	8	86.21
543	-127	-24	152	8	85.13
544	-128	-25	-58	-33	60.65
545	-128	-25	-55	-33	63.10
546	-132	-27	-53	-33	67.06
547	-134	-29	-51	-33	69.30
548	-134	-29	-49	-34	70.47
549	-137	-30	-46	-34	74.51
550	-138	-31	-44	-34	76.21
551	-138	-31	-42	-34	77.66
552	-139	-31	-40	-35	79.31
553	-139	-31	-38	-35	80.71
554	-140	-31	-35	-35	83.47
555	-141	-32	-33	-35	84.88
556	-141	-32	-31	-36	85.59
557	-141	-32	-29	-36	86.88
558	-140	-33	-26	-36	87.47
559	-139	-33	-24	-36	88.09
560	-138	-34	-22	-37	87.35
561	-137	-34	-20	-37	87.94
562	-136	-35	-18	-37	87.82
563	-135	-35	-15	-37	88.96
564	-133	-35	-13	-38	88.26
565	-131	-35	-11	-38	88.26
566	-130	-34	-9	-38	89.55
567	-130	-34	-6	-38	91.21
568	-127	-32	-4	-39	91.46
569	-126	-31	-2	-39	92.77
570	-125	-30	0	-39	94.09
571	-124	-30	1	-39	94.09
572	-124	-29	4	-40	95.79
573	-123	-28	6	-40	97.12
574	-123	-28	8	-40	98.16
575	-122	-27	10	-40	99.49
576	-123	-26	-127	-25	3.75
577	-123	-26	-126	-25	2.89
578	-124	-25	-126	-25	1.81
579	-126	-25	-126	-25	0.00
580	-127	-25	-126	-25	0.91
581	-129	-25	-126	-25	2.72
582	-131	-25	-126	-25	4.53
583	-132	-26	-126	-25	5.51
584	-133	-26	-126	-25	6.40
585	-134	-26	-126	-25	7.29
586	-135	-27	-126	-25	8.33
587	-135	-27	-126	-25	8.33
588	-135	-27	-126	-25	8.33
589	-135	-27	-126	-25	8.33
590	-135	-27	-126	-25	8.33
591	-135	-27	-126	-25	8.33
592	-134	-27	-126	-25	7.46
593	-133	-27	-126	-25	6.60
594	-132	-27	-126	-25	5.75
595	-132	-28	-126	-25	6.15
596	-131	-28	-126	-25	5.39
597	-131	-28	-126	-25	5.39
598	-131	-28	-126	-25	5.39
599	-131	-27	-126	-25	4.92
600	-130	-27	-126	-25	4.11
601	-130	-26	-126	-25	3.75
602	-129	-25	-126	-25	2.72
603	-129	-25	-126	-25	2.72
604	-125	-24	-126	-25	1.35
605	-125	-24	-126	-25	1.35
606	-120	-22	-126	-25	6.27
607	-118	-21	-126	-25	8.38
608	-115	-20	-118	-27	7.52
609	-113	-20	-117	-27	7.90
610	-110	-19	-117	-27	10.27
611	-107	-18	-117	-27	12.89
612	-105	-18	-117	-27	14.26
613	-104	-18	-117	-27	14.99
614	-102	-18	-117	-27	16.50
615	-101	-18	-116	-27	16.50
616	-98	-18	-116	-27	18.88
617	-96	-18	-116	-27	20.51
618	-94	-19	-116	-27	21.73
619	-92	-19	-116	-27	23.45
620	-90	-19	-116	-27	25.18
621	-88	-19	-115	-27	26.05
622	-87	-19	-115	-27	26.92
623	-85	-19	-115	-27	28.67
624	-84	-19	-115	-27	29.55
625	-82	-20	-115	-27	30.97
626	-81	-20	-115	-27	31.85
627	-80	-20	-115	-27	32.74
628	-79	-20	-114	-27	32.74
629	-78	-19	-114	-27	33.97
630	-78	-19	-114	-27	33.97
631	-77	-19	-114	-27	34.85
632	-76	-19	-114	-27	35.74
633	-74	-19	-114	-27	37.52
634	-72	-19	-113	-27	38.41
635	-70	-20	-113	-27	39.86
636	-68	-20	-113	-27	41.64
637	-65	-20	-113	-27	44.31
638	-63	-20	-113	-27	46.10
639	-60	-19	-113	-27	49.09
640	-57	-19	-107	-14	48.05
641	-54	-19	-106	-13	50.18
642	-52	-19	-106	-13	52.07
643	-50	-19	-106	-13	53.96
644	-48	-19	-106	-13	55.84
645	-46	-20	-105	-13	56.74
646	-44	-20	-105	-12	58.89
647	-42	-20	-105	-12	60.76
648	-40	-21	-105	-12	62.58
649	-39	-21	-104	-12	62.58
650	-38	-22	-104	-12	63.46
651	-36	-22	-104	-11	65.64
652	-35	-23	-104	-11	66.52
653	-34	-23	-103	-11	66.52
654	-33	-24	-103	-11	67.40
655	-33	-24	-103	-11	67.40
656	-33	-24	-103	-11	67.40
657	-33	-24	-102	-10	66.86
658	-32	-25	-102	-10	67.75
659	-32	-25	-102	-10	67.75
660	-31	-26	-102	-10	68.64
661	-30	-26	-101	-10	68.64
662	-29	-26	-101	-9	69.95
663	-28	-26	-101	-9	70.85
664	-27	-26	-101	-9	71.74
665	-27	-26	-100	-9	70.85
666	-27	-26	-100	-9	70.85
667	-26	-26	-100	-8	72.16
668	-25	-25	-100	-8	73.08
669	-24	-25	-99	-8	73.08
670	-23	-25	-99	-8	73.98
671	-22	-24	-99	-8	74.92
672	-20	-24	1	-18	20.48
673	-18	-25	2	-17	20.28
674	-16	-27	4	-17	21.03
675	-14	-26	6	-17	20.63
676	-14	-25	8	-17	22.00
677	-12	-25	10	-17	22.00
678	-10	-25	11	-17	21.14
679	-8	-24	13	-17	20.85
680	-5	-25	15	-17	20.28
681	-3	-25	17	-17	20.28
682	-2	-26	19	-17	21.47
683	0	-26	20	-17	20.63
684	0	-26	22	-17	22.32
685	2	-27	24	-17	22.67
686	2	-27	26	-17	24.34
687	3	-27	28	-17	25.18
688	3	-28	30	-17	27.18
689	4	-29	31	-17	27.50
690	4	-29	33	-17	29.16
691	4	-30	35	-17	31.12
692	4	-30	37	-17	32.78
693	4	-30	39	-17	34.45
694	4	-30	40	-17	35.29
695	3	-30	42	-17	37.83
696	3	-31	44	-17	39.72
697	2	-31	46	-17	42.25
698	2	-31	48	-17	43.95
699	2	-32	49	-17	44.93
700	2	-32	51	-17	46.61
701	3	-31	53	-17	47.35
702	3	-31	55	-17	49.06
703	4	-31	57	-17	49.92
704	5	-31	17	-29	10.58
705	5	-31	18	-29	11.43
706	5	-31	19	-29	12.28
707	5	-31	20	-29	13.13
708	4	-30	21	-29	14.82
709	4	-30	22	-29	15.68
710	4	-29	23	-29	16.60
711	4	-28	25	-30	18.45
712	3	-28	26	-30	20.18
713	3	-29	27	-30	20.87
714	3	-29	28	-30	21.74
715	3	-30	29	-30	22.47
716	2	-30	30	-30	24.19
717	1	-30	32	-31	26.64
718	0	-29	33	-31	28.54
719	0	-28	34	-31	29.63
720	0	-29	35	-31	30.25
721	0	-29	36	-31	31.11
722	0	-28	37	-31	32.20
723	0	-28	38	-31	33.05
724	0	-28	40	-32	34.68
725	0	-27	41	-32	35.82
726	0	-26	42	-32	36.99
727	0	-26	43	-32	37.84
728	0	-25	44	-32	39.03
729	-1	-23	45	-32	41.47
730	-1	-23	47	-33	43.17
731	-1	-23	48	-33	44.00
732	-1	-23	49	-33	44.84
733	-1	-23	50	-33	45.68
734	-1	-26	51	-33	45.35
735	-1	-27	52	-33	45.82
736	0	-28	30	-38	26.93
737	0	-29	30	-38	26.45
738	0	-30	31	-38	26.77
739	0	-30	32	-38	27.55
740	-1	-31	33	-38	28.71
741	-1	-31	33	-39	28.79
742	-1	-31	34	-39	29.56
743	-1	-32	35	-39	29.93
744	-1	-32	36	-39	30.70
745	-2	-31	37	-39	32.67
746	-2	-30	37	-40	33.18
747	-2	-29	38	-40	34.42
748	-1	-28	39	-40	34.92
749	-1	-28	40	-40	35.68
750	-1	-28	40	-41	35.81
751	-1	-28	41	-41	36.56
752	-1	-28	42	-41	37.31
753	-2	-28	43	-41	38.81
754	-2	-27	44	-41	40.10
755	-1	-28	44	-42	38.91
756	-1	-28	45	-42	39.65
757	0	-30	46	-42	38.59
758	0	-32	47	-42	38.34
759	0	-33	47	-43	37.84
760	0	-34	48	-43	38.09
761	0	-33	49	-43	39.30
762	-1	-33	50	-43	40.76
763	-1	-33	51	-43	41.49
764	-1	-32	51	-44	41.95
765	-1	-33	52	-44	42.15
766	-1	-32	53	-44	43.39
767	-1	-31	54	-44	44.65
768	-1	-30	-5	-25	6.13
769	-1	-29	-5	-24	6.15
770	-1	-29	-5	-24	6.15
771	-1	-30	-5	-24	6.98
772	-1	-31	-5	-24	7.85
773	-1	-31	-5	-24	7.85
774	-1	-32	-5	-24	8.74
775	-2	-33	-6	-24	9.66
776	-2	-33	-6	-24	9.66
777	-2	-34	-6	-24	10.59
778	-2	-35	-6	-24	11.53
779	-2	-35	-6	-23	12.50
780	-3	-36	-6	-23	13.26
781	-3	-37	-7	-23	14.42
782	-3	-38	-7	-23	15.39
783	-3	-38	-7	-23	15.39
784	-3	-38	-7	-23	15.39
785	-3	-37	-7	-23	14.42
786	-3	-37	-7	-23	14.42
787	-3	-36	-7	-23	13.45
788	-3	-36	-8	-23	13.70
789	-4	-36	-8	-23	13.45
790	-4	-36	-8	-22	14.43
791	-4	-36	-8	-22	14.43
792	-3	-36	-8	-22	14.66
793	-3	-36	-8	-22	14.66
794	-3	-36	-9	-22	14.94
795	-3	-36	-9	-22	14.94
796	-3	-36	-9	-22	14.94
797	-3	-35	-9	-22	14.02
798	-3	-35	-9	-22	14.02
799	-3	-35	-9	-22	14.02
800	-3	-35	-2	-32	3.11
801	-3	-35	-2	-32	3.11
802	-3	-34	-2	-32	2.17
803	-3	-34	-2	-32	2.17
804	-3	-34	-2	-32	2.17
805	-3	-35	-2	-32	3.11
806	-3	-35	-2	-32	3.11
807	-3	-35	-2	-32	3.11
808	-3	-35	-2	-32	3.11
809	-4	-35	-2	-32	3.43
810	-4	-35	-2	-32	3.43
811	-4	-35	-2	-32	3.43
812	-4	-35	-2	-32	3.43
813	-4	-35	-2	-32	3.43
814	-4	-35	-2	-32	3.43
815	-4	-35	-2	-32	3.43
816	-4	-34	-2	-33	1.94
817	-4	-34	-2	-33	1.94
818	-4	-33	-2	-33	1.68
819	-4	-33	-2	-33	1.68
820	-4	-32	-2	-33	1.96
821	-4	-31	-2	-33	2.62
822	-4	-29	-2	-33	4.35
823	-4	-28	-2	-33	5.29
824	-4	-27	-2	-33	6.24
825	-4	-27	-2	-33	6.24
826	-4	-27	-2	-33	6.24
827	-4	-26	-2	-33	7.21
828	-4	-27	-2	-33	6.24
829	-4	-27	-2	-33	6.24
830	-4	-27	-2	-33	6.24
831	-4	-28	-2	-33	5.29
832	-4	-28	-5	-40	12.03
833	-3	-28	-5	-40	12.11
834	-3	-29	-5	-40	11.12
835	-3	-29	-5	-40	11.12
836	-3	-29	-5	-40	11.12
837	-3	-30	-5	-40	10.13
838	-3	-31	-5	-40	9.15
839	-3	-31	-5	-41	10.13
840	-3	-32	-5	-41	9.14
841	-3	-32	-5	-41	9.14
842	-3	-33	-5	-41	8.16
843	-3	-33	-5	-41	8.16
844	-3	-34	-5	-41	7.18
845	-3	-35	-5	-42	7.17
846	-3	-35	-5	-42	7.17
847	-3	-35	-5	-42	7.17
848	-3	-35	-6	-42	7.38
849	-3	-36	-6	-42	6.44
850	-3	-36	-6	-42	6.44
851	-3	-36	-6	-42	6.44
852	-3	-36	-6	-43	7.37
853	-3	-36	-6	-43	7.37
854	-3	-35	-6	-43	8.33
855	-4	-34	-6	-43	9.13
856	-4	-34	-6	-43	9.13
857	-4	-33	-6	-43	10.12
858	-4	-31	-6	-44	13.10
859	-4	-29	-6	-44	15.08
860	-4	-25	-6	-44	19.07
861	-4	-22	-6	-44	22.06
862	-4	-19	-6	-44	25.06
863	-3	-16	-6	-44	28.12
864	-2	-13	-5	-21	8.50
865	-2	-10	-5	-20	10.41
866	-2	-8	-5	-20	12.35
867	-2	-6	-5	-20	14.30
868	-2	-6	-5	-20	14.30
869	-1	-2	-5	-19	17.45
870	-1	0	-5	-19	19.40
871	-1	0	-5	-19	19.40
872	-1	0	-5	-19	19.40
873	-1	1	-5	-19	20.38
874	-1	1	-5	-18	19.40
875	-1	1	-5	-18	19.40
876	-1	1	-5	-18	19.40
877	-1	0	-5	-18	18.42
878	-1	0	-5	-17	17.45
879	-1	0	-5	-17	17.45
880	-1	0	-5	-17	17.45
881	-1	-1	-5	-17	16.48
882	-1	-4	-5	-17	13.58
883	0	-8	-5	-16	9.37
884	0	-13	-5	-16	5.69
885	0	-19	-5	-16	5.63
886	0	-22	-5	-16	7.64
887	0	-25	-5	-15	11.05
888	0	-28	-5	-15	13.80
889	-1	-30	-5	-15	15.44
890	-1	-30	-5	-15	15.44
891	-1	-30	-5	-15	15.44
892	-1	-31	-5	-14	17.39
893	-1	-31	-5	-14	17.39
894	-2	-30	-5	-14	16.24
895	-2	-30	-5	-14	16.24
896	-2	-30	0	2	32.06
897	-2	-30	0	2	32.06
898	-2	-31	0	2	33.05
899	-2	-31	0	3	34.05
900	-2	-32	0	3	35.05
901	-1	-32	0	4	36.01
902	-1	-33	0	4	37.01
903	-1	-34	0	5	39.01
904	-1	-35	0	5	40.01
905	-1	-37	0	6	43.01
906	-1	-38	0	6	44.01
907	-2	-40	0	7	47.04
908	-2	-41	0	7	48.04
909	-2	-42	0	8	50.03
910	-2	-42	0	8	50.03
911	-2	-43	0	9	52.03
912	-3	-43	1	9	52.13
913	-3	-43	1	9	52.13
914	-3	-43	1	10	53.13
915	-4	-43	1	10	53.20
916	-4	-43	1	11	54.19
917	-4	-43	1	11	54.19
918	-4	-44	1	12	56.18
919	-4	-44	1	12	56.18
920	-4	-43	1	13	56.19
921	-4	-43	1	13	56.19
922	-4	-42	1	14	56.19
923	-4	-42	1	14	56.19
924	-4	-41	1	15	56.19
925	-5	-40	1	15	55.28
926	-5	-39	1	16	55.29
927	-5	-38	1	16	54.29
928	-6	-37	-2	-47	10.43
929	-6	-35	-2	-47	12.37
930	-7	-33	-2	-48	15.47
931	-8	-32	-2	-48	16.63
932	-8	-31	-2	-49	18.56
933	-8	-31	-2	-49	18.56
934	-8	-30	-2	-50	20.50
935	-8	-30	-2	-50	20.50
936	-8	-29	-2	-51	22.46
937	-8	-28	-2	-51	23.44
938	-8	-25	-2	-52	27.38
939	-8	-23	-2	-52	29.36
940	-8	-20	-2	-53	33.32
941	-7	-18	-2	-53	35.22
942	-7	-16	-2	-54	38.20
943	-6	-15	-2	-54	39.13
944	-6	-14	-2	-55	41.12
945	-7	-14	-2	-56	42.18
946	-7	-15	-2	-56	41.18
947	-7	-16	-2	-57	41.17
948	-7	-17	-2	-57	40.18
949	-7	-17	-2	-58	41.17
950	-7	-18	-2	-58	40.17
951	-7	-19	-2	-59	40.16
952	-7	-20	-2	-59	39.17
953	-7	-19	-2	-60	41.16
954	-7	-19	-2	-60	41.16
955	-7	-18	-2	-61	43.15
956	-7	-17	-2	-61	44.15
957	-7	-16	-2	-62	46.14
958	-7	-14	-2	-62	48.13
959	-7	-12	-2	-63	51.12
960	-7	-10	-10	-44	34.10
961	-7	-8	-10	-44	36.10
962	-6	-7	-10	-44	37.17
963	-6	-7	-10	-44	37.17
964	-6	-7	-10	-44	37.17
965	-5	-6	-10	-45	39.24
966	-5	-4	-10	-45	41.23
967	-4	-2	-10	-45	43.32
968	-3	0	-11	-45	45.55
969	-2	1	-11	-45	46.69
970	-1	3	-11	-46	49.80
971	-1	5	-11	-46	51.77
972	0	7	-11	-46	53.90
973	0	9	-11	-46	55.88
974	1	10	-11	-47	58.00
975	2	11	-11	-47	59.15
976	3	11	-12	-47	59.53
977	3	12	-12	-47	60.51
978	4	12	-12	-47	60.71
979	4	13	-12	-48	62.64
980	4	13	-12	-48	62.64
981	6	13	-12	-48	63.07
982	7	12	-12	-48	62.33
983	9	10	-12	-49	61.83
984	11	7	-13	-49	59.81
985	15	5	-13	-49	59.25
986	18	5	-13	-49	60.37
987	20	4	-13	-49	60.25
988	22	3	-13	-50	60.94
989	23	3	-13	-50	61.37
990	24	2	-13	-50	60.90
991	24	2	-13	-50	60.90
992	24	3	-8	17	34.39
993	24	3	-8	17	34.39
994	24	3	-8	18	34.75
995	24	2	-8	19	35.64
996	24	1	-8	20	36.61
997	26	0	-8	21	39.29
998	28	-1	-8	22	41.97
999	31	-3	-8	22	45.58
1000	34	-6	-8	23	50.25
1001	36	-9	-8	24	54.17
1002	38	-9	-8	25	56.24
1003	40	-11	-8	26	59.55
1004	41	-12	-8	27	61.48
1005	42	-12	-8	27	62.24
1006	42	-12	-8	28	62.77
1007	44	-13	-8	29	65.44
1008	45	-13	-8	30	66.71
1009	47	-14	-8	31	69.36
1010	48	-14	-8	32	70.61
1011	48	-14	-8	33	71.14
1012	48	-14	-8	33	71.14
1013	46	-14	-8	34	70.27
1014	45	-13	-8	35	69.43
1015	43	-13	-8	36	68.66
1016	40	-13	-8	37	67.34
1017	37	-13	-8	38	66.14
1018	34	-13	-8	38	64.40
1019	30	-13	-8	39	62.93
1020	27	-13	-8	40	62.17
1021	24	-13	-8	41	61.57
1022	21	-13	-8	42	61.13
1023	18	-14	-8	43	61.78
1024	15	-14	55	16	49.62
1025	12	-14	55	16	52.01
1026	10	-14	56	16	54.46
1027	8	-15	57	17	57.97
1028	7	-16	58	17	60.14
1029	6	-17	59	18	62.81
1030	6	-18	60	18	64.14
1031	5	-18	61	18	65.78
1032	5	-18	62	19	67.10
1033	5	-19	63	19	68.42
1034	6	-19	64	20	68.93
1035	6	-19	65	20	69.74
1036	6	-20	66	20	71.06
1037	6	-20	67	21	72.38
1038	6	-21	68	21	73.69
1039	6	-21	69	22	75.01
1040	6	-21	70	22	75.81
1041	6	-21	71	22	76.61
1042	6	-21	72	23	77.91
1043	6	-20	73	23	78.21
1044	6	-20	74	24	79.49
1045	6	-20	75	24	80.30
1046	7	-20	76	24	80.30
1047	7	-20	77	25	81.56
1048	7	-20	78	25	82.37
1049	7	-20	79	26	83.62
1050	7	-19	80	26	83.93
1051	7	-19	81	26	84.75
1052	7	-19	82	27	85.97
1053	7	-20	83	27	87.29
1054	7	-20	84	28	88.51
1055	7	-20	85	28	89.32
1056	7	-20	6	-31	11.04
1057	6	-19	5	-31	12.03
1058	6	-18	5	-32	14.03
1059	6	-17	5	-32	15.03
1060	6	-16	4	-33	17.10
1061	6	-16	4	-33	17.10
1062	5	-15	4	-34	19.02
1063	5	-15	4	-34	19.02
1064	4	-14	3	-35	21.02
1065	4	-14	3	-35	21.02
1066	4	-14	3	-36	22.02
1067	3	-14	2	-36	22.02
1068	3	-14	2	-37	23.02
1069	3	-15	2	-37	22.02
1070	3	-14	2	-38	24.02
1071	4	-13	1	-38	25.14
1072	4	-13	1	-39	26.14
1073	4	-13	1	-40	27.13
1074	4	-13	0	-40	27.23
1075	5	-13	0	-41	28.34
1076	5	-12	0	-41	29.33
1077	4	-11	0	-42	31.20
1078	5	-10	0	-42	32.30
1079	4	-10	0	-43	33.18
1080	4	-9	0	-43	34.18
1081	4	-9	-1	-44	35.27
1082	4	-9	-1	-44	35.27
1083	4	-9	-1	-45	36.26
1084	4	-9	-1	-45	36.26
1085	4	-9	-2	-46	37.36
1086	4	-9	-2	-46	37.36
1087	4	-8	-2	-47	39.34
1088	4	-7	-1	-26	19.59
1089	4	-6	-1	-26	20.56
1090	4	-7	-1	-26	19.59
1091	3	-7	-1	-26	19.38
1092	3	-7	-2	-26	19.59
1093	3	-8	-2	-26	18.62
1094	3	-8	-2	-27	19.58
1095	3	-8	-2	-27	19.58
1096	3	-8	-3	-27	19.83
1097	2	-8	-3	-27	19.58
1098	2	-7	-3	-27	20.56
1099	2	-7	-3	-28	21.53
1100	2	-6	-4	-28	22.72
1101	1	-6	-4	-28	22.51
1102	1	-6	-4	-28	22.51
1103	1	-6	-4	-28	22.51
1104	1	-6	-5	-29	23.69
1105	1	-5	-5	-29	24.66
1106	1	-4	-5	-29	25.64
1107	1	-3	-5	-29	26.62
1108	1	-3	-6	-29	26.84
1109	0	-3	-6	-29	26.62
1110	0	-2	-6	-30	28.57
1111	0	-1	-6	-30	29.56
1112	1	0	-7	-30	30.95
1113	1	0	-7	-30	30.95
1114	1	0	-7	-30	30.95
1115	1	0	-7	-31	31.92
1116	1	1	-8	-31	33.12
1117	1	2	-8	-31	34.09
1118	1	2	-8	-31	34.09
1119	1	3	-8	-31	35.07
1120	1	3	1	6	3.00
1121	1	3	0	6	3.16
1122	1	3	0	6	3.16
1123	1	2	0	7	5.10
1124	2	2	0	7	5.38
1125	2	1	0	8	7.28
1126	3	0	0	8	8.54
1127	4	-2	0	8	10.77
1128	5	-3	0	9	12.99
1129	6	-3	0	9	13.41
1130	6	-3	0	10	14.31
1131	6	-3	0	10	14.31
1132	6	-3	0	10	14.31
1133	5	-2	0	11	13.92
1134	5	-1	0	11	12.99
1135	6	-1	0	12	14.30
1136	8	-2	0	12	16.10
1137	9	-3	0	12	17.47
1138	11	-4	0	13	20.21
1139	12	-3	0	13	19.95
1140	13	-3	0	14	21.33
1141	13	-4	0	14	22.14
1142	14	-5	-1	14	24.14
1143	15	-5	-1	15	25.52
1144	15	-5	-1	15	25.52
1145	16	-5	-1	16	26.91
1146	16	-5	-1	16	26.91
1147	17	-5	-1	16	27.54
1148	17	-6	-1	17	29.08
1149	16	-6	-1	17	28.48
1150	16	-5	-1	18	28.47
1151	15	-5	-1	18	27.90
1152	13	-4	-2	13	22.60
1153	12	-4	-2	13	21.96
1154	11	-4	-2	13	21.35
1155	11	-4	-2	13	21.35
1156	9	-7	-2	14	23.67
1157	9	-7	-2	14	23.67
1158	10	-8	-2	14	25.02
1159	10	-8	-2	15	25.89
1160	9	-8	-2	15	25.45
1161	8	-8	-2	15	25.05
1162	7	-7	-2	16	24.67
1163	7	-8	-3	16	25.96
1164	8	-8	-3	16	26.36
1165	10	-8	-3	17	28.11
1166	10	-8	-3	17	28.11
1167	9	-9	-3	17	28.58
1168	8	-10	-3	18	30.03
1169	8	-10	-3	18	30.03
1170	8	-10	-3	18	30.03
1171	8	-10	-3	18	30.03
1172	7	-10	-3	19	30.63
1173	6	-10	-3	19	30.33
1174	6	-10	-4	19	30.63
1175	6	-10	-4	20	31.57
1176	6	-10	-4	20	31.57
1177	6	-9	-4	20	30.63
1178	6	-9	-4	21	31.57
1179	6	-9	-4	21	31.57
1180	6	-9	-4	21	31.57
1181	6	-9	-4	22	32.51
1182	6	-9	-4	22	32.51
1183	6	-9	-4	22	32.51
1184	6	-9	25	-11	18.81
1185	7	-8	25	-11	18.00
1186	7	-8	25	-11	18.00
1187	7	-7	26	-11	19.18
1188	7	-7	26	-11	19.18
1189	8	-6	26	-12	18.75
1190	9	-5	27	-12	19.12
1191	9	-5	27	-12	19.12
1192	9	-3	28	-12	20.86
1193	9	-3	28	-12	20.86
1194	10	-3	28	-13	20.42
1195	11	-2	29	-13	20.94
1196	11	-2	29	-13	20.94
1197	13	-1	29	-13	19.88
1198	13	-1	30	-14	21.25
1199	15	-2	30	-14	19.07
1200	15	-2	31	-14	19.85
1201	15	-5	31	-14	18.15
1202	15	-5	31	-14	18.15
1203	17	-6	32	-15	17.26
1204	17	-6	32	-15	17.26
1205	18	-5	32	-15	17.02
1206	18	-6	33	-15	17.26
1207	18	-6	33	-16	17.78
1208	19	-7	34	-16	17.22
1209	19	-7	34	-16	17.22
1210	20	-7	34	-16	16.39
1211	20	-7	35	-16	17.22
1212	20	-6	35	-17	18.34
1213	20	-6	35	-17	18.34
1214	19	-6	36	-17	19.94
1215	19	-6	36	-17	19.94
1216	19	-6	-1	-14	21.24
1217	19	-6	-1	-14	21.24
1218	19	-6	-1	-14	21.24
1219	19	-6	-1	-14	21.24
1220	19	-6	-1	-14	21.24
1221	19	-6	-2	-14	22.15
1222	20	-6	-2	-14	23.07
1223	20	-6	-2	-15	23.40
1224	20	-6	-2	-15	23.40
1225	19	-7	-2	-15	22.09
1226	19	-7	-3	-15	23.01
1227	18	-7	-3	-15	22.09
1228	18	-6	-3	-15	22.50
1229	18	-6	-3	-16	22.88
1230	18	-6	-4	-16	23.77
1231	17	-6	-4	-16	22.88
1232	17	-6	-4	-16	22.88
1233	16	-6	-4	-16	22.00
1234	16	-6	-4	-16	22.00
1235	15	-6	-5	-16	22.00
1236	15	-6	-5	-17	22.44
1237	15	-6	-5	-17	22.44
1238	15	-6	-5	-17	22.44
1239	13	-5	-6	-17	22.14
1240	13	-5	-6	-17	22.14
1241	13	-5	-6	-17	22.14
1242	12	-5	-6	-18	21.87
1243	12	-5	-6	-18	21.87
1244	10	-3	-7	-18	22.42
1245	9	-4	-7	-18	21.01
1246	9	-4	-7	-18	21.01
1247	8	-5	-7	-18	19.59
1248	8	-5	32	-3	24.02
1249	7	-8	32	-2	25.60
1250	7	-8	32	-2	25.60
1251	6	-9	33	-2	27.75
1252	6	-9	33	-2	27.75
1253	6	-9	34	-2	28.72
1254	6	-9	34	-2	28.72
1255	7	-9	34	-2	27.75
1256	7	-9	35	-2	28.72
1257	6	-11	35	-2	30.15
1258	6	-11	36	-2	31.10
1259	6	-10	36	-1	31.16
1260	6	-10	36	-1	31.16
1261	5	-10	37	-1	33.06
1262	5	-10	37	-1	33.06
1263	5	-10	38	-1	34.02
1264	5	-10	38	-1	34.02
1265	5	-10	38	-1	34.02
1266	3	-10	39	-1	36.90
1267	3	-10	39	-1	36.90
1268	3	-11	40	-1	38.08
1269	3	-11	40	-1	38.08
1270	2	-11	40	0	39.33
1271	2	-11	41	0	40.28
1272	0	-12	41	0	42.42
1273	0	-12	42	0	43.37
1274	-1	-13	42	0	44.55
1275	-2	-14	42	0	45.74
1276	-2	-14	43	0	46.68
1277	-4	-15	43	0	48.79
1278	-4	-15	44	0	49.73
1279	-6	-15	44	0	51.62
1280	-6	-15	-3	-4	11.39
1281	-7	-15	-3	-3	12.63
1282	-7	-15	-3	-3	12.63
1283	-8	-14	-4	-3	11.69
1284	-8	-14	-4	-3	11.69
1285	-8	-14	-4	-3	11.69
1286	-7	-15	-5	-3	12.16
1287	-7	-15	-5	-3	12.16
1288	-7	-15	-5	-3	12.16
1289	-6	-16	-6	-3	13.00
1290	-6	-16	-6	-3	13.00
1291	-5	-16	-6	-3	13.04
1292	-4	-15	-7	-3	12.36
1293	-4	-15	-7	-3	12.36
1294	-4	-16	-7	-3	13.33
1295	-4	-16	-8	-3	13.58
1296	-4	-16	-8	-3	13.58
1297	-5	-16	-8	-3	13.33
1298	-5	-16	-9	-3	13.58
1299	-5	-16	-9	-3	13.58
1300	-5	-15	-9	-3	12.63
1301	-5	-15	-10	-3	12.97
1302	-5	-15	-10	-3	12.97
1303	-4	-16	-10	-3	14.28
1304	-4	-16	-11	-3	14.71
1305	-4	-16	-11	-3	14.71
1306	-4	-16	-11	-3	14.71
1307	-4	-16	-12	-3	15.20
1308	-4	-16	-12	-3	15.20
1309	-4	-16	-12	-3	15.20
1310	-4	-16	-13	-3	15.73
1311	-4	-16	-13	-3	15.73
1312	-4	-16	-20	-25	17.46
1313	-4	-16	-20	-25	17.46
1314	-4	-16	-20	-25	17.46
1315	-4	-15	-21	-25	18.82
1316	-4	-15	-21	-26	19.32
1317	-4	-15	-22	-26	20.09
1318	-4	-15	-22	-26	20.09
1319	-4	-14	-23	-27	21.99
1320	-4	-14	-23	-27	21.99
1321	-4	-12	-23	-27	23.30
1322	-4	-11	-24	-28	25.31
1323	-4	-11	-24	-28	25.31
1324	-5	-11	-25	-28	25.31
1325	-5	-11	-25	-29	25.94
1326	-5	-11	-26	-29	26.62
1327	-5	-11	-26	-29	26.62
1328	-5	-10	-27	-30	28.65
1329	-5	-10	-27	-30	28.65
1330	-5	-10	-27	-30	28.65
1331	-5	-10	-28	-30	29.32
1332	-5	-9	-28	-31	30.70
1333	-5	-9	-29	-31	31.35
1334	-5	-9	-29	-31	31.35
1335	-6	-10	-30	-32	31.24
1336	-6	-10	-30	-32	31.24
1337	-6	-10	-30	-32	31.24
1338	-6	-10	-31	-33	32.53
1339	-6	-10	-31	-33	32.53
1340	-6	-9	-32	-33	33.93
1341	-6	-9	-32	-34	34.57
1342	-6	-9	-33	-34	35.21
1343	-6	-9	-33	-34	35.21
1344	-6	-9	-2	-17	8.90
1345	-6	-10	-1	-17	8.52
1346	-6	-10	-1	-17	8.52
1347	-6	-10	-1	-17	8.52
1348	-6	-11	-1	-17	7.71
1349	-5	-11	-1	-17	7.14
1350	-5	-11	-1	-17	7.14
1351	-5	-11	-1	-17	7.14
1352	-5	-11	-1	-17	7.14
1353	-5	-11	-1	-17	7.14
1354	-5	-11	-1	-17	7.14
1355	-6	-10	-1	-17	8.52
1356	-6	-10	-1	-17	8.52
1357	-6	-10	-1	-17	8.52
1358	-6	-10	-1	-17	8.52
1359	-7	-7	-1	-17	11.59
1360	-7	-7	-1	-17	11.59
1361	-7	-6	0	-17	12.96
1362	-7	-6	0	-17	12.96
1363	-7	-5	0	-17	13.82
1364	-7	-5	0	-17	13.82
1365	-6	-5	0	-17	13.36
1366	-6	-5	0	-17	13.36
1367	-4	-4	0	-17	13.58
1368	-4	-4	0	-17	13.58
1369	-4	-5	0	-17	12.62
1370	-4	-4	0	-17	13.58
1371	-4	-5	0	-17	12.62
1372	-4	-5	0	-17	12.62
1373	-4	-5	0	-17	12.62
1374	-5	-6	0	-17	12.04
1375	-5	-6	0	-17	12.04
1376	-5	-6	-8	-2	5.00
1377	-4	-6	-8	-1	6.40
1378	-4	-6	-8	-1	6.40
1379	-4	-7	-8	-1	7.20
1380	-4	-7	-8	-1	7.20
1381	-4	-7	-8	0	8.06
1382	-4	-7	-8	0	8.06
1383	-4	-7	-8	0	8.06
1384	-4	-7	-8	0	8.06
1385	-4	-6	-8	0	7.21
1386	-4	-6	-8	0	7.21
1387	-4	-6	-8	0	7.21
1388	-4	-6	-8	0	7.21
1389	-5	-5	-8	0	5.83
1390	-5	-5	-8	1	6.71
1391	-5	-5	-8	1	6.71
1392	-5	-5	-9	1	7.21
1393	-5	-3	-9	1	5.66
1394	-5	-3	-9	1	5.66
1395	-5	-2	-9	2	5.66
1396	-5	-2	-9	2	5.66
1397	-5	0	-9	2	4.47
1398	-5	0	-9	2	4.47
1399	-5	-1	-9	3	5.66
1400	-5	-1	-9	3	5.66
1401	-4	-1	-9	3	6.40
1402	-4	-1	-9	3	6.40
1403	-5	-1	-9	3	5.66
1404	-5	-1	-9	4	6.40
1405	-5	-1	-9	4	6.40
1406	-5	-1	-9	4	6.40
1407	-4	-1	-9	4	7.07
1408	-4	-1	-4	-3	2.00
1409	-4	-2	-3	-2	1.00
1410	-4	-2	-3	-2	1.00
1411	-4	-2	-3	-2	1.00
1412	-4	-2	-3	-2	1.00
1413	-5	-3	-3	-2	2.23
1414	-5	-3	-3	-2	2.23
1415	-5	-3	-3	-2	2.23
1416	-5	-3	-3	-2	2.23
1417	-5	-3	-3	-2	2.23
1418	-5	-3	-3	-2	2.23
1419	-5	-3	-3	-1	2.83
1420	-5	-3	-3	-1	2.83
1421	-5	-3	-3	-1	2.83
1422	-5	-3	-3	-1	2.83
1423	-5	-3	-3	-1	2.83
1424	-4	-3	-3	-1	2.24
1425	-4	-3	-3	-1	2.24
1426	-4	-3	-3	-1	2.24
1427	-4	-3	-3	-1	2.24
1428	-4	-3	-3	-1	2.24
1429	-4	-3	-3	-1	2.24
1430	-4	-3	-3	0	3.16
1431	-4	-3	-3	0	3.16
1432	-4	-4	-3	0	4.12
1433	-4	-4	-3	0	4.12
1434	-5	-5	-3	0	5.38
1435	-5	-5	-3	0	5.38
1436	-5	-5	-3	0	5.38
1437	-5	-5	-3	0	5.38
1438	-6	-5	-3	0	5.83
1439	-6	-5	-3	0	5.83
1440	-6	-5	-3	4	9.49
1441	-7	-5	-2	4	10.29
1442	-7	-5	-2	4	10.29
1443	-7	-5	-2	4	10.29
1444	-7	-5	-2	4	10.29
1445	-8	-5	-2	4	10.81
1446	-8	-5	-2	4	10.81
1447	-9	-5	-2	5	12.20
1448	-9	-5	-2	5	12.20
1449	-10	-5	-2	5	12.80
1450	-10	-5	-2	5	12.80
1451	-11	-5	-2	5	13.45
1452	-11	-5	-2	5	13.45
1453	-12	-6	-2	6	15.61
1454	-12	-6	-2	6	15.61
1455	-13	-5	-2	6	15.54
1456	-14	-5	-2	6	16.26
1457	-14	-5	-2	6	16.26
1458	-17	-6	-2	6	19.19
1459	-17	-6	-2	6	19.19
1460	-20	-6	-2	7	22.17
1461	-20	-6	-2	7	22.17
1462	-23	-6	-2	7	24.66
1463	-23	-6	-2	7	24.66
1464	-25	-5	-2	7	25.90
1465	-25	-5	-2	7	25.90
1466	-25	-4	-2	8	25.89
1467	-25	-4	-2	8	25.89
1468	-23	-4	-2	8	24.14
1469	-23	-4	-2	8	24.14
1470	-23	-4	-2	8	24.14
1471	-23	-3	-2	8	23.66
1472	-23	-3	-8	-9	16.07
1473	-24	-1	-8	-9	17.82
1474	-24	-1	-8	-9	17.82
1475	-26	1	-8	-9	20.53
1476	-27	2	-8	-9	21.90
1477	-27	2	-8	-9	21.90
1478	-28	3	-8	-9	23.27
1479	-28	3	-8	-9	23.27
1480	-29	3	-8	-10	24.63
1481	-29	3	-8	-10	24.63
1482	-30	3	-8	-10	25.48
1483	-31	3	-8	-10	26.34
1484	-31	3	-8	-10	26.34
1485	-31	2	-8	-10	25.85
1486	-31	2	-8	-10	25.85
1487	-32	1	-8	-10	26.30
1488	-32	1	-9	-11	25.83
1489	-34	-2	-9	-11	26.39
1490	-35	-5	-9	-11	26.42
1491	-35	-5	-9	-11	26.42
1492	-37	-5	-9	-11	28.35
1493	-37	-5	-9	-11	28.35
1494	-37	-7	-9	-11	27.93
1495	-37	-7	-9	-11	27.93
1496	-38	-9	-9	-12	28.66
1497	-38	-9	-9	-12	28.66
1498	-37	-9	-9	-12	27.68
1499	-37	-9	-9	-12	27.68
1500	-36	-9	-9	-12	26.71
1501	-35	-10	-9	-12	25.59
1502	-35	-10	-9	-12	25.59
1503	-33	-11	-9	-12	23.53
1504	-33	-11	-40	-1	12.18
1505	-30	-12	-40	0	15.57
1506	-30	-12	-41	0	16.22
1507	-27	-12	-41	0	18.36
1508	-27	-12	-42	0	19.12
1509	-23	-13	-42	0	22.89
1510	-23	-13	-43	0	23.71
1511	-20	-13	-43	0	26.24
1512	-20	-13	-44	0	27.11
1513	-18	-13	-44	0	28.87
1514	-18	-13	-45	0	29.75
1515	-17	-12	-45	0	30.27
1516	-17	-12	-46	0	31.18
1517	-16	-12	-46	0	32.10
1518	-16	-12	-47	0	33.02
1519	-15	-11	-47	0	33.65
1520	-14	-11	-48	0	35.53
1521	-14	-11	-49	0	36.48
1522	-14	-10	-49	0	36.22
1523	-14	-10	-50	0	37.18
1524	-13	-8	-50	0	37.73
1525	-13	-8	-51	0	38.71
1526	-13	-5	-51	0	38.28
1527	-13	-5	-52	0	39.27
1528	-13	-3	-52	0	39.10
1529	-13	-3	-53	0	40.09
1530	-14	-2	-53	0	39.04
1531	-14	-2	-54	0	40.04
1532	-14	-2	-54	0	40.04
1533	-14	-2	-55	0	41.04
1534	-14	-1	-55	0	41.01
1535	-14	-1	-56	0	42.01
1536	-12	-1	-43	-19	35.31
1537	-12	-1	-43	-19	35.31
1538	-11	-1	-43	-19	36.16
1539	-11	-1	-43	-19	36.16
1540	-10	-2	-44	-20	37.77
1541	-10	-2	-44	-20	37.77
1542	-9	-3	-44	-20	38.13
1543	-9	-3	-45	-20	39.01
1544	-9	-3	-45	-21	39.38
1545	-8	-3	-45	-21	40.24
1546	-8	-3	-46	-21	41.11
1547	-8	-4	-46	-21	40.63
1548	-8	-4	-46	-22	40.98
1549	-8	-4	-47	-22	41.85
1550	-8	-4	-47	-22	41.85
1551	-8	-4	-47	-22	41.85
1552	-8	-4	-48	-23	43.06
1553	-8	-4	-48	-23	43.06
1554	-8	-4	-48	-23	43.06
1555	-8	-3	-48	-23	43.56
1556	-8	-3	-49	-24	44.78
1557	-8	-2	-49	-24	45.31
1558	-8	-2	-49	-24	45.31
1559	-8	-1	-50	-24	46.69
1560	-8	-1	-50	-25	47.09
1561	-8	0	-50	-25	47.66
1562	-6	2	-51	-25	51.27
1563	-6	2	-51	-25	51.27
1564	-5	6	-51	-26	54.89
1565	-5	6	-52	-26	55.68
1566	-4	8	-52	-26	57.69
1567	-4	8	-52	-26	57.69
1568	-5	9	9	9	13.83
1569	-5	9	9	9	13.83
1570	-5	10	10	9	14.83
1571	-4	10	10	9	13.84
1572	-4	9	11	10	14.83
1573	-4	9	12	10	15.81
1574	-4	8	12	10	15.93
1575	-4	8	13	11	17.03
1576	-5	7	14	11	19.18
1577	-5	7	14	11	19.18
1578	-5	6	15	12	20.63
1579	-5	6	16	12	21.58
1580	-5	5	16	12	21.90
1581	-5	5	17	13	23.13
1582	-6	6	18	13	24.66
1583	-6	6	18	13	24.66
1584	-6	6	19	14	25.86
1585	-6	6	20	14	26.80
1586	-6	5	20	14	27.14
1587	-6	5	21	14	28.07
1588	-5	4	22	15	28.76
1589	-5	4	22	15	28.76
1590	-4	4	23	15	28.76
1591	-4	4	24	16	30.01
1592	-5	4	24	16	30.92
1593	-5	4	25	16	31.82
1594	-5	4	26	17	33.06
1595	-6	4	26	17	33.96
1596	-6	4	27	17	34.87
1597	-6	4	28	18	36.09
1598	-6	4	28	18	36.09
1599	-7	4	29	18	37.90
1600	-7	4	2	19	17.39
1601	-7	4	2	19	17.39
1602	-8	4	2	19	17.90
1603	-8	4	2	19	17.90
1604	-8	3	2	20	19.60
1605	-8	3	3	20	20.11
1606	-8	2	3	20	20.96
1607	-8	2	3	21	21.82
1608	-8	1	3	21	22.70
1609	-8	1	3	21	22.70
1610	-9	0	4	22	25.39
1611	-9	0	4	22	25.39
1612	-9	-2	4	22	27.15
1613	-9	-2	4	23	28.03
1614	-9	-4	5	23	30.26
1615	-9	-4	5	23	30.26
1616	-10	-8	5	24	35.19
1617	-10	-8	5	24	35.19
1618	-12	-14	5	24	41.47
1619	-12	-14	6	24	41.87
1620	-13	-19	6	25	47.73
1621	-13	-19	6	25	47.73
1622	-13	-20	6	25	48.65
1623	-13	-20	7	26	49.93
1624	-13	-21	7	26	50.85
1625	-13	-21	7	26	50.85
1626	-13	-21	7	27	51.76
1627	-13	-21	7	27	51.76
1628	-13	-20	8	27	51.22
1629	-13	-20	8	28	52.12
1630	-13	-20	8	28	52.12
1631	-13	-20	8	28	52.12
1632	-13	-20	-9	-1	19.40
1633	-13	-20	-9	-1	19.40
1634	-13	-21	-9	-1	20.38
1635	-13	-21	-9	-1	20.38
1636	-13	-21	-9	-1	20.38
1637	-13	-21	-9	-1	20.38
1638	-13	-21	-9	-1	20.38
1639	-13	-21	-9	-2	19.40
1640	-13	-21	-9	-2	19.40
1641	-13	-21	-9	-2	19.40
1642	-14	-20	-9	-2	18.65
1643	-14	-20	-9	-2	18.65
1644	-14	-20	-9	-2	18.65
1645	-14	-20	-9	-3	17.69
1646	-14	-20	-9	-3	17.69
1647	-14	-20	-9	-3	17.69
1648	-14	-20	-10	-3	17.44
1649	-14	-20	-10	-3	17.44
1650	-14	-20	-10	-3	17.44
1651	-14	-20	-10	-3	17.44
1652	-15	-19	-10	-4	15.78
1653	-15	-19	-10	-4	15.78
1654	-15	-19	-10	-4	15.78
1655	-15	-18	-10	-4	14.83
1656	-16	-18	-10	-4	15.18
1657	-17	-17	-10	-4	14.70
1658	-18	-17	-10	-5	14.33
1659	-19	-16	-10	-5	14.11
1660	-19	-16	-10	-5	14.11
1661	-21	-15	-10	-5	14.73
1662	-22	-15	-10	-5	15.47
1663	-22	-15	-10	-5	15.47
1664	-23	-14	-19	-44	30.19
1665	-23	-14	-19	-44	30.19
1666	-23	-14	-19	-45	31.19
1667	-22	-14	-19	-46	32.10
1668	-23	-15	-19	-47	32.17
1669	-22	-15	-19	-47	32.10
1670	-22	-15	-20	-48	33.04
1671	-22	-15	-20	-49	34.04
1672	-22	-14	-20	-50	36.04
1673	-22	-15	-20	-50	35.04
1674	-22	-14	-20	-51	37.04
1675	-22	-14	-21	-52	38.01
1676	-22	-14	-21	-53	39.01
1677	-22	-14	-21	-53	39.01
1678	-22	-13	-21	-54	41.01
1679	-21	-12	-21	-55	43.00
1680	-21	-12	-22	-56	44.01
1681	-21	-10	-22	-56	46.01
1682	-21	-9	-22	-57	48.01
1683	-21	-9	-22	-58	49.01
1684	-21	-7	-22	-59	52.01
1685	-21	-7	-22	-59	52.01
1686	-20	-6	-23	-60	54.05
1687	-21	-5	-23	-61	56.02
1688	-22	-3	-23	-62	59.00
1689	-22	-3	-23	-62	59.00
1690	-22	-2	-23	-63	61.00
1691	-22	-1	-24	-64	63.02
1692	-22	-1	-24	-65	64.02
1693	-21	-1	-24	-65	64.04
1694	-21	0	-24	-66	66.03
1695	-21	0	-24	-67	67.03
1696	-22	0	-33	-8	13.57
1697	-22	0	-33	-7	13.02
1698	-22	0	-33	-7	13.02
1699	-22	0	-33	-7	13.02
1700	-22	0	-34	-7	13.87
1701	-22	0	-34	-7	13.87
1702	-22	0	-34	-6	13.40
1703	-21	1	-35	-6	15.63
1704	-22	1	-35	-6	14.75
1705	-22	1	-35	-6	14.75
1706	-22	0	-36	-6	15.21
1707	-22	0	-36	-5	14.85
1708	-22	0	-36	-5	14.85
1709	-21	0	-37	-5	16.74
1710	-21	0	-37	-5	16.74
1711	-21	0	-37	-5	16.74
1712	-21	0	-38	-5	17.70
1713	-21	-1	-38	-4	17.24
1714	-22	-1	-38	-4	16.26
1715	-21	-1	-38	-4	17.24
1716	-21	-1	-39	-4	18.23
1717	-21	-1	-39	-4	18.23
1718	-20	-1	-39	-3	19.09
1719	-20	-1	-40	-3	20.09
1720	-21	-2	-40	-3	19.01
1721	-21	-2	-40	-3	19.01
1722	-20	-2	-41	-3	21.00
1723	-20	-3	-41	-2	21.00
1724	-20	-2	-41	-2	20.99
1725	-19	-2	-42	-2	22.99
1726	-19	-2	-42	-2	22.99
1727	-19	-2	-42	-2	22.99
1728	-18	-1	-21	14	15.29
1729	-17	-1	-20	14	15.29
1730	-16	-1	-20	14	15.51
1731	-16	-1	-20	15	16.48
1732	-12	0	-20	15	16.96
1733	-11	0	-20	16	18.30
1734	-9	0	-20	16	19.33
1735	-8	0	-20	17	20.71
1736	-6	1	-20	17	21.11
1737	-5	1	-20	17	21.77
1738	-4	1	-20	18	23.15
1739	-3	1	-20	18	23.83
1740	-2	2	-20	19	24.49
1741	-1	4	-20	19	23.86
1742	-1	3	-20	20	25.15
1743	-2	3	-20	20	24.44
1744	-3	2	-20	21	25.21
1745	-3	2	-20	21	25.21
1746	-3	3	-20	21	24.45
1747	-3	3	-20	22	25.17
1748	-3	7	-20	22	22.22
1749	-3	7	-20	23	22.88
1750	-3	10	-20	23	20.81
1751	-3	10	-20	24	21.41
1752	-3	12	-20	24	20.10
1753	-4	13	-20	24	18.71
1754	-4	13	-20	25	19.28
1755	-4	14	-20	25	18.64
1756	-4	15	-20	26	18.56
1757	-4	16	-20	26	17.95
1758	-4	17	-20	27	17.86
1759	-4	19	-20	27	16.74
1760	-4	19	-14	-2	23.19
1761	-6	20	-13	-2	23.05
1762	-6	20	-13	-2	23.05
1763	-7	20	-13	-2	22.77
1764	-8	20	-13	-2	22.54
1765	-8	20	-13	-2	22.54
1766	-9	20	-13	-2	22.35
1767	-9	20	-13	-2	22.35
1768	-10	20	-13	-2	22.20
1769	-11	20	-12	-2	22.02
1770	-12	20	-12	-2	22.00
1771	-13	19	-12	-2	21.02
1772	-13	19	-12	-2	21.02
1773	-14	18	-12	-2	20.10
1774	-15	17	-12	-2	19.23
1775	-15	17	-12	-2	19.23
1776	-15	15	-12	-2	17.26
1777	-16	13	-11	-2	15.80
1778	-16	13	-11	-2	15.80
1779	-17	11	-11	-2	14.30
1780	-17	10	-11	-2	13.40
1781	-17	10	-11	-2	13.40
1782	-18	9	-11	-2	13.03
1783	-19	9	-11	-2	13.59
1784	-19	8	-11	-2	12.79
1785	-19	8	-10	-2	13.44
1786	-20	7	-10	-2	13.44
1787	-20	6	-10	-2	12.80
1788	-19	6	-10	-2	12.03
1789	-19	5	-10	-2	11.39
1790	-19	5	-10	-2	11.39
1791	-20	5	-10	-2	12.20
