frame_id	phi	theta	est_phi	est_theta	err_phi	err_theta	speed	err_ang
0	-22	3	0	0	22.19
1	-22	3	0	0	22.19
2	-23	3	0	0	23.18
3	-23	3	0	0	23.18
4	-23	3	0	0	23.18
5	-23	3	0	0	23.18
6	-23	3	0	0	23.18
7	-23	3	0	0	23.18
8	-22	3	0	0	22.19
9	-22	3	0	0	22.19
10	-22	3	0	0	22.19
11	-22	3	0	0	22.19
12	-22	3	0	0	22.19
13	-21	3	0	0	21.20
14	-21	3	0	0	21.20
15	-21	2	0	0	21.09
16	-21	2	0	0	21.09
17	-21	2	0	0	21.09
18	-20	2	0	0	20.10
19	-20	2	0	0	20.10
20	-18	2	0	0	18.11
21	-16	2	0	0	16.12
22	-16	2	0	0	16.12
23	-15	2	0	0	15.13
24	-15	2	0	0	15.13
25	-13	2	0	0	13.15
26	-13	2	0	0	13.15
27	-11	2	0	0	11.18
28	-9	2	0	0	9.22
29	-9	2	0	0	9.22
30	-8	2	0	0	8.24
31	-8	2	0	0	8.24
32	-6	2	-22	3	16.02
33	-4	2	-22	3	18.01
34	-4	2	-22	3	18.01
35	-2	2	-22	3	20.01
36	-2	2	-22	3	20.01
37	0	2	-22	3	22.00
38	0	2	-22	3	22.00
39	1	2	-22	3	23.00
40	3	2	-22	3	25.00
41	3	2	-22	3	25.00
42	5	2	-22	3	26.99
43	5	2	-22	3	26.99
44	6	2	-22	3	27.99
45	8	1	-22	3	30.05
46	8	1	-22	3	30.05
47	8	1	-22	3	30.05
48	8	1	-22	3	30.05
49	9	1	-22	3	31.04
50	10	1	-22	3	32.04
51	10	1	-22	3	32.04
52	10	2	-22	3	31.98
53	10	2	-22	3	31.98
54	10	1	-22	3	32.04
55	10	1	-22	3	32.04
56	10	1	-22	3	32.04
57	10	1	-22	3	32.04
58	10	1	-22	3	32.04
59	11	0	-22	3	33.12
60	11	0	-22	3	33.12
61	11	0	-22	3	33.12
62	12	0	-22	3	34.12
63	12	0	-22	3	34.12
64	12	0	10	1	2.24
65	12	0	10	0	2.00
66	12	0	11	0	1.00
67	12	0	11	0	1.00
68	12	0	12	0	0.00
69	13	0	12	0	1.00
70	13	0	13	0	0.00
71	13	0	13	0	0.00
72	13	0	14	0	1.00
73	13	0	14	0	1.00
74	14	0	15	0	1.00
75	14	0	15	0	1.00
76	15	1	16	0	1.41
77	15	2	16	0	2.24
78	15	2	17	0	2.83
79	16	3	17	0	3.16
80	16	3	18	0	3.61
81	17	3	18	0	3.16
82	17	3	19	0	3.61
83	17	4	19	0	4.47
84	18	5	20	0	5.38
85	18	5	20	0	5.38
86	19	5	21	0	5.38
87	19	5	21	0	5.38
88	20	6	22	0	6.32
89	21	6	22	0	6.08
90	21	6	23	0	6.32
91	21	7	23	0	7.28
92	21	7	24	0	7.61
93	21	7	24	0	7.61
94	22	7	25	0	7.61
95	22	7	25	0	7.61
96	22	7	30	-2	12.03
97	22	7	30	-2	12.03
98	22	8	31	-2	13.44
99	21	9	31	-2	14.84
100	21	9	32	-2	15.53
101	21	9	32	-2	15.53
102	21	9	33	-2	16.25
103	20	9	33	-2	17.00
104	19	9	34	-2	18.56
105	19	9	35	-2	19.37
106	19	9	35	-2	19.37
107	19	9	36	-2	20.20
108	18	10	36	-2	21.57
109	18	10	37	-2	22.40
110	18	10	37	-2	22.40
111	17	10	38	-2	24.11
112	17	10	39	-3	25.48
113	17	11	39	-3	25.98
114	16	12	40	-3	28.18
115	16	12	40	-3	28.18
116	15	12	41	-3	29.88
117	15	12	41	-3	29.88
118	14	12	42	-3	31.62
119	14	13	42	-3	32.07
120	14	13	43	-3	32.94
121	13	13	44	-3	34.69
122	13	13	44	-3	34.69
123	12	13	45	-3	36.46
124	12	13	45	-3	36.46
125	12	13	46	-3	37.35
126	11	13	46	-3	38.25
127	11	13	47	-3	39.16
128	11	14	32	14	20.37
129	11	14	32	14	20.37
130	11	14	32	14	20.37
131	11	15	32	14	20.35
132	11	15	33	14	21.31
133	10	15	33	15	22.21
134	10	15	33	15	22.21
135	9	15	34	15	24.14
136	9	15	34	15	24.14
137	9	15	34	15	24.14
138	9	16	35	16	24.98
139	9	16	35	16	24.98
140	9	16	35	16	24.98
141	9	16	36	16	25.94
142	9	16	36	17	25.89
143	10	16	36	17	24.93
144	10	16	37	17	25.89
145	10	16	37	17	25.89
146	11	16	37	17	24.93
147	12	16	37	18	23.97
148	12	16	38	18	24.92
149	12	15	38	18	25.09
150	12	15	38	18	25.09
151	13	16	39	19	24.95
152	14	15	39	19	24.22
153	14	15	39	19	24.22
154	14	16	40	19	24.95
155	15	15	40	19	24.22
156	15	15	40	20	24.33
157	15	15	41	20	25.27
158	15	15	41	20	25.27
159	16	15	41	20	24.33
160	17	14	0	21	17.64
161	17	14	0	21	17.64
162	17	14	0	21	17.64
163	18	14	-1	21	19.40
164	18	14	-1	21	19.40
165	18	13	-1	22	20.20
166	18	13	-2	22	21.06
167	18	13	-2	22	21.06
168	18	13	-2	22	21.06
169	19	13	-3	22	22.79
170	19	13	-3	23	23.15
171	19	13	-3	23	23.15
172	19	13	-4	23	24.01
173	20	13	-4	23	24.87
174	20	13	-4	24	25.22
175	20	13	-5	24	26.07
176	20	13	-5	24	26.07
177	20	13	-5	24	26.07
178	20	13	-6	24	26.93
179	20	13	-6	25	27.28
180	20	13	-6	25	27.28
181	20	13	-7	25	28.13
182	20	13	-7	25	28.13
183	20	12	-7	26	29.02
184	20	13	-8	26	29.32
185	20	13	-8	26	29.32
186	19	12	-8	26	29.02
187	19	12	-9	26	29.84
188	19	12	-9	27	30.24
189	19	12	-9	27	30.24
190	19	12	-10	27	31.06
191	19	13	-10	27	30.52
192	19	13	23	14	4.02
193	18	12	23	14	5.27
194	18	13	23	14	4.96
195	18	13	23	14	4.96
196	17	13	23	14	5.92
197	17	13	23	14	5.92
198	16	13	24	14	7.84
199	16	13	24	14	7.84
200	16	13	24	14	7.84
201	15	13	24	14	8.81
202	15	13	24	14	8.81
203	14	13	25	14	10.74
204	14	13	25	14	10.74
205	14	13	25	14	10.74
206	13	13	25	14	11.71
207	13	13	25	14	11.71
208	11	13	26	14	14.62
209	11	13	26	14	14.62
210	10	13	26	14	15.59
211	9	13	26	14	16.56
212	9	13	26	14	16.56
213	8	13	26	14	17.53
214	8	13	27	14	18.50
215	7	13	27	14	19.47
216	7	13	27	14	19.47
217	6	12	27	14	20.55
218	6	12	27	14	20.55
219	4	12	28	14	23.46
220	4	12	28	14	23.46
221	0	12	28	14	27.34
222	0	12	28	14	27.34
223	-1	12	28	14	28.31
224	-1	12	21	12	21.51
225	-3	11	21	11	23.55
226	-3	11	21	11	23.55
227	-4	11	21	11	24.53
228	-4	11	21	11	24.53
229	-5	11	21	11	25.51
230	-6	11	21	11	26.49
231	-6	11	21	11	26.49
232	-6	11	21	11	26.49
233	-6	11	21	11	26.49
234	-6	11	21	11	26.49
235	-7	11	21	11	27.48
236	-7	11	21	11	27.48
237	-7	10	21	11	27.54
238	-7	10	21	11	27.54
239	-8	10	21	11	28.52
240	-8	9	22	11	29.60
241	-8	9	22	11	29.60
242	-9	9	22	11	30.58
243	-9	9	22	11	30.58
244	-9	9	22	11	30.58
245	-11	10	22	11	32.45
246	-11	10	22	11	32.45
247	-12	10	22	11	33.43
248	-12	10	22	11	33.43
249	-13	11	22	11	34.34
250	-13	11	22	11	34.34
251	-13	11	22	11	34.34
252	-13	11	22	11	34.34
253	-13	11	22	11	34.34
254	-13	11	22	11	34.34
255	-13	11	22	11	34.34
256	-14	11	-21	11	6.87
257	-13	12	-21	10	8.10
258	-13	12	-22	10	9.06
259	-13	12	-22	10	9.06
260	-13	12	-23	10	10.02
261	-13	12	-24	10	10.98
262	-13	12	-24	10	10.98
263	-13	12	-25	10	11.95
264	-13	12	-26	10	12.92
265	-12	12	-26	10	13.89
266	-12	12	-27	10	14.86
267	-12	12	-27	10	14.86
268	-11	12	-28	10	16.80
269	-11	12	-29	10	17.78
270	-10	12	-29	10	18.75
271	-10	12	-30	10	19.73
272	-10	12	-31	10	20.71
273	-9	12	-31	10	21.68
274	-8	12	-32	10	23.64
275	-8	12	-32	10	23.64
276	-7	12	-33	10	25.59
277	-7	12	-34	10	26.57
278	-7	13	-34	10	26.61
279	-7	13	-35	10	27.59
280	-6	13	-36	10	29.53
281	-5	12	-36	10	30.48
282	-5	12	-37	10	31.46
283	-5	12	-37	10	31.46
284	-5	12	-38	10	32.44
285	-4	12	-39	10	34.39
286	-4	12	-39	10	34.39
287	-4	12	-40	10	35.37
288	-4	12	-27	10	22.66
289	-4	12	-27	9	22.81
290	-4	12	-27	9	22.81
291	-4	12	-28	9	23.78
292	-4	13	-28	9	23.88
293	-4	13	-29	9	24.85
294	-3	12	-29	9	25.73
295	-3	12	-29	9	25.73
296	-3	12	-30	9	26.71
297	-3	12	-30	9	26.71
298	-3	12	-31	9	27.68
299	-3	12	-31	9	27.68
300	-3	12	-31	9	27.68
301	-2	12	-32	9	29.63
302	-2	12	-32	9	29.63
303	-1	12	-33	9	31.59
304	-1	12	-33	9	31.59
305	0	12	-33	9	32.57
306	0	12	-34	9	33.54
307	0	11	-34	9	33.53
308	0	11	-35	9	34.51
309	1	11	-35	9	35.49
310	1	11	-35	9	35.49
311	2	10	-36	9	37.47
312	4	10	-36	9	39.44
313	8	10	-37	9	44.36
314	8	10	-37	9	44.36
315	11	9	-37	9	47.37
316	11	9	-38	9	48.36
317	12	9	-38	9	49.34
318	12	9	-39	9	50.33
319	13	8	-39	9	51.40
320	13	8	6	13	8.51
321	14	8	6	13	9.32
322	14	8	6	13	9.32
323	18	8	6	13	12.81
324	18	8	7	13	11.91
325	19	8	7	13	12.81
326	19	8	7	13	12.81
327	19	8	8	13	11.91
328	20	7	8	13	13.25
329	20	7	8	13	13.25
330	20	7	9	13	12.38
331	20	7	9	13	12.38
332	21	7	9	13	13.25
333	21	7	10	13	12.38
334	21	7	10	13	12.38
335	21	6	10	13	12.90
336	21	6	11	13	12.09
337	21	6	11	13	12.09
338	21	6	11	13	12.09
339	21	6	11	13	12.09
340	21	6	12	13	11.30
341	21	6	12	13	11.30
342	21	6	12	13	11.30
343	21	6	13	13	10.54
344	21	6	13	13	10.54
345	21	6	13	13	10.54
346	22	6	14	13	10.54
347	22	6	14	13	10.54
348	22	6	14	13	10.54
349	22	6	15	13	9.83
350	22	6	15	13	9.83
351	22	6	15	13	9.83
352	22	6	30	4	8.22
353	22	6	30	3	8.52
354	22	7	31	3	9.82
355	22	7	31	3	9.82
356	21	7	32	3	11.66
357	21	6	32	3	11.37
358	21	6	33	3	12.33
359	22	6	33	3	11.37
360	21	6	34	3	13.30
361	21	6	34	2	13.57
362	21	6	35	2	14.52
363	21	6	35	2	14.52
364	21	6	36	2	15.49
365	21	6	36	2	15.49
366	21	6	37	2	16.45
367	21	6	37	2	16.45
368	21	6	38	2	17.42
369	21	6	39	1	18.64
370	21	6	39	1	18.64
371	20	6	40	1	20.57
372	20	6	40	1	20.57
373	20	6	41	1	21.54
374	19	6	41	1	22.51
375	17	5	42	1	25.28
376	17	5	42	1	25.28
377	17	5	43	0	26.44
378	15	4	43	0	28.26
379	15	4	44	0	29.25
380	13	4	44	0	31.23
381	12	4	45	0	33.21
382	12	4	45	0	33.21
383	11	4	46	0	35.20
384	10	4	31	4	20.95
385	10	4	31	3	20.98
386	10	4	31	3	20.98
387	9	4	31	3	21.98
388	9	4	32	3	22.98
389	8	4	32	3	23.98
390	8	4	32	3	23.98
391	7	4	32	3	24.97
392	7	4	33	3	25.97
393	5	3	33	3	27.96
394	5	3	33	3	27.96
395	3	3	34	3	30.96
396	3	3	34	3	30.96
397	1	3	34	3	32.95
398	-1	3	34	3	34.95
399	-1	3	35	3	35.95
400	-4	3	35	3	38.94
401	-6	2	35	2	40.97
402	-6	2	36	2	41.97
403	-8	2	36	2	43.97
404	-8	2	36	2	43.97
405	-8	2	36	2	43.97
406	-11	1	37	2	47.99
407	-14	1	37	2	50.99
408	-14	1	37	2	50.99
409	-16	0	38	2	54.03
410	-18	0	38	2	56.02
411	-18	0	38	2	56.02
412	-19	0	38	2	57.02
413	-21	-1	39	2	60.07
414	-21	-1	39	2	60.07
415	-21	-1	39	2	60.07
416	-21	-1	-2	2	19.23
417	-21	-1	-2	1	19.10
418	-21	-1	-2	1	19.10
419	-21	-1	-3	1	18.11
420	-21	-1	-3	1	18.11
421	-21	-1	-3	1	18.11
422	-21	-1	-4	1	17.12
423	-21	-1	-4	1	17.12
424	-22	-1	-5	1	17.12
425	-22	-1	-5	1	17.12
426	-22	-2	-5	1	17.26
427	-22	-2	-6	1	16.28
428	-22	-3	-6	1	16.49
429	-22	-3	-6	1	16.49
430	-22	-3	-7	1	15.52
431	-23	-4	-7	1	16.75
432	-23	-4	-8	1	15.80
433	-23	-5	-8	0	15.79
434	-23	-6	-8	0	16.13
435	-24	-7	-9	0	16.52
436	-24	-7	-9	0	16.52
437	-24	-8	-9	0	16.96
438	-24	-8	-10	0	16.08
439	-24	-8	-10	0	16.08
440	-24	-8	-11	0	15.23
441	-24	-9	-11	0	15.77
442	-24	-9	-11	0	15.77
443	-24	-10	-12	0	15.57
444	-24	-10	-12	0	15.57
445	-24	-10	-12	0	15.57
446	-24	-10	-13	0	14.82
447	-24	-11	-13	0	15.51
448	-24	-11	-52	-6	28.12
449	-24	-12	-52	-6	28.28
450	-24	-13	-53	-6	29.42
451	-24	-13	-54	-6	30.38
452	-23	-14	-55	-6	32.47
453	-23	-14	-56	-6	33.43
454	-23	-14	-57	-6	34.38
455	-22	-14	-58	-7	36.04
456	-22	-15	-59	-7	37.14
457	-22	-15	-60	-7	38.09
458	-21	-15	-61	-7	40.01
459	-20	-16	-62	-7	42.04
460	-20	-16	-63	-7	43.00
461	-20	-16	-64	-8	43.69
462	-20	-16	-65	-8	44.65
463	-19	-16	-66	-8	46.56
464	-19	-16	-67	-8	47.52
465	-17	-16	-68	-8	50.40
466	-17	-16	-69	-8	51.36
467	-16	-16	-70	-8	53.28
468	-16	-16	-71	-9	54.01
469	-15	-16	-72	-9	55.93
470	-15	-16	-73	-9	56.89
471	-12	-17	-74	-9	60.71
472	-12	-17	-75	-9	61.67
473	-12	-17	-76	-9	62.63
474	-11	-17	-77	-10	64.29
475	-11	-17	-78	-10	65.24
476	-9	-17	-79	-10	68.11
477	-9	-17	-80	-10	69.06
478	-8	-17	-81	-10	70.97
479	-8	-17	-82	-10	71.92
480	-7	-17	-27	-21	19.31
481	-7	-17	-27	-21	19.31
482	-6	-17	-27	-21	20.24
483	-6	-17	-27	-21	20.24
484	-5	-17	-27	-22	21.31
485	-5	-17	-27	-22	21.31
486	-4	-17	-27	-22	22.22
487	-4	-17	-27	-23	22.40
488	-2	-18	-27	-23	23.91
489	-2	-18	-27	-23	23.91
490	-1	-18	-27	-24	24.96
491	-1	-18	-28	-24	25.86
492	-1	-18	-28	-24	25.86
493	-1	-18	-28	-25	26.03
494	0	-18	-28	-25	26.92
495	0	-18	-28	-25	26.92
496	0	-18	-28	-26	27.10
497	0	-18	-28	-26	27.10
498	0	-18	-28	-26	27.10
499	0	-18	-28	-26	27.10
500	0	-18	-28	-27	27.31
501	0	-17	-28	-27	27.74
502	0	-17	-29	-27	28.60
503	1	-17	-29	-28	29.71
504	1	-17	-29	-28	29.71
505	1	-17	-29	-28	29.71
506	1	-17	-29	-29	29.99
507	1	-17	-29	-29	29.99
508	1	-17	-29	-29	29.99
509	1	-17	-29	-30	30.30
510	1	-17	-29	-30	30.30
511	1	-17	-29	-30	30.30
512	1	-17	10	-23	10.36
513	2	-17	10	-23	9.61
514	3	-16	11	-23	10.28
515	3	-16	11	-23	10.28
516	4	-16	12	-23	10.28
517	4	-16	12	-23	10.28
518	5	-15	13	-24	11.73
519	5	-15	13	-24	11.73
520	6	-15	14	-24	11.73
521	8	-15	14	-24	10.63
522	8	-15	15	-24	11.15
523	9	-14	15	-25	12.36
524	9	-14	16	-25	12.82
525	11	-13	16	-25	12.89
526	11	-13	17	-25	13.27
527	13	-13	17	-25	12.58
528	15	-12	18	-26	14.28
529	15	-12	19	-26	14.50
530	16	-11	19	-26	15.27
531	17	-10	20	-26	16.25
532	17	-10	20	-26	16.25
533	18	-9	21	-26	17.24
534	18	-9	21	-27	18.22
535	18	-9	22	-27	18.39
536	18	-8	22	-27	19.37
537	19	-8	23	-27	19.37
538	19	-7	23	-27	20.36
539	19	-7	24	-28	21.53
540	19	-6	24	-28	22.51
541	19	-6	25	-28	22.72
542	19	-6	25	-28	22.72
543	19	-6	26	-28	22.98
544	19	-6	9	-17	14.72
545	19	-6	9	-17	14.72
546	19	-6	9	-17	14.72
547	20	-5	9	-17	16.13
548	20	-5	10	-17	15.49
549	20	-5	10	-17	15.49
550	20	-5	10	-17	15.49
551	20	-5	10	-17	15.49
552	20	-5	11	-17	14.89
553	21	-4	11	-17	16.29
554	21	-4	11	-17	16.29
555	22	-4	11	-17	16.89
556	22	-4	12	-17	16.29
557	23	-3	12	-17	17.68
558	23	-3	12	-17	17.68
559	24	-2	12	-17	19.08
560	24	-2	13	-17	18.49
561	25	-2	13	-17	19.08
562	25	-1	13	-17	19.89
563	25	-1	13	-17	19.89
564	26	-1	14	-17	19.89
565	26	-1	14	-17	19.89
566	26	-1	14	-17	19.89
567	26	-1	14	-17	19.89
568	26	-1	15	-17	19.32
569	26	-1	15	-17	19.32
570	26	-1	15	-17	19.32
571	26	-1	15	-17	19.32
572	26	-1	16	-17	18.78
573	26	-1	16	-17	18.78
574	26	-1	16	-17	18.78
575	26	-1	16	-17	18.78
576	26	-1	37	5	12.52
577	27	-1	37	5	11.65
578	27	-1	38	5	12.52
579	27	-1	38	6	13.02
580	28	-1	39	6	13.02
581	28	-1	39	6	13.02
582	30	-1	40	7	12.79
583	30	-1	40	7	12.79
584	31	-1	41	7	12.79
585	33	-1	42	8	12.71
586	33	-1	42	8	12.71
587	35	0	43	8	11.30
588	38	0	43	9	10.29
589	38	0	44	9	10.80
590	40	0	44	9	9.84
591	40	0	45	10	11.17
592	40	0	46	10	11.65
593	45	0	46	10	10.05
594	45	0	47	11	11.18
595	47	0	47	11	11.00
596	47	0	48	11	11.04
597	47	0	48	12	12.04
598	49	0	49	12	12.00
599	50	0	49	12	12.04
600	52	0	50	13	13.15
601	52	0	51	13	13.04
602	54	0	51	13	13.34
603	54	0	52	14	14.14
604	54	0	52	14	14.14
605	56	0	53	14	14.31
606	56	0	53	15	15.29
607	59	0	54	15	15.79
608	59	0	33	4	26.28
609	61	0	33	4	28.26
610	61	0	33	4	28.26
611	63	0	33	4	30.24
612	63	0	33	4	30.24
613	64	0	34	4	30.24
614	64	0	34	4	30.24
615	66	0	34	5	32.35
616	67	0	34	5	33.33
617	67	0	34	5	33.33
618	69	1	35	5	34.18
619	69	1	35	5	34.18
620	70	1	35	5	35.17
621	71	1	35	6	36.27
622	71	1	36	6	35.28
623	73	0	36	6	37.41
624	73	0	36	6	37.41
625	75	1	36	6	39.23
626	75	1	36	6	39.23
627	77	1	37	6	40.22
628	77	1	37	7	40.33
629	80	0	37	7	43.46
630	80	0	37	7	43.46
631	83	0	38	7	45.43
632	83	0	38	7	45.43
633	85	0	38	7	47.40
634	85	0	38	8	47.52
635	88	-1	38	8	50.65
636	89	-1	39	8	50.65
637	89	-1	39	8	50.65
638	90	-2	39	8	51.83
639	90	-2	39	8	51.83
640	92	-2	92	1	3.00
641	92	-2	93	1	3.16
642	94	-2	94	1	3.00
643	94	-2	95	1	3.16
644	96	-2	96	1	3.00
645	96	-2	97	1	3.16
646	98	-2	98	1	3.00
647	100	-2	99	1	3.16
648	100	-2	100	1	3.00
649	101	-3	101	1	4.00
650	102	-3	102	1	4.00
651	102	-3	103	1	4.12
652	103	-3	104	1	4.12
653	103	-3	105	1	4.47
654	103	-3	106	1	5.00
655	105	-3	107	1	4.47
656	106	-3	108	1	4.47
657	106	-3	109	1	5.00
658	106	-3	110	1	5.66
659	106	-3	111	1	6.40
660	108	-3	112	1	5.66
661	108	-3	113	1	6.40
662	111	-3	114	1	5.00
663	111	-3	115	1	5.66
664	112	-3	116	1	5.66
665	112	-3	117	1	6.40
666	114	-2	118	1	5.00
667	114	-2	119	1	5.83
668	115	-2	120	1	5.83
669	115	-2	121	1	6.71
670	116	-2	122	1	6.71
671	116	-2	123	1	7.61
672	118	-1	125	-4	7.61
673	118	-1	126	-4	8.54
674	122	0	127	-4	6.40
675	122	0	128	-4	7.21
676	124	0	129	-4	6.40
677	124	0	130	-4	7.21
678	127	2	131	-4	7.21
679	127	2	132	-4	7.81
680	131	4	133	-4	8.25
681	133	5	134	-4	9.06
682	133	5	135	-4	9.22
683	133	6	136	-4	10.44
684	133	6	137	-4	10.77
685	131	6	138	-4	12.20
686	131	6	139	-4	12.80
687	130	6	140	-4	14.13
688	130	6	141	-5	15.54
689	130	7	142	-5	16.95
690	130	7	143	-5	17.67
691	129	7	144	-5	19.19
692	129	7	145	-5	19.97
693	129	7	146	-5	20.78
694	128	7	147	-5	22.44
695	128	7	148	-5	23.29
696	128	7	149	-5	24.15
697	128	7	150	-5	25.02
698	127	6	151	-5	26.37
699	127	6	152	-5	27.28
700	127	6	153	-5	28.19
701	127	6	154	-5	29.12
702	127	6	155	-5	30.04
703	127	6	156	-5	30.97
704	127	6	144	0	18.00
705	126	6	144	0	18.94
706	126	6	145	0	19.89
707	127	6	146	0	19.89
708	127	6	147	0	20.85
709	128	6	148	0	20.85
710	128	6	148	0	20.85
711	128	5	149	0	21.56
712	129	6	150	0	21.80
713	129	6	151	0	22.76
714	129	6	152	0	23.73
715	129	6	152	0	23.73
716	129	5	153	0	24.49
717	129	5	154	0	25.46
718	130	5	155	0	25.46
719	130	5	156	0	26.44
720	131	5	157	0	26.44
721	131	5	157	0	26.44
722	133	5	158	0	25.46
723	134	5	159	0	25.46
724	134	5	160	0	26.44
725	136	5	161	0	25.46
726	138	5	161	0	23.51
727	138	5	162	0	24.49
728	141	5	163	0	22.53
729	142	5	164	0	22.53
730	142	5	165	0	23.51
731	144	6	165	0	21.80
732	144	6	166	0	22.76
733	144	6	167	0	23.73
734	145	6	168	0	23.73
735	146	5	169	0	23.51
736	146	5	136	13	12.70
737	147	5	136	13	13.48
738	149	5	136	13	15.12
739	149	5	136	13	15.12
740	150	3	137	13	16.29
741	152	2	137	14	19.07
742	152	2	137	14	19.07
743	154	0	137	14	21.89
744	154	0	138	14	21.14
745	154	0	138	14	21.14
746	155	-1	138	15	23.21
747	156	-2	139	15	23.92
748	156	-2	139	15	23.92
749	156	-3	139	15	24.65
750	158	-3	139	16	26.72
751	158	-3	140	16	26.03
752	159	-3	140	16	26.72
753	159	-3	140	16	26.72
754	159	-3	141	16	26.03
755	159	-3	141	17	26.75
756	159	-4	141	17	27.52
757	159	-4	141	17	27.52
758	160	-4	142	17	27.52
759	160	-4	142	18	28.27
760	161	-4	142	18	28.90
761	161	-5	143	18	29.06
762	161	-5	143	18	29.06
763	161	-5	143	18	29.06
764	161	-6	143	19	30.65
765	161	-6	144	19	30.09
766	162	-6	144	19	30.65
767	163	-7	144	19	32.04
768	163	-7	165	4	11.18
769	163	-7	165	3	10.20
770	163	-7	166	3	10.44
771	163	-8	166	3	11.40
772	163	-8	167	3	11.70
773	164	-8	167	3	11.40
774	164	-8	168	3	11.70
775	165	-9	169	3	12.65
776	165	-9	169	3	12.65
777	166	-10	170	3	13.60
778	166	-10	170	3	13.60
779	166	-10	171	3	13.92
780	166	-11	172	3	15.22
781	166	-11	172	3	15.22
782	166	-11	173	3	15.64
783	165	-11	173	3	16.10
784	165	-11	174	3	16.62
785	165	-11	175	3	17.18
786	164	-11	175	3	17.77
787	164	-11	176	3	18.40
788	164	-11	176	3	18.40
789	164	-12	177	3	19.80
790	164	-12	178	3	20.46
791	163	-12	178	3	21.15
792	163	-12	179	3	21.86
793	162	-12	179	3	22.59
794	162	-12	-180	3	23.35
795	162	-12	-179	3	24.12
796	162	-12	-179	3	24.12
797	161	-12	-178	3	25.70
798	161	-11	-178	3	25.15
799	161	-11	-177	3	25.98
800	162	-11	-180	-19	19.12
801	162	-11	-180	-19	19.12
802	161	-10	-179	-19	21.32
803	161	-10	-179	-20	21.72
804	160	-9	-178	-20	23.93
805	160	-9	-178	-20	23.93
806	160	-8	-177	-21	25.73
807	160	-8	-177	-21	25.73
808	159	-8	-176	-22	27.84
809	159	-8	-176	-22	27.84
810	159	-8	-175	-22	28.67
811	158	-7	-175	-23	30.49
812	157	-6	-174	-23	32.70
813	157	-6	-174	-23	32.70
814	155	-5	-173	-24	36.17
815	155	-5	-173	-24	36.17
816	154	-4	-172	-25	38.83
817	154	-4	-171	-25	39.64
818	152	-2	-171	-25	42.43
819	152	-2	-170	-26	43.69
820	150	0	-170	-26	46.49
821	150	0	-169	-26	47.29
822	147	0	-169	-27	50.14
823	144	2	-168	-27	54.55
824	142	3	-168	-28	57.17
825	142	3	-167	-28	57.97
826	140	3	-167	-28	59.60
827	140	3	-166	-29	60.79
828	137	4	-166	-29	63.81
829	137	4	-165	-29	64.63
830	135	5	-165	-30	67.18
831	135	5	-164	-30	68.00
832	134	6	161	-15	34.02
833	134	6	160	-15	33.24
834	132	7	160	-15	35.42
835	132	7	160	-15	35.42
836	129	9	160	-15	38.99
837	129	9	160	-15	38.99
838	127	10	160	-15	41.16
839	127	10	160	-15	41.16
840	125	11	160	-16	43.92
841	125	11	160	-16	43.92
842	122	12	160	-16	46.87
843	122	12	160	-16	46.87
844	121	12	160	-16	47.67
845	121	12	160	-16	47.67
846	119	12	160	-16	49.28
847	117	13	160	-16	51.46
848	117	13	160	-17	52.00
849	116	13	160	-17	52.81
850	116	13	160	-17	52.81
851	114	13	160	-17	54.44
852	114	13	160	-17	54.44
853	111	13	160	-17	56.94
854	111	13	160	-17	56.94
855	106	13	160	-17	61.19
856	106	13	160	-18	61.63
857	103	13	160	-18	64.20
858	103	13	160	-18	64.20
859	103	13	160	-18	64.20
860	100	13	160	-18	66.81
861	96	13	160	-18	70.32
862	96	13	160	-18	70.32
863	92	13	160	-18	73.88
864	89	13	106	23	18.98
865	89	13	105	23	18.18
866	84	14	104	24	21.35
867	81	14	103	24	23.04
868	81	14	102	25	22.60
869	78	13	101	25	24.78
870	78	13	100	26	24.41
871	75	13	99	26	26.02
872	75	13	99	27	26.46
873	72	13	98	27	28.06
874	68	13	97	28	30.90
875	68	13	96	28	30.09
876	64	12	95	29	33.48
877	64	12	94	29	32.68
878	64	12	93	30	32.34
879	61	12	92	30	33.89
880	58	11	92	31	37.27
881	58	11	91	32	36.94
882	55	10	90	32	39.09
883	51	10	89	33	41.81
884	51	10	88	33	41.05
885	48	10	87	34	42.98
886	45	9	86	34	45.13
887	45	9	85	35	44.81
888	42	9	85	35	47.04
889	42	9	84	36	46.70
890	42	9	83	36	45.97
891	36	9	82	37	50.05
892	36	9	81	37	49.31
893	33	9	80	38	51.16
894	33	9	79	38	50.43
895	33	9	78	39	50.12
896	29	8	44	20	18.84
897	25	8	42	20	20.37
898	25	8	41	20	19.59
899	22	7	39	20	20.99
900	19	6	38	20	23.16
901	19	6	36	21	22.28
902	16	6	35	21	23.75
903	13	5	34	21	25.91
904	13	5	32	21	24.41
905	9	5	31	21	26.68
906	9	5	29	22	25.76
907	7	5	28	22	26.50
908	7	5	27	22	25.76
909	5	4	25	22	26.46
910	2	4	24	23	28.52
911	2	4	22	23	27.11
912	0	4	21	23	27.81
913	0	4	20	23	27.11
914	0	4	18	23	25.77
915	-3	3	17	24	28.53
916	-5	3	15	24	28.53
917	-5	3	14	24	27.89
918	-7	2	13	24	29.29
919	-7	2	11	25	28.82
920	-9	1	10	25	30.21
921	-9	1	8	25	29.08
922	-12	0	7	25	31.03
923	-12	0	6	25	30.46
924	-13	0	4	26	30.74
925	-13	0	3	26	30.23
926	-15	0	1	26	30.23
927	-15	0	0	26	29.75
928	-16	0	-31	3	15.29
929	-16	0	-32	2	16.12
930	-18	0	-34	2	16.12
931	-18	0	-36	2	18.11
932	-19	0	-38	2	19.10
933	-19	0	-40	2	21.09
934	-22	0	-42	2	20.10
935	-26	2	-44	1	18.02
936	-30	4	-46	1	16.26
937	-30	4	-47	1	17.24
938	-32	6	-49	1	17.68
939	-32	6	-51	1	19.61
940	-35	7	-53	1	18.92
941	-35	7	-55	0	21.14
942	-37	9	-57	0	21.86
943	-39	9	-59	0	21.86
944	-39	9	-61	0	23.68
945	-41	9	-62	0	22.77
946	-41	9	-64	0	24.61
947	-42	9	-66	0	25.54
948	-44	9	-68	0	25.54
949	-44	9	-70	0	27.41
950	-46	9	-72	0	27.41
951	-46	9	-74	0	29.30
952	-49	9	-76	0	28.35
953	-49	9	-77	0	29.30
954	-54	11	-79	-1	27.60
955	-54	11	-81	-1	29.40
956	-56	11	-83	-1	29.40
957	-58	11	-85	-1	29.40
958	-59	11	-87	-1	30.32
959	-59	11	-89	-1	32.15
960	-60	11	-61	-8	19.03
961	-62	10	-62	-8	18.00
962	-64	10	-63	-8	18.03
963	-64	10	-65	-8	18.03
964	-68	9	-66	-9	18.11
965	-68	9	-68	-9	18.00
966	-70	9	-69	-9	18.03
967	-71	9	-70	-9	18.03
968	-73	8	-72	-10	18.03
969	-73	8	-73	-10	18.00
970	-74	8	-75	-10	18.03
971	-75	8	-76	-10	18.03
972	-76	8	-77	-11	19.03
973	-76	8	-79	-11	19.23
974	-77	8	-80	-11	19.23
975	-77	8	-82	-11	19.64
976	-78	7	-83	-12	19.64
977	-78	7	-84	-12	19.91
978	-78	7	-86	-12	20.60
979	-78	7	-87	-12	21.00
980	-78	7	-89	-13	22.79
981	-78	7	-90	-13	23.28
982	-79	7	-91	-13	23.28
983	-79	7	-93	-13	24.36
984	-80	6	-94	-14	24.35
985	-80	6	-96	-14	25.54
986	-80	6	-97	-14	26.17
987	-80	6	-98	-14	26.82
988	-81	5	-100	-15	27.47
989	-81	5	-101	-15	28.16
990	-81	5	-103	-15	29.58
991	-82	5	-104	-15	29.58
992	-83	5	-104	22	26.50
993	-83	5	-105	22	27.25
994	-83	4	-106	22	28.65
995	-83	4	-108	23	30.74
996	-85	4	-109	23	29.99
997	-85	4	-110	23	30.74
998	-86	4	-112	24	32.06
999	-86	4	-113	24	32.82
1000	-86	4	-115	24	34.37
1001	-86	4	-116	25	35.66
1002	-87	4	-117	25	35.66
1003	-88	4	-119	25	36.44
1004	-89	4	-120	26	36.95
1005	-89	4	-121	26	37.73
1006	-90	4	-123	26	38.51
1007	-90	4	-124	27	39.78
1008	-90	4	-126	27	41.34
1009	-90	4	-127	27	42.14
1010	-91	4	-128	28	42.59
1011	-91	4	-130	28	44.17
1012	-91	4	-131	28	44.97
1013	-91	4	-132	29	46.19
1014	-91	3	-134	29	48.38
1015	-91	3	-135	29	49.18
1016	-91	3	-137	30	51.18
1017	-91	3	-138	30	51.98
1018	-91	3	-139	30	52.78
1019	-91	3	-141	31	54.75
1020	-91	3	-142	31	55.55
1021	-90	3	-143	31	57.17
1022	-90	3	-145	32	59.10
1023	-90	3	-146	32	59.91
1024	-90	3	-106	-1	16.49
1025	-90	3	-106	-1	16.49
1026	-90	3	-107	-1	17.46
1027	-90	3	-108	-1	18.43
1028	-90	3	-108	-1	18.43
1029	-90	3	-109	-1	19.41
1030	-91	2	-110	-2	19.41
1031	-91	2	-111	-2	20.39
1032	-91	2	-111	-2	20.39
1033	-91	2	-112	-2	21.37
1034	-91	2	-113	-2	22.36
1035	-91	2	-113	-3	22.55
1036	-91	2	-114	-3	23.53
1037	-91	2	-115	-3	24.51
1038	-91	2	-116	-3	25.49
1039	-91	2	-116	-3	25.49
1040	-91	2	-117	-4	26.67
1041	-91	2	-118	-4	27.64
1042	-91	2	-118	-4	27.64
1043	-91	1	-119	-4	28.42
1044	-91	1	-120	-4	29.41
1045	-91	0	-121	-4	30.24
1046	-91	0	-121	-5	30.38
1047	-92	-1	-122	-5	30.22
1048	-92	-1	-123	-5	31.21
1049	-92	-1	-123	-5	31.21
1050	-94	-2	-124	-5	30.09
1051	-94	-2	-125	-6	31.17
1052	-95	-2	-126	-6	31.17
1053	-95	-2	-126	-6	31.17
1054	-95	-1	-127	-6	32.32
1055	-95	-1	-128	-6	33.30
1056	-95	-2	-97	1	3.61
1057	-95	-2	-97	0	2.83
1058	-95	-2	-97	0	2.83
1059	-95	-2	-97	0	2.83
1060	-94	-2	-97	0	3.61
1061	-94	-2	-98	0	4.47
1062	-92	-1	-98	0	6.08
1063	-92	-1	-98	0	6.08
1064	-86	-1	-98	0	12.04
1065	-86	-1	-98	0	12.04
1066	-83	-1	-99	0	16.03
1067	-81	0	-99	0	18.00
1068	-81	0	-99	0	18.00
1069	-77	0	-99	0	22.00
1070	-75	0	-100	0	25.00
1071	-73	0	-100	0	27.00
1072	-73	0	-100	0	27.00
1073	-71	0	-100	0	29.00
1074	-69	0	-100	0	31.00
1075	-69	0	-101	0	32.00
1076	-67	0	-101	0	34.00
1077	-65	0	-101	0	36.00
1078	-62	-1	-101	0	39.01
1079	-62	-1	-102	0	40.01
1080	-60	0	-102	0	42.00
1081	-60	0	-102	0	42.00
1082	-56	0	-102	0	46.00
1083	-54	0	-102	0	48.00
1084	-51	0	-103	0	52.00
1085	-51	0	-103	0	52.00
1086	-51	0	-103	0	52.00
1087	-46	0	-103	0	57.00
1088	-46	0	-100	-7	54.31
1089	-44	0	-100	-7	56.29
1090	-44	0	-100	-7	56.29
1091	-40	-1	-100	-7	60.11
1092	-40	-1	-100	-7	60.11
1093	-38	0	-100	-7	62.23
1094	-36	0	-100	-7	64.21
1095	-36	0	-101	-8	65.26
1096	-34	0	-101	-8	67.24
1097	-32	0	-101	-8	69.21
1098	-32	0	-101	-8	69.21
1099	-30	0	-101	-8	71.19
1100	-30	0	-101	-8	71.19
1101	-28	-1	-102	-9	74.04
1102	-28	-1	-102	-9	74.04
1103	-24	-2	-102	-9	77.84
1104	-24	-2	-102	-9	77.84
1105	-23	-2	-102	-9	78.83
1106	-22	-2	-102	-9	79.81
1107	-21	-3	-102	-9	80.65
1108	-21	-3	-103	-10	81.61
1109	-20	-3	-103	-10	82.59
1110	-19	-3	-103	-10	83.58
1111	-18	-4	-103	-10	84.39
1112	-18	-4	-103	-10	84.39
1113	-18	-4	-103	-10	84.39
1114	-17	-5	-104	-11	86.11
1115	-17	-5	-104	-11	86.11
1116	-16	-5	-104	-11	87.09
1117	-16	-6	-104	-11	86.90
1118	-16	-5	-104	-11	87.09
1119	-16	-5	-104	-11	87.09
1120	-15	-5	3	2	19.30
1121	-15	-5	4	2	20.23
1122	-15	-5	6	2	22.12
1123	-13	-6	7	2	21.51
1124	-13	-6	9	2	23.38
1125	-13	-6	10	2	24.32
1126	-13	-6	12	2	26.21
1127	-13	-6	13	2	27.17
1128	-13	-6	15	2	29.08
1129	-12	-6	16	2	29.08
1130	-12	-6	18	2	31.01
1131	-12	-6	19	2	31.97
1132	-12	-6	21	2	33.91
1133	-13	-7	22	2	36.07
1134	-13	-7	24	2	38.01
1135	-13	-7	25	2	38.98
1136	-13	-7	27	3	41.16
1137	-13	-7	29	3	43.10
1138	-13	-7	30	3	44.07
1139	-13	-7	32	3	46.01
1140	-13	-7	33	3	46.99
1141	-12	-7	35	3	47.96
1142	-12	-7	36	3	48.94
1143	-12	-7	38	3	50.89
1144	-12	-6	39	3	51.72
1145	-12	-6	41	3	53.68
1146	-12	-6	42	3	54.67
1147	-12	-6	44	3	56.64
1148	-12	-7	45	3	57.76
1149	-12	-7	47	3	59.73
1150	-12	-7	48	3	60.71
1151	-12	-7	50	3	62.68
1152	-12	-7	16	-10	27.84
1153	-13	-7	16	-10	28.83
1154	-13	-7	17	-10	29.81
1155	-14	-7	18	-10	31.78
1156	-15	-7	19	-10	33.74
1157	-15	-7	20	-10	34.73
1158	-15	-7	21	-10	35.71
1159	-16	-7	22	-11	37.72
1160	-16	-7	23	-11	38.70
1161	-17	-7	24	-11	40.66
1162	-17	-7	25	-11	41.64
1163	-17	-7	26	-11	42.62
1164	-17	-7	27	-11	43.60
1165	-18	-6	28	-12	45.77
1166	-18	-6	29	-12	46.75
1167	-19	-7	30	-12	48.53
1168	-19	-7	31	-12	49.50
1169	-20	-7	32	-12	51.46
1170	-20	-7	33	-12	52.44
1171	-21	-7	34	-12	54.39
1172	-21	-7	35	-13	55.37
1173	-22	-7	36	-13	57.32
1174	-22	-7	37	-13	58.30
1175	-23	-8	38	-13	60.06
1176	-24	-8	39	-13	62.01
1177	-24	-8	40	-13	62.98
1178	-25	-9	41	-14	64.68
1179	-26	-9	42	-14	66.62
1180	-27	-8	43	-14	68.76
1181	-27	-8	44	-14	69.73
1182	-27	-8	45	-14	70.70
1183	-29	-9	46	-14	73.39
1184	-29	-9	-9	-9	19.75
1185	-30	-10	-8	-9	21.72
1186	-30	-10	-8	-9	21.72
1187	-30	-10	-8	-9	21.72
1188	-31	-11	-8	-9	22.73
1189	-31	-11	-8	-9	22.73
1190	-32	-12	-8	-9	23.78
1191	-32	-13	-8	-9	23.88
1192	-32	-13	-8	-9	23.88
1193	-32	-15	-8	-9	24.21
1194	-33	-16	-8	-9	25.37
1195	-33	-16	-7	-9	26.30
1196	-33	-16	-7	-9	26.30
1197	-33	-17	-7	-9	26.53
1198	-33	-18	-7	-9	26.80
1199	-33	-18	-7	-9	26.80
1200	-35	-18	-7	-10	28.28
1201	-36	-19	-7	-10	29.43
1202	-36	-19	-7	-10	29.43
1203	-37	-19	-7	-10	30.35
1204	-39	-19	-7	-10	32.20
1205	-39	-19	-7	-10	32.20
1206	-42	-19	-6	-10	35.92
1207	-42	-19	-6	-10	35.92
1208	-43	-20	-6	-10	37.02
1209	-43	-20	-6	-10	37.02
1210	-44	-20	-6	-10	37.94
1211	-45	-20	-6	-10	38.87
1212	-45	-20	-6	-10	38.87
1213	-46	-20	-6	-10	39.80
1214	-46	-20	-6	-10	39.80
1215	-48	-20	-6	-10	41.66
1216	-48	-20	-46	-11	9.20
1217	-48	-20	-46	-11	9.20
1218	-49	-20	-47	-11	9.20
1219	-50	-21	-47	-11	10.41
1220	-50	-21	-48	-11	10.18
1221	-51	-20	-48	-11	9.45
1222	-51	-20	-49	-11	9.20
1223	-51	-20	-49	-11	9.20
1224	-52	-20	-50	-11	9.20
1225	-53	-20	-50	-11	9.45
1226	-55	-19	-51	-11	8.88
1227	-55	-19	-51	-11	8.88
1228	-56	-19	-52	-11	8.88
1229	-56	-19	-52	-11	8.88
1230	-58	-18	-53	-11	8.51
1231	-58	-18	-53	-11	8.51
1232	-60	-18	-54	-12	8.34
1233	-60	-18	-55	-12	7.70
1234	-62	-17	-55	-12	8.42
1235	-62	-17	-56	-12	7.66
1236	-64	-17	-56	-12	9.22
1237	-65	-17	-57	-12	9.22
1238	-67	-16	-57	-12	10.49
1239	-67	-16	-58	-12	9.60
1240	-68	-16	-58	-12	10.49
1241	-69	-16	-59	-12	10.49
1242	-69	-16	-59	-12	10.49
1243	-69	-16	-60	-12	9.60
1244	-69	-16	-60	-12	9.60
1245	-70	-16	-61	-12	9.60
1246	-72	-15	-61	-12	11.11
1247	-72	-15	-62	-12	10.17
1248	-72	-15	-67	-31	16.64
1249	-74	-15	-67	-31	17.24
1250	-74	-15	-68	-31	16.92
1251	-74	-15	-68	-32	17.86
1252	-77	-13	-69	-32	20.37
1253	-77	-13	-69	-32	20.37
1254	-77	-13	-70	-33	21.00
1255	-79	-12	-71	-33	22.24
1256	-79	-12	-71	-33	22.24
1257	-79	-12	-72	-34	22.91
1258	-79	-12	-72	-34	22.91
1259	-79	-12	-73	-34	22.67
1260	-79	-12	-74	-35	23.44
1261	-79	-12	-74	-35	23.44
1262	-80	-12	-75	-35	23.44
1263	-82	-10	-75	-36	26.77
1264	-82	-10	-76	-36	26.56
1265	-84	-9	-77	-36	27.74
1266	-84	-9	-77	-37	28.71
1267	-86	-7	-78	-37	30.87
1268	-86	-7	-78	-37	30.87
1269	-87	-7	-79	-38	31.84
1270	-88	-6	-80	-38	32.82
1271	-89	-6	-80	-38	33.03
1272	-90	-5	-81	-39	34.96
1273	-90	-5	-81	-39	34.96
1274	-91	-5	-82	-39	34.96
1275	-92	-4	-83	-40	36.91
1276	-93	-4	-83	-40	37.12
1277	-94	-4	-84	-40	37.12
1278	-95	-4	-84	-41	38.30
1279	-95	-4	-85	-41	38.08
1280	-96	-3	-96	-10	7.00
1281	-95	-3	-96	-9	6.08
1282	-96	-3	-97	-9	6.08
1283	-96	-3	-98	-9	6.32
1284	-96	-2	-99	-9	7.61
1285	-96	-2	-99	-9	7.61
1286	-97	-3	-100	-9	6.70
1287	-97	-3	-101	-8	6.39
1288	-98	-4	-102	-8	5.64
1289	-100	-6	-102	-8	2.82
1290	-100	-6	-103	-8	3.59
1291	-102	-7	-104	-8	2.22
1292	-101	-7	-105	-8	4.09
1293	-100	-7	-105	-7	4.96
1294	-100	-7	-106	-7	5.96
1295	-100	-7	-107	-7	6.95
1296	-99	-8	-108	-7	8.98
1297	-99	-8	-108	-7	8.98
1298	-98	-8	-109	-7	10.95
1299	-98	-8	-110	-7	11.94
1300	-97	-8	-111	-6	14.04
1301	-97	-8	-111	-6	14.04
1302	-96	-9	-112	-6	16.14
1303	-96	-9	-113	-6	17.12
1304	-96	-9	-114	-6	18.09
1305	-95	-9	-114	-6	19.07
1306	-95	-9	-115	-5	20.24
1307	-94	-10	-116	-5	22.37
1308	-94	-10	-117	-5	23.33
1309	-94	-10	-117	-5	23.33
1310	-94	-10	-118	-5	24.30
1311	-93	-9	-119	-5	26.11
1312	-93	-9	-120	9	32.36
1313	-93	-10	-120	9	32.91
1314	-92	-10	-121	9	34.56
1315	-92	-10	-122	10	35.93
1316	-92	-10	-123	10	36.76
1317	-92	-10	-123	10	36.76
1318	-92	-10	-124	11	38.12
1319	-92	-10	-125	11	38.96
1320	-91	-10	-126	12	41.15
1321	-91	-10	-126	12	41.15
1322	-91	-10	-127	12	41.99
1323	-91	-10	-128	13	43.34
1324	-90	-10	-129	13	45.04
1325	-90	-10	-129	13	45.04
1326	-90	-10	-130	14	46.37
1327	-90	-10	-131	14	47.22
1328	-90	-10	-132	15	48.55
1329	-88	-10	-132	15	50.26
1330	-88	-10	-133	15	51.12
1331	-88	-10	-134	16	52.43
1332	-88	-10	-135	16	53.29
1333	-88	-10	-135	16	53.29
1334	-88	-10	-136	17	54.59
1335	-88	-10	-137	17	55.45
1336	-88	-10	-138	18	56.74
1337	-87	-11	-138	18	58.09
1338	-88	-11	-139	18	58.09
1339	-88	-11	-140	19	59.38
1340	-88	-11	-141	19	60.23
1341	-87	-11	-141	19	61.09
1342	-88	-11	-142	20	61.51
1343	-88	-11	-143	20	62.37
1344	-88	-12	-90	-15	3.58
1345	-88	-12	-89	-15	3.15
1346	-87	-12	-89	-15	3.58
1347	-87	-12	-89	-15	3.58
1348	-86	-12	-89	-15	4.18
1349	-86	-11	-89	-15	4.95
1350	-86	-11	-89	-16	5.79
1351	-86	-11	-89	-16	5.79
1352	-86	-11	-89	-16	5.79
1353	-86	-11	-89	-16	5.79
1354	-86	-12	-89	-16	4.95
1355	-86	-12	-88	-17	5.36
1356	-85	-11	-88	-17	6.67
1357	-85	-11	-88	-17	6.67
1358	-84	-11	-88	-17	7.14
1359	-84	-11	-88	-17	7.14
1360	-84	-11	-88	-18	8.00
1361	-84	-11	-88	-18	8.00
1362	-84	-11	-88	-18	8.00
1363	-84	-11	-88	-18	8.00
1364	-83	-11	-88	-18	8.51
1365	-83	-11	-88	-18	8.51
1366	-82	-11	-87	-19	9.34
1367	-82	-11	-87	-19	9.34
1368	-81	-11	-87	-19	9.88
1369	-81	-11	-87	-19	9.88
1370	-79	-12	-87	-19	10.41
1371	-79	-12	-87	-20	11.09
1372	-78	-12	-87	-20	11.78
1373	-77	-12	-87	-20	12.50
1374	-77	-12	-87	-20	12.50
1375	-76	-12	-87	-20	13.25
1376	-73	-12	-83	-15	10.17
1377	-73	-12	-82	-15	9.25
1378	-70	-12	-82	-15	12.05
1379	-67	-12	-82	-15	14.89
1380	-64	-12	-82	-15	17.75
1381	-64	-12	-82	-15	17.75
1382	-61	-12	-82	-15	20.63
1383	-60	-12	-81	-15	20.63
1384	-60	-12	-81	-15	20.63
1385	-59	-12	-81	-15	21.59
1386	-58	-12	-81	-15	22.55
1387	-58	-12	-81	-16	22.66
1388	-56	-12	-81	-16	24.57
1389	-56	-12	-80	-16	23.61
1390	-55	-13	-80	-16	24.37
1391	-53	-12	-80	-16	26.48
1392	-53	-12	-80	-16	26.48
1393	-52	-12	-80	-16	27.44
1394	-52	-12	-80	-16	27.44
1395	-49	-12	-80	-16	30.31
1396	-48	-11	-79	-16	30.52
1397	-48	-11	-79	-16	30.52
1398	-45	-11	-79	-17	33.48
1399	-45	-11	-79	-17	33.48
1400	-45	-11	-79	-17	33.48
1401	-41	-11	-79	-17	37.30
1402	-41	-11	-78	-17	36.34
1403	-41	-11	-78	-17	36.34
1404	-38	-11	-78	-17	39.20
1405	-38	-11	-78	-17	39.20
1406	-35	-11	-78	-17	42.07
1407	-33	-11	-78	-17	43.98
1408	-32	-11	-58	-12	25.49
1409	-32	-11	-57	-12	24.51
1410	-31	-11	-57	-12	25.49
1411	-29	-11	-56	-12	26.47
1412	-29	-11	-56	-12	26.47
1413	-28	-12	-55	-12	26.40
1414	-27	-12	-55	-12	27.38
1415	-27	-12	-54	-12	26.40
1416	-25	-12	-54	-12	28.35
1417	-23	-12	-53	-12	29.33
1418	-23	-12	-53	-12	29.33
1419	-20	-12	-52	-12	31.28
1420	-20	-12	-52	-12	31.28
1421	-18	-12	-51	-12	32.26
1422	-16	-11	-51	-12	34.29
1423	-14	-11	-50	-12	35.27
1424	-14	-11	-50	-12	35.27
1425	-14	-11	-50	-12	35.27
1426	-11	-10	-49	-12	37.33
1427	-11	-10	-49	-12	37.33
1428	-10	-10	-48	-12	37.33
1429	-9	-10	-48	-12	38.31
1430	-8	-10	-47	-12	38.31
1431	-8	-10	-47	-12	38.31
1432	-7	-10	-46	-12	38.31
1433	-7	-10	-46	-12	38.31
1434	-6	-10	-45	-12	38.31
1435	-6	-10	-45	-12	38.31
1436	-5	-9	-44	-12	38.43
1437	-5	-9	-44	-12	38.43
1438	-5	-9	-43	-12	37.46
1439	-5	-9	-43	-12	37.46
1440	-4	-9	9	-10	12.86
1441	-4	-9	10	-9	13.83
1442	-3	-9	11	-9	13.83
1443	-3	-9	12	-9	14.81
1444	-3	-9	14	-9	16.79
1445	-2	-9	15	-9	16.79
1446	-2	-9	16	-9	17.78
1447	-1	-9	17	-9	17.78
1448	-1	-9	19	-9	19.75
1449	-1	-9	20	-9	20.74
1450	0	-9	21	-9	20.74
1451	0	-9	23	-9	22.71
1452	0	-9	24	-9	23.70
1453	0	-9	25	-9	24.69
1454	0	-9	26	-9	25.67
1455	0	-9	28	-9	27.65
1456	0	-9	29	-9	28.64
1457	1	-9	30	-9	28.64
1458	1	-9	32	-9	30.61
1459	1	-9	33	-9	31.60
1460	2	-9	34	-9	31.60
1461	2	-9	35	-9	32.58
1462	2	-9	37	-9	34.56
1463	2	-9	38	-9	35.54
1464	3	-9	39	-9	35.54
1465	3	-9	41	-9	37.51
1466	3	-9	42	-9	38.50
1467	3	-9	43	-9	39.49
1468	3	-9	44	-9	40.47
1469	3	-9	46	-9	42.44
1470	3	-9	47	-9	43.43
1471	3	-9	48	-9	44.42
1472	3	-9	24	-7	20.89
1473	3	-9	24	-6	21.03
1474	3	-9	25	-6	22.01
1475	3	-9	26	-6	22.99
1476	3	-9	27	-6	23.98
1477	3	-9	28	-6	24.96
1478	3	-9	29	-6	25.94
1479	3	-9	30	-6	26.93
1480	3	-9	31	-6	27.91
1481	3	-9	31	-6	27.91
1482	3	-9	32	-6	28.90
1483	3	-9	33	-6	29.88
1484	3	-10	34	-6	30.94
1485	3	-10	35	-6	31.93
1486	3	-10	36	-6	32.91
1487	3	-10	37	-6	33.89
1488	3	-10	38	-6	34.87
1489	3	-10	38	-5	35.04
1490	3	-10	39	-5	36.02
1491	3	-10	40	-5	37.00
1492	3	-10	41	-5	37.98
1493	3	-10	42	-5	38.96
1494	4	-11	43	-5	39.05
1495	4	-11	44	-5	40.03
1496	4	-11	45	-5	41.00
1497	4	-11	45	-5	41.00
1498	4	-11	46	-5	41.98
1499	5	-10	47	-5	41.91
1500	5	-10	48	-5	42.89
1501	5	-10	49	-5	43.88
1502	5	-10	50	-5	44.86
1503	6	-10	51	-5	44.86
1504	6	-10	10	-9	4.07
1505	6	-10	10	-9	4.07
1506	6	-10	10	-9	4.07
1507	7	-10	10	-9	3.12
1508	7	-10	10	-9	3.12
1509	7	-10	11	-9	4.07
1510	8	-10	11	-9	3.12
1511	8	-11	11	-9	3.57
1512	8	-11	11	-9	3.57
1513	8	-11	11	-9	3.57
1514	8	-10	12	-9	4.07
1515	8	-10	12	-9	4.07
1516	8	-10	12	-9	4.07
1517	9	-10	12	-9	3.12
1518	9	-10	13	-9	4.07
1519	9	-10	13	-9	4.07
1520	9	-10	13	-9	4.07
1521	9	-10	13	-9	4.07
1522	9	-10	13	-9	4.07
1523	9	-10	14	-9	5.03
1524	9	-10	14	-9	5.03
1525	9	-11	14	-9	5.31
1526	9	-11	14	-9	5.31
1527	10	-10	15	-9	5.03
1528	10	-10	15	-9	5.03
1529	10	-10	15	-9	5.03
1530	10	-11	15	-9	5.31
1531	11	-12	15	-9	4.95
1532	11	-12	16	-9	5.76
1533	11	-12	16	-9	5.76
1534	12	-12	16	-9	4.95
1535	12	-12	16	-9	4.95
1536	13	-12	9	-11	4.05
1537	13	-12	9	-11	4.05
1538	13	-12	9	-11	4.05
1539	14	-12	9	-11	5.00
1540	14	-12	9	-11	5.00
1541	14	-12	9	-11	5.00
1542	14	-12	9	-11	5.00
1543	14	-12	9	-11	5.00
1544	15	-12	9	-11	5.96
1545	15	-12	9	-11	5.96
1546	15	-12	9	-11	5.96
1547	15	-12	10	-11	5.00
1548	15	-12	10	-11	5.00
1549	16	-12	10	-11	5.96
1550	16	-12	10	-11	5.96
1551	16	-12	10	-11	5.96
1552	16	-12	10	-11	5.96
1553	16	-12	10	-11	5.96
1554	16	-13	10	-11	6.20
1555	17	-13	10	-11	7.13
1556	17	-13	10	-11	7.13
1557	17	-13	10	-11	7.13
1558	17	-13	11	-11	6.20
1559	18	-13	11	-11	7.13
1560	19	-13	11	-11	8.08
1561	21	-13	11	-11	9.98
1562	23	-13	11	-11	11.91
1563	23	-13	11	-11	11.91
1564	24	-13	11	-11	12.87
1565	26	-13	11	-11	14.81
1566	26	-13	11	-11	14.81
1567	28	-13	11	-11	16.74
1568	30	-13	20	-14	9.77
1569	32	-13	20	-14	11.71
1570	32	-13	20	-14	11.71
1571	34	-12	20	-14	13.78
1572	34	-12	20	-14	13.78
1573	36	-12	21	-14	14.75
1574	37	-12	21	-14	15.71
1575	39	-11	21	-14	17.82
1576	39	-11	21	-14	17.82
1577	40	-10	21	-14	19.00
1578	40	-10	22	-14	18.05
1579	40	-10	22	-14	18.05
1580	40	-10	22	-14	18.05
1581	40	-10	22	-14	18.05
1582	41	-10	23	-14	18.05
1583	41	-10	23	-14	18.05
1584	41	-10	23	-15	18.26
1585	41	-9	23	-15	18.59
1586	41	-9	23	-15	18.59
1587	41	-8	24	-15	18.06
1588	41	-8	24	-15	18.06
1589	41	-8	24	-15	18.06
1590	42	-7	24	-15	19.38
1591	42	-6	25	-15	18.97
1592	42	-6	25	-15	18.97
1593	42	-5	25	-15	19.48
1594	42	-4	25	-15	20.03
1595	42	-4	25	-15	20.03
1596	43	-3	26	-15	20.61
1597	44	0	26	-15	23.27
1598	44	0	26	-15	23.27
1599	44	0	26	-15	23.27
1600	46	1	47	-14	15.03
1601	46	1	47	-14	15.03
1602	46	1	48	-14	15.13
1603	47	2	48	-14	16.03
1604	47	2	49	-14	16.12
1605	47	2	49	-14	16.12
1606	47	3	50	-14	17.26
1607	48	4	50	-14	18.11
1608	48	4	51	-14	18.24
1609	48	4	51	-14	18.24
1610	49	6	52	-14	20.22
1611	49	6	52	-14	20.22
1612	50	7	53	-14	21.21
1613	51	7	53	-14	21.09
1614	51	7	54	-14	21.21
1615	52	8	54	-14	22.09
1616	53	9	55	-14	23.09
1617	53	9	56	-14	23.19
1618	54	11	56	-14	25.08
1619	54	11	57	-14	25.18
1620	55	11	57	-14	25.08
1621	55	11	58	-14	25.18
1622	56	12	58	-14	26.08
1623	56	12	59	-14	26.17
1624	57	12	59	-14	26.08
1625	58	12	60	-14	26.08
1626	58	12	60	-14	26.08
1627	59	12	61	-14	26.08
1628	60	12	61	-14	26.02
1629	60	13	62	-14	27.07
1630	61	13	62	-14	27.02
1631	61	13	63	-14	27.07
1632	62	14	62	15	1.00
1633	63	14	62	15	1.39
1634	63	14	63	15	1.00
1635	63	15	63	16	1.00
1636	64	15	64	16	1.00
1637	65	15	64	17	2.22
1638	65	15	65	17	2.00
1639	65	15	65	18	3.00
1640	68	13	66	18	5.36
1641	68	13	66	18	5.36
1642	70	13	67	19	6.66
1643	74	12	67	19	9.72
1644	74	12	68	20	9.86
1645	76	11	68	20	11.84
1646	76	11	69	21	12.05
1647	81	10	69	21	15.94
1648	81	10	70	22	15.98
1649	84	10	70	22	18.01
1650	85	10	71	22	18.01
1651	85	10	71	23	18.66
1652	88	10	72	23	20.07
1653	88	10	72	24	20.70
1654	89	9	73	24	21.41
1655	90	9	73	25	22.76
1656	90	9	74	25	22.09
1657	91	8	74	25	23.50
1658	92	7	75	26	24.97
1659	92	7	75	26	24.97
1660	94	7	76	27	26.31
1661	94	7	76	27	26.31
1662	94	6	77	28	27.28
1663	95	5	77	28	28.66
1664	95	5	78	27	27.33
1665	96	5	78	27	27.90
1666	96	5	79	27	27.33
1667	96	4	79	28	28.95
1668	96	5	80	28	27.57
1669	97	5	80	29	28.90
1670	97	5	81	29	28.38
1671	98	6	81	29	28.05
1672	98	6	82	30	28.34
1673	99	6	82	30	28.85
1674	99	6	83	31	29.16
1675	103	6	83	31	31.25
1676	105	6	84	31	31.82
1677	105	6	84	32	32.57
1678	105	7	85	32	31.18
1679	105	7	85	33	31.94
1680	105	7	86	33	31.41
1681	105	7	86	33	31.41
1682	104	9	87	34	29.48
1683	104	9	87	34	29.48
1684	104	9	88	35	29.84
1685	104	9	88	35	29.84
1686	104	9	89	35	29.40
1687	104	8	89	36	31.17
1688	104	8	90	36	30.78
1689	103	9	90	37	30.38
1690	103	9	91	37	30.04
1691	103	9	91	37	30.04
1692	102	9	92	38	30.37
1693	102	9	92	38	30.37
1694	102	9	93	39	31.07
1695	101	9	93	39	30.85
1696	100	10	128	-4	31.21
1697	99	10	129	-4	33.00
1698	99	10	130	-4	33.90
1699	98	11	131	-4	36.10
1700	98	11	132	-5	37.43
1701	96	11	133	-5	40.15
1702	95	10	134	-5	41.64
1703	95	10	135	-5	42.57
1704	94	11	136	-6	45.13
1705	94	11	137	-6	46.05
1706	93	11	138	-6	47.90
1707	92	11	139	-7	50.12
1708	92	11	140	-7	51.05
1709	92	11	141	-7	51.98
1710	91	11	142	-7	53.85
1711	90	11	143	-8	56.05
1712	89	11	144	-8	57.93
1713	89	11	145	-8	58.87
1714	88	11	146	-9	61.06
1715	88	11	147	-9	62.00
1716	86	12	148	-9	65.10
1717	86	12	149	-9	66.04
1718	85	12	150	-10	68.22
1719	84	12	151	-10	70.11
1720	84	12	152	-10	71.05
1721	81	11	153	-11	74.85
1722	78	11	154	-11	78.66
1723	75	11	155	-11	82.48
1724	74	12	156	-11	84.61
1725	74	12	157	-12	85.79
1726	73	12	158	-12	87.70
1727	71	12	159	-12	90.56
1728	71	12	105	15	33.16
1729	70	12	105	15	34.13
1730	69	13	105	15	34.95
1731	68	12	105	15	36.06
1732	66	12	105	15	37.99
1733	66	12	105	15	37.99
1734	66	12	105	15	37.99
1735	65	12	106	16	39.92
1736	64	13	106	16	40.71
1737	64	13	106	16	40.71
1738	63	13	106	16	41.67
1739	62	13	106	16	42.63
1740	62	13	106	16	42.63
1741	61	13	107	17	44.52
1742	61	13	107	17	44.52
1743	59	14	107	17	46.24
1744	58	14	107	17	47.20
1745	58	14	107	17	47.20
1746	57	14	107	17	48.15
1747	55	14	107	17	50.06
1748	54	14	108	18	51.89
1749	53	14	108	18	52.84
1750	53	14	108	18	52.84
1751	52	14	108	18	53.79
1752	52	14	108	18	53.79
1753	51	14	108	18	54.74
1754	51	14	109	19	55.60
1755	51	14	109	19	55.60
1756	51	14	109	19	55.60
1757	50	14	109	19	56.55
1758	50	14	109	19	56.55
1759	50	14	109	19	56.55
1760	50	14	42	14	7.76
1761	49	14	41	14	7.76
1762	49	14	40	14	8.73
1763	48	14	39	14	8.73
1764	48	14	38	14	9.70
1765	48	14	37	14	10.67
1766	46	14	36	14	9.70
1767	46	14	35	14	10.67
1768	46	14	34	14	11.64
1769	45	14	33	14	11.64
1770	45	14	32	14	12.61
1771	45	14	32	14	12.61
1772	44	14	31	14	12.61
1773	43	14	30	14	12.61
1774	43	14	29	14	13.58
1775	41	14	28	14	12.61
1776	40	14	27	15	12.62
1777	39	14	26	15	12.62
1778	39	14	25	15	13.59
1779	37	15	24	15	12.56
1780	37	15	23	15	13.52
1781	33	15	22	15	10.62
1782	33	15	22	15	10.62
1783	31	15	21	15	9.66
1784	29	14	20	15	8.77
1785	29	14	19	15	9.73
1786	26	14	18	15	7.81
1787	24	15	17	15	6.76
1788	24	15	16	15	7.73
1789	19	13	15	15	4.37
1790	19	13	14	15	5.25
1791	17	13	13	15	4.37
