frame_id	phi	theta	est_phi	est_theta	err_phi	err_theta	speed	err_ang
0	-55	3	0	0	55.05
1	-55	3	0	0	55.05
2	-55	3	0	0	55.05
3	-55	3	0	0	55.05
4	-56	3	0	0	56.05
5	-56	3	0	0	56.05
6	-56	3	0	0	56.05
7	-57	3	0	0	57.05
8	-57	3	0	0	57.05
9	-57	3	0	0	57.05
10	-57	3	0	0	57.05
11	-57	3	0	0	57.05
12	-57	2	0	0	57.02
13	-57	2	0	0	57.02
14	-57	2	0	0	57.02
15	-57	1	0	0	57.01
16	-57	1	0	0	57.01
17	-57	0	0	0	57.00
18	-57	0	0	0	57.00
19	-57	0	0	0	57.00
20	-56	-5	0	0	56.15
21	-56	-7	0	0	56.29
22	-55	-9	0	0	55.49
23	-55	-10	0	0	55.61
24	-55	-10	0	0	55.61
25	-54	-11	0	0	54.76
26	-53	-11	0	0	53.79
27	-53	-11	0	0	53.79
28	-52	-12	0	0	52.97
29	-52	-12	0	0	52.97
30	-53	-13	0	0	54.10
31	-53	-13	0	0	54.10
32	-52	-13	-55	3	16.27
33	-52	-13	-55	3	16.27
34	-50	-14	-55	3	17.71
35	-50	-14	-55	3	17.71
36	-48	-14	-55	3	18.36
37	-47	-14	-55	3	18.76
38	-46	-15	-55	3	20.09
39	-46	-15	-55	3	20.09
40	-44	-15	-55	3	21.04
41	-44	-15	-55	3	21.04
42	-43	-15	-55	3	21.57
43	-43	-15	-55	3	21.57
44	-42	-15	-55	3	22.13
45	-42	-15	-55	3	22.13
46	-42	-15	-55	3	22.13
47	-42	-15	-55	3	22.13
48	-42	-15	-55	3	22.13
49	-42	-15	-55	3	22.13
50	-42	-15	-55	3	22.13
51	-42	-14	-55	3	21.33
52	-42	-14	-55	3	21.33
53	-42	-14	-55	3	21.33
54	-42	-14	-55	3	21.33
55	-42	-14	-55	3	21.33
56	-42	-14	-55	3	21.33
57	-42	-14	-55	3	21.33
58	-42	-14	-55	3	21.33
59	-42	-14	-55	3	21.33
60	-42	-14	-55	3	21.33
61	-42	-14	-55	3	21.33
62	-42	-14	-55	3	21.33
63	-41	-13	-55	3	21.19
64	-41	-13	-49	-29	17.64
65	-40	-11	-48	-29	19.49
66	-40	-11	-48	-30	20.41
67	-36	-5	-48	-30	27.44
68	-35	-3	-48	-31	30.57
69	-32	0	-48	-31	34.52
70	-31	0	-48	-32	35.81
71	-29	1	-48	-32	37.58
72	-29	1	-48	-33	38.43
73	-26	4	-48	-33	42.46
74	-26	4	-48	-34	43.30
75	-25	7	-47	-34	45.99
76	-25	8	-47	-35	47.76
77	-24	10	-47	-35	49.99
78	-24	11	-47	-36	51.77
79	-23	12	-47	-36	53.08
80	-23	12	-47	-37	53.95
81	-23	14	-47	-37	55.78
82	-23	14	-47	-38	56.66
83	-23	15	-47	-38	57.59
84	-23	15	-47	-39	58.47
85	-23	16	-47	-39	59.40
86	-23	16	-46	-40	59.96
87	-22	16	-46	-40	60.30
88	-22	16	-46	-41	61.19
89	-22	16	-46	-41	61.19
90	-21	16	-46	-42	62.42
91	-20	16	-46	-42	62.77
92	-20	16	-46	-43	63.65
93	-19	16	-46	-43	64.00
94	-19	16	-46	-44	64.87
95	-19	16	-46	-44	64.87
96	-19	16	-30	-13	30.97
97	-19	16	-29	-13	30.64
98	-19	16	-29	-13	30.64
99	-19	16	-28	-13	30.33
100	-18	16	-28	-13	30.64
101	-18	16	-28	-13	30.64
102	-17	16	-27	-13	30.64
103	-17	16	-27	-13	30.64
104	-16	16	-27	-13	30.97
105	-15	16	-26	-13	30.97
106	-15	16	-26	-13	30.97
107	-11	16	-26	-13	32.57
108	-9	15	-25	-13	32.17
109	-7	15	-25	-13	33.19
110	-4	16	-25	-13	35.67
111	-3	16	-24	-13	35.67
112	-1	16	-24	-13	36.85
113	0	16	-24	-13	37.47
114	0	16	-23	-13	36.85
115	1	17	-23	-13	38.24
116	2	18	-23	-13	39.62
117	2	18	-22	-13	39.01
118	4	18	-22	-13	40.24
119	4	19	-22	-13	40.99
120	5	19	-21	-13	40.99
121	5	19	-21	-13	40.99
122	6	20	-21	-13	42.36
123	6	20	-20	-13	41.75
124	7	20	-20	-13	42.36
125	7	20	-20	-13	42.36
126	8	21	-19	-13	43.12
127	8	21	-19	-13	43.12
128	8	21	3	45	24.35
129	9	21	3	45	24.50
130	9	21	4	46	25.33
131	9	21	5	47	26.20
132	9	22	5	48	26.20
133	9	22	6	49	27.11
134	9	22	7	50	28.04
135	9	22	7	51	29.04
136	9	22	8	52	30.01
137	9	22	9	53	31.00
138	9	23	9	54	31.00
139	9	22	10	54	32.01
140	9	22	11	55	33.03
141	9	23	11	56	33.03
142	9	23	12	57	34.07
143	9	23	13	58	35.12
144	9	23	14	59	36.18
145	9	23	14	60	37.17
146	9	23	15	61	38.23
147	9	23	16	62	39.29
148	9	23	16	63	40.28
149	8	23	17	64	41.43
150	8	23	18	64	41.53
151	8	23	18	65	42.50
152	8	24	19	66	42.58
153	8	24	20	67	43.65
154	8	24	20	68	44.61
155	8	24	21	69	45.68
156	8	24	22	70	46.73
157	7	24	22	71	47.79
158	7	24	23	72	48.84
159	7	24	24	73	49.88
160	7	24	35	26	25.41
161	6	24	35	26	26.31
162	6	24	36	26	27.20
163	6	24	37	26	28.10
164	6	24	38	26	29.00
165	6	24	39	26	29.90
166	7	24	40	26	29.90
167	7	24	40	27	29.85
168	8	23	41	27	30.09
169	8	23	42	27	30.98
170	9	23	43	27	30.98
171	10	23	44	27	30.98
172	11	22	45	27	31.24
173	12	22	45	28	30.41
174	13	22	46	28	30.41
175	14	22	47	28	30.41
176	15	22	48	28	30.41
177	16	21	49	28	30.73
178	17	21	50	28	30.73
179	19	21	51	28	29.85
180	19	21	51	29	29.98
181	22	20	52	29	28.65
182	23	19	53	29	29.07
183	25	19	54	29	28.22
184	29	18	55	29	26.18
185	31	17	56	29	25.87
186	31	17	56	30	26.26
187	34	16	57	30	25.30
188	35	15	58	30	25.92
189	35	15	59	30	26.67
190	36	13	60	30	27.95
191	37	12	61	30	28.62
192	38	11	6	27	34.07
193	39	10	5	27	36.26
194	39	10	5	27	36.26
195	42	8	5	27	39.84
196	43	8	5	27	40.67
197	45	8	5	27	42.35
198	46	8	5	27	43.19
199	48	8	5	27	44.89
200	48	8	5	27	44.89
201	52	9	5	27	47.84
202	54	9	5	27	49.58
203	56	9	5	28	51.52
204	56	9	5	28	51.52
205	58	9	5	28	53.25
206	59	9	5	28	54.12
207	59	9	5	28	54.12
208	60	9	5	28	55.00
209	60	9	5	28	55.00
210	61	9	5	28	55.87
211	61	9	5	28	55.87
212	62	8	5	28	57.21
213	62	8	5	28	57.21
214	63	8	5	29	58.23
215	63	8	5	29	58.23
216	64	8	5	29	59.10
217	64	8	5	29	59.10
218	64	8	5	29	59.10
219	65	8	5	29	59.97
220	65	8	5	29	59.97
221	65	7	5	29	60.45
222	65	7	5	29	60.45
223	66	7	5	29	61.32
224	66	7	69	-2	9.48
225	66	7	69	-2	9.48
226	66	7	70	-2	9.85
227	66	8	71	-3	12.08
228	66	8	72	-3	12.52
229	66	8	73	-4	13.88
230	66	8	74	-4	14.41
231	67	8	75	-4	14.41
232	67	8	76	-5	15.80
233	67	8	77	-5	16.39
234	67	8	78	-6	17.79
235	67	8	79	-6	18.42
236	67	8	80	-6	19.08
237	67	8	81	-7	20.49
238	67	8	82	-7	21.18
239	67	8	83	-8	22.59
240	67	7	84	-8	22.63
241	67	7	85	-8	23.39
242	65	5	86	-9	25.18
243	65	5	87	-9	26.02
244	60	-1	88	-10	29.26
245	60	-1	89	-10	30.20
246	58	-3	90	-10	32.53
247	58	-3	91	-11	33.68
248	56	-5	92	-11	36.12
249	56	-6	93	-12	37.00
250	54	-9	94	-12	39.41
251	54	-9	95	-12	40.39
252	52	-12	96	-13	42.92
253	52	-12	97	-13	43.89
254	50	-18	98	-14	46.19
255	49	-20	99	-14	48.02
256	48	-21	94	3	51.03
257	48	-21	94	2	50.53
258	45	-22	95	2	54.37
259	45	-22	96	2	55.25
260	41	-24	97	2	60.24
261	41	-24	98	2	61.11
262	38	-26	99	2	65.15
263	36	-27	100	2	68.01
264	33	-27	101	2	71.47
265	33	-27	101	1	70.99
266	28	-29	102	1	76.55
267	28	-29	103	1	77.42
268	25	-29	104	1	80.89
269	25	-29	105	1	81.76
270	25	-29	106	1	82.63
271	25	-28	107	1	83.42
272	25	-28	108	1	84.30
273	26	-28	108	0	82.94
274	26	-28	109	0	83.82
275	26	-28	110	0	84.70
276	25	-28	111	0	86.47
277	25	-28	112	0	87.35
278	25	-28	113	0	88.23
279	25	-28	114	0	89.12
280	24	-28	115	0	90.88
281	24	-28	115	0	90.88
282	24	-28	116	0	91.77
283	24	-28	117	0	92.65
284	24	-28	118	0	93.53
285	24	-27	119	0	94.45
286	24	-27	120	0	95.34
287	24	-27	121	0	96.23
288	24	-26	30	-49	23.47
289	24	-26	29	-49	23.33
290	24	-26	28	-50	24.20
291	24	-26	28	-51	25.19
292	24	-25	27	-52	27.10
293	24	-25	27	-53	28.09
294	24	-25	26	-54	29.04
295	24	-24	26	-55	31.04
296	23	-24	25	-56	32.03
297	23	-24	24	-56	32.01
298	22	-23	24	-57	34.03
299	20	-23	23	-58	35.07
300	17	-22	23	-59	37.25
301	17	-22	22	-60	38.16
302	12	-20	22	-61	41.60
303	11	-19	21	-62	43.56
304	11	-19	21	-63	44.54
305	10	-17	20	-63	46.52
306	10	-17	19	-64	47.40
307	10	-16	19	-65	49.38
308	10	-16	18	-66	50.28
309	10	-15	18	-67	52.27
310	10	-14	17	-68	54.19
311	10	-14	17	-69	55.18
312	10	-13	16	-70	57.12
313	10	-12	15	-70	58.09
314	10	-11	15	-71	60.08
315	10	-11	14	-72	61.05
316	10	-9	14	-73	64.04
317	10	-9	13	-74	65.02
318	11	-7	13	-75	68.01
319	11	-7	12	-76	69.00
320	12	-6	0	-31	27.42
321	13	-5	0	-31	28.73
322	13	-5	-1	-31	29.14
323	17	-4	-2	-31	32.39
324	20	-3	-3	-31	35.42
325	20	-3	-3	-31	35.42
326	24	-2	-4	-31	39.25
327	25	-1	-5	-32	41.96
328	25	-1	-6	-32	42.60
329	25	0	-6	-32	43.37
330	25	0	-7	-32	44.01
331	26	0	-8	-32	45.33
332	26	1	-9	-32	46.74
333	27	1	-9	-33	48.02
334	27	2	-10	-33	49.43
335	27	2	-11	-33	50.10
336	28	3	-12	-33	52.19
337	28	3	-12	-33	52.19
338	28	3	-13	-33	52.87
339	28	3	-14	-33	53.57
340	28	4	-15	-34	55.54
341	28	4	-15	-34	55.54
342	29	4	-16	-34	56.92
343	29	4	-17	-34	57.62
344	29	4	-18	-34	58.33
345	29	4	-18	-34	58.33
346	29	4	-19	-35	59.55
347	29	4	-20	-35	60.26
348	29	4	-21	-35	60.97
349	29	4	-21	-35	60.97
350	29	4	-22	-35	61.69
351	29	4	-23	-35	62.41
352	29	4	0	14	30.29
353	29	4	0	14	30.29
354	29	4	0	15	30.59
355	29	4	-1	15	31.51
356	29	4	-1	16	31.82
357	29	4	-1	17	32.16
358	29	5	-2	17	32.64
359	30	6	-2	18	33.44
360	31	7	-3	19	35.14
361	32	10	-3	19	34.99
362	33	12	-3	20	35.44
363	33	14	-4	20	35.81
364	34	17	-4	21	36.07
365	34	19	-4	22	35.63
366	35	21	-5	22	37.12
367	35	22	-5	23	36.85
368	34	23	-6	24	36.57
369	34	23	-6	24	36.57
370	34	24	-6	25	36.28
371	33	24	-7	25	36.28
372	33	24	-7	26	36.17
373	33	24	-7	27	36.08
374	33	24	-8	27	36.97
375	32	24	-8	28	36.02
376	32	23	-9	29	37.15
377	32	23	-9	29	37.15
378	31	23	-9	30	36.29
379	31	22	-10	30	37.50
380	30	21	-10	31	37.10
381	30	21	-10	32	37.21
382	29	20	-11	32	37.65
383	29	19	-11	33	38.30
384	29	19	46	14	17.04
385	28	19	46	14	17.96
386	28	18	47	14	18.69
387	27	18	47	14	19.62
388	27	18	48	15	20.35
389	26	18	48	15	21.29
390	25	18	49	15	23.19
391	23	17	49	16	24.93
392	22	17	50	16	26.84
393	20	16	50	16	28.81
394	18	15	51	17	31.75
395	16	14	51	17	33.82
396	14	13	52	17	36.87
397	13	12	52	18	38.07
398	11	11	53	18	41.17
399	9	9	53	18	43.61
400	6	8	54	19	47.79
401	6	8	55	19	48.73
402	1	7	55	19	53.75
403	0	7	56	19	55.63
404	-2	6	56	20	57.93
405	-3	6	57	20	59.80
406	-5	6	57	20	61.67
407	-6	6	58	21	63.61
408	-7	6	58	21	64.54
409	-8	6	59	21	66.41
410	-8	5	59	22	66.82
411	-10	5	60	22	69.60
412	-11	5	60	22	70.53
413	-13	5	61	23	73.33
414	-15	5	61	23	75.17
415	-18	5	62	23	78.86
416	-20	5	29	34	53.80
417	-23	6	29	34	55.52
418	-26	6	29	34	57.90
419	-31	7	29	35	61.55
420	-36	7	29	35	65.57
421	-40	7	29	36	68.94
422	-44	8	29	36	71.58
423	-47	9	29	37	73.44
424	-50	9	29	37	75.84
425	-53	10	29	38	77.59
426	-55	10	29	38	79.16
427	-58	10	29	39	81.41
428	-61	11	29	39	83.10
429	-65	11	29	40	85.97
430	-67	11	29	40	87.48
431	-70	10	29	41	90.13
432	-73	10	29	41	92.33
433	-75	10	29	41	93.78
434	-78	9	29	42	96.31
435	-80	9	29	42	97.72
436	-82	9	29	43	98.75
437	-83	8	29	43	100.16
438	-85	7	29	44	101.87
439	-86	6	29	44	103.28
440	-87	4	29	45	105.06
441	-87	2	29	45	106.57
442	-87	0	29	46	107.73
443	-87	0	29	46	107.73
444	-87	0	29	47	107.40
445	-89	-1	29	47	109.44
446	-89	-1	29	48	109.09
447	-91	-2	29	48	111.12
448	-91	-2	-69	-9	22.98
449	-93	-2	-70	-9	23.92
450	-93	-2	-72	-9	22.03
451	-96	-1	-73	-10	24.58
452	-96	-1	-75	-10	22.74
453	-99	-1	-76	-11	24.94
454	-99	-1	-78	-11	23.13
455	-103	-1	-79	-12	26.22
456	-103	-1	-81	-12	24.44
457	-110	-1	-82	-12	29.87
458	-110	-1	-84	-13	28.41
459	-112	-1	-85	-13	29.31
460	-112	-1	-87	-14	27.94
461	-112	-1	-88	-14	27.06
462	-113	-1	-90	-15	26.68
463	-113	-1	-91	-15	25.85
464	-114	-1	-93	-16	25.57
465	-115	-1	-95	-16	24.77
466	-115	-1	-96	-16	24.00
467	-115	-2	-98	-17	22.46
468	-116	-2	-99	-17	22.46
469	-116	-2	-101	-18	21.74
470	-116	-2	-102	-18	21.09
471	-117	-3	-104	-19	20.44
472	-117	-3	-105	-19	19.84
473	-118	-3	-107	-19	19.28
474	-118	-3	-108	-20	19.60
475	-118	-3	-110	-20	18.71
476	-118	-3	-111	-21	19.25
477	-118	-3	-113	-21	18.65
478	-118	-3	-114	-22	19.39
479	-118	-2	-116	-22	20.09
480	-118	-2	-162	-9	44.31
481	-118	-2	-164	-9	46.28
482	-118	0	-166	-9	48.63
483	-116	2	-168	-9	52.97
484	-115	4	-170	-9	56.34
485	-115	5	-173	-10	59.69
486	-115	6	-175	-10	61.86
487	-114	7	-177	-10	65.00
488	-114	7	-179	-10	66.93
489	-113	9	179	-10	70.29
490	-112	10	176	-11	74.60
491	-111	11	174	-11	77.70
492	-111	11	172	-11	79.61
493	-110	12	170	-11	82.70
494	-109	12	167	-12	86.74
495	-108	12	165	-12	89.61
496	-106	12	163	-12	93.44
497	-106	12	161	-12	95.35
498	-105	12	159	-12	98.24
499	-104	12	156	-13	102.26
500	-102	12	154	-13	106.10
501	-98	11	152	-13	111.72
502	-94	10	150	-13	117.37
503	-91	10	147	-14	123.26
504	-88	10	145	-14	128.10
505	-87	10	143	-14	131.01
506	-87	10	141	-14	132.95
507	-86	10	139	-14	135.86
508	-84	9	136	-15	140.47
509	-82	9	134	-15	144.32
510	-81	9	132	-15	147.20
511	-78	8	130	-15	151.71
512	-76	7	-145	-2	69.44
513	-74	7	-145	-2	71.42
514	-71	6	-146	-2	75.31
515	-68	5	-147	-2	79.23
516	-68	5	-148	-2	80.22
517	-63	4	-149	-2	86.15
518	-61	4	-150	-2	89.14
519	-57	3	-150	-2	93.10
520	-54	2	-151	-2	97.06
521	-50	2	-152	-2	102.06
522	-47	1	-153	-2	106.02
523	-45	1	-154	-2	109.02
524	-42	0	-155	-2	112.99
525	-39	0	-155	-2	115.98
526	-37	0	-156	-2	118.98
527	-34	0	-157	-2	122.98
528	-31	0	-158	-2	126.97
529	-29	0	-159	-2	129.97
530	-26	0	-160	-2	133.97
531	-23	0	-161	-2	137.96
532	-20	0	-161	-2	140.96
533	-20	0	-162	-2	141.96
534	-15	0	-163	-2	147.94
535	-13	0	-164	-2	150.94
536	-11	0	-165	-2	153.93
537	-8	1	-166	-2	157.99
538	-4	2	-166	-2	162.01
539	0	3	-167	-2	166.97
540	2	3	-168	-2	169.96
541	4	4	-169	-2	172.73
542	6	5	-170	-2	175.01
543	8	5	-171	-2	176.84
544	10	6	-34	16	44.23
545	11	6	-32	16	43.28
546	12	7	-31	16	43.00
547	13	7	-30	16	43.00
548	14	7	-28	17	42.18
549	14	7	-27	17	41.24
550	15	7	-26	17	41.24
551	15	7	-24	17	39.35
552	16	7	-23	18	39.53
553	16	7	-22	18	38.60
554	17	7	-20	18	37.67
555	17	7	-19	19	36.97
556	17	7	-18	19	36.06
557	18	7	-16	19	35.14
558	18	7	-15	19	34.23
559	19	7	-14	20	34.52
560	19	8	-13	20	33.20
561	19	8	-11	20	31.41
562	19	8	-10	21	30.86
563	20	8	-9	21	30.86
564	20	8	-7	21	29.12
565	20	8	-6	21	28.26
566	20	8	-5	22	27.84
567	19	9	-3	22	24.81
568	19	9	-2	22	24.00
569	19	9	-1	23	23.73
570	19	9	0	23	22.96
571	19	10	1	23	21.56
572	19	11	2	23	20.17
573	19	11	4	24	19.30
574	18	12	5	24	17.21
575	18	13	6	24	15.81
576	18	13	96	5	77.21
577	18	13	98	4	79.37
578	18	13	101	4	82.29
579	18	13	104	4	85.21
580	18	13	106	4	87.16
581	18	13	109	4	90.07
582	18	13	112	4	92.99
583	18	13	114	4	94.93
584	18	13	117	4	97.84
585	18	13	120	4	100.74
586	18	13	122	4	102.68
587	18	13	125	4	105.57
588	18	13	128	4	108.47
589	18	13	130	4	110.39
590	17	12	133	4	114.41
591	18	13	136	4	116.14
592	17	13	139	4	119.96
593	17	12	141	4	122.08
594	17	13	144	4	124.70
595	17	13	147	4	127.52
596	17	13	149	4	129.40
597	16	13	152	4	133.12
598	16	13	155	4	135.88
599	15	13	157	4	138.61
600	14	13	160	4	142.20
601	14	13	163	4	144.83
602	13	13	165	4	147.41
603	13	13	168	4	149.91
604	13	13	171	4	152.32
605	13	13	173	4	153.86
606	14	13	176	4	155.33
607	14	13	179	4	157.40
608	14	13	26	20	13.46
609	14	13	26	20	13.46
610	15	13	26	20	12.65
611	15	13	26	20	12.65
612	15	12	27	20	14.03
613	14	12	27	21	15.36
614	14	12	27	21	15.36
615	14	12	27	21	15.36
616	14	12	28	21	16.14
617	14	12	28	21	16.14
618	14	11	28	22	17.33
619	14	11	28	22	17.33
620	13	11	29	22	18.85
621	13	11	29	22	18.85
622	14	10	29	23	19.36
623	14	10	29	23	19.36
624	14	9	30	23	20.76
625	15	8	30	23	20.79
626	15	5	30	23	23.10
627	16	3	30	24	24.98
628	17	0	31	24	27.57
629	17	-1	31	24	28.46
630	19	-3	31	24	29.42
631	20	-5	31	25	31.85
632	21	-7	32	25	33.74
633	22	-8	32	25	34.41
634	23	-9	32	25	35.11
635	23	-9	32	25	35.11
636	23	-9	33	26	36.33
637	24	-9	33	26	36.08
638	24	-10	33	26	37.05
639	24	-10	33	26	37.05
640	24	-10	10	13	26.87
641	24	-10	9	13	27.40
642	24	-10	9	13	27.40
643	24	-9	9	13	26.57
644	25	-9	9	13	27.14
645	25	-9	9	13	27.14
646	25	-9	9	13	27.14
647	25	-9	9	13	27.14
648	25	-9	9	13	27.14
649	26	-9	8	13	28.35
650	26	-9	8	13	28.35
651	26	-9	8	13	28.35
652	26	-9	8	13	28.35
653	27	-9	8	13	28.98
654	27	-9	8	13	28.98
655	27	-9	8	13	28.98
656	27	-9	8	13	28.98
657	28	-9	7	13	30.32
658	28	-9	7	13	30.32
659	28	-8	7	13	29.60
660	28	-9	7	13	30.32
661	29	-8	7	13	30.31
662	29	-8	7	13	30.31
663	30	-8	7	13	31.03
664	30	-8	7	13	31.03
665	31	-8	6	13	32.52
666	32	-8	6	13	33.29
667	32	-8	6	13	33.29
668	34	-8	6	13	34.85
669	35	-8	6	13	35.65
670	36	-8	6	13	36.46
671	37	-8	6	13	37.27
672	38	-7	34	-33	26.26
673	39	-7	34	-33	26.41
674	40	-7	34	-34	27.56
675	41	-7	34	-35	28.73
676	42	-6	35	-35	29.71
677	43	-6	35	-36	30.89
678	45	-5	35	-37	33.28
679	46	-5	36	-38	34.23
680	47	-4	36	-38	35.45
681	49	-4	36	-39	36.94
682	51	-4	37	-40	38.16
683	53	-3	37	-40	39.74
684	57	-1	37	-41	43.90
685	60	0	38	-42	46.45
686	62	0	38	-43	48.08
687	65	0	38	-43	49.33
688	67	1	39	-44	51.47
689	69	2	39	-45	54.03
690	72	3	39	-45	56.27
691	74	3	39	-46	57.95
692	77	4	40	-47	60.51
693	79	4	40	-48	62.17
694	81	5	40	-48	64.00
695	84	4	41	-49	64.79
696	86	4	41	-50	66.42
697	89	4	41	-50	67.94
698	91	4	42	-51	69.04
699	92	3	42	-52	69.27
700	94	3	42	-53	70.84
701	95	3	43	-53	70.84
702	95	3	43	-54	71.40
703	96	2	43	-55	71.56
704	96	2	52	-4	44.38
705	97	2	52	-3	45.26
706	98	3	52	-3	46.37
707	100	3	53	-3	47.36
708	101	3	53	-3	48.35
709	101	3	54	-3	47.36
710	102	4	54	-3	48.48
711	102	4	55	-3	47.49
712	103	4	55	-3	48.48
713	103	5	55	-3	48.62
714	103	5	56	-3	47.63
715	103	5	56	-2	47.47
716	102	5	57	-2	45.50
717	102	5	57	-2	45.50
718	102	5	58	-2	44.51
719	103	5	58	-2	45.50
720	103	4	59	-2	44.38
721	104	4	59	-2	45.37
722	104	4	59	-2	45.37
723	104	3	60	-2	44.27
724	105	2	60	-2	45.17
725	107	1	61	-2	46.09
726	109	0	61	-1	48.01
727	111	0	62	-1	49.01
728	113	0	62	-1	51.01
729	114	0	62	-1	52.01
730	114	0	63	-1	51.01
731	114	0	63	-1	51.01
732	115	0	64	-1	51.01
733	115	0	64	-1	51.01
734	116	0	65	-1	51.01
735	116	0	65	-1	51.01
736	117	0	154	11	38.38
737	116	0	155	11	40.28
738	116	0	157	11	42.20
739	115	0	159	11	45.08
740	115	1	161	12	46.92
741	114	1	163	12	49.82
742	113	2	164	12	51.50
743	113	2	166	12	53.45
744	112	2	168	13	56.47
745	111	3	170	13	59.14
746	110	4	172	13	61.83
747	109	5	173	14	63.59
748	108	7	175	14	66.06
749	108	9	177	14	67.59
750	108	10	179	14	69.32
751	108	12	-179	15	70.73
752	107	13	-177	15	73.39
753	107	14	-176	15	74.13
754	106	16	-174	16	76.32
755	106	17	-172	16	77.96
756	106	18	-170	16	79.59
757	107	19	-168	16	80.27
758	108	19	-167	17	79.98
759	109	20	-165	17	80.64
760	109	20	-163	17	82.45
761	110	20	-161	18	83.03
762	111	20	-159	18	83.93
763	111	21	-158	18	84.53
764	111	22	-156	18	86.01
765	111	23	-154	19	87.06
766	111	24	-152	19	88.44
767	111	26	-150	19	89.44
768	110	28	138	-2	40.29
769	109	29	138	-2	41.62
770	108	30	139	-2	43.58
771	107	32	139	-2	45.55
772	105	34	140	-2	48.76
773	103	35	141	-2	51.31
774	103	36	141	-2	51.93
775	102	37	142	-2	53.81
776	101	38	143	-2	55.68
777	100	38	143	-2	56.33
778	99	39	144	-2	58.18
779	99	39	145	-2	58.83
780	99	40	145	-2	59.38
781	98	41	146	-2	61.20
782	98	41	147	-2	61.84
783	98	41	147	-2	61.84
784	98	42	148	-3	63.77
785	98	42	149	-3	64.40
786	98	43	149	-3	64.92
787	99	43	150	-3	64.92
788	99	43	151	-3	65.55
789	98	43	151	-3	66.18
790	99	43	152	-3	66.18
791	99	43	153	-3	66.82
792	101	43	153	-3	65.55
793	101	43	154	-3	66.18
794	102	43	155	-3	66.18
795	103	43	155	-3	65.55
796	103	43	156	-3	66.18
797	104	43	157	-3	66.18
798	104	43	157	-3	66.18
799	103	44	158	-3	67.93
800	102	44	103	56	12.02
801	102	44	102	56	12.00
802	102	45	102	57	12.00
803	102	45	102	58	13.00
804	102	45	102	59	14.00
805	101	45	101	60	15.00
806	100	44	101	61	17.01
807	100	44	101	62	18.01
808	100	45	101	63	18.01
809	100	45	101	63	18.01
810	100	45	100	64	19.00
811	101	45	100	65	20.01
812	102	45	100	66	21.03
813	102	45	100	67	22.03
814	102	44	99	68	24.05
815	103	44	99	69	25.08
816	104	44	99	70	26.12
817	106	44	99	70	26.24
818	109	43	99	71	28.44
819	112	42	98	72	30.77
820	114	41	98	73	32.91
821	116	40	98	74	35.04
822	118	39	98	75	37.17
823	119	38	97	76	39.27
824	122	37	97	77	41.48
825	123	37	97	77	41.59
826	125	36	97	78	43.66
827	126	36	97	79	44.60
828	128	35	96	80	46.73
829	130	34	96	81	48.71
830	131	33	96	82	50.58
831	132	32	96	83	52.44
832	134	32	94	60	38.40
833	135	31	93	60	40.13
834	137	30	93	61	42.33
835	138	29	93	61	43.63
836	138	29	93	62	44.08
837	139	27	92	62	46.68
838	140	26	92	63	48.42
839	142	25	92	63	50.13
840	143	23	92	64	52.76
841	145	22	91	64	54.86
842	146	21	91	65	56.56
843	147	20	91	65	57.86
844	148	19	91	66	59.54
845	149	18	90	66	61.21
846	150	17	90	67	62.87
847	150	16	90	67	63.80
848	151	15	90	68	65.46
849	151	15	89	68	65.80
850	151	14	89	69	67.10
851	152	14	89	69	67.44
852	152	14	89	70	67.79
853	152	13	88	70	69.05
854	153	13	88	71	69.71
855	153	12	88	71	70.66
856	154	11	88	72	72.25
857	154	11	87	72	72.54
858	154	10	87	73	73.83
859	154	9	87	73	74.79
860	153	9	87	74	74.86
861	154	9	86	74	75.38
862	154	8	86	75	76.68
863	154	8	86	75	76.68
864	154	8	166	20	16.70
865	155	7	167	19	16.74
866	156	7	168	19	16.74
867	157	6	169	18	16.77
868	158	5	170	18	17.51
869	159	4	171	18	18.27
870	160	3	172	17	18.30
871	161	2	173	17	19.08
872	162	1	174	17	19.89
873	163	1	175	16	19.10
874	163	0	176	16	20.51
875	164	0	177	15	19.75
876	164	0	178	15	20.41
877	164	0	179	15	21.09
878	165	0	-180	14	20.41
879	165	-1	-179	14	21.82
880	166	-1	-178	14	21.82
881	166	-2	-177	13	22.58
882	167	-2	-176	13	22.58
883	168	-3	-175	12	22.59
884	168	-3	-174	12	23.35
885	169	-3	-173	12	23.35
886	170	-4	-172	11	23.36
887	171	-5	-171	11	24.02
888	171	-6	-170	11	25.43
889	172	-7	-169	10	25.44
890	173	-8	-168	10	26.11
891	173	-9	-167	9	26.85
892	173	-10	-166	9	28.25
893	173	-11	-165	9	29.65
894	173	-12	-164	8	30.38
895	173	-12	-163	8	31.14
896	173	-13	174	-16	3.15
897	172	-12	174	-16	4.45
898	172	-13	175	-17	4.94
899	172	-13	175	-18	5.77
900	173	-13	176	-19	6.66
901	174	-13	177	-19	6.66
902	176	-13	177	-20	7.07
903	178	-13	178	-21	8.00
904	-178	-14	179	-22	8.49
905	-175	-16	179	-22	8.25
906	-172	-18	-180	-23	9.00
907	-170	-18	-180	-24	11.09
908	-169	-19	-179	-25	11.04
909	-169	-19	-178	-25	10.27
910	-169	-20	-178	-26	10.22
911	-169	-20	-177	-27	10.13
912	-169	-21	-176	-28	9.46
913	-168	-21	-176	-28	10.09
914	-168	-21	-175	-29	10.20
915	-168	-22	-175	-30	10.17
916	-168	-22	-174	-31	10.47
917	-169	-24	-173	-31	7.85
918	-170	-25	-173	-32	7.48
919	-170	-26	-172	-33	7.21
920	-171	-26	-171	-34	8.00
921	-170	-26	-171	-34	8.05
922	-170	-28	-170	-35	7.00
923	-171	-30	-170	-36	6.06
924	-172	-33	-169	-37	4.69
925	-173	-34	-168	-37	5.06
926	-173	-36	-168	-38	4.47
927	-175	-37	-167	-39	6.61
928	-175	-38	-168	-34	6.93
929	-175	-39	-168	-34	7.52
930	-175	-38	-167	-35	7.09
931	-175	-38	-167	-35	7.09
932	-175	-38	-166	-36	7.46
933	-175	-39	-166	-37	7.37
934	-176	-39	-165	-37	8.89
935	-176	-39	-164	-38	9.44
936	-176	-40	-164	-39	9.31
937	-177	-41	-163	-39	10.90
938	-178	-43	-163	-40	11.61
939	178	-45	-162	-41	15.12
940	174	-47	-161	-41	18.86
941	172	-49	-161	-42	20.05
942	170	-50	-160	-43	21.63
943	168	-51	-160	-43	23.03
944	167	-52	-159	-44	23.86
945	166	-53	-158	-45	24.63
946	166	-53	-158	-45	24.63
947	167	-53	-157	-46	24.12
948	167	-54	-157	-47	23.65
949	167	-54	-156	-47	24.24
950	166	-55	-155	-48	24.90
951	166	-56	-155	-49	24.39
952	165	-57	-154	-49	25.50
953	164	-58	-154	-50	25.47
954	163	-58	-153	-51	25.98
955	161	-58	-152	-51	27.56
956	161	-58	-152	-52	27.03
957	160	-59	-151	-53	27.39
958	159	-61	-151	-53	27.62
959	158	-63	-150	-54	27.73
960	158	-65	-163	-63	16.94
961	159	-66	-162	-63	16.77
962	160	-66	-162	-64	15.93
963	160	-66	-161	-65	15.94
964	160	-67	-161	-66	15.33
965	160	-67	-161	-66	15.33
966	159	-67	-160	-67	15.73
967	159	-67	-160	-68	15.43
968	159	-67	-160	-69	15.19
969	159	-67	-159	-70	15.35
970	159	-67	-159	-70	15.35
971	159	-67	-158	-71	15.55
972	159	-67	-158	-72	15.47
973	160	-67	-158	-73	15.16
974	160	-67	-157	-73	15.46
975	160	-67	-157	-74	15.50
976	160	-67	-157	-75	15.61
977	160	-67	-156	-76	16.02
978	160	-67	-156	-77	16.23
979	160	-67	-155	-77	16.45
980	159	-67	-155	-78	16.90
981	159	-67	-155	-79	17.18
982	159	-67	-154	-80	17.68
983	160	-66	-154	-80	18.43
984	160	-66	-154	-81	18.83
985	160	-66	-153	-82	19.39
986	159	-66	-153	-83	19.96
987	159	-66	-152	-84	20.54
988	161	-65	-152	-84	21.33
989	164	-64	-152	-85	22.65
990	168	-62	-151	-86	25.11
991	172	-60	-151	-87	27.66
992	176	-59	131	-90	31.00
993	178	-58	130	-90	32.00
994	-179	-56	129	-90	34.00
995	-178	-54	128	-90	36.00
996	-177	-53	127	-90	37.00
997	-177	-52	126	-90	38.00
998	-177	-51	125	-90	39.00
999	-176	-51	125	-90	39.00
1000	-176	-51	124	-90	39.00
1001	-176	-51	123	-90	39.00
1002	-176	-50	122	-90	40.00
1003	-176	-50	121	-90	40.00
1004	-176	-50	120	-90	40.00
1005	-176	-50	120	-90	40.00
1006	-175	-50	119	-90	40.00
1007	-175	-49	118	-90	41.00
1008	-173	-49	117	-90	41.00
1009	-173	-48	116	-90	42.00
1010	-173	-48	115	-90	42.00
1011	-173	-48	114	-90	42.00
1012	-173	-47	114	-90	43.00
1013	-173	-47	113	-90	43.00
1014	-172	-47	112	-90	43.00
1015	-168	-46	111	-90	44.00
1016	-162	-46	110	-90	44.00
1017	-156	-46	109	-90	44.00
1018	-152	-46	109	-90	44.00
1019	-150	-45	108	-90	45.00
1020	-150	-44	107	-90	46.00
1021	-150	-43	106	-90	47.00
1022	-151	-43	105	-90	47.00
1023	-151	-43	104	-90	47.00
1024	-151	-42	-166	-53	14.90
1025	-151	-42	-166	-52	14.25
1026	-150	-41	-165	-52	15.03
1027	-148	-41	-165	-52	15.99
1028	-147	-40	-164	-52	16.76
1029	-146	-40	-164	-52	17.24
1030	-146	-40	-163	-51	16.14
1031	-145	-39	-163	-51	17.41
1032	-145	-39	-162	-51	16.91
1033	-146	-39	-161	-51	15.95
1034	-145	-39	-161	-51	16.42
1035	-145	-38	-160	-50	16.08
1036	-145	-38	-160	-50	16.08
1037	-145	-38	-159	-50	15.61
1038	-144	-37	-159	-50	16.89
1039	-144	-37	-158	-50	16.44
1040	-145	-36	-157	-50	16.48
1041	-145	-35	-157	-49	16.55
1042	-144	-35	-156	-49	16.55
1043	-144	-35	-156	-49	16.55
1044	-144	-34	-155	-49	17.07
1045	-145	-33	-155	-49	17.65
1046	-146	-32	-154	-48	17.11
1047	-146	-31	-154	-48	18.06
1048	-146	-31	-153	-48	17.82
1049	-146	-31	-152	-48	17.61
1050	-146	-30	-152	-48	18.58
1051	-146	-29	-151	-47	18.42
1052	-146	-28	-151	-47	19.40
1053	-145	-25	-150	-47	22.36
1054	-143	-23	-150	-47	24.65
1055	-141	-21	-149	-47	26.80
1056	-139	-19	-118	-25	20.35
1057	-139	-18	-116	-24	22.26
1058	-140	-18	-115	-23	23.91
1059	-140	-17	-114	-23	25.12
1060	-140	-16	-113	-22	26.18
1061	-140	-16	-112	-22	27.10
1062	-140	-15	-111	-21	28.18
1063	-140	-15	-110	-21	29.11
1064	-139	-15	-109	-20	29.00
1065	-139	-15	-108	-20	29.94
1066	-138	-15	-107	-19	29.87
1067	-138	-15	-106	-19	30.82
1068	-138	-14	-105	-18	31.93
1069	-138	-15	-104	-18	32.69
1070	-139	-15	-103	-17	34.62
1071	-139	-15	-102	-17	35.57
1072	-139	-15	-101	-16	36.58
1073	-140	-15	-100	-15	38.58
1074	-140	-15	-99	-15	39.54
1075	-140	-15	-98	-14	40.61
1076	-140	-15	-97	-14	41.58
1077	-141	-15	-96	-13	43.64
1078	-141	-15	-95	-13	44.60
1079	-142	-15	-94	-12	46.68
1080	-144	-14	-93	-12	49.64
1081	-149	-14	-92	-11	55.60
1082	-154	-13	-91	-11	61.50
1083	-158	-11	-90	-10	66.72
1084	-159	-10	-89	-10	68.79
1085	-162	-9	-88	-9	72.94
1086	-162	-9	-87	-9	73.92
1087	-163	-8	-86	-8	76.12
1088	-164	-8	-127	4	38.81
1089	-165	-8	-126	4	40.71
1090	-166	-8	-126	5	41.96
1091	-166	-7	-125	6	42.93
1092	-167	-7	-125	6	43.88
1093	-168	-7	-125	7	45.12
1094	-168	-7	-124	8	46.36
1095	-169	-8	-124	9	47.95
1096	-170	-8	-124	9	48.88
1097	-172	-8	-123	10	52.00
1098	-173	-8	-123	11	53.25
1099	-173	-8	-122	11	54.18
1100	-174	-9	-122	12	55.79
1101	-175	-9	-122	13	57.04
1102	-175	-9	-121	14	58.30
1103	-176	-9	-121	14	59.21
1104	-176	-9	-121	15	59.55
1105	-177	-9	-120	16	61.71
1106	-178	-9	-120	16	62.61
1107	179	-10	-119	17	66.96
1108	175	-12	-119	18	71.69
1109	171	-14	-119	19	76.41
1110	167	-16	-118	19	81.63
1111	163	-19	-118	20	86.66
1112	160	-20	-118	21	90.03
1113	156	-22	-117	21	95.10
1114	152	-25	-117	22	99.96
1115	147	-30	-116	23	107.01
1116	141	-34	-116	24	113.44
1117	137	-37	-116	24	117.26
1118	135	-39	-115	25	120.45
1119	134	-41	-115	26	122.05
1120	134	-42	171	3	56.11
1121	135	-44	171	3	56.99
1122	135	-46	170	3	57.95
1123	136	-49	169	4	60.25
1124	136	-51	168	4	61.43
1125	136	-53	168	4	63.04
1126	135	-54	167	5	64.78
1127	135	-55	166	5	65.27
1128	134	-55	165	5	65.27
1129	133	-56	164	6	67.04
1130	132	-58	164	6	69.00
1131	132	-59	163	6	69.55
1132	132	-61	162	7	71.93
1133	132	-62	161	7	72.55
1134	132	-64	161	7	74.28
1135	132	-65	160	8	75.91
1136	132	-65	159	8	75.71
1137	132	-67	158	8	77.31
1138	132	-67	157	9	78.13
1139	131	-68	157	9	79.19
1140	132	-69	156	9	79.79
1141	132	-69	155	10	80.63
1142	131	-70	154	10	81.55
1143	131	-71	154	10	82.48
1144	131	-71	153	11	83.34
1145	130	-71	152	11	83.34
1146	130	-72	151	11	84.16
1147	130	-72	150	12	85.05
1148	130	-73	150	12	85.99
1149	129	-74	149	12	86.93
1150	128	-75	148	13	88.87
1151	128	-75	147	13	88.79
1152	127	-75	72	-76	13.31
1153	127	-76	70	-77	12.82
1154	126	-76	68	-78	12.64
1155	125	-77	66	-79	11.88
1156	125	-77	64	-80	11.90
1157	122	-77	62	-81	11.49
1158	119	-77	60	-82	11.18
1159	113	-77	58	-83	10.63
1160	107	-76	56	-84	11.22
1161	102	-75	54	-85	12.22
1162	99	-74	52	-86	13.58
1163	97	-73	50	-87	15.11
1164	97	-72	48	-88	16.75
1165	99	-72	46	-89	17.42
1166	100	-72	44	-90	18.00
1167	102	-72	42	-90	18.00
1168	103	-72	41	-90	18.00
1169	106	-71	39	-90	19.00
1170	106	-71	37	-90	19.00
1171	106	-71	35	-90	19.00
1172	106	-70	33	-90	20.00
1173	105	-70	31	-90	20.00
1174	104	-69	29	-90	21.00
1175	103	-69	27	-90	21.00
1176	103	-69	25	-90	21.00
1177	104	-68	23	-90	22.00
1178	105	-68	21	-90	22.00
1179	107	-68	19	-90	22.00
1180	108	-68	17	-90	22.00
1181	109	-68	15	-90	22.00
1182	109	-68	13	-90	22.00
1183	110	-67	11	-90	23.00
1184	111	-67	120	-90	23.00
1185	111	-67	119	-90	23.00
1186	111	-67	119	-90	23.00
1187	112	-67	119	-90	23.00
1188	112	-66	119	-90	24.00
1189	112	-66	118	-90	24.00
1190	113	-65	118	-90	25.00
1191	115	-64	118	-90	26.00
1192	116	-63	118	-90	27.00
1193	117	-61	118	-90	29.00
1194	118	-60	117	-90	30.00
1195	120	-58	117	-90	32.00
1196	121	-56	117	-90	34.00
1197	123	-53	117	-90	37.00
1198	125	-50	116	-90	40.00
1199	126	-48	116	-90	42.00
1200	128	-46	116	-90	44.00
1201	128	-45	116	-90	45.00
1202	129	-42	116	-90	48.00
1203	130	-40	115	-90	50.00
1204	132	-38	115	-90	52.00
1205	132	-36	115	-90	54.00
1206	134	-32	115	-90	58.00
1207	135	-29	114	-90	61.00
1208	136	-27	114	-90	63.00
1209	137	-25	114	-90	65.00
1210	138	-22	114	-90	68.00
1211	140	-19	114	-90	71.00
1212	142	-15	113	-90	75.00
1213	147	-11	113	-90	79.00
1214	152	-9	113	-90	81.00
1215	156	-7	113	-90	83.00
1216	159	-6	95	-59	71.69
1217	162	-5	94	-58	74.24
1218	164	-4	94	-58	76.12
1219	166	-2	93	-58	79.37
1220	167	-2	93	-58	79.89
1221	168	-2	92	-57	80.74
1222	169	-1	92	-57	82.12
1223	170	-1	91	-57	83.19
1224	171	-1	91	-57	83.73
1225	172	0	90	-56	85.54
1226	172	0	90	-56	85.54
1227	173	0	89	-56	86.65
1228	174	0	89	-56	87.21
1229	175	1	88	-55	89.10
1230	176	1	88	-55	89.67
1231	176	2	87	-55	91.06
1232	176	1	87	-55	90.25
1233	177	2	86	-54	92.21
1234	177	2	86	-54	92.21
1235	177	2	85	-54	92.79
1236	177	2	85	-54	92.79
1237	178	2	84	-53	94.00
1238	178	2	84	-53	94.00
1239	178	1	83	-53	93.81
1240	179	1	83	-53	94.41
1241	180	0	82	-52	94.92
1242	-179	0	82	-52	95.53
1243	-179	0	81	-52	96.14
1244	-179	0	81	-52	96.14
1245	-178	0	80	-51	97.52
1246	-178	0	80	-51	97.52
1247	-178	0	79	-51	98.14
1248	-177	0	-153	55	58.40
1249	-177	0	-152	56	59.55
1250	-177	0	-150	58	61.83
1251	-177	1	-149	60	62.84
1252	-176	1	-147	62	64.79
1253	-176	1	-146	64	66.72
1254	-176	1	-144	66	68.85
1255	-176	1	-143	68	70.71
1256	-176	1	-141	70	72.75
1257	-175	1	-140	72	74.35
1258	-175	2	-138	74	75.31
1259	-175	2	-137	75	76.26
1260	-175	2	-135	77	78.10
1261	-174	2	-134	79	79.61
1262	-174	2	-132	81	81.34
1263	-174	2	-131	83	82.89
1264	-173	2	-129	85	84.41
1265	-173	2	-128	87	85.88
1266	-172	2	-126	89	87.31
1267	-171	2	-125	90	88.00
1268	-170	2	-123	90	88.00
1269	-169	2	-122	90	88.00
1270	-168	2	-120	90	88.00
1271	-165	2	-119	90	88.00
1272	-161	1	-117	90	89.00
1273	-156	0	-116	90	90.00
1274	-150	-1	-114	90	91.00
1275	-143	-3	-113	90	93.00
1276	-135	-6	-111	90	96.00
1277	-129	-8	-110	90	98.00
1278	-125	-9	-108	90	99.00
1279	-123	-10	-107	90	100.00
1280	-121	-10	-153	6	35.67
1281	-119	-11	-152	6	36.98
1282	-118	-12	-151	6	37.43
1283	-117	-13	-150	6	37.89
1284	-116	-14	-150	6	39.22
1285	-115	-14	-149	6	39.22
1286	-115	-15	-148	7	39.42
1287	-114	-15	-147	7	39.42
1288	-114	-15	-147	7	39.42
1289	-114	-15	-146	7	38.60
1290	-113	-15	-145	7	38.60
1291	-113	-15	-144	8	38.38
1292	-112	-15	-144	8	39.18
1293	-111	-16	-143	8	39.74
1294	-110	-16	-142	8	39.74
1295	-109	-16	-141	8	39.74
1296	-107	-17	-141	9	42.50
1297	-107	-18	-140	9	42.31
1298	-106	-19	-139	9	42.92
1299	-105	-19	-138	9	42.92
1300	-105	-19	-138	9	42.92
1301	-105	-19	-137	9	42.18
1302	-104	-20	-136	10	43.50
1303	-104	-19	-135	10	42.13
1304	-104	-19	-135	10	42.13
1305	-104	-19	-134	10	41.42
1306	-105	-19	-133	10	40.04
1307	-105	-19	-132	11	40.11
1308	-106	-19	-132	11	39.46
1309	-106	-18	-131	11	38.08
1310	-106	-17	-130	11	36.70
1311	-106	-17	-129	11	36.07
1312	-106	-16	-65	-20	39.10
1313	-107	-16	-63	-20	41.92
1314	-107	-16	-61	-20	43.80
1315	-107	-15	-59	-20	45.90
1316	-108	-15	-58	-21	47.75
1317	-108	-15	-56	-21	49.61
1318	-111	-15	-54	-21	54.28
1319	-114	-15	-52	-22	58.84
1320	-114	-15	-51	-22	59.77
1321	-115	-15	-49	-22	62.53
1322	-115	-15	-47	-23	64.27
1323	-115	-15	-45	-23	66.09
1324	-115	-15	-44	-23	67.01
1325	-115	-15	-42	-24	68.70
1326	-116	-15	-40	-24	71.41
1327	-116	-15	-38	-24	73.22
1328	-116	-15	-37	-25	73.95
1329	-117	-15	-35	-25	76.63
1330	-118	-14	-33	-25	79.70
1331	-118	-14	-31	-25	81.47
1332	-118	-13	-30	-26	82.58
1333	-117	-12	-28	-26	83.89
1334	-117	-12	-26	-26	85.65
1335	-116	-11	-24	-27	86.78
1336	-116	-11	-23	-27	87.66
1337	-115	-9	-21	-27	89.45
1338	-115	-9	-19	-28	91.02
1339	-115	-9	-17	-28	92.75
1340	-114	-7	-16	-28	93.71
1341	-114	-5	-14	-29	96.26
1342	-114	-3	-12	-29	98.99
1343	-114	0	-10	-29	102.22
1344	-114	0	-91	-22	31.41
1345	-113	2	-90	-22	32.87
1346	-113	2	-90	-22	32.87
1347	-113	2	-89	-22	33.55
1348	-113	3	-89	-22	34.28
1349	-113	3	-88	-22	34.96
1350	-113	3	-88	-23	35.64
1351	-112	4	-87	-23	36.39
1352	-111	4	-87	-23	35.75
1353	-111	4	-86	-23	36.39
1354	-110	5	-86	-23	36.52
1355	-110	6	-85	-24	38.66
1356	-110	6	-85	-24	38.66
1357	-109	7	-84	-24	39.45
1358	-108	8	-84	-24	39.66
1359	-108	8	-83	-24	40.24
1360	-108	8	-83	-25	41.01
1361	-107	8	-83	-25	40.44
1362	-107	8	-82	-25	41.01
1363	-106	9	-82	-25	41.27
1364	-104	9	-81	-25	40.72
1365	-104	9	-81	-25	40.72
1366	-102	8	-80	-26	40.16
1367	-100	7	-80	-26	38.29
1368	-100	7	-79	-26	38.79
1369	-98	5	-79	-26	36.06
1370	-97	4	-78	-26	35.20
1371	-96	2	-78	-27	33.79
1372	-96	2	-77	-27	34.30
1373	-94	-1	-77	-27	30.70
1374	-92	-4	-76	-27	27.62
1375	-92	-4	-76	-27	27.62
1376	-92	-10	-122	16	39.47
1377	-92	-15	-122	16	42.88
1378	-92	-15	-122	17	43.59
1379	-92	-19	-122	17	46.54
1380	-91	-21	-123	18	50.04
1381	-91	-21	-123	18	50.04
1382	-91	-23	-123	19	52.35
1383	-90	-25	-123	19	54.47
1384	-90	-25	-124	20	55.84
1385	-90	-27	-124	20	57.39
1386	-90	-27	-124	21	58.20
1387	-90	-27	-124	21	58.20
1388	-90	-28	-125	22	60.35
1389	-90	-30	-125	22	61.94
1390	-90	-30	-125	23	62.76
1391	-90	-31	-125	23	63.57
1392	-90	-32	-126	24	65.72
1393	-90	-34	-126	24	67.34
1394	-90	-34	-126	25	68.19
1395	-89	-37	-126	25	71.11
1396	-88	-40	-127	26	75.33
1397	-88	-40	-127	26	75.33
1398	-87	-42	-127	27	78.26
1399	-86	-42	-127	27	78.70
1400	-86	-42	-128	28	80.01
1401	-86	-42	-128	28	80.01
1402	-86	-42	-128	29	80.87
1403	-86	-42	-128	29	80.87
1404	-86	-42	-129	30	82.18
1405	-86	-42	-129	30	82.18
1406	-86	-42	-129	31	83.04
1407	-86	-42	-129	31	83.04
1408	-86	-42	-70	-20	25.82
1409	-86	-42	-69	-20	26.28
1410	-86	-42	-68	-20	26.75
1411	-86	-42	-67	-20	27.23
1412	-86	-42	-67	-21	26.39
1413	-86	-42	-66	-21	26.91
1414	-86	-42	-65	-21	27.44
1415	-86	-42	-65	-22	26.63
1416	-86	-41	-64	-22	26.55
1417	-87	-39	-63	-22	26.62
1418	-87	-39	-63	-23	25.92
1419	-95	-33	-62	-23	30.65
1420	-103	-25	-61	-23	38.27
1421	-103	-25	-61	-24	38.08
1422	-112	-17	-60	-24	48.95
1423	-119	-10	-59	-24	58.64
1424	-119	-10	-59	-25	58.69
1425	-124	-2	-58	-25	67.47
1426	-124	-2	-57	-25	68.37
1427	-127	3	-56	-25	74.18
1428	-128	3	-56	-26	75.26
1429	-128	3	-55	-26	76.14
1430	-129	5	-54	-26	78.84
1431	-129	5	-54	-27	79.04
1432	-129	5	-53	-27	79.91
1433	-129	6	-52	-27	81.26
1434	-129	6	-52	-28	81.46
1435	-129	6	-51	-28	82.33
1436	-129	6	-50	-28	83.20
1437	-129	7	-50	-29	83.88
1438	-129	7	-49	-29	84.74
1439	-129	7	-48	-29	85.60
1440	-129	7	-80	-74	86.43
1441	-129	7	-79	-75	87.28
1442	-129	8	-79	-76	88.91
1443	-130	8	-79	-77	89.74
1444	-130	8	-79	-78	90.38
1445	-130	9	-79	-79	92.00
1446	-130	10	-78	-80	93.77
1447	-130	10	-78	-81	94.40
1448	-130	11	-78	-82	96.02
1449	-130	13	-78	-83	98.64
1450	-130	13	-78	-84	99.27
1451	-131	15	-77	-85	102.03
1452	-131	16	-77	-86	103.62
1453	-131	16	-77	-87	104.22
1454	-132	17	-77	-88	105.85
1455	-132	17	-77	-89	106.42
1456	-132	17	-77	-90	107.00
1457	-132	17	-76	-90	107.00
1458	-132	17	-76	-90	107.00
1459	-132	17	-76	-90	107.00
1460	-132	17	-76	-90	107.00
1461	-132	18	-76	-90	108.00
1462	-132	18	-75	-90	108.00
1463	-132	18	-75	-90	108.00
1464	-132	18	-75	-90	108.00
1465	-132	18	-75	-90	108.00
1466	-132	18	-75	-90	108.00
1467	-132	18	-74	-90	108.00
1468	-132	18	-74	-90	108.00
1469	-132	18	-74	-90	108.00
1470	-133	18	-74	-90	108.00
1471	-133	18	-74	-90	108.00
1472	-133	18	-172	56	47.97
1473	-132	17	-173	57	50.34
1474	-132	17	-174	59	51.93
1475	-132	14	-176	60	56.05
1476	-132	14	-177	62	57.61
1477	-128	0	-178	63	73.03
1478	-128	0	-180	65	74.92
1479	-125	-4	179	66	80.61
1480	-123	-10	178	68	88.34
1481	-123	-10	176	69	89.49
1482	-120	-15	175	71	96.42
1483	-118	-19	174	72	101.55
1484	-118	-19	172	74	102.93
1485	-117	-20	171	75	104.79
1486	-117	-20	170	77	105.75
1487	-117	-22	168	78	108.45
1488	-116	-24	167	80	111.40
1489	-116	-24	166	82	112.11
1490	-115	-25	164	83	113.72
1491	-115	-26	163	85	115.20
1492	-115	-26	162	86	115.45
1493	-114	-27	160	88	116.84
1494	-114	-28	159	89	117.94
1495	-114	-28	158	90	118.00
1496	-114	-28	156	90	118.00
1497	-114	-28	155	90	118.00
1498	-114	-28	154	90	118.00
1499	-114	-27	152	90	117.00
1500	-114	-27	151	90	117.00
1501	-114	-27	150	90	117.00
1502	-114	-28	148	90	118.00
1503	-114	-28	147	90	118.00
1504	-113	-27	-137	29	60.54
1505	-113	-27	-137	29	60.54
1506	-112	-28	-137	29	61.82
1507	-112	-28	-137	30	62.72
1508	-112	-28	-137	30	62.72
1509	-112	-28	-137	30	62.72
1510	-112	-28	-137	31	63.63
1511	-112	-28	-137	31	63.63
1512	-112	-28	-138	31	64.00
1513	-112	-27	-138	32	63.99
1514	-112	-27	-138	32	63.99
1515	-112	-27	-138	32	63.99
1516	-112	-27	-138	33	64.89
1517	-112	-27	-138	33	64.89
1518	-112	-27	-138	33	64.89
1519	-112	-27	-138	34	65.79
1520	-112	-27	-139	34	66.15
1521	-112	-27	-139	34	66.15
1522	-112	-27	-139	35	67.05
1523	-112	-27	-139	35	67.05
1524	-111	-27	-139	35	67.42
1525	-111	-27	-139	36	68.31
1526	-111	-27	-139	36	68.31
1527	-111	-27	-139	36	68.31
1528	-111	-27	-140	37	69.56
1529	-111	-27	-140	37	69.56
1530	-114	-22	-140	37	63.89
1531	-114	-22	-140	38	64.78
1532	-121	-13	-140	38	54.02
1533	-129	-4	-140	38	43.22
1534	-129	-4	-140	39	44.18
1535	-137	3	-140	39	36.10
1536	-142	7	-93	-72	85.11
1537	-142	7	-92	-73	85.99
1538	-144	10	-91	-74	90.20
1539	-145	12	-91	-76	93.59
1540	-145	12	-90	-77	94.38
1541	-146	15	-89	-79	98.84
1542	-147	17	-89	-80	101.53
1543	-147	17	-88	-81	102.22
1544	-149	19	-88	-83	105.50
1545	-149	21	-87	-84	108.09
1546	-149	21	-86	-86	109.14
1547	-150	23	-86	-87	111.66
1548	-152	25	-85	-88	114.20
1549	-152	25	-84	-90	115.00
1550	-154	26	-84	-90	116.00
1551	-155	27	-83	-90	117.00
1552	-155	27	-83	-90	117.00
1553	-157	28	-82	-90	118.00
1554	-157	28	-81	-90	118.00
1555	-158	28	-81	-90	118.00
1556	-158	28	-80	-90	118.00
1557	-158	28	-79	-90	118.00
1558	-159	28	-79	-90	118.00
1559	-160	28	-78	-90	118.00
1560	-160	28	-78	-90	118.00
1561	-161	29	-77	-90	119.00
1562	-161	29	-76	-90	119.00
1563	-161	28	-76	-90	118.00
1564	-161	28	-75	-90	118.00
1565	-162	28	-74	-90	118.00
1566	-164	26	-74	-90	116.00
1567	-164	26	-73	-90	116.00
1568	-167	20	-171	41	21.27
1569	-167	20	-171	42	22.26
1570	-169	13	-172	43	30.11
1571	-169	13	-173	44	31.19
1572	-170	8	-174	45	37.16
1573	-170	8	-175	46	38.24
1574	-171	5	-176	47	42.22
1575	-172	1	-177	48	47.20
1576	-172	1	-178	49	48.28
1577	-172	-1	-179	50	51.35
1578	-173	-7	-180	51	58.31
1579	-173	-7	-180	52	59.30
1580	-174	-9	179	53	62.29
1581	-174	-9	178	54	63.36
1582	-175	-12	177	55	67.34
1583	-175	-12	176	56	68.42
1584	-175	-14	175	58	72.47
1585	-175	-14	174	59	73.55
1586	-176	-18	173	60	78.51
1587	-176	-18	172	61	79.59
1588	-175	-22	171	62	84.74
1589	-175	-22	170	63	85.82
1590	-175	-27	170	64	91.76
1591	-175	-30	169	65	95.82
1592	-175	-30	168	66	96.89
1593	-175	-32	167	67	99.94
1594	-175	-33	166	68	102.00
1595	-175	-33	165	69	103.06
1596	-175	-34	164	70	105.11
1597	-175	-34	163	71	106.17
1598	-175	-35	162	72	108.21
1599	-175	-35	161	73	109.25
1600	-174	-35	168	33	70.06
1601	-174	-35	168	33	70.06
1602	-174	-35	167	33	70.29
1603	-174	-35	166	34	71.49
1604	-176	-36	165	34	72.21
1605	-176	-36	165	35	73.17
1606	-179	-37	164	35	73.71
1607	-179	-37	163	35	73.92
1608	179	-37	162	36	74.68
1609	179	-37	161	36	74.89
1610	179	-37	161	37	75.85
1611	179	-37	160	37	76.06
1612	179	-36	159	37	75.32
1613	179	-36	158	38	76.51
1614	180	-37	158	38	77.70
1615	180	-37	157	39	78.90
1616	179	-39	156	39	80.80
1617	179	-39	155	39	81.04
1618	179	-41	154	40	84.13
1619	179	-41	154	40	84.13
1620	-180	-44	153	41	88.40
1621	-180	-44	152	41	88.65
1622	-178	-48	151	41	93.13
1623	-178	-48	151	42	94.07
1624	-176	-50	150	42	96.69
1625	-176	-50	149	43	97.89
1626	-175	-52	148	43	100.24
1627	-175	-52	147	43	100.52
1628	-174	-53	147	44	102.61
1629	-174	-54	146	44	103.77
1630	-174	-54	145	45	104.97
1631	-174	-55	144	45	106.13
1632	-174	-55	179	-90	35.00
1633	-174	-56	179	-90	34.00
1634	-174	-56	179	-90	34.00
1635	-174	-58	179	-90	32.00
1636	-174	-58	179	-90	32.00
1637	-174	-59	178	-90	31.00
1638	-173	-61	178	-90	29.00
1639	-173	-61	178	-90	29.00
1640	-170	-63	178	-90	27.00
1641	-170	-63	178	-90	27.00
1642	-168	-65	177	-90	25.00
1643	-168	-65	177	-90	25.00
1644	-164	-67	177	-90	23.00
1645	-164	-67	177	-90	23.00
1646	-158	-69	176	-90	21.00
1647	-158	-69	176	-90	21.00
1648	-151	-70	176	-90	20.00
1649	-151	-70	176	-90	20.00
1650	-144	-70	176	-90	20.00
1651	-144	-70	175	-90	20.00
1652	-135	-69	175	-90	21.00
1653	-135	-69	175	-90	21.00
1654	-121	-66	175	-90	24.00
1655	-121	-66	174	-90	24.00
1656	-106	-62	174	-90	28.00
1657	-106	-62	174	-90	28.00
1658	-95	-58	174	-90	32.00
1659	-95	-58	174	-90	32.00
1660	-91	-56	173	-90	34.00
1661	-91	-56	173	-90	34.00
1662	-93	-56	173	-90	34.00
1663	-93	-56	173	-90	34.00
1664	-95	-55	-174	-75	34.96
1665	-95	-55	-174	-75	34.96
1666	-93	-54	-174	-76	36.17
1667	-93	-54	-174	-76	36.17
1668	-90	-51	-174	-77	39.46
1669	-90	-51	-174	-78	39.30
1670	-86	-46	-174	-78	44.87
1671	-86	-46	-174	-79	44.70
1672	-82	-41	-174	-80	50.09
1673	-82	-41	-174	-80	50.09
1674	-80	-38	-174	-81	53.17
1675	-80	-38	-174	-81	53.17
1676	-80	-34	-174	-82	56.93
1677	-80	-34	-174	-83	56.77
1678	-79	-31	-174	-83	59.86
1679	-79	-31	-174	-84	59.71
1680	-79	-29	-174	-85	61.55
1681	-79	-29	-174	-85	61.55
1682	-80	-27	-174	-86	63.35
1683	-80	-27	-174	-86	63.35
1684	-80	-23	-174	-87	67.24
1685	-80	-23	-174	-88	67.15
1686	-82	-20	-174	-88	70.08
1687	-82	-20	-174	-89	70.04
1688	-83	-16	-174	-90	74.00
1689	-83	-16	-174	-90	74.00
1690	-85	-14	-174	-90	76.00
1691	-85	-14	-174	-90	76.00
1692	-86	-12	-174	-90	78.00
1693	-86	-12	-174	-90	78.00
1694	-88	-12	-174	-90	78.00
1695	-88	-12	-174	-90	78.00
1696	-91	-15	-16	-55	69.18
1697	-91	-15	-13	-55	70.90
1698	-92	-15	-11	-55	72.62
1699	-92	-15	-8	-55	74.34
1700	-91	-12	-6	-55	77.34
1701	-91	-12	-3	-55	79.05
1702	-86	-7	-1	-55	81.41
1703	-86	-7	1	-55	82.55
1704	-81	-2	3	-55	84.92
1705	-81	-2	6	-55	86.64
1706	-79	0	8	-55	88.28
1707	-79	0	11	-55	90.00
1708	-78	1	13	-55	91.39
1709	-78	1	16	-55	93.11
1710	-78	3	18	-55	95.90
1711	-78	3	21	-55	97.61
1712	-79	6	23	-55	101.78
1713	-79	6	25	-55	102.92
1714	-80	9	28	-55	107.65
1715	-80	9	30	-55	108.78
1716	-82	11	33	-55	113.22
1717	-82	11	35	-55	114.33
1718	-83	13	38	-55	118.17
1719	-83	13	40	-55	119.25
1720	-84	14	43	-55	122.22
1721	-84	14	45	-55	123.26
1722	-83	14	48	-55	124.28
1723	-83	14	50	-55	125.29
1724	-84	14	53	-55	127.24
1725	-84	14	55	-55	128.18
1726	-84	13	58	-55	128.66
1727	-84	12	60	-55	128.62
1728	-84	12	-87	25	13.31
1729	-87	5	-86	26	21.02
1730	-87	5	-86	27	22.02
1731	-89	-6	-86	28	34.12
1732	-89	-6	-86	30	36.11
1733	-91	-14	-86	31	45.26
1734	-91	-14	-86	32	46.25
1735	-91	-17	-86	33	50.23
1736	-92	-18	-86	35	53.31
1737	-92	-18	-85	36	54.41
1738	-93	-18	-85	37	55.52
1739	-93	-18	-85	38	56.50
1740	-93	-18	-85	40	58.48
1741	-94	-19	-85	41	60.58
1742	-95	-19	-85	42	61.70
1743	-95	-19	-85	43	62.68
1744	-96	-20	-85	45	65.77
1745	-96	-20	-84	46	66.89
1746	-96	-20	-84	47	67.87
1747	-98	-21	-84	48	70.13
1748	-101	-22	-84	50	73.56
1749	-101	-22	-84	51	74.52
1750	-105	-22	-84	52	76.25
1751	-109	-23	-84	53	79.05
1752	-109	-23	-84	55	80.88
1753	-120	-22	-83	56	84.06
1754	-130	-21	-83	57	87.35
1755	-130	-21	-83	58	88.08
1756	-142	-20	-83	60	93.11
1757	-150	-19	-83	61	96.06
1758	-150	-19	-83	62	96.55
1759	-154	-19	-83	63	98.65
1760	-154	-18	-77	39	91.62
1761	-154	-18	-76	39	92.34
1762	-155	-18	-76	40	93.42
1763	-155	-17	-76	41	93.10
1764	-155	-17	-76	42	93.44
1765	-157	-17	-75	43	95.86
1766	-158	-16	-75	44	96.15
1767	-158	-16	-75	44	96.15
1768	-160	-15	-75	45	97.09
1769	-162	-15	-75	46	98.69
1770	-162	-15	-74	47	99.57
1771	-165	-14	-74	48	101.02
1772	-166	-14	-74	49	101.82
1773	-166	-14	-74	49	101.82
1774	-168	-14	-73	50	103.87
1775	-170	-14	-73	51	105.21
1776	-170	-14	-73	52	105.27
1777	-174	-15	-73	53	108.52
1778	-174	-14	-73	54	107.73
1779	-174	-14	-72	55	108.29
1780	-174	-15	-72	55	109.10
1781	-174	-14	-72	56	108.26
1782	-174	-14	-72	57	108.23
1783	-175	-14	-71	58	109.24
1784	-176	-14	-71	59	109.68
1785	-176	-14	-71	60	109.58
1786	-177	-14	-71	60	110.07
1787	-177	-13	-71	61	109.08
1788	-177	-13	-70	62	109.41
1789	-177	-13	-70	63	109.25
1790	-177	-13	-70	64	109.09
1791	-177	-13	-70	65	108.92
