frame_id	phi	theta	est_phi	est_theta	err_phi	err_theta	speed	err_ang
0	-72	-14	0	0	72.55
1	-72	-14	0	0	72.55
2	-72	-14	0	0	72.55
3	-72	-14	0	0	72.55
4	-72	-14	0	0	72.55
5	-72	-14	0	0	72.55
6	-73	-14	0	0	73.52
7	-72	-14	0	0	72.55
8	-73	-14	0	0	73.52
9	-72	-14	0	0	72.55
10	-72	-14	0	0	72.55
11	-72	-14	0	0	72.55
12	-71	-13	0	0	71.50
13	-71	-13	0	0	71.50
14	-71	-13	0	0	71.50
15	-70	-13	0	0	70.53
16	-69	-12	0	0	69.48
17	-69	-12	0	0	69.48
18	-69	-12	0	0	69.48
19	-70	-12	0	0	70.46
20	-70	-12	0	0	70.46
21	-70	-12	0	0	70.46
22	-71	-11	0	0	71.36
23	-72	-11	0	0	72.34
24	-73	-10	0	0	73.27
25	-74	-10	0	0	74.25
26	-76	-9	0	0	76.18
27	-78	-8	0	0	78.12
28	-80	-8	0	0	80.10
29	-83	-8	0	0	83.07
30	-86	-7	0	0	86.03
31	-88	-7	0	0	88.01
32	-91	-7	-72	-14	19.94
33	-94	-6	-72	-14	23.07
34	-96	-5	-72	-14	25.29
35	-99	-5	-72	-14	28.07
36	-101	-4	-72	-14	30.29
37	-103	-4	-72	-14	32.16
38	-104	-4	-72	-14	33.10
39	-106	-4	-72	-14	34.98
40	-107	-3	-72	-14	36.26
41	-108	-3	-72	-14	37.20
42	-109	-3	-72	-14	38.14
43	-110	-3	-72	-14	39.08
44	-111	-4	-72	-14	39.73
45	-113	-4	-72	-14	41.64
46	-114	-4	-72	-14	42.59
47	-116	-5	-72	-14	44.24
48	-117	-5	-72	-14	45.20
49	-119	-6	-72	-14	46.89
50	-121	-7	-72	-14	48.60
51	-123	-7	-72	-14	50.54
52	-125	-8	-72	-14	52.27
53	-127	-9	-72	-14	54.02
54	-130	-10	-72	-14	56.74
55	-132	-10	-72	-14	58.68
56	-134	-11	-72	-14	60.44
57	-136	-12	-72	-14	62.20
58	-138	-12	-72	-14	64.13
59	-139	-13	-72	-14	64.92
60	-140	-13	-72	-14	65.88
61	-141	-13	-72	-14	66.84
62	-142	-13	-72	-14	67.80
63	-143	-13	-72	-14	68.76
64	-144	-14	-110	0	36.45
65	-145	-14	-110	0	37.36
66	-146	-14	-111	0	37.36
67	-148	-14	-111	0	39.20
68	-149	-14	-112	0	39.20
69	-151	-14	-112	1	41.43
70	-153	-14	-113	1	42.36
71	-154	-14	-114	1	42.36
72	-157	-13	-114	1	44.88
73	-160	-12	-115	1	46.53
74	-162	-11	-115	2	48.52
75	-164	-11	-116	2	49.48
76	-166	-11	-117	2	50.43
77	-167	-10	-117	2	51.20
78	-168	-10	-118	3	51.46
79	-169	-10	-118	3	52.42
80	-170	-10	-119	3	52.42
81	-171	-10	-120	3	52.42
82	-172	-10	-120	3	53.39
83	-173	-10	-121	4	53.65
84	-174	-10	-121	4	54.61
85	-175	-10	-122	4	54.61
86	-176	-10	-123	4	54.61
87	-177	-10	-123	5	55.84
88	-177	-10	-124	5	54.88
89	-177	-9	-124	5	54.65
90	-178	-9	-125	5	54.65
91	-178	-9	-126	5	53.69
92	-179	-9	-126	6	54.91
93	-179	-9	-127	6	53.96
94	-179	-9	-127	6	53.96
95	-179	-9	-128	6	53.00
96	-178	-9	163	-21	21.89
97	-178	-8	162	-21	23.28
98	-177	-8	160	-21	25.73
99	-177	-8	159	-21	26.56
100	-177	-8	157	-21	28.26
101	-177	-8	155	-22	30.36
102	-177	-7	154	-22	31.73
103	-177	-8	152	-22	32.95
104	-177	-7	150	-22	35.17
105	-177	-7	149	-22	36.04
106	-176	-7	147	-23	38.99
107	-176	-7	145	-23	40.74
108	-176	-7	144	-23	41.62
109	-176	-7	142	-23	43.40
110	-176	-6	140	-24	45.89
111	-175	-7	139	-24	47.20
112	-176	-7	137	-24	48.09
113	-176	-7	135	-24	49.88
114	-177	-7	134	-24	49.88
115	-178	-7	132	-25	50.97
116	-178	-7	130	-25	52.75
117	-178	-7	129	-25	53.64
118	-178	-7	127	-25	55.43
119	-178	-6	125	-26	57.81
120	-178	-6	124	-26	58.70
121	-178	-6	122	-26	60.48
122	-179	-6	120	-26	61.37
123	-178	-6	119	-26	63.15
124	-179	-6	117	-27	64.16
125	-179	-7	115	-27	65.48
126	-179	-7	114	-27	66.37
127	-179	-7	112	-27	68.15
128	179	-7	148	-4	31.00
129	178	-8	147	-3	31.25
130	177	-8	146	-3	31.25
131	177	-8	145	-3	32.23
132	177	-8	144	-3	33.21
133	177	-8	143	-3	34.20
134	176	-8	142	-3	34.20
135	176	-8	141	-2	35.36
136	177	-8	140	-2	37.32
137	177	-8	139	-2	38.30
138	178	-8	138	-2	40.27
139	179	-8	137	-2	42.24
140	-179	-8	136	-2	45.20
141	-178	-8	135	-1	47.34
142	-177	-8	134	-1	49.31
143	-176	-9	133	-1	51.38
144	-175	-9	131	-1	54.32
145	-175	-9	130	-1	55.31
146	-175	-9	129	-1	56.29
147	-174	-10	128	-1	58.34
148	-174	-10	127	0	59.52
149	-173	-10	126	0	61.48
150	-173	-10	125	0	62.46
151	-173	-10	124	0	63.44
152	-173	-10	123	0	64.42
153	-173	-10	122	0	65.41
154	-174	-11	121	0	65.49
155	-174	-11	120	0	66.47
156	-175	-11	119	0	66.47
157	-176	-11	118	0	66.47
158	-177	-10	117	0	66.39
159	-178	-9	116	0	66.31
160	-180	-8	176	-5	4.98
161	179	-7	175	-4	4.98
162	178	-6	175	-4	3.60
163	177	-6	175	-4	2.82
164	176	-5	175	-4	1.41
165	174	-4	175	-4	1.00
166	171	-3	175	-4	4.12
167	169	-2	175	-4	6.32
168	167	-2	175	-4	8.24
169	165	-1	175	-4	10.43
170	164	0	175	-4	11.70
171	163	0	174	-4	11.70
172	162	0	174	-4	12.64
173	160	0	174	-4	14.55
174	159	1	174	-4	15.80
175	157	2	174	-4	18.02
176	156	2	174	-4	18.96
177	155	2	174	-3	19.64
178	155	2	174	-3	19.64
179	155	2	174	-3	19.64
180	154	2	174	-3	20.61
181	154	2	174	-3	20.61
182	154	2	173	-3	19.64
183	153	2	173	-3	20.61
184	153	2	173	-3	20.61
185	153	2	173	-3	20.61
186	153	2	173	-3	20.61
187	152	2	173	-3	21.58
188	153	2	173	-3	20.61
189	153	2	173	-3	20.61
190	153	2	173	-3	20.61
191	154	2	173	-3	19.64
192	155	2	-179	-9	28.15
193	155	2	-178	-9	29.07
194	155	2	-178	-9	29.07
195	156	2	-178	-9	28.15
196	156	2	-178	-9	28.15
197	157	2	-178	-9	27.23
198	158	1	-178	-9	25.92
199	160	1	-178	-9	24.09
200	161	1	-178	-9	23.19
201	162	1	-178	-9	22.29
202	163	1	-178	-9	21.41
203	163	1	-178	-9	21.41
204	163	1	-178	-9	21.41
205	164	0	-178	-9	20.06
206	164	0	-178	-9	20.06
207	164	0	-178	-9	20.06
208	164	0	-178	-9	20.06
209	164	0	-178	-9	20.06
210	164	0	-178	-9	20.06
211	165	-1	-178	-9	18.72
212	165	-1	-178	-9	18.72
213	165	-1	-178	-9	18.72
214	166	-1	-178	-9	17.82
215	166	-1	-178	-9	17.82
216	166	-1	-178	-9	17.82
217	166	-1	-178	-9	17.82
218	167	-1	-178	-9	16.94
219	167	-1	-178	-9	16.94
220	167	-1	-178	-9	16.94
221	167	-1	-178	-9	16.94
222	168	-1	-178	-9	16.07
223	168	-1	-178	-9	16.07
224	169	-1	130	12	40.85
225	170	-1	129	12	42.74
226	171	-1	128	12	44.63
227	173	-1	127	12	47.49
228	175	-1	126	13	50.56
229	177	-1	126	13	52.47
230	178	-2	125	13	54.68
231	179	-2	124	14	56.79
232	179	-2	123	14	57.74
233	179	-2	122	14	58.69
234	179	-2	122	15	58.89
235	179	-2	121	15	59.83
236	179	-2	120	15	60.78
237	179	-2	119	16	61.92
238	179	-2	119	16	61.92
239	179	-2	118	16	62.86
240	179	-2	117	17	63.99
241	-179	-2	116	17	66.81
242	-179	-2	115	17	67.76
243	-179	-3	115	17	68.09
244	-179	-3	114	18	69.21
245	-178	-3	113	18	71.08
246	-178	-3	112	18	72.02
247	-178	-3	112	19	72.19
248	-178	-3	111	19	73.12
249	-178	-3	110	19	74.05
250	-178	-3	109	20	75.14
251	-179	-3	108	20	75.14
252	-179	-3	108	20	75.14
253	-179	-3	107	21	76.22
254	-179	-3	106	21	77.14
255	-179	-3	105	21	78.07
256	-179	-3	-177	-4	2.23
257	-179	-2	-177	-4	2.83
258	-179	-2	-177	-4	2.83
259	-179	-3	-176	-4	3.16
260	-179	-3	-176	-4	3.16
261	-179	-3	-175	-4	4.12
262	-179	-3	-175	-4	4.12
263	-179	-3	-174	-4	5.09
264	-179	-3	-174	-4	5.09
265	-179	-3	-174	-4	5.09
266	-179	-3	-173	-4	6.07
267	-179	-3	-173	-5	6.31
268	-179	-3	-172	-5	7.26
269	-178	-3	-172	-5	6.31
270	-178	-3	-171	-5	7.26
271	-178	-3	-171	-5	7.26
272	-178	-3	-170	-5	8.23
273	-178	-3	-170	-5	8.23
274	-178	-3	-170	-5	8.23
275	-178	-3	-169	-5	9.20
276	-178	-3	-169	-5	9.20
277	-178	-3	-168	-5	10.17
278	-178	-4	-168	-6	10.16
279	-178	-4	-167	-6	11.14
280	-178	-4	-167	-6	11.14
281	-178	-4	-167	-6	11.14
282	-178	-4	-166	-6	12.12
283	-178	-3	-166	-6	12.33
284	-178	-3	-165	-6	13.30
285	-178	-4	-165	-6	13.10
286	-178	-4	-164	-6	14.09
287	-178	-4	-164	-6	14.09
288	-178	-4	-167	-5	11.01
289	-178	-4	-166	-5	12.00
290	-178	-4	-166	-5	12.00
291	-178	-4	-165	-5	13.00
292	-178	-4	-165	-5	13.00
293	-178	-4	-165	-5	13.00
294	-178	-4	-164	-5	13.99
295	-178	-4	-164	-5	13.99
296	-178	-3	-164	-5	14.11
297	-178	-4	-163	-5	14.99
298	-178	-4	-163	-5	14.99
299	-178	-4	-162	-5	15.98
300	-179	-4	-162	-5	16.98
301	-179	-4	-162	-5	16.98
302	-179	-4	-161	-5	17.97
303	-179	-4	-161	-5	17.97
304	-179	-4	-161	-6	18.04
305	-179	-5	-160	-6	18.94
306	179	-5	-160	-6	20.93
307	178	-6	-159	-6	22.87
308	176	-7	-159	-6	24.86
309	174	-8	-159	-6	26.87
310	171	-10	-158	-6	30.94
311	169	-10	-158	-6	32.91
312	168	-11	-158	-6	33.97
313	166	-11	-157	-6	36.91
314	165	-11	-157	-6	37.89
315	165	-11	-156	-6	38.86
316	165	-10	-156	-6	38.80
317	165	-10	-156	-6	38.80
318	165	-10	-155	-6	39.79
319	165	-10	-155	-6	39.79
320	164	-10	-177	-5	19.48
321	164	-10	-176	-5	20.44
322	164	-10	-176	-5	20.44
323	164	-10	-176	-5	20.44
324	164	-10	-176	-5	20.44
325	164	-10	-176	-5	20.44
326	164	-10	-176	-5	20.44
327	165	-10	-176	-5	19.48
328	165	-9	-176	-5	19.27
329	165	-9	-176	-5	19.27
330	165	-9	-176	-5	19.27
331	165	-9	-176	-5	19.27
332	166	-9	-176	-5	18.30
333	167	-9	-176	-5	17.34
334	168	-9	-176	-5	16.37
335	169	-9	-176	-5	15.41
336	170	-9	-176	-5	14.46
337	170	-9	-176	-5	14.46
338	170	-9	-176	-5	14.46
339	170	-9	-176	-5	14.46
340	170	-9	-176	-5	14.46
341	170	-9	-176	-5	14.46
342	170	-8	-176	-5	14.23
343	170	-8	-176	-5	14.23
344	170	-8	-176	-5	14.23
345	170	-8	-176	-5	14.23
346	170	-8	-176	-5	14.23
347	170	-8	-176	-5	14.23
348	170	-8	-176	-5	14.23
349	170	-8	-176	-5	14.23
350	170	-9	-176	-5	14.46
351	170	-9	-176	-5	14.46
352	170	-9	146	-16	24.43
353	170	-8	145	-16	25.70
354	170	-8	144	-16	26.63
355	171	-8	144	-16	27.56
356	172	-8	143	-16	29.43
357	173	-8	143	-16	30.37
358	174	-7	142	-17	32.80
359	174	-7	142	-17	32.80
360	175	-7	141	-17	34.66
361	175	-7	140	-17	35.60
362	175	-7	140	-17	35.60
363	175	-7	139	-18	36.74
364	175	-7	139	-18	36.74
365	175	-7	138	-18	37.67
366	175	-7	138	-18	37.67
367	175	-7	137	-18	38.60
368	174	-7	137	-19	37.89
369	174	-7	136	-19	38.81
370	173	-7	135	-19	38.81
371	173	-7	135	-19	38.81
372	172	-7	134	-19	38.81
373	172	-6	134	-19	39.19
374	172	-6	133	-20	40.36
375	172	-6	133	-20	40.36
376	172	-6	132	-20	41.27
377	172	-6	131	-20	42.18
378	172	-6	131	-20	42.18
379	172	-6	130	-21	43.33
380	172	-6	130	-21	43.33
381	172	-6	129	-21	44.23
382	172	-6	129	-21	44.23
383	172	-7	128	-21	44.75
384	172	-7	176	-8	4.09
385	171	-7	176	-7	4.96
386	171	-7	176	-7	4.96
387	171	-7	176	-7	4.96
388	171	-8	176	-7	5.06
389	172	-8	176	-7	4.09
390	172	-10	177	-7	5.78
391	173	-11	177	-7	5.62
392	173	-13	177	-7	7.18
393	173	-13	177	-7	7.18
394	173	-14	177	-7	8.03
395	174	-16	178	-7	9.81
396	174	-16	178	-7	9.81
397	172	-17	178	-7	11.59
398	170	-17	178	-7	12.69
399	169	-17	178	-7	13.31
400	168	-17	179	-7	14.68
401	166	-17	179	-7	16.16
402	164	-17	179	-7	17.74
403	162	-16	179	-7	18.92
404	161	-16	179	-7	19.78
405	161	-16	179	-7	19.78
406	162	-16	-180	-7	19.78
407	163	-16	-180	-7	18.92
408	164	-16	-180	-7	18.06
409	164	-16	-180	-7	18.06
410	165	-16	-180	-7	17.22
411	165	-16	-179	-7	18.06
412	166	-16	-179	-7	17.22
413	167	-16	-179	-7	16.39
414	168	-16	-179	-7	15.58
415	168	-16	-179	-7	15.58
416	168	-16	174	-5	12.48
417	168	-15	174	-4	12.49
418	167	-15	174	-4	12.98
419	167	-15	174	-4	12.98
420	167	-15	174	-4	12.98
421	167	-15	174	-4	12.98
422	167	-15	174	-4	12.98
423	168	-15	174	-4	12.49
424	168	-15	174	-4	12.49
425	168	-14	174	-4	11.62
426	168	-14	174	-4	11.62
427	169	-14	174	-4	11.15
428	169	-14	174	-4	11.15
429	170	-14	174	-4	10.75
430	170	-14	174	-4	10.75
431	170	-14	174	-4	10.75
432	169	-14	175	-4	11.62
433	169	-14	175	-3	12.49
434	169	-14	175	-3	12.49
435	169	-14	175	-3	12.49
436	169	-14	175	-3	12.49
437	169	-14	175	-3	12.49
438	169	-14	175	-3	12.49
439	169	-14	175	-3	12.49
440	168	-14	175	-3	12.99
441	168	-14	175	-3	12.99
442	169	-14	175	-3	12.49
443	169	-14	175	-3	12.49
444	170	-14	175	-3	12.06
445	170	-14	175	-3	12.06
446	170	-14	175	-3	12.06
447	170	-14	175	-3	12.06
448	169	-14	164	-25	11.96
449	170	-14	163	-25	12.82
450	169	-14	163	-25	12.36
451	170	-14	163	-25	12.82
452	170	-14	163	-26	13.68
453	170	-14	163	-26	13.68
454	170	-14	163	-26	13.68
455	170	-14	163	-26	13.68
456	170	-14	163	-27	14.55
457	170	-14	162	-27	14.99
458	170	-14	162	-27	14.99
459	171	-14	162	-28	16.31
460	171	-14	162	-28	16.31
461	171	-13	162	-28	17.19
462	172	-13	162	-28	17.66
463	172	-14	162	-29	17.63
464	172	-14	162	-29	17.63
465	173	-14	161	-29	18.67
466	173	-14	161	-30	19.46
467	174	-14	161	-30	19.99
468	175	-14	161	-30	20.56
469	177	-13	161	-30	22.54
470	179	-12	161	-31	25.25
471	-178	-12	161	-31	27.15
472	-175	-11	161	-31	29.89
473	-172	-11	160	-32	33.27
474	-170	-10	160	-32	35.38
475	-166	-10	160	-32	38.33
476	-163	-9	160	-32	41.25
477	-160	-9	160	-33	43.97
478	-157	-8	160	-33	46.91
479	-154	-8	160	-33	49.25
480	-151	-8	170	-12	38.58
481	-147	-7	170	-11	42.62
482	-142	-7	170	-11	47.53
483	-137	-7	170	-11	52.44
484	-130	-6	170	-11	59.46
485	-122	-6	170	-11	67.32
486	-114	-4	170	-11	75.51
487	-104	-2	170	-11	85.69
488	-93	-2	170	-11	96.48
489	-83	-2	170	-11	106.27
490	-74	-1	170	-11	115.27
491	-65	-1	170	-11	124.03
492	-58	-2	170	-11	130.52
493	-50	-2	170	-11	138.15
494	-43	-2	170	-11	144.70
495	-37	-2	170	-11	150.16
496	-32	-3	170	-11	154.02
497	-28	-3	170	-10	157.86
498	-25	-4	170	-10	159.52
499	-22	-5	170	-10	160.82
500	-20	-5	170	-10	161.99
501	-19	-5	170	-10	162.52
502	-16	-6	170	-10	162.92
503	-14	-6	170	-10	163.51
504	-11	-6	170	-10	163.97
505	-8	-6	170	-10	163.88
506	-6	-6	170	-10	163.51
507	-3	-6	170	-10	162.55
508	-1	-6	170	-10	161.66
509	0	-7	170	-10	160.30
510	0	-7	170	-10	160.30
511	1	-7	170	-10	159.78
512	2	-8	-111	-2	112.45
513	2	-9	-109	-1	110.56
514	3	-9	-108	-1	110.56
515	4	-10	-107	-1	110.48
516	5	-12	-106	-1	110.30
517	5	-13	-104	-1	108.26
518	7	-15	-103	0	109.29
519	9	-17	-102	0	110.04
520	10	-19	-101	0	109.81
521	12	-20	-99	0	109.68
522	15	-22	-98	0	111.24
523	17	-24	-97	0	111.81
524	19	-25	-96	0	112.52
525	21	-26	-94	0	112.32
526	24	-27	-93	0	113.86
527	26	-28	-92	0	114.49
528	27	-28	-91	1	115.00
529	29	-28	-89	1	115.00
530	30	-29	-88	1	114.77
531	30	-30	-87	1	113.69
532	31	-30	-86	1	113.69
533	32	-31	-84	1	112.62
534	32	-31	-83	2	112.33
535	32	-31	-82	2	111.49
536	32	-32	-81	2	110.47
537	33	-32	-79	2	109.63
538	33	-32	-78	2	108.80
539	33	-32	-77	3	108.50
540	33	-32	-76	3	107.67
541	33	-32	-74	3	105.98
542	32	-33	-73	3	104.20
543	32	-34	-72	3	103.27
544	32	-34	155	-8	111.67
545	31	-35	159	-8	114.81
546	30	-36	164	-8	118.34
547	29	-37	169	-8	121.47
548	27	-38	174	-8	124.66
549	25	-39	178	-8	126.74
550	22	-41	-177	-8	127.98
551	21	-41	-172	-8	129.56
552	18	-42	-167	-8	129.79
553	15	-42	-162	-8	129.92
554	12	-43	-158	-8	128.19
555	10	-43	-153	-8	126.70
556	8	-44	-148	-8	123.65
557	6	-45	-143	-8	120.12
558	6	-46	-139	-8	117.61
559	4	-46	-134	-8	114.27
560	4	-47	-129	-8	111.03
561	3	-47	-124	-8	107.74
562	1	-48	-119	-8	103.17
563	0	-48	-115	-8	100.17
564	-1	-49	-110	-8	96.11
565	-2	-49	-105	-8	92.36
566	-3	-50	-100	-8	88.34
567	-3	-51	-96	-8	85.67
568	-2	-51	-91	-8	83.16
569	-2	-52	-86	-8	80.01
570	-2	-53	-81	-8	77.01
571	-2	-53	-76	-8	74.01
572	-2	-54	-72	-8	71.84
573	-1	-55	-67	-8	69.82
574	0	-56	-62	-8	67.95
575	1	-58	-57	-8	66.66
576	3	-59	62	-60	28.96
577	4	-61	62	-60	27.64
578	5	-63	63	-61	26.37
579	5	-64	64	-62	25.90
580	4	-65	65	-63	25.77
581	2	-66	66	-64	25.94
582	-1	-68	67	-64	26.51
583	-7	-69	68	-65	27.71
584	-12	-70	69	-66	28.33
585	-17	-71	70	-67	28.72
586	-24	-73	71	-68	28.70
587	-28	-73	72	-68	29.81
588	-33	-73	73	-69	30.24
589	-36	-72	74	-70	30.96
590	-38	-72	75	-71	30.69
591	-37	-72	76	-72	29.87
592	-37	-71	77	-73	30.06
593	-36	-70	77	-73	30.73
594	-36	-69	78	-74	30.99
595	-36	-69	79	-75	30.39
596	-36	-70	80	-76	28.89
597	-36	-70	81	-77	28.28
598	-35	-71	82	-77	27.37
599	-33	-71	83	-78	26.47
600	-32	-70	84	-79	26.64
601	-30	-71	85	-80	24.87
602	-30	-71	86	-81	24.28
603	-29	-71	87	-81	24.28
604	-32	-74	88	-82	21.14
605	-31	-76	89	-83	18.50
606	-27	-76	90	-84	17.54
607	-23	-76	91	-85	16.66
608	-21	-76	-26	-84	8.04
609	-23	-77	-26	-84	7.02
610	-24	-78	-27	-85	7.01
611	-26	-79	-28	-86	7.00
612	-26	-78	-29	-87	9.01
613	-21	-77	-30	-87	10.05
614	-19	-76	-31	-88	12.05
615	-17	-76	-32	-89	13.04
616	-17	-76	-33	-90	14.00
617	-13	-76	-34	-90	14.00
618	-11	-76	-35	-90	14.00
619	-9	-77	-35	-90	13.00
620	-6	-76	-36	-90	14.00
621	-6	-76	-37	-90	14.00
622	-5	-75	-38	-90	15.00
623	-5	-74	-39	-90	16.00
624	-4	-74	-40	-90	16.00
625	-6	-75	-41	-90	15.00
626	-5	-76	-42	-90	14.00
627	-8	-78	-43	-90	12.00
628	-14	-76	-44	-90	14.00
629	-14	-75	-45	-90	15.00
630	-12	-76	-45	-90	14.00
631	-13	-77	-46	-90	13.00
632	-16	-77	-47	-90	13.00
633	-15	-77	-48	-90	13.00
634	-14	-79	-49	-90	11.00
635	-11	-80	-50	-90	10.00
636	-10	-80	-51	-90	10.00
637	-10	-80	-52	-90	10.00
638	-10	-81	-53	-90	9.00
639	-10	-81	-54	-90	9.00
640	-13	-81	-45	-90	9.00
641	-15	-81	-45	-90	9.00
642	-17	-81	-46	-90	9.00
643	-17	-81	-47	-90	9.00
644	-16	-80	-48	-90	10.00
645	-17	-80	-48	-90	10.00
646	-16	-80	-49	-90	10.00
647	-16	-80	-50	-90	10.00
648	-16	-80	-51	-90	10.00
649	-16	-80	-51	-90	10.00
650	-16	-80	-52	-90	10.00
651	-16	-80	-53	-90	10.00
652	-17	-80	-54	-90	10.00
653	-19	-80	-54	-90	10.00
654	-19	-80	-55	-90	10.00
655	-17	-80	-56	-90	10.00
656	-19	-80	-57	-90	10.00
657	-20	-80	-57	-90	10.00
658	-18	-80	-58	-90	10.00
659	-16	-79	-59	-90	11.00
660	-16	-79	-60	-90	11.00
661	-17	-78	-60	-90	12.00
662	-16	-78	-61	-90	12.00
663	-15	-78	-62	-90	12.00
664	-15	-77	-63	-90	13.00
665	-15	-77	-63	-90	13.00
666	-14	-77	-64	-90	13.00
667	-14	-77	-65	-90	13.00
668	-13	-78	-66	-90	12.00
669	-14	-78	-66	-90	12.00
670	-15	-79	-67	-90	11.00
671	-15	-79	-68	-90	11.00
672	-15	-80	-5	-86	6.10
673	-15	-80	-4	-86	6.12
674	-14	-81	-4	-86	5.11
675	-12	-82	-4	-86	4.08
676	-12	-82	-4	-86	4.08
677	-14	-83	-3	-86	3.17
678	-15	-84	-3	-86	2.25
679	-16	-84	-3	-87	3.15
680	-17	-85	-3	-87	2.21
681	-22	-85	-2	-87	2.41
682	-25	-86	-2	-87	1.70
683	-25	-86	-2	-87	1.70
684	-27	-85	-2	-87	2.61
685	-25	-85	-1	-88	3.28
686	-28	-85	-1	-88	3.34
687	-30	-85	-1	-88	3.39
688	-32	-85	-1	-88	3.44
689	-32	-84	0	-88	4.43
690	-30	-84	0	-88	4.38
691	-26	-84	0	-88	4.29
692	-22	-82	0	-89	7.08
693	-17	-79	0	-89	10.05
694	-12	-77	0	-89	12.02
695	-9	-74	0	-89	15.01
696	-6	-69	1	-89	20.01
697	-4	-65	1	-89	24.00
698	-2	-61	1	-90	29.00
699	-1	-59	1	-90	31.00
700	-1	-57	2	-90	33.00
701	-1	-56	2	-90	34.00
702	-1	-55	2	-90	35.00
703	-2	-54	2	-90	36.00
704	-3	-52	-17	-79	27.44
705	-3	-51	-17	-78	27.49
706	-3	-49	-17	-78	29.48
707	-3	-47	-17	-78	31.47
708	-2	-45	-17	-78	33.52
709	-1	-44	-17	-78	34.59
710	-1	-43	-17	-78	35.58
711	-1	-42	-17	-78	36.58
712	-1	-40	-17	-78	38.57
713	-1	-40	-17	-78	38.57
714	-1	-39	-17	-78	39.57
715	-1	-39	-17	-78	39.57
716	-1	-39	-17	-78	39.57
717	-1	-38	-17	-78	40.56
718	-1	-38	-17	-78	40.56
719	-1	-37	-17	-78	41.56
720	0	-37	-18	-78	41.70
721	0	-37	-18	-78	41.70
722	2	-37	-18	-78	41.87
723	4	-37	-18	-78	42.05
724	7	-36	-18	-78	43.33
725	11	-36	-18	-78	43.78
726	14	-36	-18	-78	44.14
727	16	-36	-18	-78	44.41
728	19	-35	-18	-78	45.81
729	21	-35	-18	-78	46.10
730	24	-34	-18	-78	47.54
731	26	-34	-18	-78	47.86
732	27	-34	-18	-78	48.02
733	29	-34	-18	-78	48.35
734	29	-34	-18	-78	48.35
735	30	-34	-18	-78	48.52
736	30	-33	9	-24	20.48
737	31	-34	9	-23	22.17
738	32	-34	9	-22	23.50
739	32	-34	10	-21	23.36
740	33	-34	10	-20	24.72
741	33	-34	10	-19	25.36
742	33	-34	11	-18	25.33
743	33	-34	11	-17	26.03
744	33	-34	12	-17	25.36
745	33	-33	12	-16	25.48
746	33	-33	12	-15	26.20
747	33	-33	13	-14	26.31
748	32	-33	13	-13	26.47
749	31	-33	13	-12	26.69
750	29	-33	14	-11	25.96
751	28	-33	14	-10	26.37
752	27	-33	15	-10	25.52
753	25	-32	15	-9	24.80
754	24	-32	15	-8	25.42
755	23	-32	16	-7	25.84
756	22	-32	16	-6	26.60
757	21	-32	16	-5	27.40
758	20	-32	17	-4	28.14
759	19	-32	17	-3	29.06
760	18	-32	18	-3	29.00
761	17	-32	18	-2	30.01
762	16	-32	18	-1	31.06
763	15	-32	19	0	32.22
764	14	-32	19	0	32.35
765	13	-32	19	1	33.49
766	12	-32	20	2	34.84
767	11	-33	20	3	36.99
768	10	-33	63	-14	51.57
769	10	-33	64	-13	52.93
770	9	-33	65	-12	55.11
771	9	-33	66	-12	55.94
772	8	-33	67	-11	58.13
773	8	-33	68	-11	58.97
774	8	-33	69	-10	60.33
775	7	-33	70	-9	62.53
776	7	-33	71	-9	63.36
777	7	-33	72	-8	64.74
778	7	-33	73	-8	65.57
779	6	-33	74	-7	67.78
780	6	-33	75	-6	69.16
781	6	-33	76	-6	69.99
782	6	-34	77	-5	71.48
783	6	-34	78	-5	72.31
784	6	-34	79	-4	73.69
785	6	-34	80	-3	75.08
786	6	-34	81	-3	75.90
787	6	-34	82	-2	77.29
788	6	-34	83	-2	78.12
789	6	-34	84	-1	79.51
790	6	-34	85	0	80.90
791	6	-34	86	0	81.72
792	6	-34	87	0	82.55
793	6	-34	88	0	83.37
794	6	-34	89	1	84.76
795	6	-34	90	2	86.15
796	6	-34	91	2	86.98
797	6	-34	92	3	88.37
798	5	-34	93	3	90.02
799	5	-34	94	4	91.41
800	4	-34	-10	-33	11.71
801	3	-34	-10	-33	10.88
802	2	-33	-11	-33	10.90
803	1	-33	-11	-33	10.06
804	0	-33	-12	-33	10.06
805	-1	-32	-13	-33	10.16
806	-3	-32	-13	-33	8.49
807	-5	-32	-14	-33	7.65
808	-6	-32	-15	-33	7.65
809	-8	-32	-15	-33	5.99
810	-9	-32	-16	-33	5.99
811	-9	-32	-16	-33	5.99
812	-9	-32	-17	-33	6.82
813	-9	-32	-18	-33	7.65
814	-8	-32	-18	-33	8.49
815	-8	-32	-19	-33	9.33
816	-8	-32	-20	-33	10.16
817	-8	-32	-20	-33	10.16
818	-9	-32	-21	-33	10.16
819	-8	-33	-21	-33	10.90
820	-8	-33	-22	-33	11.73
821	-8	-33	-23	-33	12.57
822	-8	-33	-23	-33	12.57
823	-8	-33	-24	-33	13.41
824	-7	-33	-25	-33	15.08
825	-7	-33	-25	-33	15.08
826	-6	-33	-26	-33	16.75
827	-6	-34	-26	-33	16.68
828	-5	-34	-27	-33	18.34
829	-5	-34	-28	-33	19.17
830	-5	-34	-28	-33	19.17
831	-5	-34	-29	-33	19.99
832	-4	-34	-2	-35	1.93
833	-4	-34	-2	-35	1.93
834	-4	-34	-2	-35	1.93
835	-4	-34	-2	-35	1.93
836	-3	-34	-2	-35	1.30
837	-3	-34	-2	-35	1.30
838	-3	-34	-3	-35	1.00
839	-3	-34	-3	-35	1.00
840	-3	-34	-3	-35	1.00
841	-3	-34	-3	-35	1.00
842	-3	-34	-3	-35	1.00
843	-3	-34	-4	-35	1.30
844	-3	-34	-4	-35	1.30
845	-3	-34	-4	-35	1.30
846	-3	-34	-4	-35	1.30
847	-4	-34	-4	-35	1.00
848	-4	-34	-5	-35	1.30
849	-4	-33	-5	-35	2.16
850	-4	-34	-5	-35	1.30
851	-5	-33	-5	-35	2.00
852	-5	-33	-5	-35	2.00
853	-5	-33	-5	-35	2.00
854	-5	-33	-6	-35	2.16
855	-6	-33	-6	-35	2.00
856	-7	-33	-6	-35	2.16
857	-8	-32	-6	-35	3.43
858	-10	-32	-6	-35	4.49
859	-11	-31	-7	-35	5.22
860	-12	-31	-7	-35	5.79
861	-13	-31	-7	-35	6.43
862	-13	-30	-7	-35	7.11
863	-14	-30	-7	-35	7.73
864	-15	-30	-12	-34	4.74
865	-16	-29	-12	-34	6.05
866	-16	-29	-12	-34	6.05
867	-17	-29	-12	-34	6.57
868	-18	-28	-13	-34	7.37
869	-19	-28	-13	-34	7.90
870	-19	-28	-13	-34	7.90
871	-20	-28	-13	-34	8.48
872	-21	-28	-14	-34	8.48
873	-22	-27	-14	-34	9.82
874	-23	-27	-14	-34	10.44
875	-24	-27	-14	-34	11.09
876	-24	-27	-15	-34	10.44
877	-25	-27	-15	-34	11.09
878	-26	-27	-15	-34	11.77
879	-26	-27	-15	-34	11.77
880	-27	-26	-16	-34	12.43
881	-27	-27	-16	-34	11.77
882	-29	-28	-16	-34	12.64
883	-31	-27	-16	-34	14.68
884	-33	-27	-17	-34	15.44
885	-36	-26	-17	-34	18.25
886	-38	-26	-17	-34	19.82
887	-41	-25	-17	-34	22.67
888	-43	-25	-18	-34	23.47
889	-44	-25	-18	-34	24.27
890	-45	-27	-18	-34	24.21
891	-48	-27	-18	-34	26.67
892	-50	-27	-19	-34	27.50
893	-52	-27	-19	-34	29.15
894	-54	-27	-19	-34	30.80
895	-56	-28	-19	-34	32.10
896	-57	-28	-26	-26	27.62
897	-59	-27	-26	-25	29.64
898	-61	-27	-26	-25	31.42
899	-63	-27	-27	-25	32.31
900	-64	-27	-27	-25	33.20
901	-65	-26	-27	-25	34.19
902	-65	-26	-28	-25	33.30
903	-66	-26	-28	-25	34.19
904	-66	-26	-28	-25	34.19
905	-67	-26	-29	-24	34.38
906	-67	-26	-29	-24	34.38
907	-66	-26	-29	-24	33.48
908	-65	-26	-30	-24	31.69
909	-65	-26	-30	-24	31.69
910	-64	-26	-30	-24	30.79
911	-63	-26	-31	-24	29.00
912	-63	-26	-31	-24	29.00
913	-62	-26	-31	-23	28.30
914	-61	-26	-32	-23	26.50
915	-60	-26	-32	-23	25.61
916	-58	-26	-32	-23	23.81
917	-56	-27	-33	-23	21.19
918	-53	-27	-33	-23	18.54
919	-50	-27	-33	-23	15.90
920	-47	-27	-34	-23	12.43
921	-43	-27	-34	-22	9.59
922	-39	-27	-34	-22	6.76
923	-36	-28	-35	-22	6.07
924	-33	-28	-35	-22	6.27
925	-30	-28	-35	-22	7.52
926	-28	-29	-36	-22	10.05
927	-25	-29	-36	-22	12.14
928	-23	-30	-99	-26	65.95
929	-21	-30	-100	-25	68.83
930	-19	-30	-101	-25	71.30
931	-18	-30	-102	-25	72.94
932	-16	-31	-104	-25	75.83
933	-15	-30	-105	-25	77.80
934	-13	-31	-106	-25	79.80
935	-12	-31	-108	-25	82.16
936	-11	-30	-109	-25	84.14
937	-10	-30	-110	-25	85.70
938	-9	-30	-112	-25	88.01
939	-9	-29	-113	-25	89.25
940	-8	-29	-114	-25	90.78
941	-7	-28	-116	-25	93.56
942	-6	-28	-117	-25	95.07
943	-5	-27	-118	-25	97.10
944	-5	-27	-120	-25	98.59
945	-4	-27	-121	-24	100.65
946	-4	-27	-122	-24	101.39
947	-4	-26	-123	-24	102.70
948	-3	-26	-125	-24	104.88
949	-3	-26	-126	-24	105.60
950	-3	-26	-127	-24	106.31
951	-3	-26	-129	-24	107.72
952	-4	-26	-130	-24	107.72
953	-4	-26	-131	-24	108.41
954	-4	-26	-133	-24	109.78
955	-4	-26	-134	-24	110.46
956	-4	-26	-135	-24	111.12
957	-4	-26	-137	-24	112.44
958	-5	-26	-138	-24	112.44
959	-5	-26	-139	-24	113.08
960	-5	-26	11	-32	15.20
961	-6	-26	12	-32	16.82
962	-6	-26	13	-32	17.64
963	-6	-26	14	-32	18.46
964	-6	-26	15	-32	19.28
965	-6	-26	16	-32	20.11
966	-7	-26	17	-32	21.78
967	-7	-26	18	-32	22.62
968	-7	-26	19	-32	23.45
969	-8	-26	20	-32	25.14
970	-8	-26	21	-32	25.98
971	-8	-27	22	-32	26.50
972	-8	-27	23	-32	27.34
973	-8	-27	24	-32	28.19
974	-8	-27	25	-32	29.04
975	-8	-27	26	-32	29.89
976	-9	-27	28	-33	32.43
977	-9	-27	29	-33	33.27
978	-9	-27	30	-33	34.11
979	-9	-27	31	-33	34.95
980	-9	-27	32	-33	35.78
981	-9	-26	33	-33	36.97
982	-9	-27	34	-33	37.46
983	-9	-26	35	-33	38.65
984	-9	-26	36	-33	39.49
985	-9	-26	37	-33	40.33
986	-9	-26	38	-33	41.16
987	-9	-26	39	-33	42.00
988	-9	-26	40	-33	42.84
989	-10	-26	41	-33	44.51
990	-10	-26	42	-33	45.35
991	-10	-26	43	-33	46.18
992	-10	-26	13	-22	21.36
993	-11	-26	13	-21	22.53
994	-11	-26	14	-21	23.43
995	-11	-26	14	-21	23.43
996	-11	-26	15	-21	24.32
997	-11	-26	15	-21	24.32
998	-12	-26	16	-21	26.11
999	-12	-26	16	-21	26.11
1000	-12	-26	17	-21	27.00
1001	-12	-25	18	-20	28.10
1002	-12	-25	18	-20	28.10
1003	-13	-25	19	-20	29.91
1004	-13	-25	19	-20	29.91
1005	-13	-25	20	-20	30.82
1006	-13	-25	20	-20	30.82
1007	-13	-25	21	-20	31.72
1008	-13	-25	22	-20	32.63
1009	-13	-25	22	-19	32.91
1010	-13	-24	23	-19	33.77
1011	-13	-24	23	-19	33.77
1012	-13	-24	24	-19	34.69
1013	-13	-24	24	-19	34.69
1014	-13	-24	25	-19	35.60
1015	-13	-24	25	-19	35.60
1016	-13	-24	26	-19	36.52
1017	-13	-24	27	-18	37.70
1018	-13	-24	27	-18	37.70
1019	-13	-24	28	-18	38.61
1020	-13	-24	28	-18	38.61
1021	-13	-24	29	-18	39.52
1022	-13	-24	29	-18	39.52
1023	-13	-24	30	-18	40.44
1024	-13	-24	-15	-26	2.70
1025	-13	-25	-15	-26	2.06
1026	-13	-25	-15	-26	2.06
1027	-13	-25	-15	-26	2.06
1028	-13	-25	-15	-26	2.06
1029	-13	-25	-15	-26	2.06
1030	-13	-25	-15	-26	2.06
1031	-13	-25	-16	-26	2.89
1032	-13	-25	-16	-26	2.89
1033	-13	-25	-16	-26	2.89
1034	-13	-25	-16	-26	2.89
1035	-13	-26	-16	-26	2.70
1036	-13	-25	-16	-26	2.89
1037	-13	-25	-17	-26	3.75
1038	-13	-25	-17	-26	3.75
1039	-13	-25	-17	-26	3.75
1040	-13	-25	-17	-26	3.75
1041	-13	-25	-17	-26	3.75
1042	-13	-25	-17	-26	3.75
1043	-13	-25	-17	-26	3.75
1044	-13	-25	-18	-26	4.62
1045	-13	-25	-18	-26	4.62
1046	-13	-25	-18	-26	4.62
1047	-13	-24	-18	-26	4.95
1048	-13	-24	-18	-26	4.95
1049	-13	-24	-18	-26	4.95
1050	-13	-24	-19	-26	5.79
1051	-13	-24	-19	-26	5.79
1052	-12	-24	-19	-26	6.65
1053	-12	-24	-19	-26	6.65
1054	-11	-23	-19	-26	7.87
1055	-10	-21	-19	-26	9.65
1056	-8	-19	-16	-22	8.07
1057	-6	-17	-16	-21	10.26
1058	-3	-15	-16	-21	13.73
1059	-1	-13	-16	-21	16.41
1060	0	-11	-16	-21	18.32
1061	2	-10	-16	-21	20.51
1062	4	-8	-16	-21	23.28
1063	6	-8	-16	-21	24.90
1064	7	-7	-16	-21	26.28
1065	9	-6	-16	-21	28.49
1066	11	-6	-16	-21	30.15
1067	12	-5	-17	-21	32.37
1068	14	-5	-17	-21	34.06
1069	15	-4	-17	-21	35.43
1070	17	-4	-17	-21	37.15
1071	20	-3	-17	-21	40.24
1072	22	-3	-17	-21	41.99
1073	25	-3	-17	-20	44.33
1074	27	-3	-17	-20	46.14
1075	29	-3	-17	-20	47.95
1076	31	-3	-17	-20	49.77
1077	34	-3	-17	-20	52.52
1078	36	-3	-18	-20	55.29
1079	38	-3	-18	-20	57.14
1080	40	-3	-18	-20	58.99
1081	42	-3	-18	-20	60.85
1082	43	-4	-18	-20	61.42
1083	45	-4	-18	-20	63.29
1084	45	-5	-18	-20	62.95
1085	46	-6	-18	-20	63.55
1086	47	-7	-18	-20	64.16
1087	48	-7	-18	-20	65.10
1088	48	-9	-3	-14	50.14
1089	49	-10	-2	-13	49.99
1090	49	-12	-2	-13	49.72
1091	49	-13	-2	-13	49.60
1092	49	-14	-2	-13	49.50
1093	49	-15	-2	-13	49.42
1094	48	-15	-2	-13	48.46
1095	47	-17	-1	-12	46.63
1096	47	-17	-1	-12	46.63
1097	46	-18	-1	-12	45.68
1098	45	-18	-1	-12	44.73
1099	44	-18	-1	-12	43.78
1100	44	-18	-1	-12	43.78
1101	43	-18	0	-11	42.12
1102	43	-18	0	-11	42.12
1103	42	-19	0	-11	41.25
1104	42	-19	0	-11	41.25
1105	41	-19	0	-11	40.31
1106	41	-18	0	-11	40.22
1107	40	-18	0	-11	39.27
1108	39	-19	0	-10	38.72
1109	39	-19	0	-10	38.72
1110	38	-19	0	-10	37.79
1111	38	-19	0	-10	37.79
1112	37	-18	0	-10	36.71
1113	36	-18	0	-10	35.77
1114	35	-18	1	-9	34.20
1115	35	-18	1	-9	34.20
1116	34	-18	1	-9	33.26
1117	34	-18	1	-9	33.26
1118	34	-18	1	-9	33.26
1119	34	-17	1	-9	33.08
1120	34	-17	104	1	71.22
1121	34	-16	105	1	72.06
1122	35	-16	107	1	73.01
1123	36	-16	109	1	73.97
1124	37	-15	111	2	75.10
1125	37	-15	112	2	76.07
1126	39	-14	114	2	75.96
1127	40	-13	116	3	77.08
1128	42	-12	118	3	76.97
1129	45	-11	119	3	74.92
1130	47	-10	121	4	75.01
1131	49	-10	123	4	75.01
1132	51	-10	125	4	75.01
1133	53	-9	126	5	74.10
1134	55	-9	128	5	74.10
1135	56	-9	130	5	75.07
1136	57	-8	132	6	76.09
1137	57	-8	133	6	77.07
1138	56	-8	135	6	80.02
1139	56	-8	137	6	81.98
1140	56	-8	139	7	84.10
1141	55	-8	140	7	86.06
1142	55	-8	142	7	88.02
1143	55	-8	144	8	90.13
1144	55	-7	146	8	91.96
1145	54	-7	147	8	93.92
1146	54	-7	149	9	96.00
1147	54	-7	151	9	97.96
1148	53	-7	153	9	100.91
1149	53	-6	154	10	101.83
1150	52	-6	156	10	104.78
1151	52	-6	158	10	106.75
1152	52	-6	20	-25	36.04
1153	51	-6	19	-25	36.04
1154	51	-6	19	-25	36.04
1155	50	-6	18	-25	36.04
1156	50	-6	18	-26	36.50
1157	50	-6	17	-26	37.30
1158	49	-6	17	-26	36.50
1159	49	-6	16	-26	37.30
1160	49	-6	16	-27	37.76
1161	49	-6	16	-27	37.76
1162	49	-6	15	-27	38.55
1163	48	-6	15	-27	37.76
1164	48	-6	14	-28	39.01
1165	48	-6	14	-28	39.01
1166	47	-6	13	-28	39.01
1167	47	-6	13	-28	39.01
1168	46	-6	13	-29	38.72
1169	46	-6	12	-29	39.48
1170	45	-6	12	-29	38.72
1171	45	-6	11	-29	39.48
1172	44	-6	11	-30	39.23
1173	43	-6	10	-30	39.23
1174	42	-6	10	-30	38.49
1175	42	-6	9	-30	39.23
1176	41	-6	9	-31	39.03
1177	40	-6	9	-31	38.32
1178	39	-5	8	-31	39.03
1179	38	-5	8	-31	38.34
1180	36	-5	7	-32	38.27
1181	34	-5	7	-32	36.97
1182	31	-5	6	-32	35.72
1183	28	-5	6	-32	33.95
1184	25	-5	70	5	46.04
1185	21	-5	70	5	49.95
1186	17	-4	71	5	54.69
1187	12	-4	71	6	59.76
1188	7	-4	72	6	65.67
1189	3	-4	72	6	69.62
1190	0	-4	73	7	73.68
1191	-4	-3	73	7	77.49
1192	-8	-3	74	7	82.44
1193	-13	-3	75	8	88.44
1194	-17	-3	75	8	92.40
1195	-22	-3	76	8	98.33
1196	-28	-3	76	9	104.29
1197	-33	-2	77	9	110.06
1198	-38	-2	77	9	115.00
1199	-43	-2	78	10	120.86
1200	-48	-2	79	10	126.75
1201	-53	-2	79	10	131.65
1202	-58	-2	80	11	137.37
1203	-63	-2	80	11	142.20
1204	-69	-2	81	11	148.90
1205	-74	-3	81	12	153.66
1206	-79	-3	82	12	159.14
1207	-84	-3	82	12	163.47
1208	-89	-4	83	13	168.02
1209	-94	-4	84	13	170.79
1210	-98	-4	84	13	170.79
1211	-102	-5	85	14	168.66
1212	-106	-5	85	14	165.91
1213	-109	-6	86	14	163.21
1214	-113	-6	86	15	159.29
1215	-116	-6	87	15	155.69
1216	-119	-6	-2	-4	116.30
1217	-123	-7	-2	-3	120.27
1218	-125	-7	-3	-3	121.26
1219	-129	-8	-4	-3	124.05
1220	-132	-8	-5	-3	126.01
1221	-135	-8	-6	-3	127.96
1222	-138	-8	-7	-3	129.90
1223	-141	-9	-7	-3	132.61
1224	-143	-9	-8	-3	133.57
1225	-144	-9	-9	-3	133.57
1226	-145	-10	-10	-3	133.34
1227	-146	-10	-11	-3	133.34
1228	-147	-10	-12	-3	133.34
1229	-149	-10	-12	-3	135.25
1230	-150	-10	-13	-3	135.25
1231	-152	-10	-14	-3	136.20
1232	-153	-9	-15	-3	136.45
1233	-154	-9	-16	-3	136.45
1234	-156	-9	-17	-3	137.41
1235	-158	-9	-18	-3	138.36
1236	-159	-8	-18	-3	139.57
1237	-161	-8	-19	-3	140.53
1238	-162	-8	-20	-3	140.53
1239	-163	-8	-21	-3	140.53
1240	-163	-8	-22	-3	139.57
1241	-164	-8	-23	-3	139.57
1242	-165	-8	-23	-3	140.53
1243	-166	-8	-24	-3	140.53
1244	-168	-8	-25	-3	141.49
1245	-168	-8	-26	-3	140.53
1246	-169	-8	-27	-3	140.53
1247	-170	-7	-28	-3	140.78
1248	-171	-7	97	-7	91.12
1249	-173	-7	93	-7	93.09
1250	-175	-7	88	-7	96.04
1251	-176	-6	84	-7	99.13
1252	-177	-6	79	-7	103.07
1253	-178	-6	75	-7	106.01
1254	-179	-6	70	-7	109.94
1255	179	-6	66	-7	111.90
1256	178	-6	61	-7	115.81
1257	177	-6	57	-7	118.74
1258	176	-6	52	-7	122.63
1259	175	-5	48	-7	125.76
1260	175	-5	43	-7	130.62
1261	173	-5	39	-7	132.55
1262	173	-5	34	-7	137.36
1263	172	-5	30	-7	140.22
1264	171	-4	25	-7	144.33
1265	171	-4	21	-7	148.10
1266	170	-4	16	-7	151.81
1267	170	-4	12	-7	155.44
1268	169	-4	7	-7	158.93
1269	169	-4	3	-7	162.22
1270	168	-4	-2	-7	165.15
1271	168	-4	-6	-7	167.48
1272	168	-3	-11	-7	169.95
1273	168	-3	-15	-7	169.56
1274	168	-4	-20	-7	166.41
1275	168	-4	-24	-7	163.74
1276	168	-4	-29	-7	159.78
1277	168	-4	-33	-7	156.33
1278	169	-3	-38	-7	151.26
1279	169	-3	-42	-7	147.48
1280	170	-3	137	-8	33.21
1281	170	-3	136	-8	34.20
1282	171	-3	134	-8	37.15
1283	171	-3	133	-8	38.14
1284	172	-3	131	-8	41.09
1285	173	-3	129	-8	44.06
1286	173	-3	128	-8	45.05
1287	174	-3	126	-8	48.01
1288	175	-3	124	-8	50.98
1289	175	-2	123	-8	52.11
1290	176	-2	121	-8	55.07
1291	177	-2	120	-8	57.05
1292	178	-2	118	-8	60.02
1293	179	-2	116	-8	62.99
1294	-179	-2	115	-8	65.96
1295	-178	-2	113	-8	68.93
1296	-178	-2	111	-8	70.91
1297	-178	-2	110	-8	71.90
1298	-177	-2	108	-8	74.87
1299	-177	-2	107	-8	75.86
1300	-177	-2	105	-8	77.84
1301	-177	-2	103	-8	79.82
1302	-176	-2	102	-8	81.80
1303	-176	-1	100	-8	83.92
1304	-176	-1	98	-8	85.90
1305	-175	-1	97	-8	87.88
1306	-174	-1	95	-8	90.85
1307	-173	-2	94	-8	92.69
1308	-173	-1	92	-8	94.81
1309	-173	-1	90	-8	96.79
1310	-172	-1	89	-8	98.77
1311	-172	-2	87	-8	100.60
1312	-171	-2	151	1	38.11
1313	-171	-2	150	1	39.11
1314	-171	-2	149	1	40.11
1315	-171	-2	149	1	40.11
1316	-171	-2	148	1	41.10
1317	-170	-2	148	1	42.10
1318	-170	-2	147	1	43.10
1319	-169	-3	146	1	45.16
1320	-169	-3	146	2	45.26
1321	-169	-3	145	2	46.25
1322	-168	-4	145	2	47.35
1323	-168	-4	144	2	48.34
1324	-168	-4	143	2	49.34
1325	-167	-4	143	2	50.33
1326	-167	-4	142	2	51.32
1327	-166	-4	142	2	52.31
1328	-165	-5	141	3	54.54
1329	-165	-5	140	3	55.52
1330	-164	-5	140	3	56.51
1331	-163	-6	139	3	58.61
1332	-162	-7	139	3	59.73
1333	-161	-8	138	3	61.83
1334	-160	-8	137	3	63.79
1335	-160	-7	137	3	63.67
1336	-159	-7	136	4	65.80
1337	-158	-7	136	4	66.78
1338	-157	-7	135	4	68.75
1339	-156	-7	134	4	70.72
1340	-155	-7	134	4	71.71
1341	-153	-7	133	4	74.67
1342	-152	-8	133	4	75.76
1343	-150	-8	132	4	78.72
1344	-148	-9	-152	-1	8.94
1345	-146	-10	-151	0	11.17
1346	-144	-11	-150	0	12.51
1347	-143	-12	-150	0	13.87
1348	-141	-14	-149	0	16.08
1349	-140	-15	-149	0	17.44
1350	-139	-15	-148	0	17.44
1351	-139	-15	-147	0	16.96
1352	-138	-16	-147	0	18.30
1353	-137	-17	-146	0	19.17
1354	-136	-18	-146	0	20.51
1355	-135	-19	-145	0	21.38
1356	-135	-19	-144	0	20.95
1357	-133	-19	-144	0	21.85
1358	-132	-18	-143	0	21.00
1359	-132	-19	-143	0	21.85
1360	-131	-20	-142	0	22.72
1361	-130	-19	-141	0	21.85
1362	-129	-19	-141	0	22.35
1363	-127	-19	-140	0	22.89
1364	-124	-18	-140	0	23.91
1365	-122	-18	-139	0	24.56
1366	-121	-19	-138	0	25.28
1367	-121	-18	-138	0	24.56
1368	-119	-18	-137	0	25.24
1369	-118	-18	-137	0	25.94
1370	-116	-18	-136	0	26.66
1371	-115	-17	-135	0	26.02
1372	-113	-18	-135	0	28.14
1373	-111	-18	-134	0	28.90
1374	-110	-17	-134	0	29.12
1375	-108	-17	-133	0	29.92
1376	-106	-18	-125	-16	18.27
1377	-104	-18	-124	-16	19.22
1378	-101	-19	-123	-16	21.18
1379	-97	-21	-122	-16	24.20
1380	-94	-23	-122	-16	27.26
1381	-90	-24	-121	-17	29.80
1382	-88	-25	-120	-17	30.84
1383	-85	-25	-119	-17	32.64
1384	-86	-25	-119	-17	31.74
1385	-86	-25	-118	-17	30.84
1386	-88	-24	-117	-18	27.68
1387	-89	-23	-117	-18	26.66
1388	-87	-22	-116	-18	27.50
1389	-86	-23	-115	-18	27.57
1390	-83	-23	-114	-19	29.16
1391	-81	-22	-114	-19	31.00
1392	-78	-21	-113	-19	32.89
1393	-77	-21	-112	-19	32.89
1394	-75	-22	-112	-19	34.70
1395	-75	-22	-111	-20	33.59
1396	-74	-22	-110	-20	33.59
1397	-74	-22	-109	-20	32.67
1398	-74	-20	-109	-20	32.83
1399	-73	-19	-108	-21	32.89
1400	-72	-19	-107	-21	32.89
1401	-69	-19	-107	-21	35.68
1402	-68	-18	-106	-21	35.86
1403	-66	-18	-105	-21	36.80
1404	-65	-19	-104	-22	36.56
1405	-64	-19	-104	-22	37.48
1406	-62	-19	-103	-22	38.41
1407	-60	-19	-102	-22	39.34
1408	-58	-19	-64	-27	9.72
1409	-56	-19	-62	-27	9.72
1410	-54	-18	-61	-27	11.08
1411	-52	-17	-60	-27	12.44
1412	-49	-17	-58	-28	13.78
1413	-47	-15	-57	-28	15.97
1414	-44	-15	-56	-28	17.11
1415	-41	-14	-54	-28	18.50
1416	-38	-15	-53	-29	19.69
1417	-35	-15	-52	-29	21.03
1418	-34	-14	-50	-29	21.08
1419	-31	-13	-49	-30	23.79
1420	-28	-13	-48	-30	25.12
1421	-26	-13	-46	-30	25.12
1422	-24	-12	-45	-30	26.52
1423	-23	-13	-44	-31	26.42
1424	-21	-13	-43	-31	27.10
1425	-19	-12	-41	-31	27.81
1426	-17	-12	-40	-32	29.10
1427	-15	-12	-39	-32	29.78
1428	-12	-12	-37	-32	30.46
1429	-11	-13	-36	-32	29.76
1430	-10	-14	-35	-33	29.63
1431	-11	-14	-33	-33	27.59
1432	-13	-14	-32	-33	25.69
1433	-13	-14	-31	-34	25.80
1434	-13	-15	-29	-34	23.87
1435	-13	-16	-28	-34	22.50
1436	-13	-16	-27	-34	21.97
1437	-13	-17	-25	-35	20.94
1438	-13	-18	-24	-35	19.61
1439	-14	-19	-23	-35	17.88
1440	-15	-18	-10	-20	5.13
1441	-16	-17	-8	-20	8.16
1442	-17	-16	-7	-20	10.31
1443	-18	-16	-5	-20	12.99
1444	-19	-17	-4	-20	14.53
1445	-22	-17	-2	-20	19.19
1446	-26	-16	-1	-20	24.09
1447	-28	-15	0	-20	27.13
1448	-34	-14	2	-20	34.88
1449	-41	-13	3	-20	42.64
1450	-46	-11	5	-20	49.78
1451	-50	-10	6	-20	54.77
1452	-54	-8	8	-20	61.02
1453	-57	-7	9	-20	65.10
1454	-61	-8	11	-20	70.42
1455	-61	-9	12	-20	71.04
1456	-58	-10	14	-20	69.80
1457	-53	-10	15	-20	66.04
1458	-47	-11	17	-20	61.99
1459	-40	-11	18	-20	56.35
1460	-32	-12	20	-20	50.43
1461	-27	-13	21	-20	46.40
1462	-22	-13	23	-20	43.58
1463	-17	-14	24	-20	39.57
1464	-12	-15	26	-20	36.51
1465	-9	-16	27	-20	34.41
1466	-8	-16	29	-20	35.35
1467	-7	-16	30	-20	35.35
1468	-7	-15	32	-20	37.45
1469	-7	-16	33	-20	38.17
1470	-7	-16	35	-20	40.04
1471	-7	-14	36	-20	41.45
1472	-7	-13	28	-17	34.00
1473	-7	-14	29	-16	34.79
1474	-6	-13	30	-16	34.94
1475	-6	-13	32	-16	36.86
1476	-5	-12	33	-16	37.04
1477	-4	-11	34	-16	37.23
1478	-3	-11	36	-16	38.20
1479	-3	-11	37	-16	39.16
1480	-3	-11	38	-16	40.12
1481	-3	-11	40	-16	42.04
1482	-3	-11	41	-16	43.00
1483	-3	-11	42	-16	43.96
1484	-3	-11	44	-16	45.88
1485	-3	-11	45	-16	46.84
1486	-3	-12	46	-16	47.61
1487	-3	-11	48	-16	49.73
1488	-2	-12	49	-16	49.53
1489	0	-12	50	-16	48.57
1490	0	-12	52	-16	50.49
1491	2	-13	53	-16	49.35
1492	2	-13	54	-16	50.31
1493	1	-13	56	-16	53.19
1494	0	-14	57	-16	54.92
1495	0	-15	58	-16	55.71
1496	1	-15	60	-16	56.66
1497	1	-15	61	-16	57.62
1498	3	-16	62	-16	56.50
1499	3	-15	64	-16	58.57
1500	4	-15	65	-16	58.57
1501	4	-15	66	-16	59.52
1502	4	-13	68	-16	61.80
1503	3	-14	69	-16	63.51
1504	2	-14	1	-8	6.08
1505	1	-14	1	-7	7.00
1506	1	-15	1	-7	8.00
1507	0	-15	1	-7	8.06
1508	0	-14	2	-7	7.27
1509	-1	-15	2	-7	8.52
1510	-2	-15	2	-7	8.91
1511	-2	-15	2	-6	9.82
1512	-2	-14	3	-6	9.39
1513	-2	-13	3	-6	8.56
1514	-2	-13	3	-6	8.56
1515	-2	-14	3	-6	9.39
1516	-2	-13	4	-6	9.16
1517	-1	-12	4	-5	8.57
1518	-1	-12	4	-5	8.57
1519	-1	-11	4	-5	7.78
1520	-1	-9	5	-5	7.17
1521	-1	-8	5	-5	6.67
1522	-2	-8	5	-5	7.57
1523	-2	-8	5	-5	7.57
1524	-1	-7	6	-4	7.59
1525	-1	-7	6	-4	7.59
1526	-1	-8	6	-4	8.03
1527	-1	-8	6	-4	8.03
1528	0	-8	7	-4	8.03
1529	0	-9	7	-4	8.56
1530	-1	-10	7	-3	10.59
1531	-2	-11	7	-3	11.99
1532	-3	-11	8	-3	13.53
1533	-2	-11	8	-3	12.74
1534	-1	-11	8	-3	11.99
1535	0	-10	8	-3	10.59
1536	1	-10	11	-15	10.97
1537	2	-10	11	-15	10.11
1538	2	-10	11	-15	10.11
1539	3	-9	11	-15	9.86
1540	3	-9	12	-15	10.65
1541	3	-9	12	-15	10.65
1542	4	-8	12	-15	10.51
1543	3	-8	12	-15	11.25
1544	3	-7	13	-15	12.66
1545	2	-6	13	-15	14.06
1546	2	-6	13	-15	14.06
1547	1	-5	14	-15	16.23
1548	1	-4	14	-15	16.88
1549	0	-3	14	-15	18.29
1550	0	-2	14	-15	18.97
1551	0	-1	15	-15	20.38
1552	0	0	15	-15	21.09
1553	-1	0	15	-15	21.80
1554	-2	0	16	-15	23.27
1555	-2	0	16	-15	23.27
1556	-2	0	16	-15	23.27
1557	-3	0	16	-15	24.03
1558	-3	0	17	-15	24.81
1559	-3	0	17	-15	24.81
1560	-3	0	17	-15	24.81
1561	-3	0	18	-15	25.61
1562	-3	0	18	-15	25.61
1563	-3	0	18	-15	25.61
1564	-4	0	18	-15	26.42
1565	-3	-1	19	-15	25.85
1566	-4	-1	19	-15	26.68
1567	-4	-1	19	-15	26.68
1568	-4	-1	0	-6	6.40
1569	-4	-1	0	-5	5.65
1570	-5	-1	0	-5	6.40
1571	-5	-1	0	-5	6.40
1572	-5	-1	0	-5	6.40
1573	-6	-2	0	-5	6.70
1574	-6	-2	0	-5	6.70
1575	-6	-2	0	-5	6.70
1576	-6	-2	0	-5	6.70
1577	-7	-2	0	-4	7.27
1578	-7	-3	0	-4	7.06
1579	-8	-3	0	-4	8.05
1580	-8	-3	0	-4	8.05
1581	-8	-4	0	-4	7.98
1582	-8	-4	0	-4	7.98
1583	-8	-4	0	-4	7.98
1584	-9	-5	0	-4	9.03
1585	-9	-5	0	-3	9.20
1586	-9	-5	0	-3	9.20
1587	-10	-5	0	-3	10.17
1588	-10	-5	0	-3	10.17
1589	-10	-5	0	-3	10.17
1590	-10	-5	0	-3	10.17
1591	-10	-5	0	-3	10.17
1592	-10	-6	0	-3	10.41
1593	-10	-6	0	-2	10.75
1594	-11	-6	0	-2	11.68
1595	-11	-7	0	-2	12.05
1596	-12	-7	0	-2	12.96
1597	-12	-7	0	-2	12.96
1598	-13	-7	0	-2	13.89
1599	-13	-7	0	-2	13.89
1600	-13	-7	-9	8	15.52
1601	-13	-7	-9	8	15.52
1602	-13	-7	-9	8	15.52
1603	-14	-7	-9	8	15.81
1604	-14	-8	-9	9	17.71
1605	-14	-8	-9	9	17.71
1606	-14	-8	-9	9	17.71
1607	-14	-8	-10	9	17.46
1608	-14	-8	-10	10	18.44
1609	-14	-7	-10	10	17.46
1610	-14	-7	-10	10	17.46
1611	-14	-7	-10	11	18.43
1612	-15	-8	-10	11	19.64
1613	-15	-8	-11	11	19.41
1614	-16	-8	-11	11	19.64
1615	-16	-8	-11	12	20.61
1616	-17	-8	-11	12	20.87
1617	-17	-9	-11	12	21.83
1618	-18	-9	-11	13	23.07
1619	-18	-10	-11	13	24.03
1620	-19	-10	-12	13	24.03
1621	-19	-11	-12	13	24.99
1622	-19	-11	-12	14	25.95
1623	-20	-11	-12	14	26.23
1624	-19	-11	-12	14	25.95
1625	-19	-11	-12	15	26.91
1626	-19	-11	-13	15	26.67
1627	-19	-11	-13	15	26.67
1628	-20	-11	-13	15	26.91
1629	-21	-11	-13	16	28.14
1630	-21	-11	-13	16	28.14
1631	-22	-10	-13	16	27.48
1632	-24	-10	-22	-13	3.58
1633	-26	-9	-22	-13	5.60
1634	-28	-9	-22	-13	7.12
1635	-30	-9	-22	-13	8.81
1636	-32	-8	-23	-13	10.16
1637	-34	-8	-23	-13	11.91
1638	-36	-8	-23	-14	14.09
1639	-37	-8	-23	-14	14.99
1640	-39	-8	-24	-14	15.89
1641	-39	-8	-24	-14	15.89
1642	-40	-8	-24	-14	16.80
1643	-40	-8	-25	-15	16.27
1644	-41	-8	-25	-15	17.16
1645	-40	-8	-25	-15	16.27
1646	-40	-8	-25	-15	16.27
1647	-40	-8	-26	-15	15.39
1648	-39	-8	-26	-16	15.01
1649	-39	-8	-26	-16	15.01
1650	-38	-8	-27	-16	13.40
1651	-38	-9	-27	-16	12.81
1652	-37	-9	-27	-16	12.01
1653	-37	-8	-27	-16	12.63
1654	-36	-8	-28	-17	11.91
1655	-36	-8	-28	-17	11.91
1656	-36	-9	-28	-17	11.16
1657	-35	-9	-29	-17	9.91
1658	-35	-9	-29	-17	9.91
1659	-34	-10	-29	-18	9.35
1660	-34	-10	-29	-18	9.35
1661	-33	-10	-30	-18	8.51
1662	-32	-10	-30	-18	8.23
1663	-31	-11	-30	-18	7.07
1664	-30	-11	-35	-13	5.28
1665	-29	-11	-35	-13	6.20
1666	-28	-12	-35	-13	6.91
1667	-27	-12	-36	-13	8.84
1668	-26	-12	-36	-13	9.81
1669	-26	-12	-36	-13	9.81
1670	-25	-12	-37	-13	11.76
1671	-24	-13	-37	-13	12.67
1672	-24	-13	-37	-13	12.67
1673	-23	-13	-38	-13	14.61
1674	-22	-13	-38	-13	15.59
1675	-22	-13	-38	-14	15.59
1676	-21	-14	-39	-14	17.46
1677	-20	-14	-39	-14	18.43
1678	-19	-14	-39	-14	19.40
1679	-18	-14	-40	-14	21.34
1680	-17	-15	-40	-14	22.28
1681	-15	-15	-40	-14	24.21
1682	-13	-16	-41	-14	27.10
1683	-12	-16	-41	-14	28.06
1684	-11	-16	-41	-14	29.02
1685	-10	-16	-42	-14	30.94
1686	-10	-16	-42	-15	30.82
1687	-10	-16	-42	-15	30.82
1688	-11	-16	-43	-15	30.82
1689	-11	-16	-43	-15	30.82
1690	-11	-16	-43	-15	30.82
1691	-12	-16	-44	-15	30.82
1692	-12	-15	-44	-15	30.88
1693	-12	-15	-44	-15	30.88
1694	-12	-15	-45	-15	31.85
1695	-12	-15	-45	-15	31.85
1696	-12	-15	-36	-12	23.52
1697	-12	-15	-36	-12	23.52
1698	-12	-15	-36	-12	23.52
1699	-12	-15	-36	-12	23.52
1700	-11	-15	-36	-12	24.48
1701	-11	-14	-36	-12	24.43
1702	-11	-14	-37	-12	25.40
1703	-11	-13	-37	-12	25.39
1704	-11	-13	-37	-12	25.39
1705	-11	-12	-37	-12	25.42
1706	-11	-12	-37	-12	25.42
1707	-11	-12	-38	-12	26.40
1708	-11	-11	-38	-12	26.47
1709	-11	-11	-38	-12	26.47
1710	-10	-11	-38	-12	27.44
1711	-10	-11	-38	-12	27.44
1712	-10	-11	-39	-12	28.42
1713	-9	-11	-39	-12	29.40
1714	-8	-12	-39	-12	30.31
1715	-8	-12	-39	-12	30.31
1716	-7	-12	-39	-12	31.28
1717	-6	-12	-39	-12	32.26
1718	-5	-11	-40	-12	34.29
1719	-3	-11	-40	-12	36.24
1720	-1	-10	-40	-12	38.31
1721	1	-9	-40	-12	40.39
1722	3	-8	-40	-12	42.49
1723	6	-7	-41	-12	46.57
1724	8	-6	-41	-12	48.70
1725	10	-5	-41	-12	50.85
1726	12	-5	-41	-12	52.80
1727	14	-5	-41	-12	54.76
1728	15	-4	6	-19	17.39
1729	16	-4	6	-19	17.90
1730	17	-4	7	-19	17.90
1731	18	-4	7	-19	18.45
1732	18	-4	8	-19	17.90
1733	17	-4	8	-19	17.39
1734	17	-4	9	-19	16.91
1735	17	-4	9	-19	16.91
1736	16	-4	10	-20	17.03
1737	16	-4	11	-20	16.73
1738	16	-4	11	-20	16.73
1739	16	-3	12	-20	17.44
1740	15	-3	12	-20	17.25
1741	15	-3	13	-20	17.11
1742	15	-3	13	-20	17.11
1743	14	-3	14	-20	17.00
1744	14	-3	15	-21	18.03
1745	14	-3	15	-21	18.03
1746	14	-2	16	-21	19.10
1747	13	-1	16	-21	20.21
1748	13	-1	17	-21	20.38
1749	12	0	17	-21	21.56
1750	11	0	18	-21	22.09
1751	11	0	18	-21	22.09
1752	10	0	19	-22	23.68
1753	10	0	20	-22	24.06
1754	10	0	20	-22	24.06
1755	10	0	21	-22	24.47
1756	9	0	21	-22	24.92
1757	9	0	22	-22	25.39
1758	8	0	22	-22	25.89
1759	7	0	23	-22	26.97
1760	6	1	42	7	36.39
1761	4	1	42	7	38.36
1762	3	1	43	7	40.33
1763	2	1	44	8	42.42
1764	0	1	45	8	45.37
1765	0	1	46	8	46.35
1766	-1	1	47	9	48.43
1767	-2	1	47	9	49.41
1768	-2	0	48	9	50.59
1769	-3	0	49	10	52.68
1770	-4	0	50	10	54.63
1771	-4	0	51	10	55.61
1772	-4	0	52	11	56.71
1773	-5	-1	52	11	57.91
1774	-5	-1	53	11	58.88
1775	-6	-2	54	12	61.22
1776	-7	-3	55	12	63.40
1777	-7	-4	56	12	64.63
1778	-8	-5	57	13	67.01
1779	-9	-5	58	13	68.92
1780	-10	-6	58	13	70.15
1781	-11	-7	59	14	72.55
1782	-13	-8	60	14	75.68
1783	-14	-8	61	14	77.58
1784	-15	-9	62	15	79.97
1785	-17	-10	63	15	83.09
1786	-18	-10	63	15	84.04
1787	-19	-11	64	16	86.42
1788	-20	-11	65	16	88.30
1789	-21	-11	66	16	90.18
1790	-23	-12	67	17	93.49
1791	-24	-12	68	17	95.36
