frame_id	phi	theta	est_phi	est_theta	err_phi	err_theta	speed	err_ang
0	-35	-9	0	0	36.00
1	-35	-9	0	0	36.00
2	-35	-10	0	0	36.22
3	-35	-10	0	0	36.22
4	-33	-10	0	0	34.32
5	-33	-10	0	0	34.32
6	-33	-10	0	0	34.32
7	-32	-9	0	0	33.11
8	-32	-9	0	0	33.11
9	-32	-9	0	0	33.11
10	-31	-9	0	0	32.15
11	-31	-9	0	0	32.15
12	-31	-9	0	0	32.15
13	-31	-9	0	0	32.15
14	-29	-6	0	0	29.56
15	-26	-5	0	0	26.44
16	-26	-5	0	0	26.44
17	-26	-5	0	0	26.44
18	-26	-5	0	0	26.44
19	-25	-4	0	0	25.30
20	-25	-4	0	0	25.30
21	-25	-4	0	0	25.30
22	-23	-3	0	0	23.18
23	-23	-3	0	0	23.18
24	-21	0	0	0	21.00
25	-21	0	0	0	21.00
26	-21	0	0	0	21.00
27	-18	1	0	0	18.03
28	-18	1	0	0	18.03
29	-18	1	0	0	18.03
30	-15	3	0	0	15.29
31	-15	3	0	0	15.29
32	-11	6	-35	-9	28.24
33	-11	6	-35	-9	28.24
34	-11	6	-35	-9	28.24
35	-8	8	-35	-9	31.82
36	-8	8	-35	-9	31.82
37	-8	8	-35	-9	31.82
38	-5	10	-35	-9	35.39
39	-5	10	-35	-9	35.39
40	-4	11	-35	-9	36.75
41	-4	11	-35	-9	36.75
42	-4	11	-35	-9	36.75
43	-3	12	-35	-9	38.11
44	-3	12	-35	-9	38.11
45	-3	12	-35	-9	38.11
46	-3	12	-35	-9	38.11
47	-2	13	-35	-9	39.47
48	-2	13	-35	-9	39.47
49	-2	13	-35	-9	39.47
50	-1	14	-35	-9	40.83
51	-1	14	-35	-9	40.83
52	-1	14	-35	-9	40.83
53	-1	14	-35	-9	40.83
54	-1	14	-35	-9	40.83
55	-1	15	-35	-9	41.37
56	-1	15	-35	-9	41.37
57	-1	15	-35	-9	41.37
58	-2	16	-35	-9	41.14
59	-2	16	-35	-9	41.14
60	-2	16	-35	-9	41.14
61	-2	16	-35	-9	41.14
62	-2	16	-35	-9	41.14
63	-2	16	-35	-9	41.14
64	-2	16	13	21	15.07
65	-2	16	13	21	15.07
66	-2	16	14	21	15.96
67	-2	16	15	22	17.14
68	-2	16	16	22	18.03
69	-2	16	16	23	18.33
70	-2	16	17	23	19.21
71	-2	16	18	24	20.40
72	-1	15	19	24	20.86
73	-1	15	19	25	21.25
74	-1	15	20	25	22.08
75	-1	15	21	26	23.31
76	-1	15	22	26	24.13
77	-1	15	22	27	24.53
78	-1	13	23	27	26.46
79	-1	13	24	28	27.71
80	0	11	25	28	28.94
81	0	11	25	28	28.94
82	0	11	26	29	30.21
83	0	10	27	29	31.61
84	0	10	28	30	32.87
85	0	10	28	30	32.87
86	0	10	29	31	34.13
87	1	8	30	31	35.50
88	1	8	31	32	36.77
89	1	8	31	32	36.77
90	1	7	32	33	38.75
91	1	7	33	33	39.44
92	2	6	34	34	40.74
93	2	6	34	34	40.74
94	2	6	35	35	42.00
95	2	3	36	35	44.91
96	2	3	7	26	23.50
97	2	2	7	26	24.48
98	2	2	7	26	24.48
99	2	2	7	26	24.48
100	2	0	8	27	27.61
101	2	0	8	27	27.61
102	2	0	8	27	27.61
103	1	-5	8	28	33.68
104	1	-5	9	28	33.89
105	0	-12	9	28	40.94
106	0	-12	9	29	41.91
107	0	-12	10	29	42.12
108	0	-16	10	29	46.03
109	0	-16	10	30	47.00
110	0	-16	10	30	47.00
111	0	-16	11	30	47.21
112	0	-18	11	31	50.13
113	0	-18	11	31	50.13
114	0	-18	12	31	50.34
115	-1	-20	12	31	52.51
116	-1	-20	12	32	53.47
117	-3	-23	12	32	56.84
118	-3	-23	13	32	57.09
119	-3	-23	13	33	58.04
120	-3	-25	13	33	59.97
121	-3	-25	14	33	60.22
122	-2	-28	14	34	63.82
123	-2	-28	14	34	63.82
124	-2	-28	14	34	63.82
125	-2	-29	15	35	65.98
126	-2	-29	15	35	65.98
127	-2	-29	15	35	65.98
128	-3	-31	6	-10	22.60
129	-3	-31	6	-10	22.60
130	-2	-32	6	-10	23.21
131	-2	-32	6	-11	22.26
132	-2	-32	6	-11	22.26
133	-2	-32	6	-12	21.31
134	-2	-32	6	-12	21.31
135	-2	-32	6	-12	21.31
136	-2	-32	7	-13	20.72
137	-1	-33	7	-13	21.29
138	-1	-33	7	-14	20.35
139	-1	-33	7	-14	20.35
140	-1	-33	7	-14	20.35
141	-1	-33	7	-15	19.41
142	-1	-33	7	-15	19.41
143	-1	-33	7	-16	18.48
144	-1	-33	8	-16	18.85
145	-1	-33	8	-16	18.85
146	-1	-33	8	-17	17.94
147	-1	-33	8	-17	17.94
148	-1	-33	8	-18	17.04
149	-1	-33	8	-18	17.04
150	-1	-33	8	-18	17.04
151	-1	-33	8	-19	16.15
152	-1	-33	9	-19	16.61
153	-2	-31	9	-20	14.80
154	-2	-31	9	-20	14.80
155	-2	-31	9	-20	14.80
156	-4	-29	9	-21	14.22
157	-4	-29	9	-21	14.22
158	-5	-28	9	-22	14.02
159	-5	-28	9	-22	14.02
160	-5	-28	-8	-65	37.05
161	-7	-25	-8	-66	41.00
162	-7	-25	-8	-67	42.00
163	-7	-25	-8	-68	43.00
164	-7	-25	-8	-69	44.00
165	-8	-22	-8	-70	48.00
166	-8	-22	-8	-71	49.00
167	-8	-22	-9	-72	50.00
168	-10	-20	-9	-73	53.00
169	-10	-20	-9	-74	54.00
170	-11	-18	-9	-75	57.01
171	-11	-18	-9	-76	58.01
172	-11	-18	-9	-77	59.01
173	-12	-15	-10	-78	63.01
174	-12	-15	-10	-79	64.01
175	-14	-13	-10	-80	67.03
176	-14	-13	-10	-82	69.02
177	-14	-13	-10	-83	70.02
178	-15	-10	-10	-84	74.02
179	-15	-10	-10	-85	75.02
180	-15	-10	-11	-86	76.01
181	-16	-8	-11	-87	79.01
182	-16	-8	-11	-88	80.01
183	-16	-5	-11	-89	84.00
184	-16	-5	-11	-90	85.00
185	-16	-5	-11	-90	85.00
186	-16	-3	-12	-90	87.00
187	-16	-3	-12	-90	87.00
188	-16	-3	-12	-90	87.00
189	-16	-3	-12	-90	87.00
190	-16	-2	-12	-90	88.00
191	-16	-2	-12	-90	88.00
192	-16	-2	-7	-25	24.58
193	-17	-1	-7	-24	24.96
194	-17	-1	-7	-24	24.96
195	-16	-1	-7	-24	24.60
196	-16	-1	-7	-24	24.60
197	-16	-1	-7	-24	24.60
198	-16	-1	-7	-24	24.60
199	-16	-1	-7	-24	24.60
200	-16	-1	-7	-24	24.60
201	-16	0	-7	-24	25.54
202	-16	0	-7	-24	25.54
203	-16	0	-7	-23	24.61
204	-16	0	-7	-23	24.61
205	-16	0	-7	-23	24.61
206	-15	0	-7	-23	24.28
207	-15	0	-7	-23	24.28
208	-15	0	-8	-23	23.99
209	-15	0	-8	-23	23.99
210	-15	0	-8	-23	23.99
211	-15	0	-8	-23	23.99
212	-15	0	-8	-23	23.99
213	-15	1	-8	-23	24.95
214	-15	1	-8	-22	23.99
215	-14	3	-8	-22	25.68
216	-14	3	-8	-22	25.68
217	-14	3	-8	-22	25.68
218	-15	5	-8	-22	27.86
219	-15	5	-8	-22	27.86
220	-15	5	-8	-22	27.86
221	-15	7	-8	-22	29.80
222	-15	7	-8	-22	29.80
223	-15	10	-8	-22	32.73
224	-15	10	-27	24	18.08
225	-15	10	-27	24	18.08
226	-15	11	-27	25	18.04
227	-15	11	-28	26	19.38
228	-14	12	-28	27	19.94
229	-14	12	-28	28	20.67
230	-14	12	-29	28	21.28
231	-9	12	-29	29	25.22
232	-9	12	-29	30	25.85
233	-9	12	-30	31	27.15
234	-9	12	-30	32	27.80
235	-6	13	-30	32	29.06
236	-6	13	-31	33	30.33
237	-6	13	-31	34	30.92
238	-3	14	-31	35	32.80
239	-3	14	-32	36	34.03
240	-3	14	-32	37	34.58
241	0	14	-32	37	36.61
242	0	14	-33	38	37.80
243	4	14	-33	39	41.02
244	4	14	-33	40	41.49
245	4	14	-34	41	42.63
246	7	14	-34	41	44.65
247	7	14	-34	42	45.08
248	11	13	-35	43	49.58
249	11	13	-35	44	49.97
250	11	13	-35	45	50.38
251	14	12	-36	45	53.73
252	14	12	-36	46	54.10
253	14	12	-36	47	54.49
254	14	12	-37	48	55.50
255	16	11	-37	49	57.89
256	16	11	-14	22	30.72
257	16	11	-13	22	29.83
258	20	9	-13	22	34.25
259	20	9	-13	23	34.55
260	21	9	-13	23	35.43
261	21	9	-13	23	35.43
262	21	9	-13	24	35.74
263	24	7	-13	24	39.31
264	24	7	-13	25	39.65
265	24	7	-13	25	39.65
266	26	4	-13	25	42.94
267	26	4	-13	26	43.33
268	29	4	-13	26	45.82
269	29	4	-13	26	45.82
270	29	4	-13	27	46.20
271	35	5	-13	27	50.69
272	35	5	-13	28	50.99
273	35	5	-13	28	50.99
274	35	0	-13	28	53.79
275	35	0	-13	29	54.18
276	36	0	-13	29	54.98
277	36	0	-13	29	54.98
278	36	0	-13	30	55.38
279	37	1	-13	30	55.58
280	37	1	-13	31	55.95
281	37	1	-13	31	55.95
282	36	0	-13	31	55.78
283	36	0	-13	32	56.19
284	36	0	-13	32	56.19
285	36	0	-13	32	56.19
286	36	0	-13	33	56.62
287	36	0	-13	33	56.62
288	36	0	47	12	16.22
289	36	0	47	12	16.22
290	36	0	48	12	16.91
291	34	0	49	12	19.12
292	34	0	50	12	19.91
293	34	0	51	12	20.71
294	34	0	52	12	21.52
295	34	0	53	12	22.35
296	33	0	54	12	24.05
297	33	0	55	12	24.92
298	33	0	56	12	25.79
299	32	0	57	12	27.56
300	32	0	58	12	28.46
301	32	0	59	12	29.36
302	32	0	60	12	30.27
303	32	0	61	12	31.18
304	32	0	62	12	32.10
305	32	0	63	12	33.02
306	32	0	64	12	33.95
307	32	0	65	12	34.88
308	31	0	66	12	36.75
309	31	0	67	12	37.69
310	31	0	68	12	38.63
311	30	-1	69	12	40.85
312	30	-1	70	12	41.79
313	29	0	71	12	43.37
314	29	0	72	12	44.33
315	29	0	73	12	45.28
316	28	0	74	12	47.20
317	28	0	75	12	48.16
318	28	0	76	12	49.12
319	28	0	77	12	50.08
320	28	0	56	-11	29.92
321	27	0	56	-11	30.85
322	27	0	57	-11	31.78
323	27	0	57	-12	32.10
324	26	0	58	-12	33.95
325	26	0	59	-12	34.88
326	26	0	59	-13	35.20
327	26	0	60	-13	36.12
328	26	0	61	-13	37.05
329	26	0	61	-14	37.36
330	26	0	62	-14	38.28
331	25	0	62	-14	39.20
332	25	0	63	-15	40.43
333	25	0	64	-15	41.35
334	25	0	64	-15	41.35
335	25	0	65	-16	42.58
336	25	0	66	-16	43.49
337	25	0	66	-16	43.49
338	24	0	67	-17	45.62
339	24	0	67	-17	45.62
340	24	0	68	-17	46.54
341	24	0	69	-18	47.74
342	24	0	69	-18	47.74
343	24	0	70	-18	48.65
344	23	1	71	-19	51.18
345	23	1	71	-19	51.18
346	22	1	72	-19	52.99
347	22	1	72	-20	53.28
348	22	1	73	-20	54.18
349	21	1	74	-20	55.98
350	21	1	74	-21	56.25
351	21	1	75	-21	57.15
352	21	1	20	0	1.41
353	19	1	19	0	1.00
354	19	1	19	0	1.00
355	19	1	19	0	1.00
356	18	1	19	0	1.41
357	18	1	18	0	1.00
358	16	1	18	0	2.24
359	16	1	18	0	2.24
360	16	1	18	0	2.24
361	13	2	17	0	4.47
362	13	2	17	0	4.47
363	10	2	17	0	7.28
364	10	2	17	0	7.28
365	10	2	16	0	6.32
366	6	2	16	0	10.20
367	6	2	16	0	10.20
368	6	2	16	0	10.20
369	2	2	15	0	13.15
370	2	2	15	0	13.15
371	0	2	15	0	15.13
372	0	2	15	0	15.13
373	0	2	14	0	14.14
374	-4	2	14	0	18.11
375	-4	2	14	0	18.11
376	-4	2	14	0	18.11
377	-8	2	13	0	21.09
378	-8	2	13	0	21.09
379	-8	2	13	0	21.09
380	-8	2	13	0	21.09
381	-13	2	12	0	25.07
382	-13	2	12	0	25.07
383	-13	2	12	0	25.07
384	-18	2	14	2	31.98
385	-18	2	13	2	30.98
386	-25	2	13	2	37.98
387	-25	2	13	2	37.98
388	-25	2	13	2	37.98
389	-29	2	12	2	40.97
390	-29	2	12	2	40.97
391	-34	2	12	2	45.97
392	-34	2	12	2	45.97
393	-34	2	12	2	45.97
394	-39	2	11	2	49.97
395	-39	2	11	2	49.97
396	-39	2	11	2	49.97
397	-44	2	11	2	54.96
398	-44	2	10	2	53.96
399	-49	3	10	2	58.95
400	-49	3	10	2	58.95
401	-49	3	10	2	58.95
402	-52	2	10	2	61.96
403	-52	2	9	2	60.96
404	-52	2	9	2	60.96
405	-52	2	9	2	60.96
406	-54	1	9	2	62.98
407	-54	1	8	2	61.98
408	-54	1	8	2	61.98
409	-56	0	8	2	64.02
410	-56	0	8	2	64.02
411	-56	0	8	2	64.02
412	-59	0	7	2	66.02
413	-59	0	7	2	66.02
414	-62	0	7	2	69.01
415	-62	0	7	2	69.01
416	-62	0	-57	3	5.83
417	-65	-1	-58	3	8.06
418	-65	-1	-59	3	7.21
419	-66	-2	-60	3	7.81
420	-66	-2	-61	3	7.07
421	-66	-2	-63	3	5.83
422	-67	-2	-64	3	5.83
423	-67	-2	-65	3	5.38
424	-71	-3	-66	3	7.81
425	-71	-3	-67	3	7.21
426	-71	-3	-69	3	6.32
427	-76	-4	-70	3	9.22
428	-76	-4	-71	3	8.60
429	-76	-4	-72	3	8.06
430	-76	-4	-74	3	7.28
431	-78	-3	-75	3	6.71
432	-78	-3	-76	3	6.32
433	-78	-3	-77	3	6.08
434	-79	-3	-78	3	6.08
435	-79	-3	-80	3	6.08
436	-79	-2	-81	3	5.38
437	-79	-2	-82	3	5.83
438	-79	-2	-83	3	6.40
439	-80	-2	-85	3	7.07
440	-80	-2	-86	3	7.81
441	-80	-2	-87	3	8.60
442	-79	-2	-88	3	10.29
443	-79	-2	-89	3	11.18
444	-79	-2	-91	3	13.00
445	-79	-2	-92	3	13.92
446	-79	-2	-93	3	14.86
447	-79	-2	-94	3	15.81
448	-79	-2	-106	-2	26.98
449	-79	-2	-107	-2	27.98
450	-79	-2	-108	-2	28.98
451	-77	-2	-110	-2	32.98
452	-77	-2	-111	-2	33.98
453	-77	-2	-112	-2	34.98
454	-77	-2	-114	-2	36.98
455	-77	-2	-115	-2	37.98
456	-77	-2	-117	-2	39.97
457	-77	-2	-118	-2	40.97
458	-77	-2	-119	-2	41.97
459	-76	-2	-121	-2	44.97
460	-76	-2	-122	-2	45.97
461	-76	-1	-123	-2	46.99
462	-76	-1	-125	-2	48.99
463	-76	-1	-126	-2	49.99
464	-75	-1	-128	-3	53.00
465	-75	-1	-129	-3	54.00
466	-75	-1	-130	-3	55.00
467	-75	0	-132	-3	57.05
468	-75	0	-133	-3	58.05
469	-73	0	-134	-3	61.04
470	-73	0	-136	-3	63.04
471	-73	0	-137	-3	64.04
472	-73	0	-139	-3	66.03
473	-73	0	-140	-3	67.03
474	-73	0	-141	-3	68.03
475	-73	0	-143	-3	70.03
476	-73	0	-144	-3	71.03
477	-73	0	-145	-3	72.03
478	-73	0	-147	-3	74.02
479	-73	0	-148	-3	75.02
480	-73	0	-96	-4	23.33
481	-73	0	-96	-4	23.33
482	-73	0	-97	-4	24.31
483	-73	0	-97	-4	24.31
484	-73	1	-98	-4	25.48
485	-73	1	-98	-4	25.48
486	-73	1	-99	-4	26.46
487	-73	1	-99	-4	26.46
488	-73	1	-100	-4	27.44
489	-73	1	-100	-4	27.44
490	-73	1	-101	-4	28.42
491	-73	1	-101	-4	28.42
492	-74	1	-102	-4	28.42
493	-74	1	-102	-4	28.42
494	-74	1	-103	-4	29.41
495	-76	2	-103	-4	27.64
496	-76	2	-104	-5	28.84
497	-80	2	-105	-5	25.94
498	-80	2	-105	-5	25.94
499	-80	2	-106	-5	26.90
500	-84	2	-106	-5	23.07
501	-84	2	-107	-5	24.02
502	-84	2	-107	-5	24.02
503	-84	2	-108	-5	24.98
504	-90	2	-108	-5	19.30
505	-90	2	-109	-5	20.23
506	-95	1	-109	-5	15.22
507	-95	1	-110	-5	16.14
508	-95	1	-110	-5	16.14
509	-98	1	-111	-5	14.31
510	-98	1	-111	-5	14.31
511	-98	1	-112	-5	15.22
512	-101	1	-67	2	34.00
513	-101	1	-66	2	35.00
514	-104	1	-66	2	38.00
515	-104	1	-66	2	38.00
516	-104	1	-66	2	38.00
517	-107	1	-66	2	41.00
518	-107	1	-65	2	42.00
519	-107	1	-65	2	42.00
520	-109	2	-65	2	43.97
521	-109	2	-65	2	43.97
522	-110	2	-65	2	44.97
523	-110	2	-64	2	45.97
524	-110	2	-64	2	45.97
525	-111	2	-64	2	46.97
526	-111	2	-64	2	46.97
527	-111	2	-64	2	46.97
528	-111	2	-64	3	46.96
529	-111	2	-63	3	47.96
530	-111	2	-63	3	47.96
531	-111	2	-63	3	47.96
532	-111	2	-63	3	47.96
533	-111	2	-63	3	47.96
534	-112	2	-62	3	49.96
535	-112	2	-62	3	49.96
536	-112	2	-62	3	49.96
537	-112	3	-62	3	49.93
538	-112	3	-62	3	49.93
539	-114	2	-61	3	52.95
540	-114	2	-61	3	52.95
541	-114	2	-61	3	52.95
542	-121	1	-61	3	59.99
543	-121	1	-61	3	59.99
544	-121	1	-129	2	8.06
545	-123	0	-129	2	6.32
546	-123	0	-130	2	7.28
547	-126	0	-131	2	5.38
548	-126	0	-132	2	6.32
549	-126	0	-133	2	7.28
550	-128	0	-134	2	6.32
551	-128	0	-135	2	7.28
552	-128	0	-136	2	8.24
553	-128	0	-136	2	8.24
554	-129	-1	-137	2	8.54
555	-129	-1	-138	2	9.49
556	-129	-1	-139	2	10.44
557	-130	-2	-140	2	10.77
558	-130	-2	-141	2	11.70
559	-130	-3	-142	2	13.00
560	-130	-3	-143	2	13.92
561	-130	-3	-143	2	13.92
562	-129	-4	-144	2	16.15
563	-129	-4	-145	2	17.08
564	-127	-5	-146	2	20.23
565	-127	-5	-147	2	21.17
566	-127	-5	-148	2	22.12
567	-126	-5	-149	2	24.02
568	-126	-5	-150	2	24.98
569	-126	-5	-150	2	24.98
570	-124	-6	-151	2	28.12
571	-124	-6	-152	2	29.08
572	-121	-5	-153	2	32.73
573	-121	-5	-154	2	33.70
574	-121	-5	-155	2	34.68
575	-119	-4	-156	2	37.46
576	-119	-4	-141	1	22.55
577	-119	-4	-141	1	22.55
578	-119	-4	-142	1	23.52
579	-118	-2	-142	1	24.18
580	-118	-2	-143	1	25.18
581	-118	-2	-144	1	26.17
582	-118	-2	-144	1	26.17
583	-118	-2	-145	1	27.16
584	-118	-2	-146	1	28.16
585	-118	-2	-146	1	28.16
586	-118	-2	-147	1	29.15
587	-118	-2	-147	1	29.15
588	-118	-2	-148	1	30.15
589	-119	-2	-149	1	30.15
590	-119	-2	-149	1	30.15
591	-119	-2	-150	1	31.14
592	-120	-2	-151	1	31.14
593	-120	-2	-151	1	31.14
594	-120	-2	-152	1	32.14
595	-122	-2	-152	1	30.15
596	-122	-2	-153	1	31.14
597	-122	-2	-154	1	32.14
598	-122	-2	-154	1	32.14
599	-126	-2	-155	1	29.15
600	-131	-3	-156	1	25.31
601	-131	-3	-156	1	25.31
602	-131	-3	-157	1	26.30
603	-136	-4	-157	1	21.57
604	-136	-4	-158	1	22.55
605	-136	-4	-159	1	23.52
606	-136	-4	-159	1	23.52
607	-140	-4	-160	1	20.60
608	-140	-4	-117	-9	23.38
609	-144	-5	-116	-9	28.07
610	-144	-5	-116	-9	28.07
611	-144	-5	-116	-9	28.07
612	-149	-4	-116	-9	33.15
613	-149	-4	-116	-9	33.15
614	-149	-4	-116	-9	33.15
615	-153	-4	-116	-10	37.18
616	-153	-4	-116	-10	37.18
617	-158	-4	-116	-10	42.08
618	-158	-4	-116	-10	42.08
619	-158	-4	-116	-10	42.08
620	-162	-4	-116	-10	46.01
621	-162	-4	-116	-11	46.09
622	-162	-4	-116	-11	46.09
623	-167	-2	-116	-11	51.39
624	-167	-2	-116	-11	51.39
625	-171	-1	-115	-11	56.48
626	-171	-1	-115	-11	56.48
627	-171	-1	-115	-11	56.48
628	-175	-1	-115	-12	60.49
629	-175	-1	-115	-12	60.49
630	-175	-1	-115	-12	60.49
631	-175	-1	-115	-12	60.49
632	-176	-1	-115	-12	61.46
633	-176	-1	-115	-12	61.46
634	-176	-1	-115	-13	61.56
635	-178	-2	-115	-13	63.26
636	-178	-2	-115	-13	63.26
637	-179	-2	-115	-13	64.23
638	-179	-2	-115	-13	64.23
639	-179	-2	-115	-13	64.23
640	179	-2	-161	-4	20.07
641	179	-2	-161	-4	20.07
642	179	-2	-162	-4	19.08
643	179	-2	-162	-4	19.08
644	179	-2	-163	-4	18.09
645	178	-3	-164	-4	17.99
646	178	-3	-164	-4	17.99
647	178	-3	-165	-4	17.00
648	177	-3	-166	-4	17.00
649	177	-3	-166	-4	17.00
650	177	-3	-167	-4	16.00
651	177	-3	-168	-4	15.01
652	177	-4	-168	-4	14.96
653	177	-5	-169	-4	13.99
654	177	-5	-170	-4	13.00
655	177	-5	-170	-4	13.00
656	177	-5	-171	-4	12.00
657	177	-7	-172	-4	11.35
658	177	-7	-172	-4	11.35
659	177	-7	-173	-4	10.39
660	178	-7	-174	-4	8.51
661	178	-7	-174	-4	8.51
662	178	-7	-175	-4	7.59
663	178	-7	-176	-4	6.68
664	178	-7	-176	-4	6.68
665	179	-7	-177	-4	4.98
666	179	-7	-178	-4	4.23
667	179	-7	-178	-4	4.23
668	179	-6	-179	-4	2.82
669	179	-6	-180	-4	2.23
670	-179	-6	-180	-4	2.23
671	-179	-6	179	-4	2.82
672	-179	-6	138	0	43.34
673	-179	-6	136	0	45.31
674	-179	-6	135	0	46.30
675	-179	-6	134	0	47.29
676	-179	-6	132	0	49.27
677	-178	-5	131	0	51.18
678	-178	-5	130	0	52.17
679	-178	-5	129	0	53.16
680	-177	-4	127	0	56.09
681	-177	-4	126	0	57.09
682	-176	-2	125	0	59.02
683	-176	-2	123	0	61.02
684	-176	-2	122	0	62.02
685	-175	0	121	0	64.00
686	-175	0	120	0	65.00
687	-175	2	118	0	67.01
688	-175	2	117	1	67.98
689	-175	2	116	1	68.98
690	-174	4	114	1	71.97
691	-174	4	113	1	72.97
692	-174	4	112	1	73.97
693	-174	6	111	1	74.98
694	-174	6	109	1	76.97
695	-173	7	108	1	78.96
696	-173	7	107	1	79.95
697	-173	7	105	1	81.94
698	-173	8	104	1	82.93
699	-173	8	103	1	83.92
700	-173	8	102	1	84.91
701	-173	8	100	1	86.89
702	-173	9	99	1	87.87
703	-173	9	98	1	88.86
704	-173	9	-177	-10	19.41
705	-173	10	-176	-10	20.22
706	-173	10	-176	-10	20.22
707	-172	10	-176	-10	20.39
708	-172	10	-176	-10	20.39
709	-172	10	-176	-10	20.39
710	-172	10	-176	-10	20.39
711	-172	10	-176	-10	20.39
712	-172	10	-176	-11	21.37
713	-172	10	-176	-11	21.37
714	-172	10	-176	-11	21.37
715	-171	10	-176	-11	21.58
716	-171	10	-176	-11	21.58
717	-171	10	-176	-11	21.58
718	-170	11	-176	-11	22.79
719	-170	11	-176	-11	22.79
720	-170	11	-176	-12	23.76
721	-169	10	-175	-12	22.79
722	-169	10	-175	-12	22.79
723	-167	10	-175	-12	23.39
724	-167	10	-175	-12	23.39
725	-167	10	-175	-12	23.39
726	-165	10	-175	-12	24.14
727	-165	10	-175	-12	24.14
728	-165	10	-175	-13	25.05
729	-165	10	-175	-13	25.05
730	-164	10	-175	-13	25.46
731	-164	10	-175	-13	25.46
732	-164	10	-175	-13	25.46
733	-163	10	-175	-13	25.90
734	-163	10	-175	-13	25.90
735	-162	9	-175	-13	25.51
736	-162	9	-167	24	15.74
737	-162	9	-166	24	15.48
738	-161	9	-166	24	15.74
739	-161	9	-166	25	16.69
740	-161	8	-166	25	17.66
741	-161	8	-166	26	18.62
742	-161	8	-165	26	18.40
743	-160	7	-165	27	20.56
744	-160	7	-165	27	20.56
745	-160	7	-165	28	21.53
746	-159	6	-165	28	22.72
747	-159	6	-164	29	23.48
748	-158	6	-164	29	23.69
749	-158	6	-164	30	24.66
750	-158	6	-164	30	24.66
751	-157	5	-164	31	26.82
752	-157	5	-164	31	26.82
753	-157	5	-163	31	26.60
754	-157	5	-163	32	27.58
755	-155	4	-163	32	28.99
756	-155	4	-163	33	29.95
757	-155	4	-163	33	29.95
758	-152	3	-162	34	32.37
759	-152	3	-162	34	32.37
760	-149	3	-162	35	34.20
761	-149	3	-162	35	34.20
762	-149	3	-162	36	35.12
763	-145	2	-161	36	37.09
764	-145	2	-161	37	37.98
765	-142	2	-161	37	39.13
766	-142	2	-161	38	39.99
767	-142	2	-161	38	39.99
768	-141	2	-151	9	12.16
769	-141	2	-150	9	11.36
770	-141	2	-150	9	11.36
771	-139	1	-149	9	12.77
772	-139	1	-149	9	12.77
773	-138	1	-149	9	13.56
774	-138	1	-148	9	12.77
775	-138	1	-148	9	12.77
776	-137	1	-148	9	13.56
777	-137	1	-147	9	12.77
778	-137	1	-147	9	12.77
779	-137	1	-147	9	12.77
780	-135	1	-146	9	13.56
781	-135	1	-146	9	13.56
782	-135	1	-146	9	13.56
783	-133	1	-145	9	14.38
784	-133	1	-145	9	14.38
785	-126	1	-145	9	20.53
786	-126	1	-144	9	19.62
787	-126	1	-144	9	19.62
788	-116	-1	-144	9	29.63
789	-116	-1	-143	9	28.70
790	-116	-1	-143	9	28.70
791	-105	-2	-143	9	39.43
792	-105	-2	-142	9	38.48
793	-94	-3	-142	9	49.32
794	-94	-3	-142	9	49.32
795	-94	-3	-141	9	48.36
796	-85	-3	-141	9	57.09
797	-85	-3	-141	9	57.09
798	-85	-3	-140	9	56.11
799	-85	-3	-140	9	56.11
800	-76	-4	-120	-5	43.87
801	-66	-4	-119	-5	52.83
802	-66	-4	-118	-5	51.84
803	-66	-4	-118	-5	51.84
804	-66	-4	-117	-5	50.84
805	-60	-4	-116	-6	55.80
806	-60	-4	-116	-6	55.80
807	-60	-4	-115	-6	54.81
808	-53	-4	-114	-6	60.77
809	-53	-4	-114	-6	60.77
810	-48	-4	-113	-7	64.73
811	-48	-4	-112	-7	63.73
812	-48	-4	-112	-7	63.73
813	-45	-5	-111	-7	65.62
814	-45	-5	-110	-8	64.59
815	-45	-5	-110	-8	64.59
816	-44	-6	-109	-8	64.48
817	-44	-6	-108	-8	63.50
818	-44	-6	-108	-8	63.50
819	-45	-8	-107	-9	61.25
820	-45	-8	-106	-9	60.27
821	-44	-9	-106	-9	61.15
822	-44	-9	-105	-9	60.17
823	-44	-9	-104	-10	59.10
824	-43	-9	-104	-10	60.08
825	-43	-9	-103	-10	59.10
826	-43	-9	-102	-10	58.12
827	-44	-9	-102	-10	57.14
828	-44	-9	-101	-11	56.09
829	-44	-9	-100	-11	55.11
830	-44	-9	-100	-11	55.11
831	-44	-9	-99	-11	54.13
832	-44	-9	-11	-10	32.55
833	-43	-10	-8	-10	34.45
834	-43	-10	-6	-10	36.42
835	-42	-10	-4	-10	37.40
836	-42	-10	-2	-10	39.37
837	-42	-10	0	-10	41.33
838	-41	-11	1	-11	41.19
839	-41	-11	3	-11	43.15
840	-41	-11	5	-11	45.11
841	-40	-11	7	-11	46.09
842	-40	-11	9	-11	48.04
843	-40	-11	11	-12	49.91
844	-39	-11	13	-12	50.89
845	-39	-11	15	-12	52.84
846	-38	-10	17	-12	53.94
847	-38	-10	19	-12	55.89
848	-38	-10	21	-13	57.77
849	-36	-10	23	-13	57.77
850	-36	-10	25	-13	59.72
851	-36	-10	27	-13	61.66
852	-36	-10	29	-13	63.60
853	-34	-10	31	-13	63.60
854	-34	-10	33	-14	65.46
855	-34	-10	35	-14	67.39
856	-32	-8	37	-14	67.79
857	-32	-8	39	-14	69.73
858	-30	-9	41	-14	69.52
859	-30	-9	43	-15	71.37
860	-30	-9	45	-15	73.30
861	-28	-9	47	-15	73.30
862	-28	-9	49	-15	75.22
863	-25	-9	51	-15	74.26
864	-25	-9	-12	-14	13.68
865	-25	-9	-11	-14	14.60
866	-21	-7	-10	-14	12.88
867	-21	-7	-9	-14	13.71
868	-21	-7	-8	-14	14.57
869	-17	-8	-7	-14	11.50
870	-17	-8	-6	-14	12.35
871	-14	-7	-5	-15	11.91
872	-14	-7	-4	-15	12.66
873	-14	-7	-3	-15	13.43
874	-9	-7	-2	-15	10.54
875	-9	-7	-1	-15	11.21
876	-9	-7	0	-15	11.91
877	-9	-7	1	-16	13.30
878	-5	-7	2	-16	11.31
879	-5	-7	3	-16	11.93
880	-5	-7	4	-16	12.59
881	-2	-8	5	-16	10.53
882	-2	-8	6	-16	11.19
883	1	-7	7	-16	10.75
884	1	-7	8	-17	12.11
885	1	-7	9	-17	12.69
886	4	-8	10	-17	10.73
887	4	-8	11	-17	11.30
888	7	-8	12	-17	10.24
889	7	-8	13	-17	10.73
890	7	-8	14	-18	12.10
891	9	-8	15	-18	11.58
892	9	-8	16	-18	12.10
893	9	-8	17	-18	12.67
894	11	-8	18	-18	12.10
895	11	-8	19	-18	12.67
896	11	-8	-6	-9	16.84
897	11	-8	-5	-9	15.85
898	11	-8	-4	-9	14.87
899	11	-9	-4	-9	14.81
900	11	-9	-3	-9	13.83
901	11	-9	-3	-9	13.83
902	11	-9	-2	-9	12.84
903	11	-8	-1	-9	11.91
904	11	-8	-1	-9	11.91
905	11	-8	0	-9	10.92
906	11	-8	0	-9	10.92
907	11	-8	0	-9	10.92
908	10	-8	1	-9	8.96
909	10	-8	1	-9	8.96
910	10	-8	2	-9	7.97
911	10	-8	2	-9	7.97
912	10	-8	3	-9	6.99
913	10	-9	4	-9	5.93
914	10	-9	4	-9	5.93
915	10	-9	5	-9	4.94
916	10	-8	5	-9	5.05
917	10	-8	6	-9	4.08
918	10	-8	7	-9	3.13
919	10	-9	7	-9	2.96
920	10	-9	8	-9	1.98
921	10	-9	8	-9	1.98
922	10	-9	9	-9	0.99
923	10	-9	10	-9	0.00
924	10	-9	10	-9	0.00
925	10	-9	11	-9	0.99
926	10	-9	11	-9	0.99
927	10	-9	12	-9	1.98
928	10	-9	47	-7	36.68
929	10	-9	48	-6	37.78
930	10	-9	49	-6	38.76
931	10	-10	50	-6	39.79
932	10	-10	51	-6	40.77
933	10	-10	52	-6	41.76
934	10	-10	53	-6	42.74
935	10	-10	54	-6	43.72
936	10	-10	56	-6	45.69
937	10	-10	57	-6	46.68
938	10	-10	58	-6	47.66
939	10	-11	59	-6	48.67
940	10	-11	60	-6	49.65
941	10	-11	61	-6	50.63
942	10	-11	62	-6	51.61
943	10	-11	63	-6	52.59
944	10	-12	65	-6	54.57
945	10	-12	66	-6	55.55
946	10	-12	67	-6	56.53
947	10	-12	68	-6	57.50
948	10	-12	69	-6	58.48
949	10	-13	70	-6	59.47
950	10	-13	71	-6	60.44
951	10	-13	72	-6	61.42
952	10	-13	74	-6	63.36
953	10	-13	75	-6	64.34
954	10	-13	76	-6	65.31
955	10	-13	77	-6	66.29
956	10	-13	78	-6	67.26
957	10	-13	79	-6	68.24
958	10	-13	80	-6	69.21
959	10	-13	81	-6	70.18
960	10	-13	9	-10	3.16
961	10	-12	8	-10	2.80
962	10	-12	8	-10	2.80
963	10	-12	8	-10	2.80
964	10	-12	8	-10	2.80
965	10	-12	8	-10	2.80
966	10	-12	8	-10	2.80
967	10	-12	8	-10	2.80
968	10	-12	8	-10	2.80
969	9	-11	8	-10	1.40
970	9	-11	8	-10	1.40
971	9	-11	8	-10	1.40
972	9	-10	8	-10	0.98
973	9	-10	8	-10	0.98
974	9	-9	8	-10	1.40
975	9	-9	8	-10	1.40
976	9	-9	8	-10	1.40
977	8	-9	8	-10	1.00
978	8	-9	8	-10	1.00
979	8	-9	8	-10	1.00
980	8	-9	8	-10	1.00
981	8	-7	8	-10	3.00
982	8	-7	8	-10	3.00
983	8	-7	8	-10	3.00
984	7	-4	8	-10	6.08
985	7	-4	8	-10	6.08
986	7	-2	8	-10	8.06
987	7	-2	8	-10	8.06
988	7	-2	8	-10	8.06
989	6	-1	8	-10	9.22
990	6	-1	8	-10	9.22
991	6	-1	8	-10	9.22
992	5	-1	10	-17	16.74
993	5	-1	10	-17	16.74
994	4	0	10	-17	18.00
995	4	0	10	-17	18.00
996	4	0	10	-17	18.00
997	4	0	10	-17	18.00
998	4	0	10	-17	18.00
999	4	0	10	-17	18.00
1000	4	0	10	-18	18.94
1001	3	0	10	-18	19.27
1002	3	0	10	-18	19.27
1003	3	0	10	-18	19.27
1004	2	0	10	-18	19.64
1005	2	0	10	-18	19.64
1006	1	0	10	-18	20.06
1007	1	0	10	-18	20.06
1008	1	0	10	-19	20.95
1009	1	0	10	-19	20.95
1010	1	0	10	-19	20.95
1011	1	0	10	-19	20.95
1012	1	0	10	-19	20.95
1013	1	0	10	-19	20.95
1014	1	0	10	-19	20.95
1015	1	0	10	-19	20.95
1016	1	0	10	-20	21.86
1017	0	0	10	-20	22.27
1018	0	0	10	-20	22.27
1019	0	0	10	-20	22.27
1020	0	1	10	-20	23.18
1021	0	1	10	-20	23.18
1022	0	1	10	-20	23.18
1023	0	1	10	-20	23.18
1024	0	1	0	11	10.00
1025	0	1	0	11	10.00
1026	0	0	0	11	11.00
1027	0	0	0	12	12.00
1028	0	0	0	12	12.00
1029	0	0	0	12	12.00
1030	0	0	0	13	13.00
1031	0	0	-1	13	13.04
1032	0	0	-1	14	14.03
1033	0	0	-1	14	14.03
1034	0	0	-1	14	14.03
1035	0	0	-1	15	15.03
1036	0	0	-1	15	15.03
1037	0	0	-2	15	15.13
1038	0	0	-2	16	16.12
1039	0	0	-2	16	16.12
1040	0	0	-2	17	17.11
1041	0	0	-2	17	17.11
1042	0	-1	-2	17	18.11
1043	0	-1	-2	18	19.10
1044	0	-1	-3	18	19.23
1045	0	-1	-3	18	19.23
1046	0	-1	-3	19	20.22
1047	0	-1	-3	19	20.22
1048	0	-1	-3	20	21.20
1049	0	-1	-3	20	21.20
1050	0	-1	-4	20	21.36
1051	1	-2	-4	21	23.52
1052	1	-2	-4	21	23.52
1053	1	-2	-4	21	23.52
1054	3	-3	-4	22	25.92
1055	3	-3	-4	22	25.92
1056	3	-3	-5	3	10.00
1057	6	-3	-5	3	12.53
1058	6	-3	-5	3	12.53
1059	8	-4	-5	3	14.76
1060	8	-4	-5	3	14.76
1061	8	-4	-5	3	14.76
1062	9	-4	-5	3	15.64
1063	9	-4	-6	3	16.54
1064	9	-4	-6	3	16.54
1065	11	-4	-6	3	18.37
1066	11	-4	-6	3	18.37
1067	11	-4	-6	3	18.37
1068	11	-5	-6	3	18.77
1069	11	-5	-7	3	19.68
1070	12	-5	-7	3	20.60
1071	12	-5	-7	3	20.60
1072	12	-5	-7	4	21.01
1073	13	-5	-7	4	21.91
1074	13	-5	-7	4	21.91
1075	13	-5	-7	4	21.91
1076	13	-5	-8	4	22.83
1077	14	-5	-8	4	23.75
1078	14	-5	-8	4	23.75
1079	14	-5	-8	4	23.75
1080	14	-5	-8	4	23.75
1081	14	-5	-8	4	23.75
1082	14	-6	-9	4	25.05
1083	14	-6	-9	4	25.05
1084	14	-6	-9	4	25.05
1085	14	-6	-9	4	25.05
1086	14	-6	-9	4	25.05
1087	14	-7	-9	4	25.46
1088	14	-7	6	-7	7.94
1089	14	-7	6	-7	7.94
1090	14	-8	6	-7	7.99
1091	14	-8	6	-7	7.99
1092	14	-8	6	-7	7.99
1093	14	-8	6	-7	7.99
1094	14	-9	6	-7	8.17
1095	14	-9	6	-7	8.17
1096	14	-9	6	-8	7.97
1097	14	-11	6	-8	8.44
1098	14	-11	6	-8	8.44
1099	15	-12	7	-8	8.83
1100	15	-12	7	-8	8.83
1101	15	-16	7	-8	11.19
1102	15	-16	7	-8	11.19
1103	15	-16	7	-8	11.19
1104	15	-19	7	-9	12.65
1105	15	-19	7	-9	12.65
1106	15	-19	7	-9	12.65
1107	16	-22	7	-9	15.61
1108	16	-22	7	-9	15.61
1109	16	-22	7	-9	15.61
1110	18	-24	8	-9	17.78
1111	18	-24	8	-9	17.78
1112	19	-24	8	-10	17.49
1113	19	-24	8	-10	17.49
1114	19	-24	8	-10	17.49
1115	20	-24	8	-10	18.08
1116	20	-24	8	-10	18.08
1117	20	-24	8	-10	18.08
1118	20	-24	8	-10	18.08
1119	19	-24	8	-10	17.49
1120	19	-24	25	-11	14.20
1121	19	-24	25	-11	14.20
1122	17	-24	25	-11	15.06
1123	17	-24	26	-11	15.56
1124	13	-23	26	-11	17.26
1125	13	-23	26	-11	17.26
1126	13	-23	27	-11	17.95
1127	9	-23	27	-11	20.95
1128	9	-23	27	-12	20.35
1129	3	-21	28	-12	25.56
1130	3	-21	28	-12	25.56
1131	3	-21	28	-12	25.56
1132	-4	-19	29	-12	32.51
1133	-4	-19	29	-12	32.51
1134	-4	-19	29	-12	32.51
1135	-12	-17	30	-12	40.89
1136	-12	-17	30	-13	40.69
1137	-18	-15	30	-13	46.53
1138	-18	-15	31	-13	47.49
1139	-18	-15	31	-13	47.49
1140	-23	-12	31	-13	52.63
1141	-23	-12	32	-13	53.60
1142	-23	-12	32	-13	53.60
1143	-27	-10	32	-13	57.77
1144	-27	-10	33	-14	58.68
1145	-27	-10	33	-14	58.68
1146	-27	-10	33	-14	58.68
1147	-30	-10	34	-14	62.56
1148	-30	-10	34	-14	62.56
1149	-33	-9	34	-14	65.65
1150	-33	-9	35	-14	66.62
1151	-33	-9	35	-14	66.62
1152	-34	-8	24	-41	60.83
1153	-34	-8	24	-41	60.83
1154	-35	-7	24	-42	62.52
1155	-35	-7	24	-42	62.52
1156	-35	-7	24	-43	62.81
1157	-34	-7	24	-43	62.11
1158	-34	-7	24	-44	62.42
1159	-34	-7	25	-44	63.10
1160	-33	-7	25	-45	62.74
1161	-33	-7	25	-45	62.74
1162	-33	-7	25	-46	63.06
1163	-31	-8	25	-46	61.00
1164	-31	-8	25	-47	61.35
1165	-26	-10	26	-47	57.28
1166	-26	-10	26	-48	57.67
1167	-26	-10	26	-48	57.67
1168	-21	-10	26	-49	55.13
1169	-21	-10	26	-50	55.62
1170	-21	-10	26	-50	55.62
1171	-21	-10	26	-51	56.11
1172	-19	-10	27	-51	55.56
1173	-19	-10	27	-52	56.08
1174	-19	-10	27	-52	56.08
1175	-16	-10	27	-53	55.10
1176	-16	-10	27	-53	55.10
1177	-14	-10	27	-54	54.74
1178	-14	-10	28	-54	55.20
1179	-14	-10	28	-55	55.80
1180	-12	-10	28	-55	54.90
1181	-12	-10	28	-56	55.54
1182	-11	-9	28	-56	56.02
1183	-11	-9	28	-57	56.68
1184	-11	-9	-87	8	77.59
1185	-9	-9	-88	8	80.51
1186	-9	-9	-90	9	82.64
1187	-9	-9	-91	9	83.61
1188	-8	-10	-93	10	86.88
1189	-8	-10	-95	10	88.82
1190	-7	-10	-96	11	90.93
1191	-7	-10	-98	11	92.87
1192	-7	-10	-100	12	94.96
1193	-5	-10	-101	12	97.86
1194	-5	-10	-103	13	99.94
1195	-5	-10	-105	13	101.87
1196	-5	-10	-106	14	102.96
1197	0	-11	-108	14	109.91
1198	0	-11	-110	15	111.94
1199	7	-11	-111	15	119.64
1200	7	-11	-113	16	121.63
1201	7	-11	-115	16	123.55
1202	18	-11	-116	17	135.06
1203	18	-11	-118	17	136.98
1204	18	-11	-120	18	138.83
1205	34	-13	-121	18	155.42
1206	34	-13	-123	19	157.11
1207	48	-13	-125	19	170.99
1208	48	-13	-126	20	170.94
1209	48	-13	-128	20	172.02
1210	55	-12	-130	21	169.81
1211	55	-12	-131	21	169.32
1212	55	-12	-133	22	167.42
1213	60	-12	-135	22	162.54
1214	60	-12	-136	23	161.22
1215	64	-12	-138	23	156.36
1216	64	-12	12	-10	51.01
1217	64	-12	12	-10	51.01
1218	68	-12	13	-10	53.94
1219	68	-12	14	-10	52.96
1220	68	-12	14	-10	52.96
1221	68	-12	15	-10	51.99
1222	70	-10	16	-10	53.11
1223	70	-10	17	-10	52.13
1224	70	-10	17	-10	52.13
1225	73	-9	18	-10	54.19
1226	73	-9	19	-10	53.21
1227	75	-8	19	-10	55.28
1228	75	-8	20	-10	54.30
1229	75	-8	21	-10	53.32
1230	77	-7	22	-10	54.42
1231	77	-7	22	-10	54.42
1232	79	-4	23	-10	55.84
1233	79	-4	24	-10	54.86
1234	79	-4	24	-10	54.86
1235	80	-2	25	-10	55.21
1236	80	-2	26	-10	54.23
1237	80	-2	27	-10	53.25
1238	81	-1	27	-10	54.42
1239	81	-1	28	-10	53.44
1240	82	-1	29	-10	53.44
1241	82	-1	29	-10	53.44
1242	82	-1	30	-10	52.46
1243	82	0	31	-10	51.70
1244	82	0	32	-10	50.73
1245	82	0	32	-10	50.73
1246	82	0	33	-10	49.75
1247	83	0	34	-10	49.75
1248	83	0	139	-15	57.31
1249	82	0	141	-15	60.17
1250	82	0	143	-15	62.08
1251	82	0	146	-15	64.95
1252	82	0	148	-15	66.87
1253	82	0	150	-15	68.79
1254	82	0	153	-15	71.67
1255	82	-1	155	-15	73.33
1256	82	-1	157	-15	75.26
1257	82	-1	160	-15	78.15
1258	82	-1	162	-15	80.08
1259	82	-1	164	-16	82.03
1260	82	-1	167	-16	84.92
1261	82	-1	169	-16	86.84
1262	82	-1	171	-16	88.76
1263	81	-2	174	-16	92.33
1264	81	-2	176	-16	94.25
1265	81	-2	178	-16	96.17
1266	81	-3	-179	-16	98.76
1267	81	-3	-177	-16	100.67
1268	81	-3	-175	-16	102.58
1269	82	-6	-172	-16	103.57
1270	82	-6	-170	-17	105.27
1271	82	-6	-168	-17	107.14
1272	84	-11	-165	-17	106.30
1273	84	-11	-163	-17	108.12
1274	84	-11	-161	-17	109.93
1275	88	-13	-158	-17	108.25
1276	88	-13	-156	-17	110.04
1277	88	-13	-154	-17	111.82
1278	88	-17	-151	-17	112.68
1279	88	-17	-149	-17	114.37
1280	87	-20	102	12	35.24
1281	87	-20	102	12	35.24
1282	87	-20	103	12	35.66
1283	90	-20	103	13	35.39
1284	90	-20	104	13	35.76
1285	90	-20	104	13	35.76
1286	91	-21	105	14	37.60
1287	91	-21	106	14	37.97
1288	91	-21	106	15	38.90
1289	91	-23	107	15	41.10
1290	91	-23	107	15	41.10
1291	91	-23	108	16	42.40
1292	92	-23	109	16	42.40
1293	92	-23	109	16	42.40
1294	92	-24	110	17	44.61
1295	92	-24	110	17	44.61
1296	92	-24	111	18	45.91
1297	93	-25	112	18	46.81
1298	93	-25	112	18	46.81
1299	93	-25	113	19	48.11
1300	93	-25	113	19	48.11
1301	94	-25	114	19	48.11
1302	94	-25	115	20	49.42
1303	94	-26	115	20	50.32
1304	94	-26	116	21	51.62
1305	94	-26	116	21	51.62
1306	95	-27	117	21	52.51
1307	95	-27	118	22	53.82
1308	94	-28	118	22	55.11
1309	94	-28	119	22	55.52
1310	94	-28	119	23	56.42
1311	91	-29	120	23	59.02
1312	91	-29	91	-40	11.00
1313	91	-29	91	-40	11.00
1314	91	-29	91	-41	12.00
1315	86	-30	91	-41	11.72
1316	86	-30	91	-42	12.66
1317	81	-30	91	-43	15.26
1318	81	-30	91	-43	15.26
1319	81	-30	91	-44	16.09
1320	75	-30	92	-45	20.09
1321	75	-30	92	-45	20.09
1322	75	-30	92	-46	20.78
1323	75	-30	92	-46	20.78
1324	68	-31	92	-47	24.39
1325	68	-31	92	-48	24.94
1326	58	-30	92	-48	31.57
1327	58	-30	92	-49	31.96
1328	53	-31	93	-50	35.25
1329	53	-31	93	-50	35.25
1330	53	-31	93	-51	35.56
1331	48	-31	93	-51	38.58
1332	48	-31	93	-52	38.83
1333	48	-31	93	-53	39.10
1334	48	-31	93	-53	39.10
1335	43	-32	93	-54	41.49
1336	43	-32	94	-55	42.25
1337	40	-32	94	-55	43.95
1338	40	-32	94	-56	44.11
1339	40	-32	94	-56	44.11
1340	36	-31	94	-57	47.21
1341	36	-31	94	-58	47.35
1342	33	-31	94	-58	48.93
1343	33	-31	94	-59	49.04
1344	33	-31	95	-38	50.64
1345	29	-31	95	-38	53.71
1346	29	-31	95	-38	53.71
1347	29	-31	95	-38	53.71
1348	24	-31	95	-39	57.25
1349	24	-31	95	-39	57.25
1350	24	-31	95	-39	57.25
1351	18	-31	95	-39	61.71
1352	18	-31	96	-40	62.12
1353	13	-30	96	-40	66.28
1354	13	-30	96	-40	66.28
1355	13	-30	96	-41	65.94
1356	7	-29	96	-41	70.76
1357	7	-29	96	-41	70.76
1358	7	-29	96	-41	70.76
1359	7	-29	96	-42	70.38
1360	2	-29	97	-42	74.47
1361	2	-29	97	-42	74.47
1362	2	-29	97	-43	74.04
1363	-2	-28	97	-43	77.34
1364	-2	-28	97	-43	77.34
1365	-8	-27	97	-43	81.90
1366	-8	-27	97	-44	81.40
1367	-8	-27	97	-44	81.40
1368	-13	-26	98	-44	85.82
1369	-13	-26	98	-45	85.28
1370	-17	-26	98	-45	87.63
1371	-17	-26	98	-45	87.63
1372	-17	-26	98	-45	87.63
1373	-19	-26	98	-46	88.17
1374	-19	-26	98	-46	88.17
1375	-19	-26	98	-46	88.17
1376	-22	-24	-25	-33	9.38
1377	-22	-24	-26	-33	9.66
1378	-23	-21	-28	-33	12.80
1379	-23	-21	-30	-33	13.51
1380	-23	-21	-32	-33	14.42
1381	-23	-20	-34	-33	16.28
1382	-23	-20	-35	-33	16.83
1383	-23	-20	-37	-33	18.02
1384	-24	-18	-39	-33	20.16
1385	-24	-18	-41	-33	21.40
1386	-24	-18	-43	-33	22.71
1387	-24	-18	-44	-33	23.39
1388	-23	-16	-46	-33	26.85
1389	-23	-16	-48	-33	28.26
1390	-21	-16	-50	-33	31.22
1391	-21	-16	-52	-33	32.74
1392	-21	-16	-54	-34	34.67
1393	-20	-13	-55	-34	38.05
1394	-20	-13	-57	-34	39.56
1395	-19	-10	-59	-34	43.74
1396	-19	-10	-61	-34	45.26
1397	-19	-10	-63	-34	46.81
1398	-17	-8	-64	-34	50.38
1399	-17	-8	-66	-34	51.94
1400	-17	-8	-68	-34	53.52
1401	-17	-8	-70	-34	55.12
1402	-17	-8	-72	-34	56.72
1403	-17	-8	-73	-34	57.53
1404	-16	-8	-75	-34	59.96
1405	-16	-8	-77	-34	61.59
1406	-15	-8	-79	-34	64.04
1407	-15	-8	-81	-34	65.69
1408	-15	-8	-77	-17	60.97
1409	-14	-8	-78	-16	62.89
1410	-14	-8	-80	-16	64.82
1411	-14	-8	-82	-16	66.74
1412	-14	-8	-83	-16	67.70
1413	-14	-8	-85	-15	69.67
1414	-14	-8	-87	-15	71.60
1415	-14	-9	-89	-15	73.30
1416	-14	-9	-90	-15	74.26
1417	-14	-9	-92	-15	76.18
1418	-13	-8	-94	-14	79.40
1419	-13	-8	-95	-14	80.36
1420	-13	-8	-97	-14	82.29
1421	-13	-8	-99	-14	84.22
1422	-13	-8	-101	-13	86.27
1423	-13	-9	-102	-13	87.02
1424	-13	-9	-104	-13	88.95
1425	-13	-9	-106	-13	90.87
1426	-13	-9	-107	-13	91.83
1427	-13	-9	-109	-12	93.93
1428	-13	-9	-111	-12	95.85
1429	-12	-10	-113	-12	98.49
1430	-12	-10	-114	-12	99.45
1431	-10	-9	-116	-11	103.73
1432	-10	-9	-118	-11	105.65
1433	-10	-9	-119	-11	106.61
1434	-8	-9	-121	-11	110.43
1435	-8	-9	-123	-11	112.33
1436	-8	-9	-125	-10	114.48
1437	-8	-9	-126	-10	115.43
1438	-5	-9	-128	-10	120.17
1439	-5	-9	-130	-10	122.06
1440	-5	-9	-8	8	17.26
1441	-1	-9	-7	8	18.02
1442	-1	-9	-7	9	18.97
1443	2	-10	-7	9	21.01
1444	2	-10	-7	10	21.91
1445	2	-10	-6	10	21.53
1446	8	-11	-6	11	26.03
1447	8	-11	-6	11	26.03
1448	13	-12	-6	12	30.52
1449	13	-12	-6	12	30.52
1450	13	-12	-5	13	30.72
1451	19	-12	-5	13	34.52
1452	19	-12	-5	14	35.24
1453	19	-12	-5	14	35.24
1454	26	-11	-4	15	39.49
1455	26	-11	-4	15	39.49
1456	36	-9	-4	16	46.83
1457	36	-9	-4	16	46.83
1458	36	-9	-4	17	47.33
1459	45	-10	-3	17	54.59
1460	45	-10	-3	18	55.04
1461	45	-10	-3	18	55.04
1462	45	-10	-3	19	55.49
1463	50	-9	-2	19	58.40
1464	50	-9	-2	20	58.81
1465	53	-7	-2	20	60.44
1466	53	-7	-2	21	60.80
1467	53	-7	-2	21	60.80
1468	55	-5	-1	22	61.06
1469	55	-5	-1	22	61.06
1470	55	-5	-1	23	61.40
1471	58	-4	-1	23	63.53
1472	58	-4	5	-10	52.89
1473	58	-4	5	-10	52.89
1474	60	-3	5	-10	55.03
1475	60	-3	5	-10	55.03
1476	60	-3	6	-10	54.04
1477	62	-3	6	-10	56.01
1478	62	-3	6	-10	56.01
1479	63	-2	7	-10	56.19
1480	63	-2	7	-10	56.19
1481	63	-2	7	-10	56.19
1482	63	1	8	-10	55.82
1483	63	1	8	-10	55.82
1484	63	1	8	-10	55.82
1485	62	2	9	-10	54.11
1486	62	2	9	-10	54.11
1487	62	2	9	-10	54.11
1488	61	2	10	-10	52.17
1489	61	2	10	-10	52.17
1490	61	2	10	-10	52.17
1491	59	3	10	-10	50.50
1492	59	3	11	-10	49.54
1493	59	4	11	-10	49.82
1494	59	4	11	-10	49.82
1495	59	4	12	-10	48.86
1496	57	4	12	-10	46.96
1497	57	4	12	-10	46.96
1498	57	4	13	-10	46.01
1499	57	3	13	-10	45.71
1500	57	3	13	-10	45.71
1501	57	3	14	-10	44.75
1502	57	3	14	-10	44.75
1503	57	3	14	-10	44.75
1504	57	3	121	1	63.98
1505	57	3	122	1	64.98
1506	57	3	124	1	66.98
1507	57	3	126	1	68.98
1508	57	2	128	1	70.98
1509	57	2	130	1	72.98
1510	57	2	132	1	74.98
1511	58	2	134	2	75.95
1512	58	2	136	2	77.94
1513	60	1	138	2	77.97
1514	60	1	140	2	79.97
1515	60	1	142	2	81.97
1516	60	1	144	2	83.97
1517	60	1	146	3	85.95
1518	60	1	148	3	87.95
1519	60	0	150	3	90.00
1520	60	0	152	3	92.00
1521	60	0	154	3	93.99
1522	61	0	156	3	94.99
1523	61	0	158	3	96.99
1524	61	0	160	4	98.98
1525	61	0	162	4	100.97
1526	61	0	164	4	102.97
1527	61	0	166	4	104.96
1528	61	0	168	4	106.96
1529	61	0	170	4	108.95
1530	61	0	172	5	110.92
1531	62	0	174	5	111.91
1532	62	0	176	5	113.90
1533	62	0	178	5	115.89
1534	64	-1	-180	5	115.99
1535	64	-1	-178	5	117.98
1536	65	-1	56	10	14.19
1537	65	-1	55	10	14.83
1538	65	-1	55	10	14.83
1539	67	-3	55	10	17.66
1540	67	-3	55	10	17.66
1541	67	-3	55	11	18.40
1542	70	-4	55	11	21.16
1543	70	-4	55	11	21.16
1544	70	-4	55	11	21.16
1545	70	-4	55	11	21.16
1546	74	-6	55	12	26.10
1547	74	-6	55	12	26.10
1548	75	-10	55	12	29.65
1549	75	-10	55	12	29.65
1550	75	-10	55	13	30.39
1551	78	-10	55	13	32.41
1552	78	-10	55	13	32.41
1553	78	-10	55	13	32.41
1554	81	-11	55	13	35.24
1555	81	-11	55	14	35.91
1556	81	-11	55	14	35.91
1557	83	-12	55	14	38.03
1558	83	-12	55	14	38.03
1559	85	-12	55	15	40.14
1560	85	-12	55	15	40.14
1561	85	-12	55	15	40.14
1562	88	-12	55	15	42.39
1563	88	-12	55	15	42.39
1564	88	-12	55	16	43.01
1565	92	-11	55	16	45.49
1566	92	-11	55	16	45.49
1567	92	-11	55	16	45.49
1568	94	-12	73	-5	21.90
1569	94	-12	73	-5	21.90
1570	94	-12	73	-5	21.90
1571	96	-11	73	-5	23.54
1572	96	-11	74	-5	22.58
1573	96	-11	74	-5	22.58
1574	99	-11	74	-5	25.46
1575	99	-11	74	-5	25.46
1576	99	-11	75	-6	24.25
1577	101	-11	75	-6	26.18
1578	101	-11	75	-6	26.18
1579	103	-10	75	-6	28.00
1580	103	-10	76	-6	27.02
1581	103	-10	76	-6	27.02
1582	103	-11	76	-6	27.15
1583	103	-11	76	-6	27.15
1584	103	-11	77	-7	25.98
1585	103	-11	77	-7	25.98
1586	103	-11	77	-7	25.98
1587	103	-11	77	-7	25.98
1588	103	-12	78	-7	25.15
1589	103	-12	78	-7	25.15
1590	103	-12	78	-7	25.15
1591	102	-13	78	-7	24.37
1592	102	-13	79	-8	23.15
1593	101	-14	79	-8	22.40
1594	101	-14	79	-8	22.40
1595	101	-14	79	-8	22.40
1596	101	-15	80	-8	21.72
1597	101	-15	80	-8	21.72
1598	101	-15	80	-8	21.72
1599	101	-16	80	-8	22.02
1600	101	-16	123	-23	21.86
1601	101	-16	123	-23	21.86
1602	101	-16	124	-23	22.75
1603	99	-19	125	-24	24.66
1604	99	-19	126	-24	25.57
1605	96	-24	127	-24	28.26
1606	96	-24	128	-25	29.07
1607	92	-29	129	-25	33.08
1608	92	-29	130	-25	33.95
1609	92	-29	131	-26	34.57
1610	90	-31	132	-26	37.03
1611	90	-31	132	-26	37.03
1612	90	-31	133	-27	37.59
1613	89	-32	134	-27	39.21
1614	89	-32	135	-27	40.05
1615	89	-32	136	-28	40.58
1616	89	-32	137	-28	41.43
1617	89	-32	138	-28	42.27
1618	89	-32	139	-29	42.80
1619	89	-33	140	-29	43.48
1620	89	-33	141	-29	44.30
1621	89	-33	142	-30	44.81
1622	88	-33	142	-30	45.63
1623	88	-33	143	-30	46.46
1624	88	-33	144	-31	46.96
1625	88	-34	145	-31	47.54
1626	88	-34	146	-31	48.35
1627	88	-34	147	-32	48.82
1628	88	-34	148	-32	49.62
1629	88	-34	149	-32	50.42
1630	87	-35	150	-33	51.37
1631	87	-35	151	-33	52.15
1632	87	-35	108	-20	23.82
1633	85	-36	108	-20	25.73
1634	85	-36	108	-20	25.73
1635	85	-36	108	-20	25.73
1636	84	-37	108	-20	26.95
1637	84	-37	109	-20	27.63
1638	84	-37	109	-20	27.63
1639	82	-36	109	-20	28.55
1640	82	-36	109	-21	27.92
1641	80	-36	109	-21	29.40
1642	80	-36	110	-21	30.15
1643	80	-36	110	-21	30.15
1644	77	-36	110	-21	32.43
1645	77	-36	110	-21	32.43
1646	77	-36	111	-21	33.20
1647	73	-36	111	-21	36.31
1648	73	-36	111	-22	35.78
1649	73	-36	111	-22	35.78
1650	69	-36	111	-22	38.96
1651	69	-36	112	-22	39.76
1652	65	-36	112	-22	42.97
1653	65	-36	112	-22	42.97
1654	65	-36	112	-22	42.97
1655	60	-35	113	-22	47.78
1656	60	-35	113	-23	47.32
1657	60	-35	113	-23	47.32
1658	60	-35	113	-23	47.32
1659	55	-36	113	-23	51.37
1660	55	-36	114	-23	52.18
1661	50	-35	114	-23	56.31
1662	50	-35	114	-23	56.31
1663	50	-35	114	-23	56.31
1664	45	-36	73	-54	26.44
1665	45	-36	72	-54	25.94
1666	45	-36	72	-55	26.50
1667	39	-36	71	-55	28.95
1668	39	-36	71	-56	29.43
1669	39	-36	70	-56	28.95
1670	35	-35	70	-57	32.17
1671	35	-35	69	-58	32.19
1672	30	-35	69	-58	34.54
1673	30	-35	69	-59	34.96
1674	30	-35	68	-59	34.50
1675	26	-34	68	-60	37.60
1676	26	-34	67	-61	37.59
1677	26	-34	67	-61	37.59
1678	22	-33	66	-62	40.17
1679	22	-33	66	-62	40.17
1680	22	-33	66	-63	40.61
1681	18	-33	65	-64	42.25
1682	18	-33	65	-64	42.25
1683	18	-33	64	-65	42.28
1684	13	-32	64	-65	45.10
1685	13	-32	63	-66	45.10
1686	8	-32	63	-67	47.32
1687	8	-32	62	-67	46.96
1688	8	-32	62	-68	47.31
1689	2	-31	62	-68	50.35
1690	2	-31	61	-69	50.28
1691	2	-31	61	-70	50.58
1692	-4	-30	60	-70	53.15
1693	-4	-30	60	-71	53.39
1694	-4	-30	59	-71	53.08
1695	-9	-29	59	-72	55.78
1696	-9	-29	3	-37	12.84
1697	-14	-28	1	-37	15.49
1698	-14	-28	0	-37	14.82
1699	-14	-28	0	-37	14.82
1700	-21	-28	-2	-37	18.33
1701	-21	-28	-3	-37	17.60
1702	-21	-28	-4	-37	16.89
1703	-25	-26	-6	-37	19.52
1704	-25	-26	-7	-37	18.83
1705	-25	-26	-8	-37	18.15
1706	-30	-24	-10	-37	21.51
1707	-30	-24	-11	-37	20.83
1708	-30	-24	-12	-37	20.17
1709	-32	-23	-14	-37	20.88
1710	-32	-23	-15	-37	20.25
1711	-32	-23	-16	-37	19.64
1712	-34	-22	-18	-37	20.41
1713	-34	-22	-19	-37	19.83
1714	-34	-22	-20	-37	19.28
1715	-35	-22	-21	-37	19.28
1716	-35	-22	-23	-37	18.24
1717	-35	-22	-24	-37	17.76
1718	-36	-21	-25	-37	18.64
1719	-36	-21	-27	-37	17.81
1720	-35	-19	-28	-37	19.02
1721	-35	-19	-29	-37	18.75
1722	-35	-19	-31	-37	18.34
1723	-32	-18	-32	-37	19.00
1724	-32	-18	-33	-37	19.02
1725	-32	-18	-35	-37	19.18
1726	-29	-16	-36	-37	21.90
1727	-29	-16	-37	-37	22.16
1728	-29	-16	-63	-22	32.63
1729	-28	-17	-64	-21	34.20
1730	-28	-17	-66	-21	36.07
1731	-28	-17	-68	-21	37.94
1732	-32	-16	-69	-21	35.36
1733	-32	-16	-71	-20	37.23
1734	-36	-16	-73	-20	35.35
1735	-36	-16	-74	-20	36.29
1736	-36	-16	-76	-20	38.17
1737	-38	-15	-78	-20	38.39
1738	-38	-15	-79	-19	39.33
1739	-38	-15	-81	-19	41.22
1740	-39	-15	-83	-19	42.16
1741	-39	-15	-84	-19	43.11
1742	-39	-15	-86	-18	45.05
1743	-39	-16	-88	-18	46.77
1744	-39	-16	-90	-18	48.66
1745	-40	-16	-91	-18	48.66
1746	-40	-16	-93	-18	50.55
1747	-40	-16	-95	-17	52.57
1748	-42	-15	-96	-17	51.78
1749	-42	-15	-98	-17	53.69
1750	-42	-15	-100	-17	55.59
1751	-43	-16	-101	-16	55.55
1752	-43	-16	-103	-16	57.45
1753	-43	-16	-105	-16	59.35
1754	-46	-16	-106	-16	57.45
1755	-46	-16	-108	-16	59.35
1756	-46	-16	-110	-15	61.42
1757	-48	-17	-111	-15	60.33
1758	-48	-17	-113	-15	62.22
1759	-48	-17	-115	-15	64.11
1760	-49	-17	-49	-3	14.00
1761	-49	-17	-49	-2	15.00
1762	-49	-17	-50	-2	15.03
1763	-49	-19	-50	-1	18.03
1764	-49	-19	-51	-1	18.11
1765	-51	-20	-52	0	20.02
1766	-51	-20	-52	0	20.02
1767	-51	-20	-53	0	20.10
1768	-53	-20	-54	0	20.02
1769	-53	-20	-54	0	20.02
1770	-53	-20	-55	1	21.09
1771	-56	-19	-55	1	20.02
1772	-56	-19	-56	1	20.00
1773	-56	-19	-57	2	21.02
1774	-61	-19	-57	2	21.36
1775	-61	-19	-58	3	22.20
1776	-67	-18	-59	3	22.43
1777	-67	-18	-59	3	22.43
1778	-67	-18	-60	4	23.06
1779	-73	-18	-60	4	25.46
1780	-73	-18	-61	5	25.87
1781	-73	-18	-62	5	25.43
1782	-79	-18	-62	5	28.47
1783	-79	-18	-63	6	28.73
1784	-79	-18	-64	6	28.20
1785	-85	-17	-64	7	31.73
1786	-85	-17	-65	7	31.10
1787	-85	-17	-65	7	31.10
1788	-90	-16	-66	8	33.77
1789	-90	-16	-67	8	33.08
1790	-90	-16	-67	9	33.82
1791	-96	-17	-68	9	37.98
