3768	34.57	0.78	7952	36.76	0.84	16088	38.91	0.89	28688	41.30	0.94	45736	43.61	0.96	70152	46.24	0.98	104040	48.43	0.99	
344	34.93	0.80	432	37.23	0.85	1008	39.22	0.90	1928	41.58	0.94	5632	43.74	0.96	17104	46.41	0.98	38384	48.63	0.99	
856	34.86	0.80	1304	37.23	0.85	2168	39.36	0.91	3720	41.63	0.94	8112	43.94	0.96	13288	46.49	0.98	22664	48.56	0.99	
864	34.90	0.80	1096	36.97	0.85	1896	39.24	0.90	2688	41.49	0.94	4256	43.88	0.96	8104	46.42	0.98	16272	48.49	0.99	
376	34.87	0.80	488	37.22	0.85	880	39.34	0.90	1688	41.70	0.94	2936	43.89	0.97	4552	46.49	0.98	8632	48.63	0.99	
288	34.92	0.80	328	37.21	0.85	472	39.32	0.90	936	41.68	0.94	1944	43.90	0.97	2984	46.52	0.98	6168	48.70	0.99	
328	34.96	0.80	328	37.23	0.85	336	39.28	0.90	552	41.67	0.94	760	43.88	0.97	1680	46.61	0.98	2136	48.78	0.99	
352	34.86	0.80	432	37.14	0.86	1096	39.41	0.91	1552	41.77	0.94	2912	44.02	0.97	5064	46.54	0.98	9272	48.62	0.99	
336	34.88	0.80	320	37.20	0.86	448	39.41	0.91	640	41.79	0.94	1344	44.07	0.97	2392	46.56	0.98	4160	48.72	0.99	
280	34.90	0.80	280	37.24	0.86	328	39.41	0.91	568	41.81	0.94	744	44.11	0.97	880	46.66	0.98	1088	48.80	0.99	
504	34.86	0.80	752	37.23	0.86	816	39.38	0.91	1560	41.71	0.94	3536	43.93	0.97	7840	46.44	0.98	13808	48.59	0.99	
288	34.78	0.80	448	37.14	0.86	672	39.36	0.91	1272	41.79	0.94	1808	44.04	0.97	3592	46.60	0.98	5872	48.66	0.99	
320	34.77	0.80	384	37.12	0.86	560	39.34	0.91	800	41.81	0.94	1152	44.13	0.97	1984	46.69	0.98	3136	48.75	0.99	
424	34.86	0.81	520	37.25	0.86	696	39.60	0.91	880	41.93	0.94	2768	44.24	0.97	6648	46.73	0.98	15008	48.67	0.99	
1680	34.97	0.81	2192	37.34	0.86	3240	39.48	0.91	4872	41.77	0.94	8880	44.21	0.97	12352	46.59	0.98	19696	48.60	0.99	
712	34.94	0.80	784	37.29	0.86	1240	39.44	0.91	1888	41.77	0.94	2800	44.04	0.97	6208	46.59	0.98	9784	48.69	0.99	
448	34.81	0.81	560	37.03	0.85	920	39.21	0.90	3160	41.28	0.94	9768	43.94	0.96	17848	46.50	0.98	30200	48.52	0.99	
736	34.82	0.80	1168	37.04	0.85	1536	39.23	0.90	2352	41.31	0.94	3480	43.99	0.96	5352	46.49	0.98	10000	48.53	0.99	
352	34.73	0.80	408	36.96	0.85	712	39.16	0.90	1296	41.32	0.94	2264	43.79	0.96	4872	46.36	0.98	9888	48.41	0.99	
352	34.75	0.80	664	36.96	0.85	960	39.18	0.90	2096	41.41	0.94	2552	43.93	0.96	4040	46.50	0.98	7192	48.52	0.99	
528	34.77	0.80	680	37.05	0.85	1120	39.28	0.90	1352	41.52	0.94	1616	44.01	0.96	2912	46.60	0.98	4944	48.64	0.99	
1304	35.01	0.81	1528	37.16	0.86	2216	39.34	0.90	3824	41.48	0.94	6424	44.02	0.96	11376	46.50	0.98	19536	48.55	0.99	
288	34.85	0.81	344	37.06	0.86	512	39.31	0.90	992	41.57	0.94	1808	44.03	0.97	3592	46.50	0.98	8232	48.57	0.99	
304	34.86	0.81	392	37.06	0.86	480	39.34	0.90	1000	41.56	0.94	2000	44.08	0.97	3008	46.58	0.98	5792	48.67	0.99	
3616	35.44	0.82	7232	37.33	0.86	13816	39.52	0.91	24272	42.14	0.95	37896	44.52	0.97	56976	47.03	0.98	81336	49.28	0.99	
328	35.35	0.82	400	37.40	0.87	720	39.31	0.91	1792	42.12	0.95	3328	44.43	0.97	7248	46.91	0.98	13640	49.00	0.99	
296	35.47	0.82	328	37.42	0.87	416	39.55	0.91	832	42.22	0.95	1752	44.57	0.97	2936	47.03	0.98	4496	49.16	0.99	
304	35.35	0.82	440	37.28	0.87	1032	39.52	0.91	1704	42.18	0.95	2224	44.64	0.97	4024	47.12	0.98	5448	49.20	0.99	
384	35.36	0.82	584	37.41	0.87	936	39.34	0.91	1240	42.05	0.95	2024	44.38	0.97	3912	46.84	0.98	6360	48.82	0.99	
280	35.36	0.82	280	37.47	0.87	304	39.41	0.91	464	42.17	0.95	744	44.45	0.97	1584	46.98	0.98	2328	49.03	0.99	
496	35.38	0.82	848	37.45	0.87	1576	39.43	0.91	2200	41.95	0.95	5144	44.57	0.97	10864	46.86	0.98	20096	48.87	0.99	
840	35.24	0.82	1200	37.39	0.86	1728	39.30	0.91	2904	42.00	0.95	4728	44.48	0.97	8256	46.75	0.98	14360	48.75	0.99	
392	35.41	0.82	608	37.48	0.87	872	39.42	0.91	1320	42.09	0.95	2192	44.52	0.97	3896	46.92	0.98	7448	48.95	0.99	
656	35.33	0.82	952	37.36	0.87	1392	39.51	0.91	2424	42.12	0.95	4544	44.52	0.97	9600	46.90	0.98	17752	48.84	0.99	
840	35.40	0.82	1088	37.39	0.87	1192	39.52	0.91	1776	41.98	0.95	2512	44.32	0.97	6368	47.00	0.98	11368	48.98	0.99	
400	35.39	0.82	656	37.44	0.87	1232	39.55	0.91	1688	42.03	0.95	2456	44.57	0.97	4544	46.88	0.98	7976	48.85	0.99	
1560	35.48	0.82	2520	37.35	0.87	3992	39.59	0.91	7000	42.04	0.95	11144	44.44	0.97	19648	46.87	0.98	33448	48.86	0.99	
448	35.44	0.82	520	37.50	0.87	776	39.70	0.91	1456	42.22	0.95	2664	44.62	0.97	5112	46.96	0.98	10936	48.95	0.99	
280	35.47	0.82	304	37.50	0.87	544	39.72	0.91	848	42.26	0.95	1248	44.69	0.97	2296	47.07	0.98	4056	49.02	0.99	
1408	35.51	0.82	1752	37.63	0.87	2424	39.41	0.91	3944	41.89	0.94	8880	44.34	0.97	15232	46.67	0.98	27624	48.71	0.99	
384	35.46	0.82	520	37.60	0.87	496	39.39	0.91	744	41.82	0.94	1488	44.30	0.97	3088	46.66	0.98	4840	48.62	0.99	
2088	35.73	0.83	3560	37.63	0.87	5912	39.64	0.91	9256	42.11	0.95	14040	44.73	0.97	20504	47.05	0.98	30328	48.93	0.99	
384	35.39	0.82	624	37.57	0.87	968	39.33	0.91	1632	41.77	0.94	3320	44.26	0.97	7160	46.67	0.98	14048	48.67	0.99	
1208	35.30	0.82	1392	37.47	0.87	1232	39.27	0.91	3088	41.72	0.95	6832	44.28	0.97	13664	46.68	0.98	23992	48.65	0.99	
384	35.56	0.82	488	37.71	0.87	536	39.46	0.91	808	41.88	0.94	1848	44.42	0.97	3160	46.80	0.98	6952	48.79	0.99	
408	35.31	0.82	560	37.48	0.87	896	39.36	0.91	1488	41.84	0.95	2904	44.35	0.97	6056	46.74	0.98	10952	48.69	0.99	
696	35.25	0.83	1096	37.72	0.87	1704	39.44	0.91	3136	41.87	0.95	6144	44.51	0.97	11176	46.83	0.98	21840	48.76	0.99	
320	35.38	0.82	328	37.69	0.87	744	39.44	0.91	1592	41.93	0.95	2880	44.40	0.97	4576	46.80	0.98	8448	48.72	0.99	
