13.86	37.651609375	11.166560502801	17.22	39.91380625	6.63284327854252	22.98	41.973965625	4.12746879336073	33.36	44.219340625	2.46119655411949	52.26	46.203040625	1.55874939659617	95.22	48.225071875	0.978527810998055	164.64	49.97601875	0.653850538676106	
17.1	39.4953875	7.30367787931606	23.76	41.284046875	4.83810927638912	31.86	43.938546875	2.62558252601708	44.94	46.064740625	1.60918619577378	65.82	48.41698125	0.936229315718415	95.52	50.510603125	0.578122734711786	153.12	52.77341875	0.343351133820503	
7.92	39.695628125	6.97457178192814	11.46	42.8178875	3.39853393559445	14.4	45.21754375	1.95580695359563	19.98	47.452965625	1.16891733262081	33.6	49.659503125	0.703282884610419	55.56	51.74193125	0.435398808138222	97.14	54.080615625	0.254108269353107	
11.22	39.85920625	6.7167585352405	16.32	41.987815625	4.11432693008789	21.66	44.80988125	2.14828668081684	31.38	47.15241875	1.25267521834729	46.2	49.276234375	0.768169259026872	74.22	51.6029625	0.449556323498	122.4	53.77214375	0.272813580764348	
10.14	39.784721875	6.83294890772699	13.86	42.677978125	3.50980144443879	18.48	44.514428125	2.29952189120858	27.06	46.76866875	1.36840132447896	45	48.92703125	0.832486569697197	73.32	51.1035625	0.504340809141808	123.84	53.505778125	0.290069821945874	
9.06	40.075878125	6.38987773491157	11.34	42.73523125	3.46383531643959	18.3	44.413865625	2.35338942909833	27.42	47.089384375	1.27098938477353	43.32	49.3315625	0.758445031866073	73.8	51.3394875	0.477674008552191	120.78	53.53288125	0.288265212801739	
8.28	40.14901875	6.28316530593924	11.76	43.138584375	3.1566172346414	15.54	45.26533125	1.93440424189181	21.72	47.4050375	1.18188878293394	34.32	49.473575	0.734045297618259	57.12	51.752190625	0.434371475794749	95.58	53.795009375	0.27138099057848	
9.72	39.81324375	6.7882212020968	12.18	43.21954375	3.09831796977795	16.38	44.690715625	2.20804946541957	24.96	46.96223125	1.30875163085445	38.94	49.1944625	0.782769888409289	66.42	51.41483125	0.469458531434147	114.48	53.439946875	0.294500253779734	
17.94	38.133675	9.99339056234458	27.36	40.90605	5.27807261474223	37.56	43.062284375	3.21256499878768	54.42	44.95325	2.0785255188216	82.38	47.29611875	1.2119047449637	134.1	49.632053125	0.707742129351089	216.06	51.946840625	0.415332865457877	
36.66	35.728684375	17.3864903311206	50.94	38.54644375	9.08732343875904	77.22	40.925978125	5.25390902447269	114.6	43.11588125	3.17316193488918	171.18	45.43874375	1.85868582072331	254.46	47.7093375	1.1019112343609	382.14	50.07083125	0.639730763807704	
26.1	36.4123125	14.8541946581279	38.46	39.062125	8.06989456991539	57.9	41.474240625	4.63080291893361	88.02	43.41921875	2.95909212273533	132.6	45.657653125	1.76731941465962	206.4	47.92755	1.04791332040831	328.74	50.2805375	0.609574247018914	
28.86	36.135028125	15.8335226756374	41.58	37.883809375	10.5852086584427	63.12	40.573571875	5.69800955755623	98.04	42.899134375	3.33554591589869	147.24	45.25153125	1.94056071793282	231.36	47.511434375	1.15328574322777	365.16	50.0492375	0.642919518630668	
58.5	34.018384375	25.7775669428427	88.26	36.576984375	14.301510963421	127.68	38.768028125	8.63530235272307	184.98	40.98548125	5.18241557488824	275.76	43.36225625	2.99815951778834	415.74	45.705396875	1.74799696146883	629.94	48.1341125	0.999238389789415	
94.56	32.67373125	35.1323528460654	141.54	35.481925	18.402967572848	197.88	37.86465625	10.6319943187554	277.56	39.9676125	6.55117364350602	406.68	42.397590625	3.74387463988448	585.42	44.781590625	2.16232663743063	855.24	47.26785625	1.21981715237866	
42.3	36.238171875	15.4619111516676	61.86	38.79275625	8.58627385289957	90.3	40.968925	5.20220977587466	127.86	43.26066875	3.0691172902416	190.5	45.4284375	1.86310190915963	276.96	47.703421875	1.10341319568646	414.96	50.092428125	0.636557366543768	
26.4	36.767678125	13.6871349219769	39.84	39.168090625	7.87537601021226	56.58	41.322590625	4.79536090580121	81.72	43.48845	2.91229497503193	129.24	45.67603125	1.75985641613187	200.22	47.8787375	1.05975777348418	316.26	50.4215375	0.590101353633029	
31.08	35.95188125	16.5155193774999	45.54	38.3509375	9.50575487327319	67.14	40.491315625	5.80695951688888	99.9	42.77589375	3.43155517253147	154.92	45.0663375	2.02510063978535	237.18	47.299765625	1.2108875066218	362.76	49.750215625	0.688745538082173	
55.38	34.71518125	21.9564557003139	82.74	37.371153125	11.9114614179198	119.46	39.713434375	6.94603429698587	174.84	41.92371875	4.17549997930292	254.82	44.155903125	2.4974111616211	372	46.55349375	1.43790762220034	553.56	48.9701875	0.824255039055261	
58.02	35.070709375	20.2306307484005	85.44	37.8128625	10.7595500691381	123.6	39.920759375	6.62223248531069	178.14	42.166853125	3.94816276493031	261.3	44.467415625	2.32454949833424	378.54	46.87543125	1.33517206064435	549.84	49.218515625	0.778446550245246	
36.3	36.23439375	15.4753680231432	51.96	39.110584375	7.98034971391829	76.86	41.3296625	4.78755868894623	111.72	43.69855625	2.77475559558237	162.06	45.867521875	1.68394604937976	240.36	48.01115625	1.02793282796448	361.38	50.200940625	0.620849446633984	
23.52	38.41688125	9.36250873443264	33.78	40.654115625	5.59330881919291	48.18	42.77961875	3.42861314511903	68.4	45.01069375	2.05121406546633	101.7	47.07869375	1.27412191556653	163.86	49.241584375	0.774322579054997	258.54	51.4732125	0.463189931965838	
18.84	39.634428125	7.07355196497325	25.32	42.1257625	3.98569545004666	34.26	44.466809375	2.32487401466102	48.72	46.49245625	1.45825923639876	70.86	48.666315625	0.883992943723163	108.72	50.93870625	0.523853362464991	175.56	53.210134375	0.3105038027531	
5.22	42.21199375	3.90733804362628	8.52	45.372153125	1.8874047703056	12.3	46.718678125	1.38424367689155	17.7	49.485353125	0.732057253877199	25.2	51.390725	0.472071585831737	44.46	53.75553125	0.273859137389556	81.6	56.4985625	0.145621034127478	
8.16	40.914934375	5.26728628263524	11.28	44.69108125	2.20786358138534	13.74	47.0796875	1.27383040511532	17.94	48.743884375	0.868344231097582	26.58	50.97120625	0.519947789112439	43.68	53.18295	0.312453476269027	81.12	55.98413125	0.163933320569123	
8.64	40.42529375	5.89591190595312	11.52	43.5776	2.85312212025657	15.3	46.36649375	1.50117383389616	23.88	48.2351	0.976270937113755	31.32	50.216025	0.618696787297481	53.52	52.661840625	0.35228674132502	92.52	55.189878125	0.196830569192986	
8.4	41.65893125	4.437999366143	11.46	44.07519375	2.54425704572372	13.98	46.355240625	1.5050686108843	21.18	48.230221875	0.977368129798493	31.38	50.314759375	0.604789751743526	51.9	52.565321875	0.360203703154641	96.12	55.2037125	0.196204566436429	
10.68	38.878659375	8.41810664597441	16.92	42.004628125	4.09843025013831	23.7	44.39388125	2.36424367508076	34.62	46.51646875	1.45021864985747	50.52	48.466153125	0.925688883508226	81.36	51.000475	0.516455445366365	136.38	53.4503125	0.293798186590286	
12	39.09291875	8.01287717754252	16.8	41.73203125	4.36392457626452	22.56	44.06724375	2.54891871397764	33.78	46.209675	1.55637003566418	54.12	48.448678125	0.929421144145293	88.38	50.624225	0.563193794424849	153.84	53.301484375	0.304040839749954	
12.66	39.154746875	7.89961040855251	19.32	42.322815625	3.80889322629194	23.58	44.05265	2.55749834219015	33.78	46.2205625	1.55247319672469	53.64	48.3748875	0.945347784791025	92.46	50.88508125	0.530361799964487	159.36	53.2476625	0.30783224588322	
15.48	38.589375	8.99793519305762	21.42	41.307040625	4.81256156584248	30.24	43.641371875	2.81153292243117	42.78	45.863915625	1.68534492795124	64.8	47.925178125	1.04848578871272	107.88	50.253440625	0.613389444789616	176.88	52.753640625	0.34491834879805	
17.64	37.071196875	12.7632322878721	25.5	39.887365625	6.67334839109352	38.64	42.402853125	3.7393408018915	53.88	44.676265625	2.2154084015647	83.1	46.737390625	1.37829219986695	130.26	49.10786875	0.798534135325499	218.22	51.550053125	0.455066691270727	
17.58	37.0262375	12.8960471070703	24.24	39.83373125	6.75627371754217	33.9	42.029709375	4.07482932892013	49.62	44.126015625	2.51465724804827	79.44	46.289096875	1.52816649432602	129.12	48.665525	0.884153887638287	217.38	51.06798125	0.508489788535419	
20.64	36.268253125	15.3551848287575	30.84	39.124553125	7.95472276480175	41.94	41.533328125	4.56822565407331	62.52	43.688725	2.78104400514957	95.94	45.967709375	1.64554371216887	156.78	48.359871875	0.948621958454352	261.42	50.753984375	0.546615475892936	
17.04	37.24349375	12.2667915644587	26.16	39.747771875	6.8913320028125	37.74	42.271334375	3.8543124989988	57.18	44.551121875	2.28017496661005	87.18	46.6114125	1.41885858035399	142.86	48.7848	0.860201827479431	240.48	51.056825	0.509797687193753	
11.34	38.13360625	9.99354876169268	17.16	40.25890625	6.12617975636533	26.1	42.5243375	3.63619035797051	34.86	44.829153125	2.13877475056098	55.86	46.695025	1.39180329674638	96.6	48.856653125	0.846087050917592	171.72	51.17849375	0.495713773319233	
16.14	36.40366875	14.8837883573975	25.44	38.941878125	8.2964547411774	37.8	41.35794375	4.75648340502308	58.08	43.606640625	2.83410736296859	87.6	45.77625625	1.71970809615391	145.74	48.069015625	1.01432889742788	235.02	50.103259375	0.634971778482286	
17.28	36.5838625	14.2788789175106	26.94	39.169753125	7.87236185564971	39	41.496253125	4.60739077443334	56.22	43.713659375	2.76512280089244	86.64	45.7465125	1.73152637364688	151.92	48.001615625	1.03019348337925	251.4	50.172790625	0.624886724553144	
16.5	36.610184375	14.1925987076232	23.64	39.28125	7.67282619857489	39.72	41.683575	4.41288755051195	59.1	43.921353125	2.63599782978564	99	46.051384375	1.61414268892281	165.72	48.29070625	0.963850630661673	273.84	50.6461125	0.560362560240892	
22.44	37.25739375	12.2275933161061	30.9	39.53013125	7.24548123257228	42.78	41.4987875	4.60470286333575	64.68	43.91143125	2.64202690464922	98.88	45.98509375	1.63896993066848	154.5	48.285803125	0.964939419272066	259.26	50.66291875	0.558198269618918	
13.14	38.75615625	8.65894011067856	16.32	40.96394375	5.20818000466758	24.06	43.036325	3.23182518401643	37.02	45.14398125	1.9892173379291	63.9	47.318003125	1.20581324054844	104.04	49.4186	0.743396241209818	176.34	51.76421875	0.433170114454127	
12.54	38.02755625	10.2405842729879	18.06	40.223284375	6.17663479128333	28.68	42.687390625	3.50220286013343	41.82	44.65515	2.22620606127978	74.1	46.962334375	1.30872055438096	124.08	49.21515625	0.779048930811754	213.96	51.6198125	0.447815489029322	
14.22	38.1327375	9.99554804196376	20.82	40.19179375	6.22158424054621	33.9	42.404784375	3.73767833626342	48.78	44.62568125	2.24136319334414	81.54	46.8177	1.3530391432641	132.96	49.062284375	0.806959843079737	216.18	51.3241875	0.479359800421888	
11.28	38.7513125	8.66860294102223	16.08	41.060290625	5.09391036190892	24.78	43.2720375	3.06109361065488	38.76	45.56000625	1.80750595114844	62.22	47.470646875	1.1641680426194	101.64	49.5528875	0.720761550507268	179.88	51.93859375	0.416122295787779	
9.36	37.967134375	10.3840536521632	14.4	40.454703125	5.85612109130009	21.84	42.8116125	3.40344793180797	37.08	45.42555	1.86434104430641	60.06	47.557053125	1.14123491066883	100.8	49.69694375	0.697245926802923	173.28	52.09186875	0.401692280580574	
7.92	38.6114	8.95241818762466	12.78	40.98418125	5.1839670909593	20.1	43.32061875	3.02704227227278	31.86	45.481309375	1.84055764316764	56.34	47.469784375	1.16439926698231	94.44	49.587834375	0.714984988040267	175.98	51.879784375	0.42179548182588	
12.3	37.81229375	10.7609592269969	17.1	40.6086	5.65223696370385	27.54	42.44966875	3.69924832530487	45.9	44.75471875	2.17574746338214	74.46	46.796378125	1.35969828061092	125.16	49.0720625	0.805145019629461	211.32	51.413975	0.46955109846257	
11.1	36.953140625	13.1149397072605	15.3	39.89255	6.66538685805238	28.14	42.072265625	4.03509531966398	42.84	44.508434375	2.30269767979499	73.92	46.682975	1.39567037745141	122.88	48.98078125	0.822246883090168	200.1	51.395771875	0.471523316720992	
12.54	38.379621875	9.44317794201421	16.92	41.600625	4.49798352995627	21.96	43.199109375	3.11293049093508	40.14	45.452390625	1.85285442219242	68.76	47.260040625	1.22201432904295	115.5	49.43296875	0.740940758961645	206.64	51.92349375	0.41757163098969	
17.4	37.685359375	11.0801189654671	25.38	39.974553125	6.54071232572489	39.72	42.432934375	3.7135298856355	60	44.529715625	2.2914416270975	95.4	46.643896875	1.40828538860042	153.36	48.671040625	0.883031707626234	263.82	51.215978125	0.491453631294678	
25.02	37.11801875	12.6263692508637	38.28	39.564878125	7.18774313221215	54.48	41.563675	4.53641586768758	79.92	43.591115625	2.8442567561504	124.08	45.745225	1.73203977429652	193.74	47.857946875	1.0648432281909	316.44	50.4676	0.58387564609196	
43.44	35.525709375	18.218366030676	59.88	37.764696875	10.8795435098842	87.6	40.211534375	6.19336853491561	127.14	42.386315625	3.75360698295347	191.76	44.548846875	2.28136972205387	289.08	46.769834375	1.36803410158559	439.32	49.17491875	0.786300380574937	
34.44	36.488575	14.5956305183672	52.62	38.7279	8.71546094024654	77.34	40.901675	5.28339232373273	113.58	42.911328125	3.32619378980025	174.54	44.89794375	2.10516424839901	271.74	47.01279375	1.2936029159856	434.76	49.2094125	0.780079941511663	
23.28	38.14320625	9.97148260254947	34.14	40.360603125	5.98439220216146	52.08	42.535034375	3.62724527266896	77.7	44.566165625	2.27229021531178	117.48	46.5983625	1.42312848301405	185.34	48.71945	0.873243498437961	288	50.895415625	0.529101263176319	
12.48	39.9521875	6.57448306260894	17.34	42.3855625	3.75425796529501	24.9	44.782546875	2.16185057860207	38.16	46.755021875	1.37270802735732	57.18	48.46645	0.925625607434941	93.36	50.4859875	0.58140881346047	158.4	52.678165625	0.350964991740068	
21.6	38.34413125	9.52066394326613	29.76	40.643159375	5.60743726363538	45.96	43.045425	3.22506046096333	67.02	45.13360625	1.99397512370093	99.96	47.045740625	1.2838263890657	152.82	49.111378125	0.797889129710147	242.04	51.1208	0.502343006933621	
24.06	38.11114375	10.0453711141532	36.06	41.02604375	5.13423787164064	53.82	43.16151875	3.13999159713068	76.5	45.285653125	1.92537375840682	110.64	47.460640625	1.16685340635615	169.26	49.47815625	0.733271382199555	257.16	51.574046875	0.452559486928029	
13.08	39.357690625	7.53895755786875	19.56	41.73786875	4.35806281703612	27.78	43.902159375	2.64767346752916	41.88	46.177296875	1.56801666240146	63.6	48.06955625	1.01420263806866	106.62	50.37393125	0.596605476838584	177.36	52.688915625	0.350097329770793	
5.94	40.389396875	5.94484688394639	8.58	42.01856875	4.08529559612822	13.44	45.141378125	1.99041001566003	20.52	47.293228125	1.21271164636234	33.96	49.398340625	0.746872206694513	60	51.499865625	0.460355989944214	108.66	53.877084375	0.266300464132906	
6.9	40.264625	6.11811816779426	12.24	43.30286875	3.03943937883308	14.16	45.636990625	1.77574785347056	21.42	48.361709375	0.9482206813896	32.76	50.242978125	0.614868930204326	54.3	52.42928125	0.371665488414085	98.82	54.98373125	0.206398832263826	
6	41.341303125	4.77474352409887	8.1	44.977190625	2.06709910227137	10.26	46.712615625	1.38617735040692	15.9	49.524921875	0.72541774229914	24.84	51.435028125	0.467280382109725	37.68	53.388234375	0.298027900506722	65.7	55.56185625	0.180673615691004	
5.34	42.950553125	3.29628723294978	7.14	46.105596875	1.59411876244839	9.36	47.750721875	1.09146087741287	14.82	50.022853125	0.646837289179245	21.66	51.8523875	0.424464731535651	35.46	54.048578125	0.255989733583021	60.6	56.262428125	0.153757938776388	
5.52	44.332953125	2.39764592381524	7.26	46.25738125	1.5393672257217	9.3	48.89195	0.839238426568698	15.36	50.272221875	0.610742543432191	22.32	52.3746625	0.376369230286107	36.18	54.751390625	0.217741544100859	64.68	57.03725625	0.128633692319931	
4.62	45.32765	1.90684486166482	6.24	46.90653125	1.32564499315955	8.16	48.946025	0.828853662527757	13.2	50.959434375	0.521359058083998	18.9	52.6786375	0.350926860330256	31.38	55.467528125	0.184640746943051	53.34	57.501521875	0.115592105214554	
4.98	45.767490625	1.72318259096002	6.3	46.846553125	1.34407978199021	7.92	48.258215625	0.97108847159355	12	50.964465625	0.520755419527952	20.28	52.642846875	0.353830831779244	29.76	55.014953125	0.204920330841326	54.3	57.6617375	0.111405494544163	
5.22	45.7298375	1.73818745379002	6.48	46.8702125	1.33677745000708	7.86	48.8652125	0.844421166397781	11.16	50.59795625	0.566610653415955	17.16	52.61418125	0.356174018227052	27.66	54.680453125	0.221327331764869	52.44	57.353925	0.119588071070524	
5.4	45.0989625	2.00994470977317	6.54	46.0584	1.61153729590433	7.74	48.48994375	0.920631829401206	10.74	50.866721875	0.532608598382045	15.24	52.73245	0.34660542894649	27.54	55.11439375	0.2002815694046	47.52	57.498171875	0.11568130343291	
5.16	44.27933125	2.42743291146379	8.1	45.4589125	1.85007404700026	9.42	48.404228125	0.938982608228343	11.52	50.549134375	0.573016230467161	18.36	53.34823125	0.300785735150441	30.66	55.351359375	0.189646321542733	53.76	57.9418375	0.104447154035108	
5.46	44.224446875	2.45830448429933	7.62	45.857684375	1.68776479364407	9.84	48.36440625	0.947632039597492	12.24	50.59171875	0.567425025532833	19.68	53.211890625	0.310378263037697	30.96	55.24393125	0.194395960372814	53.7	57.919384375	0.104988546533269	
7.8	43.20456875	3.10901978555738	10.38	45.060525	2.02781280363443	13.86	47.503559375	1.15537887699532	18.48	49.702234375	0.696397051008402	26.22	51.85868125	0.423850047211209	41.82	54.166565625	0.249128720980004	70.68	56.6997	0.139030588430996	
10.92	41.88738125	4.2105830308181	15.36	44.5123	2.30064897649747	20.04	46.657159375	1.40399132173574	27.3	48.446990625	0.929782351343392	40.14	50.8818	0.530762658668586	61.56	52.98978125	0.326664722213929	100.44	55.41945	0.186696149456466	
11.94	41.172540625	4.96393742715311	16.98	43.72445625	2.75825704349424	22.38	46.052046875	1.61389647626851	32.58	48.363025	0.947933476750907	46.74	50.29729375	0.607226876814147	69.36	52.382975	0.375649539572029	118.38	54.599746875	0.225478778470661	
9.24	39.945565625	6.58451510627386	14.64	43.766696875	2.73155955299468	20.64	46.029434375	1.62232149853818	29.76	48.141684375	0.997497746834617	44.16	49.97281875	0.65433249109322	68.28	51.906103125	0.419247081817179	116.64	54.1035	0.252772812606137	
8.82	40.28405625	6.09080556500845	13.56	43.4301	2.95168739637148	17.76	46.190253125	1.56334578971359	21.9	47.80641875	1.07755261669037	35.88	49.918334375	0.662593121940563	58.56	51.635628125	0.446187653147372	104.4	53.807315625	0.270613088791303	
6.54	40.206125	6.2010875199416	10.62	43.119496875	3.17052128674844	13.86	45.586490625	1.79651686425875	17.04	47.658128125	1.11498120944494	29.1	49.7047875	0.695987774290319	48.3	51.492171875	0.461172257061523	91.56	53.984503125	0.25979455730701	
5.64	40.5656875	5.7083633728383	8.7	43.60693125	2.83391771402577	10.08	45.986084375	1.63859612453064	15.18	47.745696875	1.09272448202495	23.88	49.8820625	0.668150212499922	44.64	51.770975	0.432496762511878	83.82	53.876628125	0.266328441916218	
10.08	40.0827125	6.37983006479722	13.38	43.628759375	2.81970986257979	15.3	45.559365625	1.80777259485575	20.76	47.922815625	1.04905630518036	28.2	49.627421875	0.708497257301268	47.04	51.46775	0.463772892833856	87.3	53.972153125	0.260534384586627	
10.74	39.886871875	6.67410712812912	14.88	43.2586875	3.07051773995941	20.4	45.502625	1.83154612758658	28.44	47.718203125	1.09966410304956	42.84	49.572153125	0.717571280235034	64.08	51.653353125	0.444370324250078	112.62	53.6980875	0.277505510131754	
8.64	39.162209375	7.88604813079236	12.48	42.5800625	3.58983188671771	18.84	45.002334375	2.05516607986665	26.64	47.377640625	1.18936813353573	42.6	49.38919375	0.748446886127612	66.72	51.5163875	0.458607983669368	117.66	53.70334375	0.277169849407962	
9.66	39.469803125	7.34683097521095	15.18	42.3002375	3.8287464828783	19.62	44.85943125	2.123915507459	27.72	47.00715	1.29528507350122	44.7	48.778278125	0.861494577802185	72.78	50.798828125	0.541000352858352	130.86	53.079215625	0.32000649891753	
11.64	39.5940375	7.13964488001588	16.38	42.154203125	3.95967962038399	21.24	44.682909375	2.21202190512169	31.2	46.632609375	1.41195034339858	51.12	48.5405375	0.909969028173159	85.08	50.471953125	0.583290695008661	153.9	52.68579375	0.350349083608768	
14.76	38.648384375	8.87650339201521	20.4	41.4374	4.67025249221033	28.62	43.83775	2.68723322732845	42.72	45.796234375	1.71181537740441	66.84	47.788378125	1.08203808814565	110.58	49.879203125	0.668590264391245	188.4	51.955334375	0.414521368599466	
21.06	37.9677	10.3827013213998	31.44	40.5671625	5.7064249631491	42.36	42.683315625	3.50549053124884	61.56	44.788115625	2.15908031768067	94.92	46.85104375	1.34269071556256	152.1	48.850190625	0.847347004246281	247.8	51.047046875	0.510946788007964	
20.76	37.224875	12.3194937305336	29.76	39.883721875	6.678949709482	45	42.2887	3.83893148247905	67.68	44.286090625	2.42365778468675	102.06	46.25488125	1.5402536118263	171.72	48.492478125	0.920094740920503	264.72	50.73158125	0.549442482685004	
15.42	37.922071875	10.4923597645707	22.98	40.1596625	6.26778529086714	32.46	42.533165625	3.62880639615912	54.06	44.657671875	2.22491371612678	84.96	46.8974	1.3284351576054	137.52	49.02604375	0.81372186512393	228.54	51.34686875	0.476862845418542	
15.84	38.861453125	8.45152437532383	23.52	41.78843125	4.30761852383382	33.66	43.616859375	2.827446677527	51.06	45.850503125	1.6905578954787	79.86	47.8895625	1.05711956527719	124.5	50.027646875	0.646123702962399	195	52.08694375	0.402148067316775	
23.64	38.62951875	8.91514653414718	31.98	40.976265625	5.1934242126498	46.32	43.29214375	3.04695461851114	65.52	45.428496875	1.86307643775156	97.8	47.600784375	1.12980091823169	143.52	49.378175	0.750348227324129	227.28	51.40871875	0.470119738456796	
8.88	41.472409375	4.63275595916909	14.22	43.434225	2.94888516643235	18.84	45.695059375	1.75216266983176	27.24	47.777375	1.08478297568834	41.52	49.711359375	0.694935381070023	68.58	51.8146125	0.428172835411402	115.26	54.095625	0.253231577758393	
5.82	40.402715625	5.92664341900039	8.34	42.720146875	3.47588719320237	14.76	45.07005625	2.02336734129641	20.7	47.60229375	1.1294083281731	33.84	49.700703125	0.696642632299652	59.16	51.9193	0.417975052375073	100.56	54.16588125	0.249167982566323	
4.44	41.61784375	4.48018539411813	6.06	43.182434375	3.12490575148885	8.82	45.761253125	1.72565926845613	14.76	48.11289375	1.00413241232686	25.92	50.265734375	0.611655553671872	44.58	52.346821875	0.378789710601443	80.04	54.6144125	0.22471864673804	
4.8	40.96229375	5.21015910641107	8.46	42.828784375	3.39001736915482	12.78	45.456403125	1.85114333782753	19.8	47.702228125	1.10371653376784	32.88	50.04255	0.643910283302864	55.56	52.203796875	0.391471971819904	104.88	54.56025	0.227538746300054	
6.9	41.823640625	4.27283673122715	7.74	43.081221875	3.19858704092337	14.1	45.553246875	1.81032135031864	22.68	47.68863125	1.1071774601636	32.94	49.850559375	0.673014503457905	52.2	52.298196875	0.383054592357242	97.86	55.018121875	0.204770869014611	
5.04	43.119746875	3.1703387821251	6.9	45.409571875	1.87121277316795	8.88	46.726865625	1.38163650155344	13.08	49.367003125	0.752280922358711	24.6	50.90658125	0.527742701487797	43.02	53.003109375	0.325663752941181	84	55.598334375	0.179162421407218	
5.16	45.6111625	1.78633994958368	6.18	47.740903125	1.09393129911835	8.04	49.4344375	0.740690220954406	10.68	51.23866875	0.488892624927456	16.62	52.484765625	0.366947386065492	32.04	54.514615625	0.229942261501112	60.78	56.820309375	0.13522264398494	
4.86	45.564759375	1.80552881295483	5.22	48.170653125	0.990866277960747	5.7	49.407815625	0.745244532261271	9.12	51.784753125	0.431126827560771	13.68	53.317421875	0.302927132162213	26.82	55.07336875	0.202182464407594	52.44	57.112346875	0.126428700299602	
6.18	44.025384375	2.57360518800547	8.94	46.889390625	1.33088735376377	10.56	48.391621875	0.941712149199633	15.9	50.3976875	0.593350907411209	23.28	52.112178125	0.399818189644667	42.06	54.43913125	0.233973803940648	72.78	56.828453125	0.134969316435937	
6.54	44.28245	2.42569035219136	8.88	45.27415625	1.93047746285945	14.34	48.4471375	0.929750907362553	19.44	50.57903125	0.569085127481146	29.76	52.312409375	0.381803076350487	48.24	54.50075625	0.230677234333291	77.1	57.04018125	0.12854708590663	
6.78	43.05170625	3.22039939119086	10.62	45.603246875	1.78959877318102	13.62	47.750996875	1.09139176710844	21	49.73453125	0.6912374125439	34.62	51.64929375	0.444785873874743	55.32	53.392725	0.297719897546893	90.72	55.87551875	0.168084817083212	
5.88	43.585290625	2.84807419157513	9	45.123053125	1.99882626885914	13.02	47.4947375	1.15772819701921	20.1	49.4068625	0.745408105406772	32.28	51.522521875	0.4579606608184	53.16	53.505965625	0.290057298895309	89.82	55.732653125	0.173706091451172	
5.88	43.614121875	2.82922947135587	8.88	45.606534375	1.78824460451981	13.98	47.635546875	1.12079368002476	19.8	49.624621875	0.70895418964549	29.76	51.365471875	0.474824558794096	51.84	53.35885625	0.300050763273337	84.72	55.52495625	0.182215256141464	
7.86	42.50264375	3.65439918915706	11.94	44.87225	2.11765574544388	17.7	46.8245375	1.3509106045246	25.38	48.788165625	0.859535460444944	38.52	50.77344375	0.544171742102548	63.84	52.7708125	0.343557244533619	107.76	55.048984375	0.203320853150112	
8.58	41.79513125	4.30097814631879	13.14	43.9306625	2.63035345456811	17.28	46.006	1.63109914799611	26.22	48.1172375	1.0031285958336	41.1	50.075734375	0.639008924119698	66.9	51.896484375	0.420176658883174	116.64	54.381071875	0.23712272290016	
7.38	40.670090625	5.57277229936895	9.24	43.32675625	3.0227674423485	12.84	45.200746875	1.96338592518851	20.58	47.373625	1.19046836974363	35.82	49.2204	0.778108860707535	62.34	51.317765625	0.480069149944471	112.68	53.6166125	0.282760740849819	
6.18	41.140646875	5.00052581180609	8.28	43.919928125	2.63686289102552	12	46.179053125	1.56738269797397	16.38	48.04741875	1.01938558000985	26.94	50.208840625	0.619721121822505	47.16	51.95285625	0.414757965871663	88.08	54.42844375	0.234550296275076	
5.82	42.0553	4.05088916598222	7.8	44.4113875	2.35473267835282	10.74	46.413796875	1.48491185108484	16.14	48.8407	0.849200733989743	22.8	51.165040625	0.497251724967683	37.62	52.7983375	0.341386710479058	68.46	55.04735625	0.203397090319999	
4.8	42.349178125	3.7858425526668	7.08	44.4602	2.32841485232426	11.76	46.68491875	1.39504586403599	16.8	49.2642875	0.770285301655221	25.56	51.100021875	0.504752145192855	43.92	53.171653125	0.313267288736836	79.14	55.471025	0.184492136779117	
10.98	40.2565	6.12957496517791	15.42	42.540009375	3.62309251134755	21.24	44.99846875	2.05699618327129	32.04	47.180778125	1.24452191439792	46.68	49.140053125	0.792638290706931	76.92	51.448075	0.465878706365114	126.6	53.945690625	0.262126723120404	
16.44	38.816103125	8.54023946616927	22.8	41.6842	4.41225253063821	30.48	43.9063875	2.64509704824433	44.88	45.928171875	1.6605928871452	64.98	48.398403125	0.940242869090556	106.74	50.47121875	0.583389335525761	169.08	52.897353125	0.33369142638773	
16.38	39.08816875	8.02164587943739	21.9	41.48404375	4.62036181392952	32.94	43.9376125	2.62614747507876	47.28	45.924109375	1.66214697432169	70.02	48.154490625	0.99456070973335	107.88	50.3756875	0.596364263426361	175.26	52.742896875	0.345772677858448	
13.68	39.720803125	6.93425883244258	20.82	42.23655	3.88530718179553	30.3	44.604103125	2.25252722301698	41.1	46.806334375	1.35658472725259	62.52	48.851965625	0.847000756785248	99.36	51.053496875	0.510188509727419	162.66	53.506196875	0.290041854544207	
16.62	38.85215625	8.46963580172934	25.08	41.52759375	4.57426147126384	36.06	43.42668125	2.95401186849356	51.72	45.878071875	1.67986032629435	77.88	47.753740625	1.09070247434451	125.16	49.984778125	0.652533103063921	200.7	52.1669625	0.394806333358067	
19.26	37.49761875	11.5696037743038	29.34	40.086478125	6.3743007209151	43.26	42.43291875	3.71354324615728	64.56	44.60449375	2.25232462917491	96.72	46.50156875	1.45520267995161	156.06	48.53158125	0.911847550654021	255.6	50.709228125	0.552277751929559	
16.62	38.102575	10.0652104739957	24.3	40.45503125	5.85567865713955	38.88	42.516896875	3.64242546339497	59.04	44.87384375	2.11687876236244	92.88	46.742184375	1.37677167788551	150.18	49.05623125	0.80808535460325	238.32	51.225540625	0.490372716035054	
11.1	40.309525	6.05519119718039	18.24	41.738925	4.35700301906175	28.74	43.997078125	2.59043409968968	40.68	46.285384375	1.52947338260401	64.8	48.345265625	0.951817747538414	102.66	50.3421875	0.600982202335271	175.44	52.740675	0.345949622364575	
5.46	40.6015625	5.66140352358714	10.98	42.906509375	3.32988644359517	16.08	45.336415625	1.90300004417264	24.3	47.431778125	1.17463394846025	43.56	49.386825	0.74885521900097	70.08	51.489409375	0.46146569703929	122.82	53.695640625	0.277661904616214	
13.08	40.12519375	6.31772889861809	19.14	42.760846875	3.44346500215401	26.58	44.800728125	2.15281915203097	37.2	47.086628125	1.27179627422636	57.24	49.1153375	0.797162041805748	87.24	50.966296875	0.520535883619705	143.64	53.010125	0.325138098007382	
20.22	39.099365625	8.00099130358967	29.1	42.085403125	4.0229075143939	40.62	43.99310625	2.59280428563316	57.72	46.125990625	1.58665059297512	82.56	48.03218125	1.02296844126779	125.88	49.760478125	0.687119934553809	203.94	51.909953125	0.418875585955033	
24.36	37.2824375	12.1572853639412	36.18	40.082309375	6.38042228700356	52.8	42.549353125	3.61530588709088	73.5	44.596584375	2.25643030230288	111.66	46.65953125	1.40322474908401	172.86	48.767790625	0.863577459919938	273.66	50.712384375	0.55187652799766	
20.34	38.60064375	8.97461828404706	32.52	41.531165625	4.5705008954796	44.46	43.707265625	2.76919665516706	61.5	45.663046875	1.7651258426766	90.42	47.41889375	1.17812395283674	136.56	49.214715625	0.779127975299685	217.86	51.035115625	0.512352427682985	
24.18	38.101	10.0688613565312	30.72	40.81064375	5.39530481630633	41.7	43.090415625	3.19182298879768	57.6	45.0603	2.02791786361538	84.3	46.749515625	1.37444953397622	131.34	48.623315625	0.892788933513495	224.88	50.51385625	0.577689848411092	
21.6	37.955775	10.4112496589882	31.8	40.870778125	5.32111381598869	41.94	43.219003125	3.09870368327034	62.34	45.05045	2.03252249504112	88.8	46.983503125	1.30235699914025	137.76	48.9413375	0.829748757724005	226.98	50.901828125	0.528320604340427	
20.82	39.21119375	7.79760058911541	28.14	42.159740625	3.95463402255965	39.36	44.198221875	2.47319393817628	52.86	46.189334375	1.56367655050887	78.12	48.048784375	1.01906508789144	121.2	49.911971875	0.663564545364147	196.08	51.8449375	0.425193494217813	
8.28	41.234953125	4.89311078081219	10.38	45.0204	2.04663483052921	13.92	46.1619875	1.57355385356062	19.86	50.011253125	0.648567300142847	28.68	51.693534375	0.440277937530241	47.28	53.679278125	0.278709998118334	82.62	56.2208625	0.155236595937938	
12.3	41.100615625	5.04683142220686	16.74	44.1251375	2.51516575247226	23.64	46.024940625	1.62400102258645	32.7	48.7221375	0.872703285284553	46.62	50.438759375	0.587765950152707	77.7	52.582890625	0.35874949497328	123	54.783478125	0.216138706649113	
36.42	36.8271125	13.5010986587867	51.6	39.4691	7.34802052721662	75.06	41.57795625	4.52152291175369	108.66	43.71915625	2.76162519269253	162.6	45.8315625	1.69794692528072	248.1	47.977696875	1.03588292247852	377.16	50.184225	0.623243647899165	
21.24	38.77586875	8.61972649584985	33.36	41.890484375	4.20757555566693	43.68	44.010709375	2.58231622139904	59.28	45.909046875	1.66792175526523	89.88	47.9619875	1.0396367211346	140.76	50.091375	0.636711744688331	220.08	52.213034375	0.390640190772808	
12.36	39.981275	6.53059664487842	17.76	42.464265625	3.68683582065471	25.14	44.586384375	2.26173606575259	36.42	47.055371875	1.28098243112302	52.86	48.69705625	0.877757877715376	88.38	50.969040625	0.520207127595736	148.26	53.124021875	0.316721957834376	
11.22	40.50140625	5.79348298571639	13.38	42.59015625	3.58149818880283	20.82	45.110134375	2.00478093378881	29.82	47.045228125	1.28397789912984	45.6	49.122240625	0.795895956621813	74.16	51.128784375	0.501420312675282	125.88	53.242046875	0.308230544418998	
11.04	40.2381375	6.1555464217358	15.3	42.873640625	3.35518366223038	20.1	44.99200625	2.06005936593719	30.42	46.716896875	1.38481153807077	47.58	48.720103125	0.873112183328047	78.3	50.7067625	0.552591386227152	134.04	52.86315	0.336329809164582	
12.12	41.293628125	4.82744737749478	14.64	43.1693625	3.13432560731902	20.34	45.24413125	1.94387008314135	32.04	47.346715625	1.19786754516761	48.72	49.402078125	0.74622973155583	83.82	51.242771875	0.488430947350223	146.58	53.390503125	0.297872251690552	
9	40.91689375	5.26491041517497	11.88	43.181321875	3.12570633798042	15.54	45.2626625	1.93559330323774	22.74	47.397615625	1.18391029846264	35.52	49.25499375	0.771935450257213	67.08	51.275378125	0.484777604559825	113.88	53.479959375	0.291799419356537	
9.12	41.248465625	4.87791017159318	12.9	43.136803125	3.1579121803328	17.52	45.214071875	1.95737110705853	27.78	47.186403125	1.24291104791906	42.36	48.9311625	0.831695038830665	72.36	50.89963125	0.528587922481355	128.58	52.985440625	0.326991375657832	
8.1	41.055265625	5.09980767692961	10.62	43.498296875	2.90569933077156	15.78	45.15345	1.98488505089163	23.76	47.415896875	1.1789372048663	35.94	49.071125	0.805318842913913	66.54	51.227584375	0.490142005421806	121.92	53.603134375	0.283639638614513	
7.14	41.2143875	4.91633661582065	10.2	43.2853625	3.05171597322216	14.64	45.356659375	1.89415024005488	24.3	47.337784375	1.20033349008977	36.9	49.549515625	0.721321369167546	64.62	51.513784375	0.458882951878684	110.28	53.55536875	0.286776451021146	
7.62	41.2207125	4.90918174795384	11.64	43.17215	3.13231449971502	16.68	45.544196875	1.81409770276238	25.98	47.663878125	1.1135059662721	38.64	49.41144375	0.744622210002396	66.84	51.32336875	0.479450179842042	117.66	53.460328125	0.293121414921117	
6.48	41.528221875	4.5735999385162	9.54	43.598178125	2.83963518258182	12.72	45.64459375	1.77264179936294	19.26	47.994965625	1.03177214363305	32.82	49.84901875	0.673253292331305	56.28	51.84369375	0.425315280278324	104.88	53.986246875	0.259690267281642	
6.12	41.648103125	4.44907829322356	8.34	43.902884375	2.64723150864426	11.16	46.01879375	1.62630121278576	18.42	47.94559375	1.04356855856574	28.02	50.003175	0.649774794959164	51.84	51.845490625	0.42513934428381	97.56	54.112375	0.252256787612855	
5.04	41.117240625	5.02754884156902	7.92	43.677675	2.78812898214959	9.06	46.148965625	1.57827907404639	14.46	48.439309375	0.931428287578954	21.54	50.148125	0.628445847384507	45.24	52.146021875	0.396714590476609	79.74	54.039878125	0.256503058756155	
6.54	41.77005625	4.32588266882864	8.64	44.488190625	2.31345628963367	12.24	46.45583125	1.47060905546381	14.16	48.193840625	0.985590022618815	23.1	50.129725	0.631114067766883	41.88	52.196671875	0.392114744677427	79.74	54.205371875	0.246912554934951	
7.8	41.238484375	4.88913380772832	10.02	43.23145625	3.08983106949678	16.32	45.55030625	1.81154754109997	22.32	47.42393125	1.17675820700707	40.5	49.27951875	0.767588546571093	69.48	51.14955	0.499028513281449	125.22	53.390440625	0.297876538447688	
6.72	40.292384375	6.07913689602655	10.32	42.7633	3.44152050017263	12.96	45.499603125	1.83282098363229	21.12	47.49788125	1.15689044955112	31.08	49.0617	0.807068432736243	58.26	51.007009375	0.515678973139614	104.46	53.023403125	0.324145538473571	
8.22	41.037628125	5.12056104971812	10.56	43.623125	2.82337042325356	14.82	45.5212875	1.82369249500955	20.76	47.73655625	1.09502676851784	34.38	49.521803125	0.725938865455723	61.2	51.44830625	0.465853900251498	103.56	53.46555625	0.292768761728697	
7.2	40.58246875	5.68634867065687	9.12	42.95266875	3.29468186846664	14.82	45.783709375	1.71675935788131	21.48	48.184253125	0.987768217972004	33.96	49.481028125	0.732786649439684	59.58	51.5212375	0.45809611734213	111.6	53.7891875	0.271745030586206	
6.84	39.992978125	6.51302204814707	10.02	43.050803125	3.22106915001784	15.84	45.222925	1.95338505581823	22.86	47.762640625	1.08846958567625	35.76	49.502890625	0.729107051278773	62.52	51.410125	0.469967537844558	114.18	53.70475625	0.277079717304205	
8.76	39.712959375	6.94679404569685	12.78	42.67938125	3.50866767578536	18.42	45.16505625	1.97958765064541	28.02	47.64255	1.11898782396396	42.84	49.2871	0.766249776529261	71.82	51.34335	0.477249366811631	125.52	53.35733125	0.300156142867208	
9.6	39.173240625	7.86604267763256	13.38	42.68591875	3.50338999896669	17.7	44.450109375	2.33383110286253	31.98	46.960975	1.30913025805754	50.22	48.89055	0.839509008683705	82.08	50.85123125	0.534511724476736	139.5	52.939578125	0.330462777222055	
7.86	39.5151375	7.27053904148617	12.36	42.21258125	3.90680950689944	16.74	44.19021875	2.47775571127626	28.26	46.96025	1.30934881912678	41.64	48.53985625	0.910111780395438	74.04	50.5321125	0.575266535444377	126.12	52.547253125	0.361705446519592	
10.44	39.31363125	7.61582990658423	15.48	42.732071875	3.46635607981436	22.44	44.970128125	2.07046335505752	34.44	46.9707	1.30620204953506	56.16	48.726471875	0.871832738568462	91.68	50.62746875	0.562773301447199	157.14	52.771115625	0.343533266067439	
11.1	39.4434125	7.39161113223266	14.64	42.669984375	3.51626763572063	20.4	44.424509375	2.34762877135217	33.06	46.726615625	1.38171603723295	53.1	48.4734625	0.92413221706659	90.12	50.4538625	0.585725471801183	152.46	52.492121875	0.366326362319321	
13.08	39.2405375	7.74509253464226	16.56	42.7705	3.43581966353981	25.74	44.9563	2.07706630680355	35.4	46.75861875	1.37157160602877	57.42	48.661484375	0.884976876851539	93.42	50.589709375	0.567687620042613	158.04	52.56723125	0.360045374460896	
11.04	39.00170625	8.18294695398358	17.34	42.175265625	3.94052237968552	23.94	44.503775	2.30516947944711	35.46	46.471125	1.46543938990524	55.32	48.287778125	0.964500702648448	92.34	50.213121875	0.619110505328947	163.32	52.323159375	0.380859175913411	
12.6	38.81458125	8.54323270117707	16.38	41.981225	4.12057535652762	25.08	44.358884375	2.38337249636653	37.5	46.40105625	1.48927443990607	55.2	48.3553	0.949621111056282	94.14	50.190884375	0.622288712275819	166.38	52.066546875	0.404041219609887	
13.26	39.10806875	7.98497362316311	19.74	42.16105	3.95344190093878	29.16	44.40665625	2.3572993468512	43.86	46.388834375	1.49347144502843	66.54	48.43949375	0.931388745643154	107.28	50.348565625	0.600100237116227	172.98	52.361640625	0.377499428399848	
28.98	37.417253125	11.7856909428402	41.22	40.50851875	5.78400268469286	59.58	42.931490625	3.31078743545138	85.86	44.883803125	2.11202983268036	129	46.852259375	1.34231493828324	195.42	48.97734375	0.822897960336101	303.18	51.111203125	0.503454292873922	
57.24	34.752765625	21.767261685319	83.94	37.4442	11.7127901086728	117.78	39.706459375	6.95719896003869	166.56	41.786315625	4.30971745115402	246.18	44.059584375	2.55341804589629	374.64	46.253690625	1.54067593260963	564.6	48.501459375	0.918193942609348	
49.74	35.362146875	18.9175841010776	70.56	38.045275	10.1988888994566	99.06	40.132803125	6.30666915018358	140.64	42.283025	3.84395115859755	208.5	44.50506875	2.30448287877143	311.58	46.63073125	1.41256107939159	476.22	48.881384375	0.841282632435502	
30.9	36.401525	14.8911370571531	45.84	39.28995	7.65747100220447	67.14	41.324209375	4.79357385938246	96.96	43.503559375	2.90218052437733	142.56	45.576025	1.80085132967959	218.52	47.649590625	1.11717523104406	343.44	49.844896875	0.673892578196039	
7.56	39.482978125	7.32457699090246	11.4	42.04574375	4.05981258840606	18.18	44.329228125	2.39970329795884	30.96	46.434175	1.47796061440118	48.36	48.439065625	0.931480565935211	80.76	50.11555	0.633177335374054	147.24	52.029584375	0.407494661362385	
10.92	39.59356875	7.14041552972357	15.72	42.238515625	3.88354908234115	21.36	44.122203125	2.51686573571539	33.48	46.4088125	1.48661705497098	54.06	48.461625	0.92665454646084	92.22	50.438209375	0.587840390827598	155.52	52.346965625	0.378777172998037	
12	39.22929375	7.76517031916631	15.72	42.18919375	3.92790509440482	23.4	44.170228125	2.48918713865244	35.94	46.18	1.56704100500346	57.36	48.196975	0.984878962645117	100.62	50.231546875	0.616489484729023	164.34	52.163959375	0.395079434410539	
14.82	38.944415625	8.29160869643939	22.44	41.1284	5.01464693152114	32.46	43.618465625	2.82640113201365	47.4	45.684771875	1.75631808515405	76.2	47.64813125	1.11755070244243	121.98	49.623571875	0.709125615239174	204.12	51.678128125	0.441842561910592	
18.54	38.288740625	9.64286970007961	25.32	41.236778125	4.89105502106049	34.44	43.31925	3.027996444444	53.28	45.209878125	1.95926214875082	80.88	47.34554375	1.19819081439967	129.6	49.156828125	0.789582562058303	224.16	51.267578125	0.485649055410399	
23.22	36.94706875	13.1332885398578	32.34	39.8444375	6.7396386295533	45.96	42.145878125	3.96727721812274	66.3	44.223153125	2.45903691478752	100.86	46.098271875	1.59680974134903	163.02	48.06586875	1.01506414116283	269.94	50.193396875	0.621928807123834	
45.54	35.811834375	17.0567751082371	66.96	38.519946875	9.14293586578106	91.14	40.5944	5.67074816431473	130.08	42.50210625	3.65485150002033	198.6	44.59924375	2.25504901432516	304.92	46.80590625	1.35671846518581	472.8	49.072753125	0.805016993810053	
40.02	35.607421875	17.8787920615497	57.3	38.279609375	9.6631656257097	82.02	40.241021875	6.15145956125787	120.72	42.559253125	3.60707396927993	178.08	44.519725	2.29671898771774	276.9	46.7206625	1.38361133381327	433.74	48.892946875	0.839045810767501	
31.98	35.54155625	18.1520105741489	46.56	38.34565625	9.51732140397932	69.9	40.407259375	5.92044598732411	105	42.51951875	3.640227161889	157.86	44.585246875	2.26232853511019	252.48	46.67345	1.39873473805983	411.54	48.88015625	0.841520569221991	
29.04	35.58196875	17.9838837210936	44.82	38.152721875	9.94965846707763	68.16	40.337690625	6.01604807871801	104.46	42.43856875	3.70871521401173	158.16	44.509759375	2.30199525110428	251.88	46.5687875	1.43285291273607	409.2	48.872734375	0.842959915227266	
23.16	35.323865625	19.0850718096363	37.62	38.126959375	10.0088555939273	57.96	40.272134375	6.10754848564566	88.26	42.411678125	3.73175005909963	138.6	44.572275	2.26909595108658	220.98	46.568090625	1.43308284876597	362.28	48.754521875	0.866219933202747	
21.36	35.8731125	16.817797188358	36.42	38.85101875	8.47185445126967	53.28	40.966384375	5.20525396166401	83.94	43.105809375	3.18052946539635	133.8	45.06435625	2.02602470079421	216.54	47.2089625	1.236471500878	360.36	49.38204375	0.749680105292896	
17.1	36.25309375	15.4088769080154	27	39.337984375	7.57324354519234	43.08	41.428865625	4.67943908698853	68.46	43.591575	2.84395592079502	108.66	45.761859375	1.72541839320717	176.1	47.88096875	1.05921344761428	291.66	50.07604375	0.638963405156681	
16.56	36.90905	13.2487639019251	25.86	39.648034375	7.05142552476068	37.44	41.942409375	4.15756859565327	59.64	44.157065625	2.49674275525911	89.94	46.158653125	1.57476244209559	148.56	48.272121875	0.967983987830463	248.04	50.43035	0.588905161672958	
12.48	37.9552625	10.4124783368819	19.08	41.271928125	4.8516286094339	27.54	43.426821875	2.95391621883396	39.9	45.521303125	1.82368593376018	65.4	47.82589375	1.07273138219981	107.94	49.954303125	0.65712811445545	183.84	52.096975	0.401220265405794	
16.56	39.139846875	7.92675934641237	18.54	41.998428125	4.10428535885574	27.9	44.027090625	2.57259427224647	39.66	46.260959375	1.5380994730369	59.04	48.373128125	0.945730833222067	94.74	50.21151875	0.619339081739015	159.24	52.283421875	0.384359989960726	
18.24	39.346284375	7.55878379565204	24.36	41.658678125	4.43825803885803	33.78	43.817946875	2.69951455477856	50.4	45.911915625	1.6668203665172	74.52	47.733509375	1.09579527478692	120.84	49.809615625	0.679389449668229	196.5	51.938140625	0.416165714541649	
11.16	39.438659375	7.39970529089522	15.24	41.73545625	4.36048438759098	23.1	44.0313	2.57010200762415	38.04	46.050715625	1.61439126243292	59.46	48.0065	1.02903550809241	100.08	50.010415625	0.648692382895037	178.14	52.30541875	0.382418140899537	
10.74	38.9874875	8.20978172998067	17.1	41.69304375	4.40327678794297	23.64	44.23021875	2.45503951037302	36.3	46.18235625	1.56619104280739	53.88	48.12183125	1.00206809750412	90.84	50.148459375	0.628397463511422	166.62	52.4150375	0.372886457447118	
12.24	39.3992875	7.46709386865489	16.68	41.78463125	4.31138926337422	23.1	44.3017875	2.4149136753473	33.54	46.335865625	1.51179811105378	52.98	48.275175	0.967303726474908	87.42	50.278915625	0.609801935350818	156.84	52.467796875	0.36838392715308	
8.52	39.906853125	6.64347107343249	13.56	42.905796875	3.33043278687591	18.24	44.596771875	2.2563328864787	25.86	46.467396875	1.46669791081196	45	48.573103125	0.903171133154957	78.84	50.739284375	0.548468794790679	140.16	52.8487625	0.337445865095696	
8.94	39.79274375	6.82033938291945	15.36	42.14645	3.96675484508225	18	44.92675625	2.09124413450211	27.72	46.904734375	1.32619358663456	42.84	48.7980125	0.857588820363884	71.76	51.008325	0.515522780181508	133.5	53.26534375	0.306581529030381	
6.96	39.8229625	6.7730473363102	9.24	43.074025	3.20389194719584	14.7	44.795003125	2.15565893407967	19.26	47.0975625	1.26859825848444	33.9	49.079634375	0.803742481436044	61.26	51.06313125	0.50905796362061	114.66	53.160921875	0.314042317325201	
7.02	39.539075	7.23057542656013	7.86	43.421915625	2.95725516080829	11.58	45.201965625	1.96283502229339	19.74	47.285803125	1.21478675576351	31.74	49.10839375	0.798437609788093	60.18	51.178775	0.495681671832745	113.28	53.3447	0.301030403596785	
7.08	40.3840125	5.95222186497987	9.54	43.828021875	2.69325933224994	12.48	45.599178125	1.79127617002424	18.06	47.325521875	1.20372747495798	32.82	49.313246875	0.761650398011933	58.2	51.366459375	0.474716605327658	113.16	53.639071875	0.281302228934968	
6.66	40.281190625	6.09482581510507	9.12	44.2984875	2.41674935227718	12.12	45.305	1.91681571316339	19.74	47.037428125	1.28628601654655	30.96	49.177078125	0.785909517828474	55.26	51.255140625	0.487041870150434	101.34	53.5702625	0.285794660670093	
9.96	39.50063125	7.29486460847563	14.82	42.717040625	3.47837417776732	20.34	44.392228125	2.36514378651192	29.46	46.652575	1.40547414532564	44.22	48.5623375	0.905412760301863	77.46	50.56810625	0.570518505481951	136.08	52.6578875	0.352607553030106	
15.24	38.471184375	9.246171048706	20.52	41.47998125	4.62468583886143	29.7	43.688921875	2.78091793731969	44.28	45.6554375	1.76822127186597	67.5	47.712796875	1.10103385586703	111.96	49.612934375	0.710864658632062	189.78	51.644325	0.445295043258522	
18.78	38.6673375	8.83784968706071	23.04	41.291015625	4.83035220379313	33.78	43.57189375	2.85687333725906	48.6	45.870215625	1.68290189078163	75.42	47.697321875	1.10496411331626	119.52	49.585534375	0.715363740492328	203.22	51.516553125	0.458590494269409	
10.02	38.1928875	9.85806349009948	16.86	41.191846875	4.94191957466303	25.14	43.215225	3.10140055927731	38.7	45.382984375	1.88270347136811	62.76	47.5290125	1.14862723839109	104.58	49.407809375	0.745245604755139	183.24	51.356846875	0.47576848770327	
12.3	37.9208125	10.495402799239	17.16	40.859903125	5.33445490759216	25.98	42.935575	3.30767522903624	42.12	44.933396875	2.08804893932723	68.22	47.13384375	1.25804444921183	118.08	49.067103125	0.806064970723768	207.06	51.076578125	0.507484226742155	
11.64	38.64181875	8.8899329589693	18.84	41.564621875	4.53542691877591	26.4	43.440228125	2.94481182500246	41.58	45.774884375	1.72025141348923	63.72	47.622015625	1.12429116629473	108.18	49.840659375	0.674550429841791	183.42	51.70776875	0.43883725101671	
12.54	38.7358125	8.69959651993053	16.62	42.04880625	4.05695075297657	23.94	44.08259375	2.53992554444609	35.46	46.261053125	1.53806627084915	57.24	48.5941875	0.898796993179334	93.66	50.356996875	0.598936352414529	162.48	52.34285625	0.379135748608553	
9.36	38.7169625	8.73743807673539	12.3	41.463371875	4.64240658273398	19.2	43.92605	2.6331485511824	26.04	46.1066375	1.59373683700891	45.3	48.369525	0.946515784561278	81	50.15345	0.627675765443675	142.26	52.40680625	0.373593865043943	
9.66	37.75984375	10.8917079050044	13.38	41.41541875	4.69395028846756	21.3	43.337246875	3.01547459099192	30.42	45.797659375	1.71125379146156	51.18	48.269134375	0.968650090477616	85.32	50.273534375	0.610557996193755	148.98	52.445040625	0.37031925866334	
9.9	39.17781875	7.85775504012389	14.4	41.936015625	4.16369393973926	21.78	43.9816625	2.59964538816253	33.66	46.190240625	1.56335028939095	49.32	48.45313125	0.928468632079217	88.32	50.50131875	0.579359971178341	156.66	52.74675	0.345466039262036	
7.74	39.94726875	6.58193343550442	11.94	42.32603125	3.80607407026825	16.32	45.17780625	1.97378450774163	24.36	47.233146875	1.22960514971979	37.14	49.134634375	0.793627893283932	67.98	51.24453125	0.488233118643066	121.02	53.45646875	0.293382014193858	
5.94	40.9327875	5.24567778826256	9.54	43.628925	2.8196023305801	14.4	45.9662375	1.64610150077237	19.68	48.214209375	0.980978351527681	29.28	49.807696875	0.679689676028298	53.22	51.608603125	0.448972817900193	107.88	53.886234375	0.26573999553291	
6.84	41.418253125	4.69088783306978	9.18	43.956171875	2.61494870035904	12	46.2755625	1.53293630852388	19.38	48.411365625	0.937440685776584	29.46	50.110878125	0.633858835402969	55.86	51.736275	0.435966240844254	106.2	53.808778125	0.270521974345307	
6.3	41.078596875	5.07248385451354	8.58	44.5763875	2.26694827465253	12.48	46.303615625	1.52306626324016	19.5	48.581125	0.901504421027766	30.54	50.4497875	0.586275317938631	53.1	52.04204375	0.406327284585133	101.64	54.109996875	0.252394957098124	
10.26	40.562909375	5.71201610640744	13.74	43.6664125	2.79536878267143	18.72	45.943865625	1.65460296550625	25.62	47.979403125	1.03547602620099	39.24	49.64476875	0.705672975315044	67.92	51.604709375	0.449375533546476	121.68	53.697478125	0.277544450710489	
26.46	38.1049875	10.0596208157959	34.14	41.0274625	5.13256089654313	49.86	43.2302625	3.09068049148312	68.28	45.38994375	1.87968893915897	99.78	47.443821875	1.17138099446953	155.34	49.489171875	0.731413839085043	236.22	51.6207125	0.447722696650208	
35.88	37.658546875	11.1487370730243	50.04	39.9481375	6.58061693643823	71.7	42.071625	4.03569057788412	100.98	44.214953125	2.4636842570056	149.28	46.1899625	1.56345041056226	223.26	48.32168125	0.957000656865928	345.06	50.512690625	0.577844918330296	
27.9	37.518596875	11.5138528131085	43.02	40.451475	5.86047558329512	60.18	42.4214625	3.72335213008276	83.16	44.576021875	2.26713913313411	122.94	46.709671875	1.38711725247969	184.5	48.5809875	0.901532963600915	298.02	50.64535	0.560460952917085	
10.86	39.817240625	6.78197677769327	17.28	42.461615625	3.68908615924462	22.14	44.741175	2.18254326146676	35.34	46.5870625	1.42683617258662	55.8	48.411059375	0.937506793301449	94.62	50.3628	0.598136576790137	162.6	52.42326875	0.372180389340995	
7.62	39.939478125	6.59375108389281	10.86	42.648234375	3.53392170502743	17.22	44.934553125	2.08749309868752	25.38	46.488309375	1.4596523249701	42.72	48.615628125	0.894370669689616	73.92	50.67413125	0.556758986849393	130.38	52.539959375	0.36231342239817	
8.04	40.460459375	5.84836438042294	10.74	43.158528125	3.14215459291927	14.52	44.79155	2.15737360469159	24.66	47.086146875	1.27193721220624	38.76	48.922278125	0.833398181287553	70.86	50.87698125	0.53135189756132	128.04	52.948171875	0.329809509295889	
6.54	41.684371875	4.41207791619358	8.58	43.806171875	2.70684366344499	12.48	45.537403125	1.81693775059959	20.52	47.58445625	1.13405661416724	33.72	49.33735625	0.757433895114791	61.44	51.3175625	0.480091603908454	112.92	53.40855625	0.296636600810771	
7.8	41.130615625	5.01208927906866	11.16	44.110340625	2.52374980483962	16.68	45.923784375	1.6622713641084	22.68	47.80630625	1.07758053006356	38.52	49.445246875	0.738848971943253	67.5	51.413109375	0.46964469755168	122.64	53.460578125	0.293104541981754	
10.98	40.60715625	5.65411628154321	14.52	42.767353125	3.43831014260281	20.22	45.342978125	1.90012664660495	29.7	47.281071875	1.21611087842377	44.52	49.063140625	0.806800759489102	79.5	51.3539125	0.47609005635373	133.14	53.49198125	0.290992794938161	
6.72	40.942859375	5.23352644945047	9.6	42.914640625	3.32365776492256	16.92	44.773421875	2.16639763734751	26.22	46.813565625	1.35432781603032	44.58	49.06691875	0.806099192062038	79.14	51.068546875	0.508423567153389	135.3	53.267203125	0.306450298254497	
7.44	41.48868125	4.61543071469083	8.88	43.39360625	2.97659491750034	15.42	45.297996875	1.91990912776443	22.86	47.216965625	1.23419504464548	38.52	49.41474375	0.7440566214315	65.52	51.294253125	0.482675270195886	118.62	53.5967125	0.284059364344664	
9.06	40.639521875	5.61213582606577	14.7	42.848421875	3.37472332621828	19.2	44.86089375	2.12320039280705	29.1	46.78148125	1.36437023363485	42.72	48.656140625	0.886066461458232	72.84	50.823234375	0.537968594723056	127.98	53.090146875	0.319202051121756	
11.34	40.08144375	6.38169414371131	15.36	42.184246875	3.93238176334324	24.72	44.452840625	2.33236383295358	35.64	46.30355	1.52308927803377	54.66	48.43070625	0.933275222413135	92.04	50.522053125	0.576600544764363	161.64	52.65179375	0.353102657281683	
10.62	39.202275	7.81363033652034	15.48	41.564246875	4.53581855592452	23.88	43.908625	2.64373463620304	38.16	46.228690625	1.54957035183385	60.78	48.00254375	1.02997334561437	103.5	49.935740625	0.659942805033212	172.02	52.001253125	0.410161647025412	
11.82	38.472803125	9.2427253566748	16.68	41.892034375	4.20607413699497	26.34	44.164784375	2.49230921576356	38.76	46.17111875	1.57024885670722	62.46	48.0725625	1.01350083507821	106.68	49.861075	0.671386896539786	182.22	51.926584375	0.417274574895992	
10.86	38.945071875	8.29035586976542	14.52	41.684103125	4.41235095273407	22.38	43.95745	2.61417923639226	35.64	46.09406875	1.59835589033975	59.94	47.96519375	1.03886947558254	103.68	49.75575	0.68786840320391	175.26	51.762659375	0.43332567616574	
9.24	38.978640625	8.22652266109835	12.84	41.628978125	4.46871387538167	20.46	44.03336875	2.56887803803537	32.04	45.983621875	1.63952549096266	55.26	48.13689375	0.998598675910858	98.46	50.05674375	0.641809270461017	169.8	52.12604375	0.398543734394689	
10.32	39.145603125	7.91625997669576	15.9	42.596971875	3.57588195246481	21.24	44.825425	2.14061153259159	34.44	46.81531875	1.3537812222108	55.98	48.627246875	0.891981143272354	94.92	50.654396875	0.55929466070916	157.02	52.6209375	0.355620354761017	
9.54	39.634378125	7.07363340271859	13.56	43.325925	3.02334606262174	19.56	45.0041	2.054330721545	29.28	47.533346875	1.14748144956772	46.86	49.491475	0.731026062822563	79.44	51.39760625	0.471324196544074	136.98	53.624821875	0.282226749170432	
14.16	39.6589625	7.03370437179333	17.58	42.42855625	3.71727538470637	25.26	44.81956875	2.14349999023374	37.5	46.815790625	1.35363413749353	58.38	48.70680625	0.875789503662754	95.28	50.649565625	0.559917186657022	161.58	52.84564375	0.337688278320711	
24.48	37.66208125	11.1396676996437	35.7	40.42840625	5.8916879399026	51.66	42.562628125	3.60427191996023	76.56	44.615925	2.24640398501259	115.02	46.57384375	1.43118569220209	179.04	48.475415625	0.923716706391439	289.26	50.650946875	0.55973913635388	
35.16	36.713028125	13.8604569526817	49.68	39.4348	7.40628399077567	71.82	41.722340625	4.37367288631767	102.96	43.8212375	2.69746992239942	150.42	45.707875	1.74699982254222	227.22	47.79691875	1.07991229535839	354.54	49.87355625	0.669460158291688	
19.68	38.569196875	9.03983853438612	27.66	41.652375	4.44470417318595	36.72	43.7743625	2.72674239703643	55.26	45.91208125	1.66675680092503	82.2	47.767725	1.08719603753086	129.54	49.75986875	0.687216353712835	208.14	51.720275	0.437575362122705	
16.98	39.8580375	6.7185663564916	20.7	41.94290625	4.15709295670016	30.78	44.05426875	2.55654526100539	43.14	46.049828125	1.61472120414569	66.54	48.1216375	1.00211280335069	109.62	50.08424375	0.637758103949698	179.58	52.037684375	0.406735353854895	
13.14	39.17066875	7.87070229702509	18.36	41.26301875	4.86159174457006	28.56	43.5810875	2.8508319071143	46.32	45.959034375	1.64883395853186	71.64	47.9198875	1.04976384439324	115.02	49.781725	0.683766565213551	189.42	51.93771875	0.416206142971176	
17.82	37.92709375	10.480234151913	28.68	40.303146875	6.06409049049885	40.44	42.55784375	3.60824472899769	60.48	44.908065625	2.10026356497406	92.64	46.769153125	1.36824871318457	154.8	48.832615625	0.850782990099772	254.16	50.942515625	0.523394070659429	
20.34	36.89549375	13.2901837601229	31.8	39.38004375	7.50025425246643	45.6	41.73958125	4.35634469450728	68.34	43.8048625	2.70765988559681	108.3	45.9881125	1.63783109019323	167.76	47.96889375	1.03798478091055	279.72	50.251746875	0.613628713542263	
21	37.550978125	11.4283241044046	32.64	39.996553125	6.50766290268122	49.74	42.17026875	3.94505884756503	72.84	44.360428125	2.38252544958339	114.24	46.419371875	1.483006905767	173.46	48.5417625	0.909712392431935	277.86	50.809775	0.539638418528055	
