25.08	36.920190625	13.2148214123521	37.68	39.502340625	7.2919939283233	56.34	41.323084375	4.79481575154336	83.7	43.42589375	2.95454756382635	128.46	45.535928125	1.81755494433528	200.1	47.6134375	1.12651404535301	322.26	49.702984375	0.696276797882056	
20.94	37.268715625	12.1957580078433	33.24	39.263196875	7.7047876437127	52.8	41.318103125	4.80031844141745	80.76	43.258071875	3.07095302558832	125.76	45.351728125	1.89630219769587	196.56	47.45889375	1.16732284751398	304.32	49.596134375	0.713619852508783	
22.38	37.182565625	12.4400979064948	34.38	39.29353125	7.65115915265077	54.54	41.285246875	4.83677264206472	80.58	43.34860625	3.00759764343584	126.3	45.380190625	1.88391497535459	197.88	47.357859375	1.1947978250582	318.48	49.455771875	0.737060560982663	
19.98	37.5248125	11.4973859671561	30.84	39.846178125	6.73693796597132	48.3	41.94966875	4.1506248880377	73.68	43.875465625	2.66399741061708	113.76	46.01055	1.62939117906612	184.44	48.12199375	1.00203060381579	291.24	50.27409375	0.610479360866905	
17.28	37.39370625	11.8497649508372	25.56	39.802784375	6.80458938548904	39.18	41.75615625	4.33975024021522	61.56	43.786925	2.71886635726091	96.48	45.935884375	1.65764650909021	155.04	47.882425	1.05885833810477	256.26	50.002003125	0.649950150072362	
17.7	36.81601875	13.535630360427	27.24	39.0857875	8.02604537856104	40.44	41.275809375	4.84729469027075	62.34	43.34581875	3.00952867638003	96.96	45.362875	1.89144127019745	155.1	47.45484375	1.16841193862525	255.12	49.4098125	0.744901949483077	
17.22	37.0621625	12.7898105311595	27.24	39.29840625	7.64257546674782	41.34	41.40953125	4.70031794314057	62.34	43.324346875	3.02444487579659	97.98	45.518653125	1.82479905922392	159.3	47.625884375	1.12329007950546	254.46	49.646009375	0.70547141841362	
17.16	37.153265625	12.5243097027539	25.74	39.519896875	7.26257571947482	38.76	41.7830125	4.31299655116596	60.18	43.53400625	2.88190550014556	93.96	45.706290625	1.74763727199367	154.44	47.700646875	1.1041184660051	261.84	49.704828125	0.69598126387578	
15.78	37.01435625	12.9313758863708	26.04	39.4087	7.45092789938991	36.9	41.52751875	4.57434046664301	56.94	43.786953125	2.71884874988345	87.42	45.711484375	1.74554851283789	142.32	47.775978125	1.08513194395798	237.18	49.8967875	0.665888647569375	
17.28	37.114525	12.6365308181912	26.64	39.165059375	7.88087471386364	37.14	41.343259375	4.77259325762742	59.04	43.2625875	3.0677616275838	94.38	45.209853125	1.95927342720283	159.18	47.38866875	1.18635177906031	261.06	49.42381875	0.742503467010251	
17.88	36.67041875	13.9971135527805	25.5	38.946503125	8.28762417103248	37.68	40.94785	5.22751588106759	57.54	42.865615625	3.36138918452049	92.52	45.15716875	1.98318617322015	146.46	47.174509375	1.24631959553998	235.56	49.179478125	0.785475328160914	
18.6	36.800553125	13.5839179093081	27.24	38.893071875	8.39021661435337	41.28	40.97558125	5.1942426733725	65.76	43.0853375	3.19555731115748	101.46	44.930784375	2.08930538377849	167.28	47.03605625	1.2866924003349	278.94	49.140796875	0.792502559244364	
19.14	36.7134875	13.858990940345	30	38.78296875	8.60564617433815	44.88	40.9665	5.20511538070049	71.22	42.986403125	3.26918914611464	113.04	44.979025	2.06622618438086	187.5	46.94578125	1.31371825832699	317.4	49.078209375	0.804006247384434	
19.68	36.46800625	14.6649212732276	29.58	38.509665625	9.16460599223503	45.24	40.550859375	5.72788675948287	72.12	42.741840625	3.45856783649052	110.76	44.6445625	2.23163986510842	181.56	46.61998125	1.41606189309008	296.76	48.6545625	0.886388495880185	
17.22	35.89385625	16.7376597797403	28.5	38.1028125	10.0646600589605	43.26	39.92086875	6.62206570963481	67.92	42.034815625	4.07004113315219	113.46	43.990621875	2.59428791970902	186.96	46.1265125	1.58645994272192	309.48	48.319028125	0.957585471591395	
20.4	35.865565625	16.8470474230293	33.78	37.96605	10.3866467346284	49.14	39.755021875	6.87983738809164	77.58	41.9126125	4.18619168634966	122.64	43.985965625	2.59707085421347	199.26	45.956109375	1.64994483237446	329.4	48.092571875	1.00884204396418	
25.38	35.889725	16.7535891453498	38.76	37.845121875	10.6799242747219	61.68	39.810109375	6.79312214177823	97.68	41.75365625	4.34224912043436	154.14	43.82825625	2.69311398948143	251.1	45.84139375	1.69410758089431	410.52	47.992684375	1.03231425240704	
32.4	35.51733125	18.2535456326364	51.9	37.54884375	11.4339420261517	80.64	39.50353125	7.28999509098012	123.24	41.706578125	4.38957575416654	193.14	43.64870625	2.80678880635868	307.32	45.76668125	1.72350376263911	492.3	47.8977875	1.05511940627539	
40.8	34.791040625	21.5762665341147	62.94	36.753596875	13.7315851198773	95.4	38.86706875	8.44060323254699	144.42	40.86211875	5.33173414143187	227.1	43.00768125	3.25321102822816	352.38	45.094421875	2.01204724115448	551.94	47.256528125	1.22300307326091	
47.64	33.591515625	28.439948024857	72.36	36.10245	15.9527427111608	111.36	38.2060625	9.82820283440165	165	40.12683125	6.31534725864515	255.48	42.23244375	3.88898247308374	390.6	44.362609375	2.38132912335755	599.94	46.554034375	1.43772863755792	
46.32	33.745471875	27.4494200650031	76.5	36.217028125	15.5373714457881	115.26	38.26229375	9.70177025201495	176.52	40.2804125	6.09591792228587	269.46	42.388003125	3.75214876011335	420.42	44.425915625	2.34686872979875	664.68	46.631896875	1.4121820058279	
42.54	33.823359375	26.9615231505759	66.54	36.162140625	15.7349837365098	108.9	38.43716875	9.31887499063468	167.7	40.51496875	5.7754188483456	256.02	42.675303125	3.51196394276649	390.96	44.811025	2.1477209864613	614.16	47.0873375	1.27158855645818	
39.9	34.07176875	25.462643282853	65.52	36.6889	13.9376758820682	100.62	38.81686875	8.53873402578368	152.58	41.015971875	5.14615867963173	235.98	43.10776875	3.17909485256959	367.56	45.2598	1.93686950231941	569.58	47.492078125	1.15843734171178	
36.12	34.93679375	20.8641639081622	56.58	37.3173875	12.0598418018117	85.08	39.5911125	7.14445509435048	127.32	41.585071875	4.51412076409501	196.2	43.759328125	2.73619817169083	300.6	45.8865375	1.67658899388478	484.62	48.064003125	1.01550028205936	
28.32	35.0371125	20.387741144046	43.32	37.591534375	11.3220983573309	64.8	39.754146875	6.8812236512	97.26	41.839453125	4.25730777948027	150.72	44.0382625	2.56598498570445	241.86	46.168009375	1.57137349471078	396.48	48.443721875	0.93048242242944	
27.54	35.6450125	17.7247088814963	40.74	38.162390625	9.92753206269511	58.56	40.319940625	6.04068651531566	87.54	42.463046875	3.68787059357468	136.44	44.546190625	2.28276548970502	215.64	46.456503125	1.47038156258169	355.92	48.690390625	0.879106109699113	
24.12	36.10075	15.9589884665837	36.18	38.76289375	8.64551733379478	51.48	41.120203125	5.0241205146441	77.22	43.015340625	3.24747860370765	120.54	45.11275625	2.00357099470011	191.58	47.129853125	1.25920096652888	311.22	49.246846875	0.773384873211342	
29.88	36.124425	15.8722268121227	43.44	38.861140625	8.45213253326754	61.2	40.930975	5.24786749494111	84.36	43.169121875	3.13449927242982	129.96	45.262075	1.93585516196086	197.04	47.320009375	1.20525633636773	298.92	49.464909375	0.735511425301503	
38.94	35.12731875	19.9686399261438	56.94	37.781175	10.8383422487757	81.9	39.98655625	6.52265992156983	114.54	42.30545	3.82415389189717	169.44	44.464240625	2.32624952986493	256.98	46.4916	1.45854677345506	401.82	48.688928125	0.879402201232349	
47.46	34.238275	24.5048958410393	71.76	36.8109	13.5515933436171	99.66	39.13808125	7.92998262702355	148.86	41.2487875	4.87754866132293	217.26	43.4034375	2.96986433433724	331.56	45.65126875	1.7699193849373	504.3	47.82885625	1.07199987784318	
52.8	33.562528125	28.6304087484172	78.66	36.195678125	15.6139415174851	111.72	38.376053125	9.4509409214797	165.06	40.599340625	5.66430067051233	240.12	42.790159375	3.42030175605007	356.22	44.91024375	2.09921048007501	549.12	47.18663125	1.24284576234719	
46.26	33.554565625	28.682948845174	70.74	36.3732125	14.9885323937811	102.06	38.47925625	9.22900191002125	145.98	40.710421875	5.52125967600397	218.04	42.879084375	3.35098067567911	323.1	45.063790625	2.02628858737301	500.94	47.332865625	1.20169373879905	
47.58	33.4698	29.2482819665833	71.4	36.0949375	15.9803619187156	103.5	38.387375	9.4263348023661	146.16	40.621925	5.63492137794557	218.76	42.824434375	3.39341459474777	336.12	45.047521875	2.03389333601429	519.12	47.3175125	1.20594946966575	
46.32	33.7322875	27.5328780307296	70.5	36.385246875	14.9470564038793	100.02	38.8450625	8.48348137809144	145.14	40.83179375	5.36909373271644	218.46	43.081240625	3.19857323154284	327.54	45.29018125	1.92336733420534	506.64	47.52284375	1.15025991602579	
43.08	33.696746875	27.7591186617891	66.78	36.068815625	16.0767699900716	95.94	38.50041875	9.18413979956116	146.34	40.6093375	5.65127720689966	216.9	42.8742375	3.35472257241179	335.76	45.05159375	2.0319872841155	520.2	47.281284375	1.21605137565544	
44.04	33.962921875	26.1088758637942	66.54	36.37038125	14.9983068946401	98.1	38.599015625	8.97798340615917	140.58	40.686884375	5.55126453578918	212.52	42.846640625	3.37610774602787	324.42	44.952109375	2.07907149157284	511.2	47.099490625	1.26803516748882	
38.22	34.11323125	25.2207057857552	58.5	36.766921875	13.689518511335	89.04	38.978640625	8.22652266109835	127.32	41.250953125	4.87511706051445	189.6	43.31391875	3.03171579135565	294.12	45.4611	1.84914241694497	459.48	47.554265625	1.14196764239389	
41.04	33.984659375	25.9785210614603	62.4	36.832159375	13.4854183349165	95.52	39.015365625	8.15725048422736	140.22	41.322253125	4.79573357855228	209.82	43.427403125	2.95352089976324	321.96	45.548521875	1.81229200008573	518.22	47.832928125	1.07099525908246	
40.74	33.772784375	27.2773341176258	60.3	36.44248125	14.7513659093246	88.14	38.795603125	8.58064724712939	129.24	41.0355	5.12307083623158	190.44	43.263425	3.06717009286323	292.5	45.405628125	1.87291275954473	457.14	47.676909375	1.11016983666725	
46.02	33.5923375	28.4345664527447	67.86	36.151165625	15.7747976970371	99.54	38.61775625	8.93932518526655	144.36	40.863834375	5.32962832377776	216.78	42.923521875	3.31686788497558	333.36	45.27699375	1.92921658091	515.7	47.572159375	1.13727220048267	
47.76	33.7145625	27.645478472614	69.84	36.12811875	15.8587329467355	101.94	38.352228125	9.50293039756957	146.58	40.638628125	5.61329088622734	223.02	42.7802375	3.42812469699115	348.36	45.00525	2.05378681236203	557.34	47.4497	1.16979661645912	
51	32.8582	33.6713369572658	79.02	35.680984375	17.5785044545573	112.32	37.837571875	10.6985069555829	168.3	40.197884375	6.21286509274285	250.14	42.360103125	3.77633095334554	379.32	44.48876875	2.31314834699186	604.8	46.883596875	1.33266402249208	
52.26	32.587871875	35.8338254086364	79.14	35.22879375	19.5074717144751	113.58	37.58834375	11.3304194032157	167.22	39.78946875	6.8254845175019	253.92	42.159515625	3.95483891019737	381.84	44.33540625	2.39629198897153	594.42	46.6419875	1.40890467717296	
56.76	32.44036875	37.0717839868618	87	35.00796875	20.5250151269967	125.82	37.3587125	11.9456314287202	182.04	39.47366875	7.34029452147788	277.5	41.76793125	4.32799983825249	419.46	44.0551375	2.55603390830307	651.12	46.451271875	1.47215376286301	
53.04	32.9563375	32.9189982527258	79.14	35.53885625	18.1632991510461	114.24	37.70788125	11.022807825279	171	39.989296875	6.51854508097626	251.58	42.056896875	4.04939995191454	391.56	44.355178125	2.38540732410133	603.84	46.648084375	1.40692816368414	
49.56	32.87156875	33.5678469099629	76.62	35.468846875	18.4584688662351	109.68	37.579625	11.3531888201683	165.84	39.88075	6.6835216755963	248.58	42.01878125	4.08509570777779	386.82	44.23070625	2.45476394514231	606.96	46.450334375	1.47247158710092	
46.26	32.83035	33.8879549330616	71.04	35.456046875	18.5129519259206	106.02	37.72854375	10.9704889889653	160.5	40.068475	6.40077941738131	242.52	42.1596875	3.95468239785018	373.98	44.31923125	2.40523345467175	594.36	46.63010625	1.41276437790001	
44.64	32.8846	33.4672756591213	70.38	35.493671875	18.3532581540274	105.36	37.935596875	10.4597347990516	149.82	40.1852875	6.23091190198913	224.88	42.34536875	3.78916472721761	341.64	44.55671875	2.27723833373789	533.88	46.86643125	1.33794184215411	
42.72	33.270565625	30.6213122704736	64.8	35.8574125	16.8787045361337	94.26	38.063271875	10.1567128287392	140.1	40.31403125	6.04891157465526	213.48	42.6241375	3.55358420512167	320.04	44.76748125	2.16936303586239	512.88	47.009075	1.29471106868423	
37.5	33.74534375	27.4502298862122	57.78	36.409340625	14.8643628548634	83.64	38.535853125	9.10951065948719	122.1	40.77974375	5.43382923285371	180.36	43.00600625	3.2544659784181	277.44	45.1517375	1.9856678805257	441.72	47.441603125	1.17197958959328	
39.24	33.7314625	27.5381087630853	60.3	36.286540625	15.2906623531574	85.32	38.533740625	9.11394279554566	125.64	40.78344375	5.42920181826143	189	43.059421875	3.21468314648659	286.14	45.272228125	1.93133472179394	437.52	47.5691875	1.13805070162275	
48.24	33.43870625	29.4584394053984	70.68	36.08020625	16.034659273206	100.02	38.259134375	9.70883059550347	145.2	40.361590625	5.98303162408944	219.72	42.53416875	3.62796831826424	338.16	44.6521	2.22777004921248	537.06	46.93155625	1.31802830173155	
59.04	32.821325	33.958450139764	85.5	35.3168625	19.1158718700659	129.24	37.56948125	11.3797372825516	185.52	39.706440625	6.95722899674593	280.56	42.013553125	4.09001639000559	417.12	44.24318125	2.44772281489225	634.5	46.6012	1.42219897357894	
60.06	32.8690625	33.5872240145368	87.78	35.349546875	18.9725485729633	133.98	37.617825	11.2537654884391	194.52	39.680425	6.99903009396332	294.12	42.020646875	4.08334122544447	443.52	44.292071875	2.4203221389963	670.32	46.599821875	1.42265034449165	
56.58	33.337225	30.154897796889	81.36	35.873884375	16.8148084136369	116.34	38.2865	9.64784596165116	164.94	40.37829375	5.96006485892725	248.1	42.478825	3.67449669309767	378.36	44.680459375	2.21327013249464	587.4	46.989778125	1.30047661857012	
51.72	33.0828875	31.9736054018445	79.56	35.5642125	18.0575618419284	115.32	37.814509375	10.7554707461261	165.78	39.941471875	6.59072473319139	247.92	42.1285625	3.98312660541333	379.2	44.41800625	2.35114674361345	578.16	46.801525	1.35808784064581	
42.42	33.822625	26.9660826242794	62.88	36.274740625	15.3322643453307	96.06	38.443325	9.30567457377075	142.02	40.575296875	5.69574678077179	220.8	42.831128125	3.38818837753793	345.54	44.947778125	2.08114599876351	550.8	47.234525	1.22921502715675	
35.04	33.965934375	26.0907716236642	56.64	36.774253125	13.6664289660293	82.14	39.0128875	8.16190641600651	120.24	41.153996875	4.98517804122401	180.78	43.369690625	2.99303157439332	280.68	45.522921875	1.82300631621295	447.9	47.805178125	1.07786047915066	
30.42	35.129015625	19.9608393050179	48.06	37.865125	10.6308468304503	69.12	40.005428125	6.49437778443209	101.82	42.128971875	3.98275116532074	148.2	44.286121875	2.42364034512985	240.66	46.65705625	1.4040246604794	372.96	48.92155625	0.833536718464301	
21	36.532603125	14.4484097113998	31.08	39.224590625	7.77358404533873	42.96	41.2287625	4.90009061012405	64.38	43.47654375	2.92029003076303	99.9	45.543290625	1.81447629324752	161.88	47.646759375	1.11790377670608	265.68	49.76600625	0.686245857509258	
13.08	37.466875	11.6517956911085	20.28	40.0672625	6.40256669049919	32.28	42.140584375	3.97211600371817	49.8	44.469359375	2.32350934417608	76.98	46.350728125	1.50663325238928	123.9	48.33685625	0.953662566454677	216.6	50.555184375	0.572218537943182	
12.78	37.7281625	10.9714520872061	19.02	40.160396875	6.26672552246804	28.32	42.44796875	3.7006966405386	42.18	44.555178125	2.278046309158	65.46	46.71126875	1.38660731146642	106.8	48.60475625	0.896612389834952	189.6	50.799503125	0.540916274686449	
10.74	37.695421875	11.054476311161	17.16	40.100496875	6.35375805614678	27.54	42.229990625	3.89117979665747	42.3	44.372740625	2.37578041779134	66.84	46.55535	1.43729316684737	113.52	48.67666875	0.881888107102164	192.78	50.746109375	0.547607545132655	
10.8	37.487328125	11.5970505011268	17.82	40.39349375	5.93924151442462	27	42.209059375	3.90997898655137	44.4	44.51365	2.2999339332334	69.06	46.660203125	1.40300768008035	115.44	48.60041875	0.897508325459279	202.62	50.7585625	0.546039563568725	
10.62	38.225121875	9.78516545345152	15.36	40.044221875	6.436624490884	24.6	42.43571875	3.71114980798367	40.2	44.3649625	2.38003920430047	61.08	46.61515	1.41763804844102	106.02	48.68699375	0.879793979760299	186.48	50.7415125	0.548187477930129	
10.56	37.63748125	11.2029458261309	17.22	39.4026	7.46140065382383	25.26	41.77684375	4.31912711534923	40.86	43.8443	2.68318341506906	66.06	46.1702875	1.57054943484955	112.98	48.12906875	1.00039954577045	198	50.208134375	0.619821909110872	
9.9	37.92056875	10.4959918756219	13.8	40.01145	6.48537899862985	24.66	42.356990625	3.77903834279068	40.26	44.09164375	2.53463825808764	66.66	46.318265625	1.51793717916906	119.46	48.275096875	0.967321127405962	207.84	50.304821875	0.606175212483047	
9.12	38.390971875	9.41853103950763	12.12	39.780059375	6.84028856621399	21.12	42.067853125	4.03919712314337	34.32	44.074365625	2.54474223810985	57.3	46.2601	1.53840385982434	95.58	48.14739375	0.996187265789621	169.2	50.1648375	0.626032112246076	
10.14	37.9477125	10.4305956715117	14.22	39.8637125	6.70979282485742	25.74	41.49620625	4.60744050396414	43.8	43.8539375	2.67723572054704	69.24	46.14546875	1.57955039279213	117.54	47.975184375	1.03648237951665	207.42	49.981153125	0.653077991398893	
12.84	37.577871875	11.3577727091595	17.1	39.549925	7.21253379121418	27.36	41.54186875	4.55925083031029	49.74	43.462003125	2.9300838477185	78	45.815684375	1.70416610581958	137.88	47.742196875	1.09360546885909	245.76	49.617303125	0.710149929661538	
15.3	36.808621875	13.5587038005581	23.82	39.02514375	8.13890512343215	36.72	41.061965625	5.09194610607754	58.74	43.188346875	3.1206543886275	93.3	45.31595	1.91198887448923	157.62	47.162571875	1.24975008041115	280.2	49.308625	0.762461397671652	
18.12	36.400509375	14.8946198505666	28.68	38.5298625	9.12208491952259	42.66	40.304515625	6.06217959446712	66.42	42.374096875	3.76418251795325	106.68	44.5916875	2.25897596874145	176.76	46.678628125	1.39706801018348	297.36	48.7518125	0.866760498867464	
20.1	37.006184375	12.9557310357311	31.26	39.25035625	7.72760181587049	45.06	41.1035125	5.04346615613377	70.62	43.101396875	3.18376257534642	113.16	45.291871875	1.92261874995982	188.16	47.321559375	1.20482625630286	313.92	49.3686375	0.751997870682278	
18.3	36.836825	13.4709387310324	26.7	39.44719375	7.38517831603308	40.86	41.466771875	4.63877356272132	59.4	43.54404375	2.87525247439303	93.96	45.592059375	1.79421475304305	156.24	47.694621875	1.10565128085128	258.72	49.7870375	0.682930660267995	
18.12	37.23144375	12.3008744503682	27.72	39.496034375	7.30259008866156	40.92	41.68544375	4.41098911293703	60.12	43.636784375	2.81450434443138	93.54	45.804315625	1.70863303317784	154.56	47.774209375	1.08557397536774	260.4	49.6583625	0.70346761810921	
26.52	36.72419375	13.8248677618937	39.18	39.194959375	7.82680337066556	55.08	41.505265625	4.59783940886102	79.68	43.63533125	2.81544621937771	113.04	45.617596875	1.78369532221018	178.02	47.61294375	1.12664212617199	291.96	49.654925	0.704024642731402	
36.36	35.005046875	20.5388287280482	55.44	37.704875	11.0304406157289	80.46	39.952103125	6.57461079331243	118.08	42.152696875	3.96105318189132	176.94	44.350515625	2.38796962558312	267.9	46.337278125	1.51130649356906	427.38	48.53460625	0.911212640807593	
35.04	34.67618125	22.1545144307396	51.78	37.072309375	12.7599632439334	75.18	39.380765625	7.49900767984882	114.06	41.57224375	4.52747421793006	173.34	43.722025	2.75980159221252	270.9	45.865875	1.68458473456914	435.3	48.042509375	1.02053857089267	
43.5	33.45041875	29.3790998915383	66.78	36.161575	15.7370331937666	98.88	38.24249375	9.7461027538744	142.8	40.5821875	5.68671693169089	218.88	42.833184375	3.38658455488273	326.82	45.078365625	2.01949972500369	501	47.3174875	1.20595641168891	
49.5	32.571234375	35.9713654248244	77.88	35.106753125	20.063423869742	118.8	37.5103875	11.5356377842991	185.34	39.7619125	6.86893032081727	276.96	42.032990625	4.07175181248687	425.16	44.3109375	2.40983113337299	653.1	46.6591875	1.40333582063057	
57.42	32.386453125	37.5348814359184	92.34	34.881228125	21.1328245955995	145.32	37.15068125	12.5317648159745	224.7	39.36174375	7.53192498332412	349.44	41.53563125	4.56580370171798	559.2	43.81973125	2.69840563973209	875.52	46.223546875	1.55140673816925	
53.04	32.334190625	37.989300625811	86.1	34.84004375	21.3341815171116	132.48	37.118684375	12.6244342083154	198.48	39.292009375	7.65384077738937	306.72	41.5003875	4.60300674056498	479.76	43.71810625	2.76229295549738	747.24	46.033459375	1.62081864290923	
49.62	32.7967875	34.1508573376567	78.12	35.252015625	19.403442964213	121.08	37.537440625	11.4640031934532	184.5	39.705153125	6.9592918275182	282.84	41.9005375	4.19784705001908	447.48	44.11234375	2.52258602752881	698.64	46.4125875	1.4853254104109	
40.5	33.368871875	29.935958863318	63.66	35.945609375	16.539387538036	96.42	38.142096875	9.97403007366953	147.3	40.4306375	5.8886617784124	221.94	42.70505	3.48799104182848	341.64	44.8649125	2.12123659512611	539.04	47.09766875	1.26856722265005	
33.48	34.026971875	25.7266461616268	52.92	36.5862375	14.2710724479804	81.12	38.9949625	8.19566335214896	122.34	41.0830625	5.06727076298107	185.04	43.309978125	3.0344679047814	291.12	45.3584125	1.89338577904167	460.98	47.584853125	1.13395298444751	
26.4	34.873703125	21.1694730822428	40.92	37.3940875	11.8487247523578	62.4	39.488875	7.31463838777479	97.2	41.78424375	4.3117739649866	144.72	43.81435	2.70175124873116	230.4	45.905846875	1.66915117831218	371.76	48.054703125	1.0176772085718	
25.08	34.7952375	21.5554260312197	39.48	37.407078125	11.8133357779755	58.62	39.516534375	7.26820090422761	89.58	41.80400625	4.29219788155781	139.86	43.987803125	2.59597226592965	221.16	46.157540625	1.57516588899571	359.22	48.3341875	0.954248774482071	
22.86	34.9375625	20.8604710437152	37.26	37.454134375	11.686028021864	55.8	39.769359375	6.85716221477801	85.02	41.929384375	4.17005634740936	135.9	44.1008625	2.52926369882178	218.16	46.1852125	1.5651613353991	355.38	48.328584375	0.955480709491205	
22.32	35.580471875	17.9900832623656	36.84	37.911946875	10.5168498467419	53.76	39.952846875	6.5734849562828	85.02	42.32705	3.80518136189189	131.52	44.403146875	2.35920496413457	210.12	46.5535375	1.43789313706543	340.38	48.777028125	0.861742571561209	
22.02	35.60885625	17.8728880818912	36.42	38.145678125	9.96580874612536	55.2	40.482646875	5.81856209431111	84.84	42.494696875	3.66109226060006	130.8	44.61725	2.24571872848767	210.78	46.81444375	1.35405400437981	337.86	48.968028125	0.824664972490399	
26.64	36.40188125	14.8899155933258	39.9	38.68401875	8.80396861879151	59.16	40.854121875	5.34156076652814	89.1	43.05214375	3.220074990622	132.78	45.1865	1.96983731842299	207.96	47.290778125	1.21339597045017	323.82	49.384725	0.749217410162847	
25.86	36.54250625	14.4155008439985	38.04	38.862990625	8.44853287545053	55.92	40.96251875	5.20988918462267	88.08	43.257678125	3.07123146398	136.62	45.386909375	1.88100271918175	205.98	47.366190625	1.19250799220061	327.6	49.52456875	0.725476728440002	
23.58	36.38545625	14.9463358180491	33.54	38.615790625	8.94337205641393	52.68	40.81580625	5.38889517627797	79.68	43.103928125	3.18190748593614	122.4	45.28635	1.9250648350264	195.12	47.334215625	1.20132025156906	310.8	49.436221875	0.740385957904842	
24.24	36.074346875	16.0563073699453	36.9	38.37728125	9.44826870336124	56.52	40.538778125	5.74384283878038	85.2	42.67095	3.51548590382366	132.48	44.884596875	2.11164385713593	206.1	46.93379375	1.3173494239451	336.66	49.14080625	0.792500848491918	
24.6	35.88549375	16.7699198082928	39.3	38.288084375	9.6443269167014	60.84	40.55379375	5.72401793510678	94.86	42.679878125	3.508266273143	144.06	44.829565625	2.13857161588527	226.62	46.855328125	1.34136678578634	361.86	49.0835	0.803027394133648	
26.04	35.715515625	17.4392899477138	40.8	38.066853125	10.1483409206619	61.62	40.253671875	6.13356784339479	94.86	42.289884375	3.83788470091842	149.1	44.57344375	2.26848538632268	229.02	46.60300625	1.4216075977085	360.72	48.745490625	0.868023130996177	
22.08	35.79636875	17.1176241296614	35.82	38.064546875	10.1537314627117	57.42	40.24523125	6.14550018196298	87.36	42.30204375	3.82715442134112	135.84	44.401840625	2.35991466115132	210.42	46.5165375	1.45019569268275	337.44	48.72584375	0.871958841838268	
20.7	36.17098125	15.7029857242886	32.46	38.22888125	9.77669880444758	51.72	40.2919375	6.07976245176899	80.52	42.446590625	3.70187115047097	123	44.687990625	2.20943535060006	195.42	46.8275125	1.34998552189096	314.82	48.850403125	0.847305544628259	
16.5	36.808028125	13.5605576188903	26.82	39.0374375	8.11589857282787	38.22	41.08358125	5.06666553085572	61.08	43.264340625	3.06652350818202	96.72	45.554178125	1.8099332079193	153.9	47.581965625	1.13470716809732	244.44	49.470234375	0.734610147859292	
13.26	37.13551875	12.5755933640655	20.94	39.641859375	7.0614586991426	31.92	41.631240625	4.46638646104688	50.64	43.70013125	2.77374949306634	78.42	45.843871875	1.69314118298171	126.48	47.96853125	1.03807142377676	203.88	50.016815625	0.647737138495089	
17.16	37.006296875	12.9553954337549	25.14	39.44095	7.39580344976718	35.28	41.565121875	4.53490478851205	55.68	43.591209375	2.84419535859551	85.8	45.7822	1.71735611517457	136.38	48.0055125	1.02926951707575	214.98	50.056990625	0.641772787805382	
29.7	35.74036875	17.3397761208633	43.26	38.164915625	9.92176184596477	63.54	40.57666875	5.69394785885879	90.66	42.430459375	3.71564679162265	137.76	44.449415625	2.33420394311738	216.18	46.659246875	1.40331663491713	342.78	48.695990625	0.87797327891	
40.14	34.173715625	24.8718905765266	64.02	36.6195625	14.1619843742369	93.36	38.88340625	8.40891061161053	135.66	40.97734375	5.19213511831834	206.22	43.182246875	3.12504066742747	312.9	45.31755625	1.91128185093855	500.34	47.519990625	1.15101583481063	
43.08	33.954603125	26.1589343761183	66.48	36.436871875	14.7704311766038	98.94	38.68869375	8.79449661069199	144	40.882634375	5.30660697309782	217.5	43.086603125	3.19462619456733	330.66	45.108459375	2.00555429284601	536.04	47.312315625	1.20739340232711	
40.86	33.842646875	26.8420495277656	66.3	36.610421875	14.1918225867724	96.42	38.665465625	8.84165975518315	141.66	40.790328125	5.42060234164075	217.2	42.942215625	3.30262145852827	340.14	45.15479375	1.98427100286351	533.94	47.309328125	1.20822425072084	
37.38	33.726609375	27.5688990655968	59.46	36.271221875	15.3446919190679	89.7	38.49695	9.19147818677969	130.92	40.806221875	5.40080097480708	199.74	42.973203125	3.27914067563043	307.98	45.2666375	1.93382250860193	484.86	47.44616875	1.17074816531015	
35.22	34.145353125	25.0348531569041	52.92	36.702528125	13.8940081205479	78.78	38.934115625	8.311296932757	119.76	41.2058875	4.92596827917211	182.1	43.368825	2.99362819748709	281.1	45.4901125	1.83683062166107	453.78	47.634521875	1.12105823533208	
33.54	34.779834375	21.6320124078724	48.72	37.15069375	12.5317287467079	73.38	39.5867125	7.15169707724406	102.78	41.543753125	4.55727303067241	157.08	43.698740625	2.77463779885117	249.66	45.8768625	1.6803281802642	397.08	48.0578875	1.01693129117921	
30.9	34.441921875	23.3823508820009	49.44	37.097559375	12.6859917131459	73.5	39.26524375	7.70115715288381	111.18	41.513609375	4.58901443049512	173.46	43.588434375	2.84601328734124	273.18	45.8111125	1.70596104845566	440.34	48.094	1.0085103529704	
29.94	34.29424375	24.1911205616524	45.36	36.78793125	13.6234541942901	68.22	39.0255	8.13823751973178	100.08	41.202946875	4.9293048011062	154.02	43.43190625	2.95046003175109	244.74	45.495128125	1.8347105082127	392.58	47.72649375	1.09756686106412	
35.46	34.196315625	24.7427973616972	52.5	36.7438125	13.7625563718828	73.92	38.84650625	8.48066163454535	109.02	40.98865	5.17863569958041	168.06	43.24508125	3.0801526183193	262.5	45.43366875	1.86085907976855	415.98	47.63923125	1.11984324817135	
38.88	33.6149	28.2872260399624	59.58	36.153475	15.7664116270314	85.14	38.287046875	9.64663115607575	123.78	40.543715625	5.73731636655559	190.02	42.755621875	3.44761033047042	292.08	44.9540875	2.07812473148502	453.96	47.325925	1.2036157465944	
40.5	33.31939375	30.2789622044775	65.94	35.752	17.2933989627717	97.68	38.0954875	10.0816498770963	142.2	40.329353125	6.02760866277173	220.62	42.5589875	3.60729459338738	340.68	44.83973125	2.13357166901036	544.68	47.11609375	1.26319670996396	
38.46	33.199534375	31.1262587487805	58.62	36.032753125	16.2108224198663	86.4	38.246575	9.73694822862898	127.98	40.511815625	5.77961352055028	194.76	42.77114375	3.43531041346143	304.38	44.909528125	2.0995564138454	497.34	47.2565125	1.22300747337608	
35.28	32.99085	32.6584343580923	57.66	35.9048125	16.6954877347977	82.08	38.257465625	9.71256187112757	120.78	40.5570625	5.71971133096704	174.66	42.703984375	3.48884699249131	277.5	45.0421	2.03643410093596	443.4	47.303421875	1.20986851040687	
37.56	33.339428125	30.139604450099	59.82	36.210653125	15.5601954697799	86.1	38.475340625	9.23732658551567	127.44	40.595003125	5.66996069575304	193.8	42.90570625	3.33050228433282	299.76	45.20289375	1.96241559223331	471.96	47.4561875	1.16805047635991	
38.58	34.13685	25.0839173347782	57.36	36.866303125	13.3798131452467	81.96	39.0001875	8.18580907277603	121.62	41.21223125	4.91877815798606	189.12	43.362	2.99833642564108	290.64	45.572328125	1.80238493346816	472.02	47.74401875	1.09314679514936	
32.82	34.5051	23.0446629674383	48.06	37.06938125	12.768569239918	67.44	39.381971875	7.49692512474128	99.48	41.403734375	4.70659602156031	150.36	43.571778125	2.85694939863922	243.18	45.74731875	1.73120495267101	404.82	47.98260625	1.03471259575168	
31.2	34.8299	21.3840696784427	46.5	37.318659375	12.0563104731587	64.38	39.53610625	7.23551979268717	99.12	41.68458125	4.4118652133883	151.26	43.81735	2.69988558953612	241.14	45.9299625	1.65990835479447	392.64	48.209359375	0.982074474736082	
28.26	34.898446875	21.0492038174683	45.96	37.688621875	11.0717985020085	63.36	39.782428125	6.83655872015833	94.56	41.876559375	4.22108816596496	144.66	44.011209375	2.58201893837052	222.84	46.1348125	1.58343088214958	360.48	48.38021875	0.944188020286114	
26.46	35.309159375	19.1498079721853	42.42	38.249015625	9.73147784757169	59.1	40.20414375	6.203917099409	86.46	42.10759375	4.00240457100384	136.5	44.28536875	2.42406067338321	220.56	46.322790625	1.51635643408364	360.66	48.51805	0.914693011282106	
28.86	34.8010375	21.5266579878086	44.1	37.653603125	11.1614353581329	64.56	39.964775	6.55545530720131	96.18	42.0609625	4.045610901228	145.14	44.11786875	2.51937888887441	224.76	46.22273125	1.55169812684715	359.52	48.42776875	0.933906688720375	
30.24	34.517090625	22.9811257081864	45.48	37.04749375	12.8330824895125	70.5	39.44729375	7.38500826797585	102.42	41.62213125	4.47576458818685	155.7	43.758534375	2.73669830601767	239.76	45.852915625	1.68961905363062	382.14	48.0159875	1.02678995385146	
41.58	34.4298125	23.4476385565614	64.14	37.17496875	12.4618777305326	87.54	39.31058125	7.62118029452833	129.72	41.60968125	4.48861375373868	194.1	43.828525	2.69294733942692	291.12	45.83175	1.69787362060166	449.28	48.03419375	1.02249451236792	
53.04	34.987840625	20.6203626225987	78.24	37.63510625	11.2090739889274	109.86	39.85249375	6.7271480530411	151.92	41.79895625	4.29719177564222	226.86	43.923475	2.63471024912915	345.66	46.1127	1.59151362458137	533.88	48.21155625	0.981577818812492	
53.76	34.027615625	25.722833011387	80.28	36.65194375	14.0567844680132	114.78	38.87575625	8.42373577252193	166.14	41.059034375	5.09538405102431	240.12	43.157115625	3.14317671394114	358.14	45.33254375	1.90469738642852	554.4	47.6763375	1.11031603244079	
53.4	33.248134375	30.7798800731147	84.6	35.8912	16.7479000682173	124.32	38.087346875	10.1005651296242	181.44	40.28056875	6.095698607954	271.8	42.476546875	3.67642468413558	413.1	44.64460625	2.23161738410616	655.98	46.809421875	1.35562064250419	
46.98	32.971884375	32.8013654906816	72.36	35.5042375	18.3086621567406	116.52	37.879709375	10.595206447858	169.26	40.003828125	6.49677084241855	256.5	42.208940625	3.91008589934256	386.04	44.459190625	2.32895607883742	579.42	46.72658125	1.38172697374693	
53.04	33.4348625	29.4845233193813	82.32	35.942178125	16.5524600499906	122.7	38.15018125	9.95548072535238	179.4	40.31010625	6.0543808381926	266.46	42.533240625	3.62874372943388	401.28	44.763646875	2.17127920676847	604.02	47.013425	1.29341490358114	
38.1	36.404896875	14.8795800220316	57.06	38.793659375	8.58448850386294	82.62	40.944559375	5.23147824155367	118.08	43.04350625	3.22648563493928	172.26	45.17735625	1.9739890346429	255.6	47.341446875	1.19932164941555	394.68	49.56448125	0.718840000583612	
29.52	37.41606875	11.7889054854646	45.12	39.946803125	6.5826391495256	64.92	41.9572125	4.14342145822222	90.3	43.96225	2.61129153482182	139.5	46.069715625	1.60734387034762	213.42	47.9881125	1.03340155537542	327.42	50.122603125	0.632149863312058	
32.22	35.348146875	18.9786655859092	50.16	37.78844375	10.8202173790036	74.22	39.930103125	6.6080002138625	112.68	42.13433125	3.97783931564587	167.52	44.23606875	2.45173476826992	260.16	46.31980625	1.51739879857288	410.46	48.434709375	0.932415368969098	
34.2	35.44616875	18.5551079728639	52.68	37.77305	10.8586381449505	76.44	39.953421875	6.57261469340789	115.44	42.13379375	3.97833165921362	173.34	44.19755	2.4735765830838	260.82	46.284471875	1.52979477538013	400.98	48.360309375	0.948526400895932	
43.92	35.65260625	17.6937438545219	64.02	38.237321875	9.7577159915341	92.58	40.40655625	5.92140458817151	135.18	42.556365625	3.60947300720181	196.62	44.60924375	2.2498625455152	289.32	46.692134375	1.39272997686002	448.56	48.82996875	0.851301671016253	
43.68	34.862234375	21.2254508256021	66.96	37.76913125	10.8684405932404	94.92	39.896459375	6.65938959736768	138.66	42.033165625	4.07158774357953	204.84	44.129684375	2.51253386091664	308.7	46.204446875	1.55824475364442	469.02	48.328325	0.955537775657147	
35.22	35.324171875	19.0837260414048	54.18	37.95156875	10.421338097715	80.22	40.138096875	6.29898643905164	114.42	42.166696875	3.94830481405947	173.04	44.3224625	2.40344457168988	259.74	46.37590625	1.49792385063801	401.58	48.3512125	0.950515297756936	
27.72	35.527815625	18.2095325935532	42.42	37.999171875	10.3077333043329	65.16	40.19930625	6.21083134099778	94.14	42.3258125	3.80626578342741	140.04	44.54895	2.28131555064042	215.88	46.40025625	1.48954879966473	347.4	48.428034375	0.933849570477241	
20.64	35.897684375	16.7229127300789	32.64	38.298975	9.62017253089911	51.18	40.691746875	5.54505264053358	76.32	42.85933125	3.36625673916786	114.54	44.915446875	2.09669699793387	181.44	46.931334375	1.31809563968123	292.02	48.841753125	0.848994835426119	
19.02	36.486728125	14.601838756959	29.1	38.6242625	8.92594303508246	46.26	40.980928125	5.18785164656141	69.24	43.0108875	3.25081017835378	106.08	45.047978125	2.03367967566835	169.14	47.059559375	1.27974789351657	266.94	49.028959375	0.813175758345818	
33.36	36.129259375	15.8545683780358	48.36	38.64201875	8.88952357185368	68.94	40.9000375	5.28538479347914	99.24	42.951853125	3.29530068297231	147.96	44.941328125	2.08423914527586	220.68	46.829040625	1.34951059443597	343.08	48.744975	0.868126194934638	
39.24	35.849890625	16.9079633731372	58.32	38.454621875	9.28150009318568	86.52	40.696571875	5.53889552288461	124.44	42.64658125	3.53526713458576	182.94	44.569928125	2.2703224745404	277.68	46.54345	1.44123686027639	439.02	48.54780625	0.908447294521123	
26.46	37.154290625	12.5213541269435	38.34	39.37109375	7.51572681642974	57.12	41.5613875	4.53880590142988	84.6	43.6040875	2.83577396431284	129	45.637265625	1.77563541474072	198.9	47.591696875	1.13216747262143	316.38	49.587115625	0.715103326635009	
20.16	37.207490625	12.368906266093	30	39.28975	7.65782364989601	41.28	41.089215625	5.06009648967125	64.98	43.39715	2.97416707043994	97.62	45.522115625	1.82334478131974	153.48	47.5477875	1.14367232196797	247.44	49.59861875	0.713211744094005	
16.56	36.939246875	13.1569636058538	23.52	38.945975	8.28863205113126	36.06	41.106278125	5.04025545546847	56.16	43.327184375	3.02246947436125	88.38	45.337753125	1.90241406604671	139.32	47.383190625	1.18784916947034	231.84	49.368140625	0.752083911452518	
17.28	36.77425625	13.6664191322467	25.98	38.841353125	8.49073034341341	36.48	40.91773125	5.26389521983407	59.4	43.141175	3.15473483149758	93.72	45.21786875	1.95566059818396	149.1	47.2590375	1.22229662015096	244.68	49.206778125	0.780553271609796	
17.22	36.871284375	13.3644756289527	24.72	38.961615625	8.25883516670081	37.32	41.27508125	4.84810744117533	57.3	43.2628875	3.06754972143708	88.62	45.3466375	1.89852626998569	141.54	47.2937375	1.21256941826685	224.88	49.265975	0.76998605678878	
15.6	36.89139375	13.3027364138127	23.7	39.2307	7.7626563560628	34.8	41.166728125	4.9705854975623	55.02	43.395303125	2.97543212978506	85.56	45.46356875	1.84809156935902	139.44	47.45458125	1.1684825629173	237.24	49.43415625	0.740738189758724	
15	37.158721875	12.5085846915272	22.74	39.22663125	7.76993231951441	34.68	41.276096875	4.84697381327255	55.32	43.521078125	2.89049716907758	88.26	45.623275	1.78136477751773	137.46	47.651015625	1.11680872545372	226.14	49.700946875	0.6966035339727	
16.32	37.3902	11.8593356491683	23.46	39.591275	7.14418777521992	35.58	41.78773125	4.30831288586523	55.08	44.0408875	2.56443449965175	82.44	45.940171875	1.65601083268963	131.7	47.8796	1.0595473286454	211.38	49.7947	0.681726789917903	
17.7	37.190765625	12.416631672121	25.62	39.86851875	6.70237133896256	38.34	42.105803125	4.00405512924198	57.72	44.17224375	2.48803213808915	88.08	45.996590625	1.63463689995779	138.3	47.908809375	1.05244503435507	226.02	49.824290625	0.677097637327721	
22.56	36.53108125	14.4534736778057	33.9	39.010865625	8.16570710820658	49.5	41.270128125	4.85363985798981	73.5	43.330675	3.02004115228953	107.7	45.358128125	1.89350976155398	172.56	47.3347875	1.20116207323216	271.14	49.331521875	0.758452126585168	
23.52	35.560565625	18.0727315783129	39	38.50849375	9.1670792499447	57.48	40.598359375	5.66558061377965	86.28	42.776125	3.43137245641603	127.5	44.81136875	2.1475509981463	197.7	46.75053125	1.37412814787627	311.28	48.826646875	0.851953072232496	
25.08	35.197053125	19.6505652935762	40.56	38.204390625	9.8319870615731	60.24	40.52314375	5.76455763736483	90	42.761978125	3.44256816541059	137.16	44.8051125	2.15064689240964	208.44	46.844559375	1.34469696097366	318.78	48.757996875	0.865527105997829	
23.16	35.285559375	19.25415321389	36.84	38.06515625	10.1523068542266	51.72	40.132978125	6.30641502656209	81.48	42.4952875	3.66059439896967	122.04	44.53391875	2.28922503054321	192.96	46.636265625	1.41076214709817	306.12	48.800021875	0.857192126640215	
26.34	35.784390625	17.1649008193221	39.3	38.16558125	9.92024129552427	57.42	40.413884375	5.91142145329711	87.3	42.47065	3.68141994486173	133.5	44.568453125	2.27109367807162	208.5	46.653065625	1.40531537706292	331.86	48.74556875	0.868007516315359	
27.48	35.17075625	19.7699119856705	40.8	38.123878125	10.0159592368102	58.2	40.331453125	6.02469476013773	85.86	42.366896875	3.77042818614667	129.42	44.3644375	2.38032693443795	198.66	46.391478125	1.49256257702171	306	48.414928125	0.936672022297501	
27.12	35.393884375	18.7798415356623	42.54	37.951253125	10.4220954995472	61.26	39.852890625	6.7265333284686	91.74	42.008875	4.09442443974488	141.66	44.0962875	2.53192951173927	217.32	46.12935	1.58542375413966	346.08	48.1699375	0.991029565115961	
29.1	34.714084375	21.9620018285579	47.4	37.335246875	12.0103502702988	70.2	39.46383125	7.3569403680669	103.8	41.543965625	4.55705004906259	160.38	43.626565625	2.82113454130166	256.92	45.730840625	1.73778601697495	410.4	47.815178125	1.07538146884042	
27.06	34.797103125	21.5461683254364	44.64	37.29605625	12.1192218580044	63.12	39.31218125	7.6183730650889	97.92	41.532475	4.56912312122678	149.28	43.651534375	2.80496162091451	227.28	45.589853125	1.79512645975478	370.5	47.618353125	1.12523970543956	
31.26	34.552809375	22.7928915111821	48.18	37.311378125	12.0765406727777	69.42	39.28129375	7.67274890437261	99.66	41.35925625	4.75504614494269	154.62	43.485059375	2.91456955050451	241.2	45.5437125	1.81430004302107	385.68	47.637140625	1.1203824527849	
33.78	34.231653125	24.5422880105439	51.72	36.680803125	13.9636851657121	78.06	38.986834375	8.21101647210295	117.3	41.076946875	5.07441139189347	180.18	43.159225	3.14165043884817	292.8	45.209996875	1.95920857699041	493.26	47.453421875	1.16879453794065	
35.76	34.1171625	25.1978862376586	52.44	36.597365625	14.2345518392769	78	38.961459375	8.25913230752635	117	41.128071875	5.015025820329	173.22	43.28214375	3.05397857431937	272.82	45.3637375	1.89106567110949	442.86	47.559853125	1.14049936646773	
38.4	34.156728125	24.9693679028788	58.98	36.6299125	14.1282740637849	88.62	38.853775	8.46647949449306	128.22	41.04285	5.1144078835847	196.14	43.183178125	3.124370642306	309.12	45.2423375	1.94467311824299	500.7	47.40395625	1.18218307088661	
36.18	33.96595	26.0906777547365	53.1	36.6204875	14.1589683468339	79.56	38.919509375	8.33929665569763	119.58	40.986784375	5.18086079524202	183.24	43.23569375	3.08681772851552	285.6	45.33168125	1.90507569301623	455.64	47.394384375	1.18479148249738	
33.9	34.49325	23.1076276523839	51.66	37.16791875	12.4821238054356	75.24	39.380684375	7.49914797637545	112.2	41.63138125	4.46624184133523	169.5	43.7357125	2.75111731883346	253.02	45.67270625	1.7612042949077	399.66	47.83685625	1.07002699873912	
37.02	34.879915625	21.1392122024178	55.86	37.387778125	11.8659509389499	79.26	39.542859375	7.22427755920442	114.24	41.805153125	4.29106455734319	166.38	43.881096875	2.6605453949086	256.44	45.986196875	1.63855367875155	397.56	48.018475	1.02620200977403	
39.06	34.387728125	23.675957317719	61.68	37.13646875	12.5728428093998	90.12	39.348146875	7.55554285728734	133.86	41.551134375	4.5495340877819	194.76	43.62074375	2.82491891042059	302.4	45.727890625	1.73896683102333	475.38	47.76986875	1.08665951186296	
35.94	34.898575	21.0485828357222	54.3	37.37885	11.8903697762855	82.2	39.686759375	6.98882914347448	120.72	41.86555	4.23180220839551	183.42	43.82796875	2.69329227770126	280.62	45.873346875	1.68168896095094	450.18	47.98390625	1.03440291530944	
26.04	35.57974375	17.9930996781973	41.76	38.04733125	10.1940611840961	64.26	40.29208125	6.07956121702506	95.94	42.40304375	3.73917667450179	149.52	44.508803125	2.30250217104289	238.56	46.562909375	1.4347935754249	379.56	48.573515625	0.903085352557819	
21.48	36.62114375	14.1568289871668	33.24	39.25613125	7.71733292129768	49.62	41.484090625	4.62031194493504	75	43.521778125	2.8900313135236	115.2	45.5844125	1.79737671399908	177.66	47.433903125	1.17405934144249	295.68	49.4951875	0.730401423385703	
17.52	38.242721875	9.74559082673942	28.2	40.561728125	5.71356994533504	40.02	42.73415625	3.4646928184362	61.56	44.824859375	2.14089034392773	92.22	46.757771875	1.3718390888108	146.28	48.840565625	0.849227009505267	238.38	50.89338125	0.529349169280228	
17.64	38.509578125	9.16479063909009	25.56	41.31385	4.80502178339863	35.88	43.829428125	2.69238739328259	52.8	45.652140625	1.76956409753676	78.78	47.537440625	1.14640031934532	122.04	49.582540625	0.715857036770639	203.28	51.675603125	0.442099525077266	
14.7	38.888671875	8.39872136445566	22.02	41.25026875	4.87588535743555	31.44	43.48418125	2.91515892367321	47.82	45.675828125	1.75993872875826	71.46	47.54815625	1.1435752193607	113.1	49.476290625	0.733586445676882	189.06	51.642803125	0.445451112970334	
14.76	37.89635	10.5546870502414	21.72	40.90268125	5.28216831608479	31.86	43.08445625	3.1962058044565	45.6	45.02236875	2.0457072573406	69.42	47.0033625	1.29641518964747	114.6	49.057865625	0.807781306065632	194.34	51.165171875	0.497236697536888	
14.94	38.27031875	9.68385963582399	21.18	40.948771875	5.22640635631792	29.76	43.061753125	3.21295799930124	42.66	44.90189375	2.10325042753359	66.3	47.0699125	1.27670074223437	106.14	48.986775	0.821112873059483	181.02	51.047984375	0.510836503181461	
16.26	37.944509375	10.4382915615326	22.74	40.35490625	5.99224740316115	32.64	42.627321875	3.55097956757815	46.8	44.728953125	2.18869400507903	71.52	46.59444375	1.42441318770523	116.16	48.50608125	0.917217296477115	199.44	50.4239	0.589780434214154	
16.26	37.6783	11.09814413596	25.44	40.406609375	5.92133215513177	35.4	42.415615625	3.72836822776555	51.78	44.5075125	2.30318652430736	77.28	46.41928125	1.48303785225808	126.6	48.456403125	0.927769408533333	213.24	50.4240125	0.589765156691126	
18.24	37.63155	11.218256374667	27	40.1810875	6.23694064271557	37.8	42.119759375	3.99120856917563	54.78	44.265090625	2.43540558903152	82.56	46.269921875	1.53492858262476	132.72	48.325646875	0.956127200323461	215.64	50.183371875	0.623366089465094	
16.44	37.6082125	11.278701708162	25.14	40.30775	6.05766651324271	33.72	42.340121875	3.79374532609745	48.72	44.479634375	2.3180186368627	76.98	46.416546875	1.48397188634371	122.64	48.341425	0.952659847091825	205.32	50.243521875	0.614791951549122	
17.7	37.487371875	11.5969336752345	26.4	39.8103125	6.79280442632838	37.32	41.938003125	4.16178890783577	54.3	43.94578125	2.6212125333264	83.88	45.915803125	1.66532901325475	135.18	47.9061625	1.05308665878964	229.44	49.895271875	0.666121073641698	
20.58	37.361940625	11.9367555012135	31.02	39.885453125	6.67628777667429	43.68	41.9576875	4.14296830543098	63.36	44.087946875	2.53679675433393	97.02	46.02145	1.62530683178864	151.92	47.977265625	1.03598578970555	257.76	49.89669375	0.66590302208646	
18.6	36.6409875	14.0922912681588	28.32	39.330228125	7.58678100814519	41.88	41.50070625	4.60266891574374	63.24	43.551590625	2.8702603943268	95.82	45.73126875	1.73761471547339	151.02	47.69194375	1.10633330322012	257.46	49.808496875	0.679564484093985	
18.54	36.498871875	14.561066100401	28.86	38.875140625	8.42492994608939	40.86	40.901265625	5.28389037074117	61.32	43.100490625	3.18442700605274	92.64	45.38333125	1.88255310411405	147.48	47.35935625	1.19438608719572	253.62	49.51228125	0.727532227229053	
16.86	36.336778125	15.1148049917559	25.62	38.7407	8.68981160131376	38.04	40.696928125	5.53844118816871	58.2	42.905403125	3.3307347518819	92.64	45.0384	2.03816979343558	151.62	47.181946875	1.24418704040175	259.68	49.328790625	0.758929262256283	
18.18	36.207234375	15.5724492201696	26.52	38.23604375	9.76058810173567	37.98	40.4318	5.88708573876908	58.26	42.716896875	3.47848931267788	92.88	44.912140625	2.09829380473771	148.8	46.92483125	1.32007083437755	255	49.099990625	0.799983995123158	
18.96	35.897103125	16.7251510370164	26.7	38.29491875	9.62916183540342	38.22	40.421984375	5.90040637232789	60.96	42.644615625	3.5368675652971	94.74	44.8112875	2.14759117598831	151.2	46.849134375	1.34328115910712	260.94	48.930965625	0.831732742204525	
19.74	35.729934375	17.3814868170367	28.86	38.13964375	9.97966552498812	43.14	40.20484375	6.2029172266992	62.64	42.297965625	3.83074989515523	102.12	44.628634375	2.23983962441651	165.48	46.564696875	1.43420315443225	282.54	48.7089125	0.875364864510133	
19.38	35.4088	18.7154537484242	30.18	38.040490625	10.2101306256337	43.38	40.154203125	6.27566927467359	66.48	42.23056875	3.8906618442796	103.14	44.267196875	2.43422474756073	170.28	46.486775	1.46016811547958	288.9	48.6301625	0.891382514958227	
22.8	35.135546875	19.9308432408978	34.5	37.27613125	12.174951388661	52.86	39.485546875	7.32024595638362	80.46	41.5738625	4.52578700256795	129	43.849953125	2.67969304068641	199.26	46.05365	1.61330084348245	328.68	48.293653125	0.963196838358404	
25.62	34.340596875	23.9342968618545	40.08	36.753584375	13.7316246426132	60.9	39.0238125	8.14140033778309	95.82	41.221334375	4.90847884267599	148.62	43.500234375	2.90440331226876	232.8	45.588003125	1.79589130746132	377.1	47.81911875	1.07440615063932	
25.2	34.042996875	25.6318925229198	40.92	36.60535	14.2084060801624	62.04	38.846515625	8.48064332758539	95.64	41.03343125	5.12551177846856	150.24	43.28403125	3.05265156411256	235.98	45.3740375	1.88658601551228	381.42	47.6558375	1.11556944567506	
22.5	34.604246875	22.5245266636407	36.84	37.169196875	12.4784508674174	56.34	39.513125	7.27390895548346	88.86	41.5858125	4.51335101320621	139.5	43.761625	2.73475144744759	217.68	45.80174375	1.7096451786673	368.22	48.012975	1.02750243764288	
22.98	35.46679375	18.4671971611835	32.58	37.409709375	11.806180627124	51.24	39.866309375	6.7057818863132	82.74	42.03995	4.06523223722022	128.4	44.123490625	2.51611970174843	203.4	46.21018125	1.5561886227192	340.68	48.323328125	0.956637824333248	
18.84	35.670196875	17.6222222151477	29.04	37.94816875	10.4294999382006	47.22	40.14566875	6.28801379580699	73.86	42.29519375	3.83319564328276	118.44	44.50023125	2.307051216018	195.78	46.51029375	1.45228210448163	328.68	48.7195375	0.873225904837401	
18.66	35.45093125	18.5347714799366	29.16	37.959978125	10.4011784706816	47.1	40.15899375	6.26875051246807	73.44	42.302325	3.82690658205855	115.98	44.5802	2.26495908339948	186.36	46.637275	1.41043429983444	312.66	48.68625	0.879944661574809	
17.88	35.54699375	18.1292979220893	28.32	37.993875	10.3203128065776	46.5	40.315534375	6.04681836432901	72.06	42.429803125	3.71620829483008	114.84	44.62740625	2.24047310978984	187.08	46.79321875	1.36068778424299	305.88	48.8999	0.837703559603678	
16.38	35.625859375	17.8030504839748	30.66	38.115903125	10.0343685565094	47.82	40.237015625	6.15713673567208	73.02	42.437271875	3.70982286295708	119.58	44.68069375	2.21315069252661	188.82	46.9027	1.32681496387928	314.76	49.052409375	0.808796798259188	
16.8	35.999546875	16.3352457843403	28.92	38.384365625	9.43286889573167	46.32	40.6809875	5.55880719369694	70.5	42.923796875	3.31665786393497	112.62	45.232565625	1.94905367072508	173.16	47.33045	1.20236232866494	275.22	49.41639375	0.743773988266821	
19.98	36.772821875	13.6709335823005	28.2	39.014375	8.1591113639483	44.58	41.1739625	4.96231250592044	68.58	43.362859375	2.99774317830459	105.72	45.404396875	1.87344381643072	169.02	47.46411875	1.16591928504886	275.76	49.65750625	0.703606326648173	
19.98	36.9437875	13.1432149580595	27.36	39.60544375	7.12091801853838	40.92	41.746928125	4.34898138114222	65.58	43.63214375	2.81751337180989	101.76	45.824959375	1.70053049101797	165.42	47.800171875	1.0791036794529	263.94	49.941665625	0.659043071047486	
18	37.49618125	11.5734339077444	24.3	39.7164	6.94129274437896	35.52	42.160778125	3.95368940020615	53.46	44.0523	2.55770446051015	83.82	46.06640625	1.60856915205012	138.96	48.074428125	1.01306555291173	240.96	50.055359375	0.642013888841536	
18.66	37.213271875	12.352451954898	27.12	39.862284375	6.7119996220842	40.5	42.01286875	4.0906609585279	60.54	43.990346875	2.5944521980491	89.76	45.87621875	1.68057727194865	149.88	47.79280625	1.08093538980369	254.16	49.7437125	0.689777638100547	
22.08	36.9825375	13.0264660178277	30.48	39.495278125	7.30386182128646	42.12	41.525340625	4.5766352193199	61.02	43.44731875	2.94000782198387	95.22	45.38896875	1.88011098054552	156.78	47.413059375	1.17970772521941	264.3	49.3625625	0.753050516737397	
22.68	36.411475	14.8570594395454	31.38	39.0404375	8.1102942445961	46.98	40.9449375	5.2310227748877	68.64	42.95425625	3.29347776575078	104.76	45.0441125	2.03549064565994	168.42	46.99673125	1.29839620027544	284.04	48.98296875	0.821832829441666	
23.58	35.66564375	17.6407069664413	35.88	38.284978125	9.65122739731195	52.92	40.339315625	6.01379747462211	78	42.321175	3.81033237557604	117.6	44.36210625	2.38160501348911	200.04	46.41770625	1.48357578407862	325.38	48.451484375	0.928820780631909	
23.04	35.28063125	19.276014124914	34.62	37.8953875	10.5570264794807	50.52	40.113078125	6.33537823657887	72	42.241315625	3.88104607267986	117.06	44.198371875	2.47310851855902	190.62	46.049871875	1.61470493783336	316.08	48.090971875	1.0092137835812	
25.38	35.4994	18.3290670898322	39.72	37.908940625	10.5241322844244	57.72	39.90621875	6.64444155773653	87.12	41.896015625	4.20222012542185	139.2	44.02345625	2.5747480379396	226.68	46.009290625	1.6298637413836	374.22	48.087115625	1.01011029715658	
24.36	35.460875	18.4923822010133	35.04	37.75839375	10.895344979352	52.5	39.740278125	6.90323325899812	79.56	41.8746375	4.22295652934628	125.22	43.988803125	2.59537459003813	200.64	45.861903125	1.68612608976476	334.86	47.8621625	1.06381010390859	
26.1	34.900140625	21.0409962211964	40.92	37.33363125	12.0148190887406	56.88	39.50900625	7.28081063732927	88.68	41.614403125	4.48373615198423	136.86	43.613103125	2.82989321812835	213.18	45.612740625	1.78569095317211	354.06	47.679290625	1.10956129397989	
27.06	34.647309375	22.3022881849807	40.98	36.917984375	13.221536350659	59.82	38.99315	8.19908447321316	92.94	41.02355625	5.13717944135109	148.5	43.2374125	3.08559634107156	235.26	45.2788	1.92841437801433	379.68	47.397534375	1.18393244786024	
28.86	34.304253125	24.1354304277287	44.04	36.786946875	13.6265424462074	64.56	38.738865625	8.69348278313753	99.6	40.96690625	5.2046285038662	155.64	43.004896875	3.25529741526872	251.58	45.059315625	2.02837756503479	418.44	47.110021875	1.26496402155562	
31.14	34.122846875	25.1649269108596	49.56	36.624925	14.1445084961109	70.74	38.657815625	8.85724786577782	110.34	40.8615125	5.33247847265828	170.88	42.867528125	3.35990925746659	271.86	45.02599375	2.04400044431677	440.4	47.044071875	1.28431978629454	
36.78	33.63481875	28.1577848271247	54.9	36.069103125	16.0757057540338	86.1	38.164296875	9.92317552441209	128.34	40.25496875	6.1317365322503	202.38	42.36235625	3.77437229642185	319.62	44.512565625	2.30050826754957	513.48	46.716640625	1.3848932495455	
42.42	33.14754375	31.5011193306011	68.16	35.56344375	18.0607585160584	103.98	37.763653125	10.8821585300308	158.22	39.82114375	6.77588436512343	242.94	41.893328125	4.20482134696362	392.4	44.0792	2.54191111909854	636.3	46.27080625	1.53461604946608	
51.6	32.3818	37.5751186712942	82.14	34.759309375	21.734488470877	127.86	37.040021875	12.8551803343436	192.9	39.1685875	7.87447504237138	300.24	41.44585625	4.66116778113938	454.56	43.626409375	2.8212360416016	708.48	45.901921875	1.67066038001982	
51.24	31.72825	43.6772574713768	85.08	34.26059375	24.3792862049159	130.56	36.4338625	14.780669660424	198.24	38.687203125	8.79751565584684	304.26	40.933821875	5.24442855483346	471.42	43.2055625	3.10830846292062	730.92	45.490884375	1.83650418931874	
58.92	31.606365625	44.9204189825705	90.66	34.046259375	25.6126446045738	135.84	36.368915625	15.0033692668368	203.46	38.511609375	9.16050515332515	319.38	40.732375	5.49342071526929	491.64	42.977225	3.27610536440939	771.54	45.313353125	1.91313249502489	
62.88	31.312753125	48.0623551604244	98.94	34.00035	25.8848326101406	150.72	36.232846875	15.480881038995	223.98	38.4369875	9.3192639159857	337.56	40.6016125	5.66133834464555	523.14	42.972371875	3.27976837104859	784.74	45.3423125	1.90041789339254	
61.14	31.5364375	45.6495615754897	96.42	34.063378125	25.5118849881999	151.74	36.299753125	15.2442144054156	233.22	38.5678	9.04274659699573	349.32	40.6431125	5.60749778709381	540.12	42.97443125	3.27821351089634	821.04	45.330753125	1.90548286773271	
54.84	31.9555125	41.4504367438345	91.44	34.318690625	24.0553288520304	145.92	36.594909375	14.242604786875	226.62	38.827634375	8.51759376928226	352.38	41.051921875	5.10373566793521	549.72	43.365428125	2.99597060779302	839.1	45.703221875	1.74887259902031	
50.46	32.251709375	38.7176886732968	83.1	34.528246875	22.9221670580478	126.78	36.8352375	13.4758637358647	199.86	39.136165625	7.9334812263286	307.26	41.44000625	4.66745066198574	474.72	43.7248375	2.7580149176129	709.26	46.0251375	1.62392740480685	
48.3	32.689559375	35.0045439069276	76.86	35.299834375	19.1909698601237	115.86	37.477953125	11.6221117868431	175.74	39.6171125	7.10181100976621	269.58	41.8517125	4.2453070887879	420.96	44.090903125	2.53507054000992	638.58	46.3757875	1.49796480922638	
37.8	33.502021875	29.0320814334964	61.92	36.0435625	16.1705246544764	95.76	38.141696875	9.97494875809446	145.02	40.33775625	6.01595717261888	221.82	42.580234375	3.58968981948631	343.02	44.692971875	2.20690263580632	538.74	46.8814375	1.33332680708513	
30.6	34.439678125	23.3944343200639	47.76	36.974678125	13.050061200211	71.58	39.076884375	8.0425158110326	111.48	41.268503125	4.85545628459723	172.5	43.398425	2.97329404382065	271.74	45.435228125	1.86019104083285	433.92	47.5641875	1.1393616854312	
27.18	34.931209375	20.8910093463651	41.76	37.515628125	11.5217261427514	67.68	39.63314375	7.07564419437542	102	41.709921875	4.38619740246444	154.86	43.8427375	2.68414894158002	243.18	45.98446875	1.63920581437442	384.48	47.97446875	1.03665318385519	
