103.86	30.388565625	59.4598485072482	157.02	33.054453125	32.1836316047283	233.04	35.43698125	18.5944028542931	339.84	37.7413125	10.9382818774155	495	40.08105	6.38227276169691	740.94	42.517896875	3.64158686048897	1130.04	45.19260625	1.96706964174657	
50.7	31.529765625	45.7197448839408	79.14	34.469715625	23.2331875546513	122.28	36.42174375	14.821971909784	184.92	38.771253125	8.62889229831172	275.16	40.926775	5.25294508759392	424.86	43.27935625	3.05593938621544	648.72	45.875475	1.68086510346215	
48.36	32.337134375	37.9635593106212	67.2	35.020578125	20.4655088993858	96.84	37.21850625	12.3375730145488	138.12	39.411003125	7.44697761458748	203.22	41.470175	4.63514005055787	320.64	43.6847125	2.78361463315985	522.06	46.1423875	1.58067145621448	
58.26	32.32509375	38.0689576608655	91.02	34.714690625	21.9589362739871	128.82	36.960425	13.09296059666	191.16	39.0860625	8.02553717670895	285.78	41.076190625	5.07529509129886	424.44	43.23986875	3.08385170615291	668.76	45.69423125	1.75249680902107	
60.72	31.938559375	41.6125589465484	93.18	34.563278125	22.7380149854092	136.26	36.72394375	13.8256636081603	203.82	38.58490625	9.00719854288548	307.26	40.6253875	5.63043061409389	490.02	42.820778125	3.39627265460964	796.92	45.340203125	1.90134115349209	
54.42	32.027825	40.7659775401053	82.62	34.55405	22.7863813219752	122.28	36.72225	13.8310566733886	182.88	38.7747875	8.62187279057715	284.16	40.74774375	5.47401503441221	447	42.944465625	3.30091087411663	725.4	45.374109375	1.88655479309213	
58.8	31.95150625	41.4886913005939	84.78	34.6540125	22.267892234334	120.78	36.7808375	13.6457248774432	175.38	38.621659375	8.93129477482579	271.26	40.774671875	5.44017879582311	419.34	43.0270375	3.23874392120583	654.9	45.668440625	1.76293499332424	
49.62	32.0573875	40.4894251468773	72.66	34.676821875	22.1512466735681	107.82	36.83540625	13.4753401262126	155.4	38.9057875	8.36568698717575	235.14	40.9591	5.21399200465154	368.1	43.0948875	3.18853810078789	607.32	45.5502625	1.81156579037723	
62.34	32.0570875	40.4922221538843	92.22	34.8178375	21.4435463478146	123.6	36.91836875	13.2203662222417	177.96	38.9402375	8.29958946724926	264.78	41.0600375	5.09420726497597	390	43.265684375	3.06557484230713	603.42	45.767053125	1.72335618984029	
64.74	32.12124375	39.898446472003	98.58	34.766634375	21.6978610328193	139.14	36.772884375	13.670736843167	208.74	38.829675	8.51359253678167	308.1	40.935103125	5.24288157846481	479.28	43.188653125	3.12043433823526	747.96	45.759703125	1.72627526735741	
55.32	32.362478125	37.7426637861991	80.34	34.779115625	21.6355927654918	115.92	36.812721875	13.5459096123552	169.26	38.980865625	8.22230908582149	250.62	41.015440625	5.14678822113664	392.76	43.271659375	3.06136014096091	629.16	45.77165625	1.72153055729324	
52.02	32.26884375	38.5652353336222	74.7	34.77719375	21.6451692414305	110.76	36.934440625	13.1715322137213	162.96	39.033140625	8.12393235183264	244.44	41.11940625	5.02504246127912	391.02	43.42515	2.95505358750713	612.06	45.92351875	1.66237303575117	
51.72	32.529590625	36.3179476566063	71.22	35.124178125	19.9830855831448	109.62	37.2692375	12.1942925784901	159.18	39.406503125	7.45469789847358	239.1	41.461828125	4.64405707320937	369.84	43.582228125	2.8500832668939	568.5	46.029990625	1.62211372280483	
60.24	32.368053125	37.694244945303	88.68	35.092653125	20.128668539983	124.86	37.337203125	12.0049415078456	178.26	39.268696875	7.69503630862245	271.32	41.3582625	4.75613431621081	424.86	43.4926375	2.90948827169205	689.58	45.91348125	1.66621958860719	
55.44	31.9009625	41.9743626936717	86.88	34.797184375	21.5457652326333	128.04	36.985575	13.0173583597042	187.92	39.1690375	7.8736591604433	279.06	41.16870625	4.96832201024055	434.04	43.41236875	2.96376309502731	660.12	45.815909375	1.7040778183885	
59.04	31.835203125	42.6147601436964	90.06	34.593653125	22.5795378330482	132	36.89051875	13.3054168685518	193.02	38.828178125	8.51652740719807	294.24	40.953178125	5.22110645598547	447.66	43.09923125	3.18535056586155	710.76	45.602309375	1.78998513082966	
69.42	31.907634375	41.9099288336086	103.2	34.445346875	23.3639180018585	150.48	36.668815625	14.0022813054509	219.54	38.78626875	8.59910963130193	321.9	40.74305	5.47993441600357	476.04	42.92529375	3.31551491439924	734.16	45.458790625	1.85012596590498	
95.94	32.0804625	40.2748666242567	145.86	34.70979375	21.9837099738628	211.14	36.885725	13.3201115191942	306.3	39.10551875	7.98966345058034	447.72	41.336259375	4.78029197185426	653.34	43.699315625	2.77427046489	963.6	46.16506875	1.57243783817273	
114.24	32.238646875	38.8343171771042	171.24	34.861234375	21.2303387289875	250.02	36.952703125	13.1162609478882	357.54	39.17949375	7.8547250219134	519.48	41.495125	4.60858774747178	743.28	43.874271875	2.66472976715089	1090.86	46.4680375	1.46648157510163	
109.26	32.60865	35.6627936644649	164.82	35.321828125	19.0940277044351	235.02	37.52348125	11.50091081995	342.36	39.712296875	6.94785383399557	490.86	41.9679875	4.13315422470284	703.26	44.3375125	2.39513011229297	1013.28	46.846996875	1.34394245467935	
84.12	33.671140625	27.9232714579793	124.86	36.211975	15.5554600876157	179.94	38.28280625	9.65605511273026	259.92	40.4627625	5.84526373239051	377.7	42.712778125	3.48178979755982	554.52	45.073628125	2.02170389764018	810.3	47.472909375	1.16356171572847	
67.62	34.215196875	24.6354598534648	103.86	36.7780125	13.654604040049	145.8	38.942	8.29622192306059	215.46	41.0944375	5.05401598129535	309.3	43.1778375	3.12821512030674	449.04	45.5495125	1.8118786637209	667.14	47.96119375	1.03982675050348	
56.52	35.287275	19.2465486082069	84.84	37.914125	10.5115766343966	123.78	39.982378125	6.52893805839594	179.46	42.072653125	4.0347353036501	263.46	44.37795	2.37293237070034	386.82	46.68233125	1.39587727149112	576.06	49.010009375	0.816731720833547	
25.62	37.76494375	10.878925079055	37.26	40.50885	5.78356153752126	52.02	42.583965625	3.58660705454456	80.82	44.9319375	2.08875071164846	119.94	47.184203125	1.24354082727804	180.3	49.262578125	0.770588544190644	285.06	51.639778125	0.445761492002694	
14.46	40.11359375	6.33462610049946	20.7	42.693053125	3.49763952769915	27.84	44.850653125	2.12821278759239	41.1	47.01895625	1.2917686364607	61.62	48.814453125	0.854348474624833	102.12	51.162403125	0.497553801047804	167.16	53.52413125	0.288846584051514	
7.56	41.1245875	5.01905102512549	9.54	44.322953125	2.40317306849613	12.18	46.5402875	1.44228674041121	16.98	48.5404375	0.909989981225582	26.52	50.24763125	0.614210499126932	45.6	52.390875	0.374966838317774	87.9	54.508965625	0.230241601991305	
6.12	41.148634375	4.99133734777816	8.22	44.486421875	2.31439868226235	11.64	46.6739375	1.39857773746608	15.36	48.9995	0.818710501123233	21.9	50.361290625	0.598344493154727	38.94	52.320609375	0.381082866546543	73.92	54.284978125	0.242427871467214	
6.36	41.50795625	4.59499174885459	9.12	44.270453125	2.43240030035609	12.18	46.495346875	1.45728895511139	16.92	48.924921875	0.832891007918852	26.22	50.5504625	0.572841021972125	46.8	52.6890125	0.350089520484243	84.12	54.668825	0.221920724144438	
7.44	42.35005	3.78508259593043	9.12	45.256603125	1.93829577169908	12.66	47.373915625	1.19038870760001	16.8	49.35324375	0.754668088217659	25.26	50.87243125	0.531908874021968	43.02	52.75861875	0.344523210702746	80.46	54.702890625	0.220186809386657	
5.46	42.9463	3.29951692829478	8.34	45.471515625	1.84471295772445	10.74	47.10575625	1.26620707509315	13.98	49.1662375	0.787873713287117	22.5	51.101684375	0.504558960641487	38.58	53.25571875	0.307261740188262	67.38	55.193153125	0.196682195877386	
6.06	43.02926875	3.23708039757205	7.68	45.308875	1.91510619381383	10.38	47.07434375	1.27539874665876	14.22	49.624271875	0.709011326905023	20.82	51.153240625	0.498604620080561	35.4	53.1410875	0.315479839253509	64.92	55.25094375	0.194082324867773	
6.12	43.26319375	3.06733341567703	8.46	45.6149375	1.78478789132455	10.68	47.063071875	1.2787132736061	15.12	49.4842875	0.732236900236429	23.7	51.178778125	0.495681315161239	37.62	53.168178125	0.313518049341031	68.94	55.325365625	0.19078481197583	
8.4	42.73645	3.46286340517162	10.8	45.5153375	1.8261927355871	13.2	47.250903125	1.22458813814351	17.52	49.108196875	0.798473805497218	26.04	50.800146875	0.540836101195913	45.6	52.72349375	0.347320954497478	84.54	54.80631875	0.215004963463081	
6.72	42.702659375	3.48991157601895	9	45.675296875	1.7601540261373	12.06	46.962109375	1.30878835854724	16.08	49.180471875	0.78529561673414	23.52	50.85259375	0.53434405990178	43.02	52.739009375	0.346082327907827	82.98	54.84555	0.213071498819714	
6	43.0274125	3.23846427764896	7.26	45.96406875	1.64692372493218	9.36	47.361221875	1.19387311774799	14.58	49.287878125	0.766112499929757	21.12	51.42585	0.468268949299657	34.5	52.98315	0.327163888138284	66.84	55.028134375	0.204299321063317	
6.48	43.497534375	2.90620953533133	7.86	45.50125625	1.83212346023939	9.48	47.156684375	1.25144544922645	12.9	49.44696875	0.738556093847821	19.92	51.2691875	0.485469120670049	34.56	53.24673125	0.307898260886418	64.86	55.233296875	0.194872552344855	
6.42	42.4681125	3.68357155698012	8.4	46.3056625	1.52234859542682	12	47.838740625	1.06956282181852	14.22	49.504715625	0.728800728982418	23.7	51.3691	0.474428052843087	42	53.291521875	0.304739094930758	76.92	55.4874	0.18379782207069	
6.12	42.663240625	3.52173195799515	7.02	46.19049375	1.56325917344854	10.08	47.30874375	1.20838683707194	13.26	49.665990625	0.702233103453057	19.14	51.4259375	0.468259514890053	36.6	53.57410625	0.285541828251372	69.36	55.6055	0.178867056798103	
6.06	43.311221875	3.0335990060867	7.08	46.7245875	1.38236143969195	8.94	47.947728125	1.04305581444947	12.24	49.61898125	0.709875578918409	17.34	51.54651875	0.455437184345342	33.18	53.679775	0.278678112815981	59.52	55.768953125	0.172260240162836	
6.42	42.923153125	3.31714952497106	8.16	46.55445625	1.43758898293753	10.02	48.062375	1.01588105395916	12.9	49.9207375	0.66222658409499	21.06	51.930778125	0.416871829597839	37.68	53.92770625	0.263214455021567	66.84	55.90103125	0.167100302413377	
6	43.22511875	3.09434323800825	7.02	45.785565625	1.7160257419237	8.88	47.928746875	1.04762456508268	13.5	49.965915625	0.655373381759201	17.94	51.2981375	0.482243753421131	37.86	53.711065625	0.27667747167419	72.78	55.562446875	0.18064904639461	
5.7	43.49506875	2.90785994942656	6.72	45.788040625	1.71504807494648	7.8	47.8197375	1.07425308826376	9.6	49.427771875	0.74182791766017	16.14	51.120634375	0.502362164935969	33.12	53.425090625	0.295509398809094	63.06	55.522765625	0.182307190531733	
6	43.163046875	3.13888694215939	7.32	45.89026875	1.67514916759561	10.32	47.93639375	1.04578157471479	12.96	49.662240625	0.702839722117127	19.74	51.321434375	0.479663777539912	36.66	53.38045	0.298562570286819	70.86	55.510484375	0.182823459791166	
7.14	42.92575625	3.31516184889554	8.4	46.26199375	1.53773318190035	10.26	48.091671875	1.00905113064687	12.9	49.43216875	0.741077257864982	20.04	50.71506875	0.551535518413011	37.5	53.14141875	0.31545577753598	68.34	55.487121875	0.183809592979203	
6.72	43.1841125	3.12369851315886	8.22	46.00243125	1.63244003019381	10.86	47.868246875	1.06232077167329	14.64	50.01863125	0.647466400091945	19.14	51.4761875	0.462872746683035	37.26	53.429609375	0.29520208690479	72.84	55.453653125	0.185231587315946	
5.82	43.43830625	2.94611527528882	6.78	46.82376875	1.35114975203628	8.22	47.9969	1.03131268814584	12.12	49.87000625	0.670007610598006	18.84	51.58323125	0.451603434228751	36.36	53.7424625	0.274684472985244	68.58	55.8920875	0.167444779103738	
5.16	44.57105625	2.26973281129876	6.18	46.868659375	1.3372555941812	7.5	48.43983125	0.931316368143346	10.26	50.22289375	0.617719037201855	15.36	52.030371875	0.407420777634501	29.34	53.958065625	0.261380869518127	54.48	56.332553125	0.151295164667353	
5.22	45.035828125	2.03937714710552	6.54	47.051684375	1.28207054733035	8.1	48.4881	0.921022756609984	10.32	50.732096875	0.549377252875614	17.34	52.0594875	0.404698515067846	31.5	54.18455	0.248099198276611	61.62	56.447153125	0.147355058222954	
5.28	44.924140625	2.09250400727952	6.66	47.65275625	1.11636120522027	7.74	48.687465625	0.879698392492105	10.26	50.76364375	0.545401070297537	16.14	52.29939375	0.382949040637079	30.3	54.336775	0.239553687740784	57.18	56.49901875	0.145605736648512	
6.3	44.461796875	2.32755886540104	6.72	46.599221875	1.42284690447777	8.88	48.122421875	1.00193182908441	12.42	50.0763	0.638925705036366	17.1	51.796234375	0.429988581975158	33.96	54.31745625	0.240621669579661	60.06	56.417059375	0.14837967768844	
9.84	42.5825375	3.58778666093602	12.54	44.65080625	2.22843379396629	16.44	46.681490625	1.39614748512513	25.98	48.82758125	0.851769796124311	38.4	50.18329375	0.623377303264903	64.32	52.290446875	0.383738764870263	111	54.285559375	0.242395427635445	
15.78	39.57086875	7.17783524909009	22.26	42.2467375	3.87620387046162	31.26	44.33353125	2.39732677474672	45.3	46.3389625	1.51072045957629	68.28	48.26125	0.970410218116658	112.86	50.170328125	0.625241143031817	187.62	52.05005625	0.405578323671287	
24.24	38.228828125	9.77681839848395	34.62	40.66645	5.57744582875825	49.38	42.628384375	3.55011092787306	75.3	44.855159375	2.12600569412102	110.22	46.77229375	1.36725961410272	169.74	48.687896875	0.879611043674041	275.52	50.713153125	0.551778848300627	
27.96	36.197375	15.6078420313653	42.6	39.037365625	8.11603289068389	65.58	41.244840625	4.88198339996896	96.72	43.261790625	3.06832457437247	144.24	45.2579625	1.93768916521429	221.88	47.35901875	1.19447890922887	348.78	49.563525	0.718998295579571	
21.72	36.908271875	13.25113789433	34.8	39.27314375	7.68716115636677	54.36	41.589071875	4.50996501930823	85.62	43.87710625	2.66299122806175	132.18	45.827621875	1.69948827771969	207.36	47.904896875	1.05339359500037	321.3	49.862346875	0.671190302934004	
25.32	36.90998125	13.2459232974058	38.58	39.69064375	6.98258105661873	55.74	41.6860375	4.41038610141564	84.66	43.955125	2.61557911462953	127.86	45.945121875	1.65412442054161	197.52	48.002246875	1.03004375493362	312.18	50.21430625	0.618941689223755	
24.78	37.364090625	11.9308476037192	39.42	39.96038125	6.56209080635248	57.72	42.28000625	3.84662399048512	85.68	44.4133	2.35369595442587	126.96	46.360021875	1.50341255724655	190.56	48.168878125	0.991271336551565	307.44	50.118984375	0.632676820421538	
18.48	38.4811625	9.22495191049658	29.34	41.079390625	5.07155685306353	45.12	43.280603125	3.05506214101726	67.32	45.339834375	1.90150259908849	101.76	47.33959375	1.19983350652129	157.44	49.16139375	0.788752930596213	249	51.1092	0.503686557968823	
15.9	38.2434375	9.74398509280577	26.04	40.737675	5.48672079790648	41.22	42.921703125	3.31825722263884	59.82	44.9982625	2.0570938740214	94.26	47.034190625	1.28724525128714	149.4	49.1060375	0.798870916942642	243.42	51.2523625	0.487353524134682	
15	37.989271875	10.331257194916	25.38	40.468753125	5.83720637852953	37.32	42.506078125	3.65151045430437	57.54	44.517859375	2.29770581508927	95.16	46.49765	1.45651633907084	154.68	48.657475	0.885794258295647	263.28	50.740496875	0.548315690015623	
15.84	37.746984375	10.9240058330896	24.6	40.279534375	6.09715061562178	40.02	42.603225	3.57073697645986	62.1	44.57691875	2.26667098754316	95.34	46.522340625	1.44825920784437	155.4	48.646321875	0.88807199171972	259.38	50.8456375	0.535200623699467	
16.8	38.012090625	10.2771169427259	24.3	40.423934375	5.89775766040131	41.58	42.560115625	3.60635768286152	62.64	44.744734375	2.18075523337086	94.08	46.663615625	1.40190568975111	150.18	48.676353125	0.881952200950942	256.5	50.847134375	0.535016188846827	
13.56	38.326103125	9.56026759231117	22.62	41.105778125	5.04083576972724	32.46	43.251821875	3.07537566383031	48.3	45.10278125	2.00817814281295	76.74	47.11625625	1.26314944580711	121.74	48.96085625	0.826027937139294	211.44	51.1310875	0.501154472894312	
10.68	37.99825	10.3099215546209	20.58	40.709853125	5.52198278490846	33.54	43.079428125	3.1999084140397	50.88	45.001253125	2.05567781212673	81.42	46.96558125	1.30774249359304	131.94	48.94534375	0.828983689702974	224.04	51.045515625	0.511126971097162	
12.54	38.412565625	9.37181697125	21.54	41.127878125	5.01524955859133	33.36	43.245234375	3.0800440191833	50.58	45.15834375	1.98264968734456	80.52	47.0859625	1.27199121206379	133.14	49.139525	0.792734685565372	220.92	51.199659375	0.493303757349445	
11.58	39.34353125	7.56357705806568	19.32	41.684990625	4.41144936140861	28.44	43.5833875	2.84932252172878	42.42	45.548728125	1.81220593490069	67.02	47.446371875	1.17069340922418	109.92	49.258578125	0.771298609415441	189.72	51.45194375	0.465463880533228	
14.7	38.81208125	8.54815199699432	24.06	41.2509625	4.87510653673968	36.36	43.425165625	2.95504295586635	55.38	45.359384375	1.89296211986544	86.4	47.30706875	1.2088529812223	135	49.09365	0.801152811062738	230.64	51.455765625	0.465054443545364	
18.6	38.007128125	10.2888668829027	29.4	40.411421875	5.91477424815728	43.26	42.553109375	3.61218033006195	67.26	44.5985375	2.255415760378	104.82	46.643309375	1.40847590993207	169.74	48.685846875	0.88002634443527	275.28	50.92783125	0.525166767127455	
15.72	38.5322	9.11717646751139	24.3	40.6818375	5.5577193318992	38.04	42.7379	3.46170743519691	58.44	44.852571875	2.12727273273911	91.5	46.840846875	1.34584694607166	149.76	49.05336875	0.808618151335773	241.74	51.2754625	0.484768186362091	
22.08	36.89886875	13.2798596717673	35.82	39.40051875	7.4649772043693	55.92	41.5730625	4.5266207601324	89.22	43.71495	2.76430119100739	140.1	45.806290625	1.7078561909219	218.22	47.990396875	1.03285813241448	343.92	50.2975875	0.607185806326217	
22.38	36.704865625	13.8865319708842	35.7	39.366390625	7.52387026529448	53.76	41.493328125	4.61049492562302	83.76	43.726115625	2.75720335557397	126.78	45.740290625	1.73400880479659	204.12	47.916784375	1.05051419067575	332.82	50.148953125	0.628326024977475	
21.96	37.6192125	11.2501706682821	33	40.077784375	6.38707363951301	48.78	42.0626125	4.04407415821794	71.94	44.2172625	2.46237453316331	115.8	46.156128125	1.57567827949734	184.14	48.311340625	0.959282006489268	297.06	50.420853125	0.59019435100058	
20.88	38.12850625	10.0052912632275	29.04	40.2200625	6.18121871522195	44.04	42.528090625	3.63304935978211	68.94	44.6778	2.21462582960189	102.48	46.65815625	1.4036690880239	160.2	48.699425	0.877279257299536	262.44	50.84234375	0.535606681286969	
13.08	38.706778125	8.75795175311964	20.1	41.43656875	4.6711464752324	29.4	43.36529375	2.99606330751531	42	45.446784375	1.8552477919009	66.84	47.515653125	1.15216598185551	112.68	49.5183125	0.726522570538144	194.22	51.649978125	0.444715788630239	
11.58	39.37394375	7.51079633823597	18.18	41.71979375	4.37623853369954	25.56	43.80509375	2.7075157139104	36	45.93426875	1.65826328721267	58.92	47.858615625	1.06467927052766	99.42	49.733296875	0.691433907660753	174.42	51.612375	0.4485830514545	
15.66	39.62264375	7.09277177732145	20.7	42.268078125	3.85720346627236	25.56	44.18721875	2.47946787557824	38.82	46.22935	1.54933510353277	58.02	47.898615625	1.05491823230393	94.02	49.91590625	0.662963678977034	162.78	51.77371875	0.432223609554518	
8.58	39.57159375	7.17663709980861	13.32	42.91848125	3.3207198320097	18.6	44.686078125	2.21040853258166	29.1	46.7054125	1.38847834524555	45.84	48.66861875	0.883524274057024	75.6	50.46695	0.583963040150171	140.4	52.360565625	0.377592881605327	
8.4	39.579625	7.16337786935564	14.88	42.614065625	3.56183501002172	21.6	44.590203125	2.25974819604301	31.5	46.692690625	1.39255160562314	49.92	48.673071875	0.882618799141789	79.38	50.54053125	0.574152467846585	135.36	52.329425	0.380310101423081	
9.42	40.202528125	6.20622545666098	15.18	42.5428	3.62076518616454	20.82	44.64515	2.23133799626149	29.64	46.37580625	1.49795834200639	47.76	48.392434375	0.941535985424974	86.34	50.3682375	0.597388160084601	148.02	52.19688125	0.392095841134069	
10.02	40.64295625	5.60769953667327	15	42.686440625	3.50296903533844	19.56	44.62191875	2.24330583443961	30.12	46.62983125	1.41285383851276	49.38	48.64625	0.888086689282149	82.2	50.409296875	0.591766905140227	155.64	52.342925	0.379129746833838	
8.82	40.3518875	5.99641401956093	13.56	42.5565375	3.60933016267507	21.84	44.965275	2.07277833585703	33.42	46.857446875	1.3407125458975	51.12	48.81126875	0.854975137794784	88.2	50.69861875	0.553628559898691	150.24	52.629584375	0.35491301314812	
10.32	39.9272375	6.61236183946599	15.3	42.01145625	4.09199162206955	22.62	44.566834375	2.27194034278216	32.04	46.2667	1.53606771357742	52.38	48.3313375	0.954875193114947	89.76	50.285121875	0.608931125211028	157.5	52.3094375	0.382064433420587	
9.18	39.866225	6.70591216792314	12.12	42.73099375	3.46721670070953	19.32	44.72276875	2.19181293637647	26.16	46.661809375	1.40248886980649	42.54	48.596159375	0.898388995126459	72.36	50.33294375	0.602262726446774	139.56	52.2705375	0.385501978108495	
8.64	40.0005875	6.50162042162009	12.18	42.592678125	3.57941907676318	16.26	44.958365625	2.07607863136573	22.8	46.900584375	1.32746146685097	35.52	48.610725	0.895380972082591	67.38	50.722159375	0.550635773895274	118.02	52.49936875	0.365715599854594	
9.66	40.0866375	6.3740668046257	11.82	42.62965625	3.54907139446567	17.76	44.554190625	2.27856435085492	27.54	46.860140625	1.33988121490982	43.38	48.615675	0.894361016470283	74.46	50.53345625	0.575088569832932	138.3	52.3657375	0.377143485878243	
10.2	40.129178125	6.31193544309092	16.02	42.676	3.51140045333052	22.08	44.6239	2.24228267245558	31.32	46.8471875	1.3438834662697	48.9	48.766121875	0.863909348039111	81.66	50.60071875	0.566250353140968	146.46	52.43091875	0.371525378985845	
16.26	39.041125	8.10901046453109	26.4	41.73735	4.35858340392016	37.14	43.85526875	2.67641518885549	54.36	45.794746875	1.71240179090957	85.8	47.80734375	1.07732313414511	132.9	49.752575	0.688371467550468	210.54	51.58095	0.451840713540437	
15.78	38.798596875	8.57473433276929	22.02	40.791459375	5.41919056735281	34.38	43.081040625	3.19872053467544	51.72	45.536578125	1.81728293482152	79.98	47.450815625	1.1694961551831	128.76	49.31210625	0.761850463086682	214.02	51.28455	0.48375488196395	
12.06	38.99443125	8.19666594662022	18.96	41.146740625	4.99351430526971	32.1	43.05339375	3.21914831190422	48.48	45.1069375	2.00625721169778	80.28	47.366078125	1.19253888342588	136.74	49.179053125	0.785552198432827	228.3	51.323021875	0.479488475498532	
16.14	38.544715625	9.09094014500908	25.74	40.9377	5.23974752107217	39.66	42.89590625	3.33802615969206	62.1	44.80426875	2.15106476200599	102.48	46.601528125	1.42209152542356	175.68	48.5039	0.917678085830342	291.84	50.639953125	0.561157857435837	
24.96	37.102265625	12.672251932024	36.48	39.2219625	7.77828963894885	61.26	41.337021875	4.77945275956366	95.64	43.31351875	3.03199503555861	151.44	45.357	1.89400168425895	244.98	47.30128125	1.21046499810447	392.4	49.4653875	0.735430455577573	
22.56	36.690653125	13.9320507687053	34.98	38.850078125	8.47368954277107	53.7	40.834153125	5.36617767789455	85.02	42.88630625	3.34541296658927	128.22	44.730159375	2.18808618120771	206.22	46.75495625	1.37272877011337	328.92	49.02650625	0.813635212785577	
21.9	36.355946875	15.0482387641805	32.94	38.31539375	9.58387158339751	52.38	40.526871875	5.75961127707405	85.62	42.672771875	3.51401145896497	139.38	44.808078125	2.1491788021378	223.32	46.945825	1.31370502424581	351.3	49.116359375	0.796974495298225	
26.04	36.303553125	15.2308818208333	40.56	38.477296875	9.23316663146947	62.28	40.556203125	5.72084325031796	94.44	42.51288125	3.64579492341866	153.24	44.592028125	2.25879880012731	253.32	46.67363125	1.3986763639861	397.62	48.900746875	0.837540223188738	
31.14	35.763515625	17.24760503346	47.28	38.13395	9.99275778999493	71.58	40.257421875	6.12827398106165	114.18	42.36238125	3.77435056945093	181.2	44.4954	2.30961909185503	282.66	46.52455	1.44752262608729	449.88	48.66325	0.88461716246846	
24.12	36.53995	14.423988281097	35.58	38.50115	9.18259353610632	54.6	40.40725	5.9204587676479	85.2	42.630946875	3.54801684739837	139.2	44.90416875	2.10214895332987	214.26	47.130440625	1.25903063727919	333.36	49.316175	0.761137046817781	
22.56	36.68520625	13.9495351600316	32.76	38.657878125	8.85712040065187	50.58	41.2188125	4.91132994148263	75.48	43.144375	3.15241119313621	116.04	45.4351375	1.8602298581743	182.64	47.528371875	1.14879668415417	294.48	49.666265625	0.702188638695266	
19.74	37.139790625	12.56322964482	30	38.989109375	8.20671635514494	46.44	41.277765625	4.84511175097838	71.1	43.051078125	3.22086519486551	109.86	45.489575	1.83705796914041	178.62	47.528978125	1.14863632996817	284.88	49.682890625	0.699505765439575	
19.14	37.26550625	12.2047738319641	31.32	39.22646875	7.77022305257145	48.66	41.329846875	4.78735544266216	74.22	43.29466875	3.04518362563947	113.64	45.62810625	1.7793842242805	181.26	47.789265625	1.08181699146396	294.36	50.090825	0.636792384357867	
17.22	38.1793125	9.88892563206135	28.2	40.316059375	6.04608743453352	43.56	42.38256875	3.75684680419928	67.8	44.414890625	2.35283405949839	105.72	46.37908125	1.49682916249558	169.62	48.597534375	0.898104605296185	264.3	50.6210625	0.563604057299129	
21.48	37.782546875	10.8349191100509	34.08	40.025621875	6.46425043558854	52.32	41.97835	4.12330405254186	79.26	43.819553125	2.69851631656123	124.32	46.216540625	1.55391156295234	194.16	48.2601375	0.970658832754567	303.54	50.39074375	0.594300349783145	
22.68	36.78658125	13.627689689499	36.3	39.12464375	7.9545567739225	54.96	41.35176875	4.76325120357384	83.64	43.31495625	3.03099162156152	129.9	45.459940625	1.84963612242849	208.14	47.462359375	1.16639170753723	334.44	49.495253125	0.730390386581584	
26.46	36.791003125	13.6138213868375	38.16	38.85259375	8.46878262970365	63.24	41.1072	5.03918567618902	95.46	43.1667625	3.13620260248451	146.76	45.253909375	1.93949838975236	230.04	47.339734375	1.19979465641791	366.12	49.4098875	0.744889085593218	
21.84	36.8163375	13.5346369506485	34.5	39.276209375	7.68173680977312	52.62	41.30234375	4.81776914468957	81.6	43.5929875	2.84303110256287	127.08	45.696946875	1.75140132272658	198.3	47.810534375	1.07653194937842	313.14	49.759725	0.687239100717436	
19.38	37.4768375	11.6250976833953	28.56	39.9813375	6.53050266271417	42.12	42.19550625	3.9222000046813	62.88	44.12483125	2.51534311983539	96	46.075990625	1.60502314094292	154.98	47.906478125	1.05301012813754	261.18	49.957953125	0.656576067378956	
19.56	37.2041625	12.3783885517271	27.9	39.58299375	7.15782351087988	40.74	41.7118	4.38430098278729	59.64	43.884303125	2.65858192865273	92.76	45.944396875	1.65440057885342	150.54	47.8262625	1.07264030277775	246.54	49.87098125	0.66985720940153	
18.24	37.064409375	12.7831952794647	24.84	39.143690625	7.91974682303815	36.72	41.49675625	4.60685704460002	55.08	43.64203125	2.81110608905594	85.86	45.675709375	1.75998685176927	138.96	47.61453125	1.12623037386993	226.26	49.451584375	0.737771583040502	
24.78	36.426509375	14.8057162994392	34.08	38.815075	8.54226147507453	47.1	41.162296875	4.97565973833838	66.36	43.262	3.06817665285864	101.76	45.2143375	1.95725139317261	160.8	47.230840625	1.23025828487912	261.54	49.161928125	0.788655884942875	
47.1	35.232203125	19.492163625097	63.24	37.79776875	10.7970095589471	89.46	39.922915625	6.61894539666333	128.76	42.011615625	4.09184145916723	195.78	44.193678125	2.47578283950007	301.38	46.316784375	1.5184549909357	469.44	48.401803125	0.939507060819718	
54.36	34.36545	23.7977205745836	77.82	36.827196875	13.5008363611566	114.96	39.055175	8.0828191338877	162.72	40.9004125	5.28492843637308	258.78	43.18198125	3.12523180831171	392.46	45.437390625	1.85926501898611	601.56	47.673896875	1.11094017729182	
37.14	35.214753125	19.5706409084209	51.12	37.484890625	11.6035612319755	75.48	39.59221875	7.14263546567625	115.44	41.649846875	4.44729228780113	178.2	43.627565625	2.82048502584875	286.74	45.830090625	1.69852247695843	466.5	48.1608375	0.993108298406887	
24.6	36.444553125	14.7443302000578	34.5	38.5733625	9.03117194404367	51.12	40.783475	5.42916275215457	77.1	42.880878125	3.34959691864445	117.96	44.8973	2.10547631774048	195.42	47.072365625	1.27597979774347	321.18	49.2697	0.769325912926194	
22.2	36.457759375	14.6995629820858	32.58	39.221490625	7.77913482118877	49.32	41.399121875	4.7115973990679	72.18	43.491328125	2.91036559933748	111.72	45.63299375	1.77738285217288	176.28	47.744253125	1.09308780306505	279.06	49.83880625	0.674838320443001	
23.7	37.553678125	11.4212213465639	35.16	40.27811875	6.09913836496637	51.18	42.26128125	3.86324486372488	73.08	44.25878125	2.43894628661551	113.64	46.369346875	1.50018795215063	175.5	48.24099375	0.974946951989819	284.94	50.28236875	0.609317267579151	
18.66	38.1037375	10.0625166241326	27.48	40.823221875	5.37970143123367	39.3	43.150103125	3.14825606270092	55.98	44.911684375	2.09851425350631	81.84	46.914853125	1.32310724754833	131.46	48.735578125	0.870006602231625	217.02	50.66505	0.557924407469278	
16.92	38.805640625	8.56083838555997	24.96	41.497340625	4.60623719998244	36.06	43.816990625	2.70010901202244	50.22	45.58264375	1.79810888022751	76.32	47.421325	1.17746460477111	124.38	49.252703125	0.772342704115222	207.96	51.1075375	0.503879408496356	
19.38	38.523321875	9.13583344497103	29.46	41.1428875	4.99794659106254	40.98	43.59335	2.84279380832879	56.4	45.625946875	1.78026917984998	85.74	47.444146875	1.17129333860587	133.02	49.310084375	0.762205228133607	218.82	51.193925	0.493955540235018	
26.28	36.91549375	13.2291209124236	41.82	39.595540625	7.13717422422862	60.18	41.8116375	4.28466242450079	89.34	43.880865625	2.66068706548669	134.7	45.931184375	1.6594414100558	204.78	47.85598125	1.06532528732258	324.48	49.7585	0.687432975306238	
26.94	36.1843125	15.6548572155396	45.12	38.95783125	8.26603492445737	68.4	41.111784375	5.03386916188715	100.32	43.205584375	3.10829280670595	150.42	45.276359375	1.92949840262491	232.14	47.23953125	1.2277988884461	369.24	49.314478125	0.761434496320602	
21.24	36.792146875	13.6102365478193	32.22	39.3887125	7.48529827550165	50.16	41.682021875	4.41446597066955	77.28	43.961878125	2.6115151424559	114.72	45.908315625	1.66820261779557	175.68	47.992578125	1.03233950824969	281.58	49.98611875	0.652331703502068	
13.5	38.801159375	8.56967641088833	19.92	41.696490625	4.39978341561029	29.4	43.55303125	2.86930844045433	44.58	45.6791	1.75861333061778	69.66	47.578484375	1.13561709975241	116.34	49.57859375	0.716507904468009	195.42	51.60753125	0.449083641811501	
9.12	39.552975	7.20747029024037	12.6	42.613696875	3.56213745052613	19.38	44.551240625	2.28011262018689	31.98	46.5616125	1.43522209244466	52.62	48.51459375	0.915421242046922	90.54	50.5172375	0.577240256327597	154.5	52.563178125	0.360381549600843	
8.22	39.299415625	7.64079940728967	13.62	42.219165625	3.90089084809537	19.68	44.506078125	2.30394733958954	31.02	46.510209375	1.45231031978208	48.18	48.4479625	0.9295743056142	88.2	50.396225	0.593550753798331	152.94	52.35810625	0.377806769997412	
8.64	39.498825	7.29789920600777	13.68	41.957384375	4.1432574827399	22.74	44.2831375	2.42530638919025	34.08	46.289134375	1.52815329913278	58.68	48.2910375	0.963777117559629	94.08	50.18763125	0.622755018303807	173.04	52.3362875	0.379709629331631	
22.86	37.925375	10.4843825968125	34.2	40.437496875	5.87936839356133	49.68	42.673715625	3.51324792450927	70.5	44.62998125	2.23914509193419	110.52	46.61464375	1.41780330982999	171.3	48.5276125	0.912681212872637	286.08	50.8077	0.539896312033113	
19.5	38.992696875	8.19993997659356	27.72	41.560246875	4.53999812366768	38.58	43.547275	2.87311401660216	57.6	45.796615625	1.71166511047844	85.86	47.615665625	1.12593624147863	131.58	49.38115	0.749834400493579	212.34	51.239265625	0.488825438318784	
20.7	38.1272125	10.0082722529345	32.76	40.96608125	5.20561728602998	45.36	43.184740625	3.12324676179457	65.94	45.287596875	1.92451222135535	97.32	47.21795625	1.23391355706334	150.24	48.977228125	0.822919869166913	244.02	50.905203125	0.527910194018215	
32.82	36.782178125	13.6415132244273	50.22	39.541975	7.22574882381531	72.3	41.58865	4.51040313998127	105.96	43.739490625	2.74872503762124	159.84	45.8421625	1.69380773136847	242.58	48.04354375	1.0202955344444	368.82	50.169684375	0.625333828717468	
43.86	35.057075	20.2942432161695	67.56	37.40560625	11.8173401347226	101.7	39.723059375	6.93065727663529	152.64	41.909840625	4.18886436683222	227.64	44.051409375	2.55822903294217	351.18	46.291690625	1.52725409533765	542.82	48.604784375	0.89660658337347	
30.9	35.996425	16.3469924058388	45.18	38.272690625	9.6785722940541	66.06	40.59189375	5.67402161466401	99.36	42.8353125	3.38492547100233	152.64	44.913721875	2.09752996285903	236.34	47.029203125	1.28872439133104	379.44	49.471128125	0.734458985389134	
17.94	37.873496875	10.6103735347849	27.6	40.297634375	6.07179252781963	38.82	42.36165	3.77498613502707	56.94	44.768571875	2.16881832147904	84.3	46.71804375	1.38444588846838	133.8	48.72699375	0.871727980070846	226.92	50.914103125	0.526829455028606	
12.54	39.405015625	7.45725164088193	17.7	41.5570375	4.54335435823429	25.74	43.802009375	2.70943928427181	39.6	46.011159375	1.62916256907109	61.74	47.959228125	1.04029748456759	102.42	49.861103125	0.67138254863851	172.74	51.73023125	0.436573364651879	
11.76	39.38905625	7.48470582739072	16.14	41.73185	4.36410670564165	21.96	43.786609375	2.71906395898357	33.6	45.84136875	1.69411733298953	56.58	47.909621875	1.05224815605204	93.54	49.792546875	0.682064857053463	165.78	51.886925	0.421102539872773	
10.98	39.80788125	6.79660821154667	16.44	42.442334375	3.70550090241238	23.4	44.431721875	2.34373320717819	33.72	46.454140625	1.47118164676423	55.56	48.539065625	0.910277479628874	91.38	50.36735	0.597510251474288	157.14	52.281478125	0.384532054533131	
8.04	40.40275	5.92659650899584	12.72	42.56674375	3.6008579219103	18.66	44.804471875	2.15096415635012	30.84	46.8430875	1.34515277180047	48.96	48.727	0.871726725554341	80.28	50.568271875	0.570496748280415	142.92	52.69274375	0.349788869521488	
8.34	40.21478125	6.18873997545052	12.84	42.723115625	3.4735119583344	20.64	44.97901875	2.06622915792151	31.02	47.134575	1.25783264187889	47.22	48.833078125	0.85069239116335	78.18	50.788775	0.542254120545827	143.28	52.827609375	0.339093467514597	
8.04	40.348853125	6.00060512202639	12.12	42.4162625	3.72781293436656	18.96	44.76519375	2.17050597579696	29.82	46.920396875	1.32141938445815	46.44	48.7137125	0.874397909965178	80.22	50.6420875	0.560882139671691	136.98	52.572840625	0.35958063777077	
9.6	39.794978125	6.81683133090506	14.4	42.420878125	3.72385316806169	21.54	44.687553125	2.20965793612576	31.2	46.81234375	1.3547089058623	49.08	48.539659375	0.910153038648895	82.02	50.47396875	0.583020043971287	146.88	52.503209375	0.36539232713112	
8.76	40.528321875	5.75768860877233	13.14	43.508896875	2.8986159215073	18.72	45.067696875	2.02446686696369	28.08	47.1599	1.25051919066079	45.84	49.038428125	0.811404754881341	82.32	51.009428125	0.515391852004327	144.54	52.9316625	0.331065641137573	
7.62	40.46020625	5.84870525750919	10.02	43.07369375	3.20413632738641	14.94	45.057909375	2.02903446212318	22.68	46.96785625	1.3070576276337	36.6	48.97364375	0.823599332316196	61.5	50.896959375	0.528913221431434	108.24	52.72624375	0.347101096698616	
7.56	40.262396875	6.12125784147292	10.74	42.8587625	3.36669761142632	16.92	45.047465625	2.03391967925507	27.6	47.0009	1.29715048051091	42.24	48.882915625	0.840986062478973	74.76	50.754278125	0.546578504926792	130.2	52.7548625	0.344821320665276	
7.74	39.3745	7.5098344073125	12.12	42.73119375	3.46705703315625	16.68	44.71078125	2.19787118800345	25.92	46.657353125	1.40392868744905	39.84	48.68391875	0.880417133999441	70.26	50.46665	0.584003380281186	128.16	52.422821875	0.372218687471759	
8.64	39.896928125	6.65867086375544	11.46	42.129265625	3.98248178736678	17.16	44.535009375	2.28865021951332	25.38	46.48794375	1.45977521574335	41.46	48.426271875	0.934228632142091	75.18	50.463771875	0.584390535052272	133.38	52.400103125	0.374170934306213	
8.4	39.858140625	6.7184068232812	11.94	42.54069375	3.62252161793697	17.28	44.582403125	2.26381038759023	26.22	46.57716875	1.43009038212116	43.86	48.580640625	0.90160497274418	71.1	50.448740625	0.586416657738842	133.38	52.4150875	0.37288216445784	
9.12	40.3817125	5.95537496422569	11.28	42.53724375	3.62540046292647	17.76	44.55415625	2.27858238607361	24.18	46.63691875	1.41055000193277	40.98	48.536403125	0.910835708424469	70.14	50.285146875	0.60892761993179	134.22	52.257925	0.386623155305823	
7.14	39.818665625	6.77975185152813	10.62	42.2549875	3.86884749624746	15.12	44.38558125	2.36876640946741	22.62	46.58173125	1.42858878320203	35.28	48.614671875	0.894567618108498	63.9	50.353403125	0.599432172280926	113.58	52.260553125	0.386389261797921	
8.34	39.73463125	6.91221496397525	12.12	42.620815625	3.55630334588227	17.28	44.33508125	2.39647131983336	27.54	46.649753125	1.40638766398575	44.28	48.42733125	0.934000773442615	72.84	50.231640625	0.616476176877372	135	52.123328125	0.398793020034205	
8.28	39.7843875	6.83347501509048	12.66	42.14955	3.96392438031936	17.34	44.471025	2.32261839267435	26.7	46.4391	1.47628552281323	43.86	48.41734375	0.936151173126796	75.24	50.204909375	0.620282349689499	140.82	52.1568125	0.395730123749341	
8.4	40.076290625	6.38927084269859	12.3	42.698290625	3.49342399051589	18.84	44.926871875	2.09118845871199	28.56	46.784709375	1.36335646961925	45.42	48.49815	0.918893883834115	81.24	50.446878125	0.586668200252686	145.32	52.30314375	0.38261851857333	
10.08	39.72510625	6.92739155552206	14.34	42.535690625	3.62669721139436	20.46	44.514940625	2.29925054642183	30.66	46.562290625	1.43499800854731	47.94	48.260075	0.970672801758572	86.52	50.07886875	0.638547907207643	156.78	51.84744375	0.424948192051785	
11.1	39.314184375	7.61486000301695	17.7	41.742009375	4.35390975843005	23.76	43.76734375	2.731152721669	37.26	45.88415	1.67751093898445	61.92	47.868625	1.06222828314945	103.08	49.589628125	0.714689741483327	186.6	51.4630125	0.464279075383561	
13.68	38.42264375	9.35009419049668	20.76	41.0544	5.10082425926699	30	43.472578125	2.92295782060565	44.88	45.39273125	1.87848285619495	68.64	47.33429375	1.20129864127826	115.2	49.13485	0.793588491041094	200.64	50.948496875	0.52267373085435	
14.7	37.773453125	10.8576302607775	24.12	40.491684375	5.80646648151624	36.54	42.841753125	3.37990931746025	59.28	45.00591875	2.05347058357114	87.06	46.697540625	1.39099733639704	139.5	48.590309375	0.899599951538053	241.56	50.51330625	0.577763012945685	
23.04	36.75340625	13.7321878539599	35.76	39.758790625	6.87386974601134	51.18	41.8292375	4.26733375317237	75.54	43.673940625	2.79052744617389	119.58	45.778896875	1.71866278609247	184.86	47.60605625	1.12843029165298	303.24	49.695640625	0.697455170752576	
45.54	34.99620625	20.5806807493254	70.98	37.65581875	11.1557426198591	103.68	39.84495	6.73884334866744	155.94	41.990715625	4.1115805066731	238.38	44.1134625	2.52193628875187	351.06	46.216559375	1.55390485419132	539.4	48.41618125	0.936401791416801	
43.14	34.572178125	22.6914656677043	66.06	37.111159375	12.6463274676082	99.48	39.355309375	7.5430923249312	147.42	41.330084375	4.78709364660524	226.92	43.53529375	2.8810512633215	347.4	45.82328125	1.70118770732148	520.74	48.0261875	1.02438122690486	
29.46	35.107325	20.0607821103807	48	37.680884375	11.0915418798303	73.08	40.035665625	6.44931810262063	113.88	42.070853125	4.03640790809001	169.26	44.233290625	2.45330361266643	266.76	46.28504375	1.52959334666613	424.8	48.408278125	0.938107371012379	
22.74	36.4625875	14.6832303103428	33.06	39.211475	7.79709563124775	50.46	41.579984375	4.51941188498321	76.56	43.536415625	2.8803071226321	121.68	45.588059375	1.79586804715384	198	47.5849	1.13394074534213	322.8	49.7086625	0.695367054959275	
16.26	37.19700625	12.3988023192788	24.06	39.791190625	6.82277891056218	36.78	41.74894375	4.34696342280276	58.74	44.096078125	2.53205157995393	94.86	46.126990625	1.58628529523287	154.08	48.05870625	1.01673959313779	252.84	50.023046875	0.646808432738623	
14.04	36.826053125	13.5043923849477	21.36	39.90136875	6.65186590771017	32.34	42.0748875	4.03266003136307	53.58	44.1445875	2.50392669820538	85.02	46.282784375	1.53038930982554	139.56	48.22445	0.978667938394936	239.52	50.3015	0.606639047201232	
15	37.05238125	12.8186484100153	22.26	39.6534375	7.0426581918297	35.1	42.153090625	3.96069407210417	56.34	44.22966875	2.45535044161698	90.6	46.21256875	1.55533335528605	155.88	48.424396875	0.934632058145171	264.96	50.60263125	0.566001048710302	
13.08	37.5687	11.3817845614871	20.28	40.566959375	5.70669186607466	31.02	42.72740625	3.47008198666903	45.84	44.609409375	2.24977674512071	73.44	46.554003125	1.4377389828843	131.28	48.404428125	0.938939367476881	236.52	50.476965625	0.582617866287796	
18.9	38.1402	9.97838739834984	26.4	40.794003125	5.41601736799775	35.7	42.658425	3.52563915627409	54.36	44.7214625	2.19247227845395	82.92	46.575615625	1.43060190285685	135.6	48.45954375	0.927098729393425	235.98	50.603528125	0.56588417414731	
19.2	37.899946875	10.5459491604345	26.64	40.30131875	6.06664365418788	38.46	42.4959	3.66007816953002	57.54	44.5171375	2.29808776657868	90.84	46.45075625	1.47232855770361	148.26	48.3136875	0.958763762101972	256.2	50.500378125	0.579485466554293	
16.5	37.88729375	10.5767194774301	24.66	40.2335125	6.16210523561729	35.04	42.7061375	3.4871177368392	54.36	44.59015625	2.25977258646766	85.74	46.5886	1.42633112994107	140.88	48.567696875	0.904296132325948	243.84	50.70424375	0.552911962080234	
20.52	36.933353125	13.1748308590974	29.64	39.5818375	7.15972943775541	42.48	41.543465625	4.55757472904058	65.34	43.862596875	2.6719029125176	98.88	45.89900625	1.67178235020657	163.08	48.064840625	1.01530447034107	266.28	50.196575	0.621473852126163	
17.64	36.10539375	15.9419332313466	26.64	38.80035625	8.57126131653955	37.14	41.251071875	4.87498376104593	60.54	43.474584375	2.92160785414682	91.68	45.5275125	1.82108036106703	148.68	47.53105	1.14808848434353	263.28	49.743059375	0.689881379896953	
22.5	36.639315625	14.0977173295073	32.34	39.17065625	7.87072495075991	50.16	41.396934375	4.71397118364241	77.1	43.530125	2.88448218389837	116.82	45.454040625	1.85215060732948	194.16	47.6125375	1.12674752004427	321.36	49.771746875	0.685339357938218	
25.56	36.506559375	14.5353141769598	38.34	38.67905625	8.81403429238132	58.56	40.882790625	5.30641605599925	87.48	42.898871875	3.33574753192221	136.92	44.9621	2.07429423755309	214.68	46.962346875	1.30871678758583	355.62	49.199371875	0.781885525416628	
25.38	36.768253125	13.6853228838472	38.94	39.00320625	8.18012115225938	55.32	41.203328125	4.92887209586861	86.4	43.137596875	3.15733506875311	129.96	45.15895625	1.98237008736008	203.82	47.1726875	1.24684253905948	330.36	49.309234375	0.762354421336827	
19.44	37.551196875	11.4277484850856	30.66	40.124	6.31946569836844	46.26	42.292915625	3.83520690290934	68.7	44.193428125	2.47592536111863	103.98	46.1785875	1.56755075253687	167.34	48.105790625	1.00577606986799	273.96	50.1181	0.632805668601633	
13.56	38.411415625	9.37429893153967	19.32	40.73376875	5.4916580341838	28.68	42.968246875	3.28288502856626	44.34	45.0571375	2.02939511606342	69.42	46.93271875	1.31767554503865	113.76	48.756190625	0.865887157425898	196.32	50.679725	0.556042338145516	
14.4	38.870540625	8.43385826797305	21.54	41.36036875	4.75382823599707	31.62	43.26859375	3.06352187584766	46.02	45.24271875	1.94450241055141	70.5	47.197171875	1.23983294805571	114.42	49.014921875	0.815808401193473	194.28	50.908590625	0.527498584246035	
20.58	38.533496875	9.11445433460318	29.1	41.08153125	5.06905771324929	42.48	43.24163125	3.08260043861339	57.84	45.09205	2.01314640961631	87.06	46.983821875	1.30226141628644	137.22	48.780790625	0.860996326217606	231.96	50.7401125	0.548364221180323	
22.44	37.934303125	10.4628511862665	34.44	40.416065625	5.90845317922564	44.22	42.574415625	3.59450256923911	66.6	44.690621875	2.20809713051326	100.38	46.4509125	1.47227558737854	152.76	48.44285625	0.930667902364334	246.48	50.2553125	0.613125121615582	
18.54	37.391703125	11.8552317565032	29.88	39.960584375	6.56178389627654	41.16	42.096465625	4.01267326459257	60.48	44.375971875	2.37401344039055	91.38	46.330621875	1.51362458583074	147.9	48.149996875	0.995590338343317	250.32	50.125971875	0.631659705314633	
19.02	37.308084375	12.0857031639143	28.56	39.821446875	6.77541144447722	40.08	42.205478125	3.9132045369064	58.56	44.123225	2.51627359841597	94.14	46.1448875	1.5797618104237	149.94	48.08664375	1.01022005486979	258.96	50.0416625	0.644041882665849	
22.86	36.734265625	13.7928431772761	34.56	39.5842125	7.15581511016541	45.24	41.7943375	4.30176429800628	64.92	43.766884375	2.73144162463462	103.14	45.824025	1.70089639576321	165.06	47.932440625	1.046733921002	271.68	49.8378625	0.674984983109785	
22.38	36.80658125	13.5650761429128	34.74	39.223790625	7.77501612433337	48.48	41.573721875	4.52593355038926	70.38	43.63654375	2.81466028904915	108.36	45.72399375	1.74052788643991	170.46	47.752996875	1.09088927833693	285.48	49.776334375	0.684615808710159	
23.94	36.115990625	15.9030820033837	33.36	38.625009375	8.92440813404732	47.16	40.687246875	5.55080119823899	71.7	42.902403125	3.33303633678616	108.66	45.135990625	1.992880686691	178.5	47.27475625	1.21788066548946	300.48	49.3232	0.759906852616736	
26.16	35.57859375	17.9978648330255	35.94	38.189853125	9.8649536337859	51.84	40.4708	5.83445589075445	77.28	42.6305125	3.5483717326105	123.3	44.644315625	2.2317667264373	198.3	46.819371875	1.35251837289918	339.96	49.004659375	0.817738458740574	
25.2	34.740890625	21.8268617856257	36.6	37.5055	11.5486271656678	55.32	39.759084375	6.87340482392833	77.94	41.906096875	4.19247685162664	127.44	44.13049375	2.51206565496528	208.44	46.395265625	1.49126147450374	345.6	48.616365625	0.89421880444737	
27.36	34.913753125	20.97514869972	43.2	37.241325	12.2729188004662	64.32	39.71668125	6.9408432393879	89.4	41.78075625	4.31523782456265	137.88	43.96928125	2.60706726087907	225.24	46.024659375	1.6241061966323	381.36	48.231971875	0.976974376310719	
27.72	34.585790625	22.6204530237602	43.26	37.44998125	11.6972086264251	63.78	39.642884375	7.05979228582221	93.42	41.844496875	4.2523663554141	142.26	44.09340625	2.53360983296252	224.7	46.202109375	1.55908367231866	365.22	48.36210625	0.948134033296173	
25.98	35.513884375	18.2680387167869	39.06	38.103703125	10.062596270638	56.7	40.213096875	6.19114069225757	84.42	42.29743125	3.83122127644261	133.26	44.493778125	2.31048178138125	220.2	46.60831875	1.41986968175586	362.1	48.717171875	0.873701685171959	
24.72	36.283790625	15.3003476333253	35.16	38.770265625	8.63085456132226	52.32	41.00529375	5.15882725787926	74.94	42.824728125	3.39318507725031	116.64	44.878490625	2.11461495044563	187.14	46.945128125	1.31391584010489	322.62	49.090609375	0.801713918405023	
24.3	36.429965625	14.7939381391681	35.52	39.14515	7.91708596979196	52.08	41.27404375	4.84926575944404	77.16	43.25606875	3.07236978815449	114.84	45.2230375	1.95333445582636	185.88	47.194184375	1.24068611920225	309.96	49.248159375	0.773151180562722	
25.08	36.760109375	13.7110092353456	35.94	39.490171875	7.31245444212694	51.36	41.52025625	4.58199631804952	75.66	43.44815	2.93944515132228	117.54	45.30078125	1.91867861853218	182.7	47.219959375	1.23334456222935	308.76	49.232615625	0.775923308910623	
21.06	37.445228125	11.7100176149984	31.98	39.953940625	6.57182966380399	46.74	42.226334375	3.89445709286801	68.82	44.04113125	2.56429057349239	106.14	46.028934375	1.62250828595525	167.88	47.9082375	1.05258362847899	273.48	49.751471875	0.688546338808366	
16.26	38.04014375	10.2109461507322	24.48	40.871546875	5.3201720024506	36.6	42.921921875	3.3180900893877	54.06	44.86166875	2.12282154076922	82.5	46.820271875	1.35223811596146	132.24	48.579584375	0.901824279253636	221.4	50.4831	0.581795504114305	
13.56	39.14574375	7.9160036515333	18.9	41.481659375	4.62289919361423	26.94	43.660065625	2.79945698260704	41.28	45.5549125	1.80962718116037	62.88	47.40496875	1.18190749270354	103.56	49.34809375	0.755563528090448	174.06	51.12714375	0.501609768940171	
11.28	39.55396875	7.20582126993016	16.74	42.115721875	3.99492079628584	22.32	43.909653125	2.64310884700271	36.12	46.141653125	1.5809387641814	56.94	47.942028125	1.04442569633829	91.62	49.57293125	0.717442724575679	164.58	51.48454375	0.461982990573736	
10.62	39.827753125	6.76558022772374	13.8	42.506434375	3.65121093466944	21.6	44.94606875	2.0819652951825	29.64	46.78111875	1.36448412061063	46.92	48.436521875	0.932026312621428	76.02	50.26894375	0.611203715811511	137.82	51.908559375	0.419010034252421	
11.04	40.4925875	5.80525913948213	14.22	43.049975	3.22168341115526	21.48	45.136109375	1.99282619570482	31.5	47.056265625	1.28071884033397	48.84	48.783759375	0.860407967510442	82.38	50.566340625	0.570750497038233	143.76	52.185746875	0.393102380132423	
10.14	41.181734375	4.95344018850485	13.26	43.392671875	2.97723539422844	18.3	45.331390625	1.90520318281221	27	47.343090625	1.19886780714534	43.74	49.0172125	0.815378228011266	76.38	50.89645625	0.528974498949443	134.4	52.6620375	0.352270771773697	
7.8	40.77421875	5.4407464313152	12.48	43.4540875	2.93542920563167	19.32	45.16260625	1.98070471711159	28.02	47.158784375	1.25084046798184	45.06	49.164625	0.788166298686657	75.42	50.85315625	0.534274855921031	136.08	52.66593125	0.351955078236931	
10.2	40.992803125	5.17368577693032	13.62	43.060734375	3.21371177008009	19.98	44.818625	2.14396583726006	30.66	46.736428125	1.37859769609411	48.06	48.64581875	0.888174879764981	86.28	50.591415625	0.567464631542291	142.68	52.3268875	0.380532374305617	
11.04	39.9625125	6.55887132612087	16.08	41.838940625	4.25781020331283	24.24	43.823615625	2.69599323667244	36.12	46.007521875	1.63052767075304	55.32	47.917503125	1.05034034674517	94.86	49.976071875	0.653842540509224	159.66	51.887159375	0.421079814913375	
24.54	38.35264375	9.50202099931014	36.66	40.439303125	5.8769236466124	54	42.550040625	3.61473361961367	77.52	44.481025	2.31727651860664	119.28	46.601125	1.42222353429719	180.42	48.6523125	0.886847836468751	281.94	50.572328125	0.569964161013042	
29.94	37.291921875	12.1307645478327	45.3	39.510515625	7.27828065719861	70.5	42.013875	4.0897132718918	104.58	44.046675	2.56101935612168	156.84	46.099446875	1.59637777692541	234.12	48.046090625	1.01969736810897	359.64	50.05665	0.641823125177355	
23.7	37.4448875	11.7109360888317	38.4	39.917478125	6.62723770916445	57.66	42.104509375	4.00524810272098	86.82	44.06611875	2.54957907350531	133.32	45.98668125	1.63837093864937	207	48.02165	1.02545205765106	331.08	50.13530625	0.630303524890629	
19.08	37.9651	10.3889190162491	29.64	40.384784375	5.95116406590872	42	42.39365625	3.74726783999486	65.34	44.53071875	2.29091241545999	99	46.384646875	1.49491215586874	155.76	48.29145	0.96368558078037	263.64	50.32768125	0.602992951846272	
12.06	39.153090625	7.9026236231901	20.28	41.49565625	4.6080240372235	30.84	43.948565625	2.6195325443231	46.14	45.86895	1.68339239507686	73.44	47.847115625	1.06750224827208	115.62	49.79231875	0.682100685307935	194.64	51.875575	0.422204502928581	
6.96	41.17485	4.96129853899953	11.46	43.35771875	3.00129362578383	17.46	45.5481625	1.81244197191645	27.3	47.881596875	1.05906026345838	44.04	49.90170625	0.665134899634992	72.6	51.732103125	0.436385235465073	128.88	53.735284375	0.275138853576289	
5.58	41.09444375	5.05400870798692	9	43.530834375	2.88401107212227	13.8	45.980065625	1.64086857742127	20.4	48.044584375	1.02005108790154	34.08	49.87038125	0.66994975998804	65.22	51.858925	0.423826259078018	114.48	53.752703125	0.274037532496947	
7.02	40.385425	5.9502862782634	9.3	43.001815625	3.25760781630295	15.6	45.486228125	1.83847423699047	25.32	47.532371875	1.14773909042092	41.34	49.413178125	0.74432490106583	76.8	51.45930625	0.464675458215333	130.26	53.17225625	0.313223786868276	
6.42	41.300484375	4.81983225112636	10.14	42.89885625	3.33575953326027	18.18	45.04024375	2.03730469425898	28.68	47.374903125	1.1901180674551	45.84	49.154459375	0.790013337471087	77.88	51.3674375	0.474609700931209	139.14	53.4455625	0.294119697660328	
7.38	41.2332875	4.89498776775589	10.8	43.76953125	2.729777412413	14.1	45.9703125	1.64455768249391	23.16	47.85005625	1.06677968295917	40.08	49.6751625	0.700751620695359	68.82	51.308578125	0.48108581125156	126.96	53.128403125	0.316402603471776	
6.24	41.212384375	4.91860473311909	9	43.178653125	3.12762768229135	15.24	45.117959375	2.00117202615384	24.36	47.340259375	1.19964962714631	41.16	49.323059375	0.75993145887717	72.24	51.135028125	0.500699950389376	127.92	52.954659375	0.329317206957875	
6.96	40.576	5.69482471108216	10.68	42.691884375	3.4985809203417	19.38	44.806715625	2.14985316380364	27.42	46.6817875	1.39605205054429	49.98	48.91229375	0.83531635721153	84.06	50.781984375	0.543102651857887	150.6	52.815196875	0.340064011329788	
7.5	39.389915625	7.48322491225441	13.02	41.8794	4.2183281474626	17.64	44.143103125	2.50478266151982	28.5	46.55310625	1.43803592547961	47.82	48.467865625	0.925323939955959	82.14	50.174465625	0.624645762835042	151.32	51.94479375	0.415528662288022	
8.76	39.38679375	7.48860607466809	13.02	41.913709375	4.18513453517884	19.92	43.877921875	2.66249115302794	32.1	46.284534375	1.52977276002202	52.26	48.18859375	0.986781470570702	88.56	50.008615625	0.648961299113355	152.1	51.710896875	0.43852128026974	
11.94	38.641615625	8.89034876205619	16.38	40.9430125	5.23334192727867	24.96	43.41731875	2.96038698262758	38.88	45.3131125	1.91323849689206	63.72	47.534	1.14730889557455	106.98	49.3718875	0.751435330990776	183.6	51.2403	0.488709026845722	
14.88	38.165328125	9.92081950555492	20.22	40.63628125	5.61632506066223	30.12	42.571596875	3.59683630666724	45	44.668665625	2.21928868218531	74.04	46.785109375	1.36323090563044	125.1	48.725225	0.87208308080316	209.7	50.60971875	0.565078112533334	
16.62	37.676796875	11.1019859497054	27.18	40.233296875	6.16241118860126	39	42.64061875	3.54012409401442	57.18	44.532196875	2.29013283412448	91.2	46.557728125	1.4365063442447	147.3	48.489225	0.920784205015783	243.18	50.545384375	0.573511226129581	
15.78	38.415159375	9.3662214838764	23.88	40.687384375	5.5506254596297	36.3	42.9630875	3.28678738065826	54.66	44.79686875	2.15473311353907	85.14	46.771859375	1.36739637225216	144.48	48.768990625	0.863338877612517	239.76	50.7618625	0.545624811319513	
13.56	38.481359375	9.22453373312654	19.2	41.456915625	4.64931314693826	27.72	43.611340625	2.83104190852618	42.18	45.500996875	1.83223288396755	69	47.431534375	1.17469987724172	116.52	49.256940625	0.771589481084728	203.94	51.330209375	0.478695586495722	
11.1	39.4796625	7.33017108071242	16.2	42.730553125	3.46756849423342	22.62	44.775403125	2.16540955285595	34.68	46.652915625	1.40536391577473	56.7	48.51965	0.91435608799069	93	50.330259375	0.602635100220247	164.28	52.338475	0.37951842136158	
10.62	40.1864125	6.22929805047796	14.82	43.374840625	2.98948444736484	19.5	45.636971875	1.77575552000686	30.78	47.566721875	1.13869699188373	47.46	49.372596875	0.751312601845357	80.88	51.2379	0.488979172071538	137.52	53.202596875	0.311043172851944	
10.8	40.04545625	6.43479529901554	14.52	43.04299375	3.22686640686425	22.62	45.12605625	1.99744456809168	35.1	47.24071875	1.22746321485928	56.1	49.081796875	0.803342370328839	91.32	51.0370125	0.512128695551825	156.66	52.965175	0.328520791781759	
15.18	39.7168625	6.94055357381801	20.58	42.346546875	3.78813696738227	29.16	44.575859375	2.2672239642837	43.2	46.7199	1.38385427870574	64.86	48.87705	0.842122674109293	102.9	50.70816875	0.552412485533516	168.24	52.794115625	0.341718741591992	
12.42	38.812940625	8.54646066964335	16.62	42.236621875	3.88524288115288	24.36	44.157715625	2.49636910064968	37.68	46.3774875	1.4973785614294	59.82	48.31724375	0.957978993203595	101.04	50.181746875	0.623599378045251	170.82	52.156309375	0.395775971269885	
12.42	39.709828125	6.95180446909937	18.54	42.116484375	3.99421946116826	25.44	44.513296875	2.30012094854754	38.58	46.345665625	1.5083905342369	59.52	48.15435625	0.9945914828996	98.7	49.872275	0.669657690703805	171	51.6134125	0.448475900811638	
17.52	38.826696875	8.51943263816739	23.16	41.53569375	4.56573799499363	32.7	43.72091875	2.76050466800807	51.54	45.81563125	1.70418695213052	74.64	47.421821875	1.17732989910864	125.88	49.179321875	0.785503588415871	210.96	51.033859375	0.512500653337202	
24	37.93136875	10.4699229554628	35.22	40.278990625	6.09791404535404	50.22	42.58803125	3.58325104227515	75.96	44.704115625	2.20124710784084	118.26	46.694721875	1.39190044398532	182.46	48.6951875	0.878135654330566	277.56	50.475978125	0.582750357162497	
