63.66	30.48068125	58.2119618251919	98.7	33.210115625	31.050514330867	147.18	35.571465625	18.0274291899319	225.42	37.941684375	10.4450836732697	351.66	40.373078125	5.96722685107087	564.78	42.939190625	3.30492264135777	895.2	45.591965625	1.79425348469994	
52.5	31.056540625	50.9831069718712	81.84	33.859934375	26.735414602991	120.24	36.173540625	15.6937344004068	177.3	38.488590625	9.2091871401093	272.22	40.82035	5.3832600625543	421.62	43.270009375	3.06252345390075	651.24	45.735240625	1.73602629246876	
50.82	31.205484375	49.2642554335832	79.74	34.033253125	25.6894643183026	118.2	36.4235625	14.8157660244543	171.42	38.80845625	8.55529000775098	250.26	41.09840625	5.04939953678388	372.54	43.427890625	2.95318938262688	585.06	45.864384375	1.68516303229395	
57.06	31.12688125	50.1640088584847	87.36	33.887865625	26.5640199890815	130.74	36.154740625	15.7618176341834	198.9	38.519996875	9.14283060444785	295.32	40.891046875	5.29633776080057	441.96	43.205146875	3.10860594598303	668.28	45.641728125	1.77381183562319	
59.22	31.2374625	48.9028433384409	85.98	33.82428125	26.9558006472101	129.24	36.172840625	15.6962641353957	206.34	38.448128125	9.29538855518688	312.6	40.722028125	5.50652415146871	481.44	42.96214375	3.28750169842564	740.88	45.445575	1.85576449262352	
56.16	31.11601875	50.2896352693589	89.7	33.970725	26.0620072263192	128.16	36.235159375	15.4726400851157	192.24	38.47934375	9.22881596947497	288.6	40.666265625	5.57768261818256	436.5	42.9236375	3.31677957905413	667.02	45.2306625	1.94990795411259	
60.48	30.92865625	52.5067014205982	92.22	33.658203125	28.0065780532841	141.24	36.0116625	16.2897384345413	213.54	38.213440625	9.81152011080724	326.04	40.616275	5.64225695913217	492.3	42.917996875	3.32109021741331	750.84	45.351384375	1.89645229853893	
55.98	30.868315625	53.2413180467275	87.72	33.56759375	28.5970336145009	128.7	35.9981625	16.3404537046549	186.06	38.2373125	9.75773705528	279.96	40.456265625	5.85401456133915	424.2	42.777653125	3.43016529310839	662.58	45.179184375	1.97315827592143	
65.16	30.964740625	52.0722445771113	103.02	33.7042125	27.7114410705718	155.7	36.078353125	16.0415026869733	225.72	38.203553125	9.8338832595481	344.7	40.469771875	5.83583727143062	522.96	42.867771875	3.35972068613232	790.86	45.30315625	1.91762964919358	
64.56	31.111678125	50.3399231683461	111.12	33.8471625	26.8141547138149	168.6	36.061534375	16.1037464242677	261.12	38.236646875	9.75923269746608	406.26	40.43888125	5.87749456051804	622.14	42.81909375	3.39759012615888	927.36	45.288025	1.92432251339932	
57.36	30.788909375	54.223734292759	93.36	33.653059375	28.0397684774409	139.38	36.017575	16.267576617671	210.12	38.1444875	9.96854126246157	317.04	40.3569625	5.9894109309613	475.8	42.623509375	3.55409820117616	732.3	45.130528125	1.99538888338266	
57.54	30.849015625	53.4784484028066	86.28	33.689228125	27.8072184316549	127.92	35.840775	16.9434896175103	197.34	38.08405625	10.1082211714358	305.04	40.4189875	5.90447938811368	475.38	42.749971875	3.45209845440022	733.8	45.242653125	1.94453179359452	
59.34	31.0214875	51.3962710578482	92.34	33.60478125	28.3532100873855	137.34	36.026415625	16.2344955465916	201.06	38.28255	9.65662487293343	307.26	40.550425	5.72845968300471	466.56	42.851596875	3.3722570662628	699.48	45.255196875	1.9389234954872	
66.3	31.23854375	48.8906696590841	98.94	33.72939375	27.5512295913844	148.62	36.065396875	16.0894305460983	217.5	38.26795625	9.68912895034598	323.46	40.4131375	5.91243815342684	503.4	42.63486875	3.5448142744525	796.44	45.142565625	1.98986584830862	
63.06	30.8447375	53.5311546240466	98.34	33.53870625	28.7878834582266	150.66	35.83768125	16.9555638202124	226.26	38.0884625	10.0979708079749	344.22	40.363684375	5.98014787727253	517.8	42.607440625	3.56727260257039	792.24	45.08949375	2.01433169299332	
69.36	30.702309375	55.3158287407015	105.06	33.266915625	30.6470585727792	157.62	35.63980625	17.7459697086527	235.62	37.968540625	10.3806918292188	346.56	40.17735	6.24231040906894	517.26	42.452646875	3.6967124774159	784.8	44.880871875	2.11345581837217	
69.36	31.036890625	51.2143067496015	104.76	33.716640625	27.6322531107292	158.1	35.9798625	16.4094532470641	238.26	38.256996875	9.71361024021211	353.88	40.49121875	5.8070890500745	513.9	42.660928125	3.52360768382355	760.02	45.16116875	1.9813604321664	
74.64	31.78759375	43.0844929155868	116.7	34.625253125	22.415841565284	168.72	36.874521875	13.3545166337261	238.2	38.98985625	8.20530513199697	358.8	41.173290625	4.96308025954487	533.94	43.503228125	2.90240189121531	783.72	45.896171875	1.67287377661975	
81.12	32.001890625	41.0101443898121	122.46	34.65876875	22.2435185219025	180.9	36.884453125	13.3240130188755	259.26	38.993115625	8.19914937034078	386.76	41.267215625	4.85689593602196	579	43.559940625	2.86474716535808	859.74	46.03241875	1.62120705827251	
89.22	32.472021875	36.8025721989086	133.14	34.916825	20.9603176909442	192.3	37.2402375	12.2759923993609	280.62	39.347103125	7.55735891664427	410.94	41.635734375	4.46176737314863	605.52	43.994634375	2.59189213219097	904.08	46.439596875	1.47611663109578	
75.9	33.070309375	32.0663422355933	112.02	35.562828125	18.0633188623241	163.86	37.799978125	10.7915182213268	242.58	39.92324375	6.61844533057784	353.88	42.057109375	4.04920181989262	532.5	44.345725	2.39060520566571	803.34	46.673690625	1.39865724197445	
70.68	32.97411875	32.7844940580704	108.06	35.492028125	18.3602059461832	154.38	37.692490625	11.061939996004	228.66	39.745075	6.89561270022526	343.98	41.9904875	4.11179648430508	503.76	44.307134375	2.41194235132259	762.12	46.572259375	1.43170790664233	
78.3	32.818565625	33.980033161638	119.64	35.400521875	18.7511614586334	176.16	37.67969375	11.0945830599445	256.62	39.777590625	6.84417803838415	379.62	41.98705625	4.11504639356395	571.62	44.3068875	2.41207946225014	843.06	46.632246875	1.41206820199048	
59.46	33.3781625	29.8719869493502	93.66	35.93959375	16.5623129254529	143.1	38.204653125	9.8313928061279	209.22	40.342546875	6.00932473625326	314.46	42.440984375	3.70665293266072	478.26	44.7206	2.19290774222485	738.48	47.041709375	1.28501862799147	
37.56	34.759409375	21.7339880215471	59.46	37.332628125	12.017594568956	90.36	39.63881875	7.0664043677699	133.38	41.6982125	4.39803935121281	202.26	43.750759375	2.74160209549928	319.8	45.984371875	1.63924237938756	493.5	48.265053125	0.969560800024288	
26.46	36.185528125	15.6504759089703	41.46	38.65436875	8.86428040845439	59.7	40.9303375	5.24863788490075	89.52	43.07863125	3.20049561030342	133.56	45.0596625	2.02821556312143	215.04	47.171528125	1.24717543553786	344.82	49.4408	0.739605889618018	
20.28	37.27494375	12.178280864895	28.8	39.855259375	6.72286551042837	41.88	41.92968125	4.16977130046135	62.4	44.008078125	2.58388123744393	95.52	46.09849375	1.59672816464793	158.52	48.084478125	1.0107239303402	258.9	50.240984375	0.615151267745878	
18.24	37.687925	11.0735752408271	26.34	40.3589	5.98673949579071	36.06	42.350128125	3.78501450689629	55.14	44.401509375	2.36009466609659	87.3	46.516203125	1.45030735144718	141.48	48.560859375	0.905720970759506	228.54	50.811159375	0.539466428573967	
14.46	39.2156375	7.78962607696519	19.02	41.313334375	4.80559230329804	27.06	43.158784375	3.14196919950669	40.68	45.481265625	1.84057618468862	63.9	47.46516875	1.16563743314374	108.66	49.34704375	0.755746223853108	191.46	51.364528125	0.474927752453879	
13.74	38.687221875	8.79747767400057	18.66	40.978928125	5.19024129072829	28.98	43.13265625	3.16092896312279	44.58	45.2913125	1.92286640084451	69.06	47.352121875	1.19637732537444	113.46	49.231275	0.776162865893071	188.94	51.314365625	0.480445133123134	
18.66	37.195534375	12.4030051311395	26.04	39.610134375	7.11323117788463	35.82	41.84651875	4.25038711033162	55.5	44.01751875	2.57827053756846	83.94	46.1844625	1.56543165252642	137.46	48.228765625	0.977695909922328	222.3	50.213346875	0.619078431180846	
24.9	36.435015625	14.776745664637	35.58	39.14370625	7.91971832950978	50.4	41.40785	4.70213789243015	72.6	43.44755625	2.93984704794811	112.2	45.667403125	1.7633561968215	170.64	47.641790625	1.11918349895119	267.3	49.772759375	0.685179598777648	
31.2	36.001009375	16.3297457663016	45.36	38.6664125	8.83973225337396	62.16	40.935590625	5.24229309267234	91.02	42.94605625	3.29970212056751	136.5	44.924753125	2.0922089152662	212.88	46.926071875	1.31969379090792	335.76	48.98715625	0.821040793962092	
31.62	36.57973125	14.2924682415717	42.54	39.216234375	7.78855557900255	58.8	41.39000625	4.72149719343655	86.04	43.39076875	2.97854033660955	128.16	45.2634125	1.93525906697739	200.16	47.186803125	1.24279657685269	316.8	49.16636875	0.787849902977149	
23.52	37.094425	12.6951507075767	33.3	39.596315625	7.13590070666127	44.88	41.893371875	4.20477898860657	68.46	43.85531875	2.67638437566428	100.74	45.84916875	1.69107740122325	160.26	47.704778125	1.10306866667145	273.9	49.736003125	0.691003183761015	
19.44	37.252053125	12.2426391345724	28.74	40.207709375	6.19882567768097	41.16	42.458484375	3.69174693823197	60.9	44.45783125	2.32968517403265	90.54	46.3674	1.50086061397029	140.16	48.212409375	0.98138501729947	236.22	50.196821875	0.62143852540594	
16.26	38.204671875	9.8313503606848	23.7	40.968634375	5.20255791357093	34.86	43.121825	3.16882211900304	47.4	45.298403125	1.91972954302713	75.96	47.321265625	1.2049077516239	119.52	49.1490625	0.790995678634898	203.64	51.211959375	0.49190860906738	
10.92	38.86071875	8.4529536159097	15.54	41.737546875	4.35838582446797	24.3	44.02403125	2.57440716735961	36.18	46.041121875	1.61796146337316	54.9	47.941159375	1.04463464110247	93.6	49.944525	0.658609302915758	163.5	52.108609375	0.40014686929205	
8.94	39.631196875	7.07881680730851	12.84	42.373840625	3.76440462536368	19.2	44.51794375	2.2976611755525	28.86	46.4675125	1.4666588624944	42.6	48.413490625	0.936982108874832	70.62	50.561628125	0.571370150665952	122.22	52.58709375	0.358402463268433	
8.76	39.4930125	7.30767308983944	12.96	42.10889375	4.00120668627467	19.2	44.342921875	2.392148704046	29.52	46.40655	1.48739172457788	42.84	48.476034375	0.923585111581285	74.58	50.44523125	0.586890711116804	127.98	52.704446875	0.348847546904698	
11.7	39.018509375	8.15134778965938	16.14	41.278803125	4.84395442495554	24.54	43.8521875	2.67831473646406	36.48	46.031625	1.62150338962349	56.28	48.026665625	1.02426845657623	92.04	49.89639375	0.665949022626407	162.06	51.88330625	0.421453568940537	
15	37.912621875	10.5152153976983	22.08	40.087065625	6.37343848375995	33.06	42.738715625	3.4610573716727	51.42	44.714165625	2.19615909562049	73.74	46.88036875	1.33365496423108	116.46	48.75820625	0.865485379616974	195.72	50.981009375	0.518775459052664	
24.78	37.474775	11.6306198484822	35.94	39.667128125	7.02049199307733	52.2	42.097559375	4.01166281915624	71.88	44.2861	2.4236525528065	109.32	46.322353125	1.5165091966408	168.48	48.25215625	0.972444301851521	281.04	50.3587375	0.598696350585975	
26.88	36.8690875	13.3712377479204	38.4	39.552428125	7.20837793094433	53.76	41.6365625	4.46091667183762	75	43.70879375	2.7682224465563	112.38	45.625528125	1.78044084301669	177.12	47.666525	1.11282752957362	285.36	49.64565	0.705529797990498	
30.12	36.32959375	15.1398295545303	45.36	39.154825	7.89946830416529	59.52	41.177246875	4.95856114950024	81.48	43.24181875	3.08246735492717	125.46	45.173128125	1.97591177068024	193.62	47.0700125	1.27667134545184	311.22	49.03801875	0.811481243183937	
28.32	36.20753125	15.5713847551472	40.62	38.601978125	8.97186124539798	59.4	40.80513125	5.40215742497325	86.4	42.915934375	3.32266780488384	129.96	44.957334375	2.07657166325707	204.78	46.9989125	1.29774424273761	326.22	48.920228125	0.83379166304473	
25.8	36.51998125	14.490462118349	37.02	38.83243125	8.50819109933229	54.48	41.406934375	4.70312935077772	77.04	43.363628125	2.99721259106163	117.42	45.24276875	1.94448002376896	190.86	47.275290625	1.21773082132371	320.7	49.56004375	0.719574866634635	
17.16	37.920440625	10.4963015315933	26.76	40.836290625	5.36353721548053	35.94	42.82904375	3.38981491217336	52.26	44.63495	2.236584757738	81.72	46.793921875	1.36046750602291	130.5	48.767234375	0.863688075123744	223.26	50.820303125	0.538331816637274	
11.16	39.452453125	7.37624016127277	14.58	42.126709375	3.98482655943069	21.96	44.0430375	2.56316527568608	30.06	45.912509375	1.66659250109758	50.34	47.94805	1.04297851179811	88.56	49.90519375	0.66460099304974	156.24	51.930478125	0.416900627078272	
11.76	39.68583125	6.99032287652426	13.5	42.097378125	4.01183024680944	19.2	44.524853125	2.29400863525677	27.72	46.270925	1.53457408872928	44.4	48.0191625	1.02603957205684	73.62	50.0369125	0.644746674609091	127.62	52.1521	0.396159760881595	
10.14	39.513209375	7.27376763890407	13.38	42.10355	4.00613297681128	17.34	44.4847875	2.31526982093505	25.56	46.237965625	1.54626454679055	41.7	48.017221875	1.0264981555903	73.74	50.04429375	0.643651796672209	128.04	52.19983125	0.391829595528196	
12.78	39.456471875	7.36941770430083	15.78	42.4077375	3.73513764558399	19.92	44.370946875	2.3767618800227	32.4	46.493034375	1.45806512847301	49.92	48.27281875	0.967828676226982	78.36	50.024125	0.646647884119822	147.6	52.0935875	0.401533339576928	
16.68	39.266959375	7.69811550972243	21.3	41.786040625	4.30999035580108	32.7	43.710840625	2.76691806197501	43.5	45.879803125	1.67919080855437	70.38	47.70448125	1.10314407281107	113.22	49.635346875	0.707205571328835	191.94	51.7388	0.435712842549401	
20.22	37.545184375	11.4435803512957	29.94	40.13535	6.30297175364796	43.98	42.17954375	3.93664258210217	62.82	44.28665	2.42334563559812	95.88	46.18810625	1.56411879923621	155.04	48.17104375	0.99077715876868	253.2	50.19149375	0.622201402720416	
25.08	36.7165125	13.8493410709088	36.9	39.28369375	7.66850995800477	52.8	41.221371875	4.90843645964567	76.56	43.282984375	3.05338750019751	114.78	45.229903125	1.95024893031076	177.6	47.080746875	1.27351971742124	294.72	49.1373	0.793140927563492	
30.78	36.549575	14.3920566850449	45.6	39.34543125	7.56026878362998	63.12	41.2225	4.90716160790692	89.94	43.24255	3.08194838344747	133.74	45.23008125	1.9501689428872	203.76	47.149759375	1.25344252105693	316.68	49.185534375	0.78438074376127	
30.78	36.70290625	13.8927984705669	46.44	39.1944375	7.8277439440795	67.26	41.216959375	4.91342604233296	97.14	43.227596875	3.09257808042336	146.4	45.197628125	1.96479637576239	224.16	47.112825	1.26414782233059	359.46	49.1256375	0.795273682529273	
30.24	36.92508125	13.1999484717903	45	39.5138375	7.27271570177233	65.1	41.639834375	4.45755718518897	95.04	43.61491875	2.82871039144541	137.82	45.525634375	1.82186806534279	214.86	47.488803125	1.15931124485557	337.92	49.4164	0.743772917890779	
24.54	37.278903125	12.1671832319238	35.34	39.72065	6.9345033271684	50.94	41.798684375	4.29746079485202	76.44	43.950740625	2.61822097876687	113.88	45.987103125	1.63821179452055	172.56	47.952696875	1.04186313985241	277.26	50.016103125	0.647843414441521	
20.58	36.358215625	15.0403796323841	29.7	38.8975875	8.38149732742927	42.24	41.0859625	5.06388822403632	62.7	43.2539875	3.0738424990236	98.04	45.398640625	1.87592857303674	160.32	47.311440625	1.20763668786374	267.48	49.16774375	0.78760050488634	
19.86	36.05671875	16.121612784077	29.28	38.456678125	9.27710663022997	43.14	40.626490625	5.62900064427414	65.76	42.59829375	3.5747937162886	100.98	44.868253125	2.11960555176858	168.54	46.79851875	1.35902825438291	281.64	48.844896875	0.848380491510481	
19.86	36.07253125	16.0630213230047	29.52	38.590284375	8.99605130066551	43.62	40.591071875	5.67509548918701	65.28	42.6810875	3.50728946615822	98.88	44.7897	2.15829279467106	166.74	46.783075	1.36386963641047	280.98	48.8792875	0.841688921377155	
14.94	35.893134375	16.7404421089837	22.8	38.400496875	9.39789683723801	31.98	40.805009375	5.40230902652514	51.54	42.999740625	3.25916462891859	81.72	45.064525	2.02594597885776	137.4	47.084903125	1.27230152686392	232.2	49.103340625	0.799367152600114	
12.48	35.38474375	18.8194092182918	19.68	38.159925	9.93316983197776	33.9	40.561478125	5.71389885432631	50.7	42.63378125	3.54570202881743	81	44.837459375	2.13468807190998	144.24	46.858853125	1.34027849207328	243.54	48.84959375	0.84746346784887	
14.82	35.43885	18.58640348593	23.46	38.053375	10.1798847415039	34.62	40.327846875	6.02969956204495	54.72	42.542221875	3.62124720799346	89.64	44.8723	2.11763136517146	141.6	46.80144375	1.35811324867512	248.16	48.8344625	0.850421264163723	
15.54	35.430878125	18.6205518721428	24.84	37.855565625	10.654272451021	38.64	40.597365625	5.66687715683162	56.82	42.534734375	3.62749584255004	96.42	44.77435625	2.16593159180968	166.62	46.824171875	1.35102434013543	289.68	48.734446875	0.870233251015445	
13.2	36.45373125	14.7132032993844	23.58	38.938296875	8.3032989295037	38.76	41.141853125	4.99913711199215	56.88	43.205309375	3.10848963342626	92.04	45.224778125	1.95255172851438	166.5	47.22569375	1.23171714273063	285.42	49.379359375	0.750143625941684	
15.42	36.247146875	15.4299910220218	21.24	39.01269375	8.16227054788225	33.18	41.05995625	5.09430257086387	52.38	43.440746875	2.94446009824401	86.58	45.627365625	1.77968769781582	142.86	47.638503125	1.12003101344478	254.1	49.708853125	0.695336533863265	
13.68	35.99055	16.3691210703016	21.3	38.517846875	9.14735793626969	32.1	40.837928125	5.36151528405017	49.74	43.099703125	3.18500448602258	82.44	45.22838125	1.95093246540311	140.94	47.362459375	1.19353297814839	251.34	49.4247125	0.742350680313116	
15.06	35.774828125	17.2027369440061	23.4	38.1240875	10.0154763752951	33.66	40.331984375	6.02395783542993	57.54	42.6608125	3.52370149633532	92.4	44.913665625	2.09755713032935	154.14	46.8988125	1.32800316741701	270.3	49.008596875	0.81699739797845	
16.26	36.056328125	16.1230629034035	24.9	38.311859375	9.59167430356524	37.26	40.5698125	5.70294405005824	57.96	42.82350625	3.39413987439443	91.08	44.794046875	2.15613362945274	148.26	46.880584375	1.3335887505846	257.64	48.932259375	0.831485008461791	
15.06	37.832809375	10.7102454391823	24.3	39.968259375	6.55019792886154	34.62	41.777278125	4.31869514416411	54.06	43.997646875	2.59009487987735	87.6	46.05674375	1.61215199808809	142.32	48.00338125	1.02977474315787	247.92	49.987503125	0.652123796696542	
24.42	37.021384375	12.9104661506962	34.98	39.30745625	7.62666614802896	52.2	41.338346875	4.77799480667056	75.36	43.6468875	2.80796448701184	113.16	45.623290625	1.78135836855428	177.12	47.577853125	1.13578217447119	292.92	49.57810625	0.716588337727749	
27.36	35.43938125	18.5841300462782	43.14	37.956459375	10.409609150553	60.66	40.1704375	6.25225396829242	94.26	42.306234375	3.82346327758465	143.88	44.633590625	2.2372849354766	222	46.760390625	1.37101213363172	352.98	48.893928125	0.838856257196617	
26.94	35.533153125	18.1871667373979	42.48	38.0982125	10.0753260852932	61.2	40.27454375	6.10416108513535	90.24	42.4281875	3.71759102387527	141.24	44.487578125	2.31378258710295	221.88	46.578375	1.42969323063704	357.24	48.77816875	0.861516274406655	
31.62	36.113371875	15.9126742861239	43.98	38.23861875	9.7548026115086	64.26	40.64969375	5.59900668295792	91.62	42.77001875	3.43620041436637	132.54	44.72670625	2.18982664534698	213.18	46.904584375	1.32623939252934	351.54	49.158084375	0.789354198658066	
21	36.942940625	13.1457781371793	33.36	39.713025	6.94668907546722	46.56	41.845940625	4.25095295187705	69.72	44.000778125	2.58822810240129	105.78	45.9478375	1.65309042685742	166.74	47.952190625	1.04198459521952	280.5	50.07884375	0.638551582995453	
19.02	38.3087375	9.59857164499914	28.02	40.969603125	5.20139754517703	37.98	42.823315625	3.39428885674174	53.34	45.14765625	1.98753477416778	82.86	46.92536875	1.31990746730814	127.68	48.834721875	0.850370475715358	224.94	50.838165625	0.536122209011933	
32.28	35.79823125	17.1102846996348	53.34	38.282490625	9.65675689533878	78.12	40.34415	6.00710690451027	117.42	42.441015625	3.70662626124483	176.34	44.63245625	2.23786938950147	275.76	46.6519	1.40569260740993	433.92	48.8599625	0.845442568222585	
58.62	32.47356875	36.7894661513	98.22	34.928453125	20.9042720339236	150.9	37.072753125	12.7586595330506	225.96	39.19190625	7.83230761067297	358.62	41.535515625	4.56592526165084	551.7	43.85184375	2.67852673711481	834.24	46.172825	1.5696320607347	
53.04	33.0209375	32.4329618237642	90.66	35.59156875	17.94417457976	145.68	37.6316125	11.2180949321418	227.7	39.664490625	7.02475688064896	369.6	41.880565625	4.21719612088547	574.8	44.0746125	2.54459758617192	908.82	46.561615625	1.43522105971972	
41.94	33.8352	26.8881152434743	66.96	36.31055	15.2063632554414	101.82	38.327178125	9.55790145222944	152.52	40.5576375	5.71895409907869	233.58	42.667321875	3.51842399121795	374.34	44.917590625	2.09566228872011	593.94	47.197753125	1.23966702269677	
34.44	34.73095	21.8768788045763	54.24	37.334834375	12.0114910871829	79.26	39.613596875	7.10756227155927	118.14	41.675625	4.42097298269614	174.12	43.795840625	2.71329052580096	277.08	46.009296875	1.62986139582281	440.7	48.1681875	0.991428983316902	
23.94	36.060703125	16.1068290147527	35.7	38.6691625	8.83413661035101	52.98	40.984040625	5.18413495106463	78.24	43.045653125	3.22489106033175	117.96	45.05143125	2.03206331642193	186.72	46.94960625	1.31256172506377	313.32	49.0018375	0.81826996573672	
31.14	35.610828125	17.8647748999468	45.9	38.31154375	9.5923714071064	62.76	40.23318125	6.16257525660317	93.36	42.381878125	3.75744427405917	143.28	44.491615625	2.31163253535349	223.92	46.565271875	1.43401328045084	366.18	48.607603125	0.896024837593703	
26.88	35.483453125	18.3964933741162	43.74	38.329009375	9.55387210851535	62.04	40.4171375	5.90699510364656	86.82	42.442378125	3.70546357408917	137.28	44.454803125	2.33131011705888	217.56	46.485709375	1.46052643975602	356.4	48.563309375	0.905210167450252	
29.1	35.797746875	17.1121931411851	44.64	38.272325	9.67938715058724	62.1	40.529921875	5.75556778859213	91.56	42.53234375	3.62949318993651	144.18	44.671628125	2.21777533097121	224.7	46.692271875	1.3926858829679	361.44	48.775678125	0.862010485005265	
24.48	35.656065625	17.6796555052521	39.18	38.24165	9.74799641667795	58.5	40.69038125	5.54679653863057	88.2	42.781609375	3.42704197177965	136.02	44.90368125	2.10238493494532	215.22	46.822321875	1.35159996970315	347.82	48.789015625	0.859367248855907	
23.22	35.728303125	17.3880166895416	37.38	38.430590625	9.3330006992757	58.74	40.549075	5.73024064568829	91.8	42.7959	3.41578369296706	141.48	45.020784375	2.04645369987151	220.8	47.0010125	1.29711687945331	353.34	49.06874375	0.805760522788205	
22.86	35.867471875	16.8396543663672	37.8	38.395621875	9.40845199563326	58.92	40.67039375	5.57238334953821	93.06	42.65070625	3.53191087422447	145.44	44.731953125	2.18718263089252	236.7	46.877675	1.33448243213368	380.94	48.975384375	0.823269305018713	
28.92	35.684775	17.5631682138206	45.3	38.102309375	10.0658261054177	70.32	40.450740625	5.86146665060846	104.64	42.485125	3.66917022736834	162.42	44.5105125	2.30159608880039	257.22	46.599303125	1.42282028538994	411.6	48.631925	0.891020838031921	
24.54	35.08213125	20.1774944194976	37.32	37.87515625	10.6063202423445	58.02	40.129465625	6.31151761107797	92.46	42.175284375	3.94050536711957	144.3	44.1635375	2.49302486938728	229.26	46.14863125	1.57840059467441	375.06	48.252278125	0.972417012767433	
28.86	35.3266375	19.0728946908597	41.58	37.6644625	11.1335614597745	65.46	39.8478625	6.73432560727898	102.3	42.0439625	4.0614780538168	155.34	44.06485625	2.55032034736923	254.28	46.250409375	1.54184040817673	401.1	48.242078125	0.974703551216668	
43.14	34.465140625	23.257675049382	65.46	37.308584375	12.0843118260105	98.88	39.24246875	7.74164916031311	149.4	41.41176875	4.69789694699305	226.74	43.5663	2.86055538525043	341.16	45.62565	1.78039087964112	539.22	47.953840625	1.04158879280985	
68.88	33.292696875	30.4656657778675	105.42	35.83919375	16.9496598020465	155.22	38.061896875	10.1599290084809	225.9	40.199271875	6.21088050076865	341.28	42.660640625	3.5238409519822	502.2	45.0543	2.03072147189898	741.24	47.4332125	1.17424605788498	
49.14	33.32525625	30.2381164955417	76.92	36.021203125	16.2539922509445	110.82	38.11368125	10.0395035093331	161.52	40.366621875	5.97610436634962	245.34	42.76070625	3.44357650371022	368.04	45.12155	1.99951819699957	549	47.63349375	1.12132365994273	
36.96	34.871015625	21.1825772242834	53.64	37.3814875	11.8831508659172	79.8	39.354115625	7.5451659879638	115.44	41.418140625	4.69100934778811	176.34	43.85854375	2.6743976740095	263.52	46.013884375	1.62814066441999	416.4	48.3045125	0.960791408419503	
21.48	36.431309375	14.7893614567359	31.5	38.847159375	8.4793863441863	45.24	41.000084375	5.16501899901196	67.62	43.08851875	3.19321739095826	105.18	45.2052875	1.96133424348001	167.58	47.22494375	1.23192987111342	276.18	49.180665625	0.785260583447231	
16.02	37.1753375	12.460819664515	23.58	39.767596875	6.85994562594771	37.32	41.652115625	4.44496963351748	56.58	43.66545	2.79598837162124	90.42	45.6593375	1.76663410743868	150.06	47.65085625	1.116849710238	247.08	49.568609375	0.718157041990201	
17.4	37.11906875	12.6233169244516	26.52	40.076790625	6.38853529305116	38.16	41.99341875	4.10902218313292	58.68	44.121896875	2.51704322295989	93	46.138621875	1.58204259893722	148.44	47.90471875	1.05343680061083	254.16	49.85468125	0.672376050575737	
22.56	37.355965625	11.953189327083	30.6	39.625175	7.08863901757499	46.14	41.7099625	4.38615637306078	68.22	43.6477125	2.80743112755633	105.96	45.69048125	1.75401068990742	165.6	47.672971875	1.11117682066411	263.34	49.6161125	0.710344645046246	
20.28	36.993515625	12.9935792130387	31.02	39.385496875	7.49084262995532	46.26	41.50980625	4.59303479918504	69.3	43.57206875	2.85675822118411	106.68	45.536221875	1.81743201191701	169.14	47.361675	1.19374856043527	284.58	49.302290625	0.763574292379424	
23.16	36.934490625	13.1713805717256	36.18	39.53725	7.23361451033235	52.74	41.565065625	4.53496352516584	75.42	43.580096875	2.85148225557351	117.36	45.497490625	1.8337127232958	185.4	47.428128125	1.17562157696122	304.68	49.3248375	0.759620385032428	
26.1	36.3367375	15.1149463801111	40.2	38.86148125	8.45146964325532	61.62	40.88844375	5.29951329319834	90.84	42.94063125	3.3038265269032	142.86	45.088375	2.01485065511635	220.26	46.99819375	1.29795903498162	356.4	48.967503125	0.824764668733006	
28.74	35.768884375	17.2262967110965	47.04	38.3691625	9.46594792309741	67.68	40.4761625	5.82725617654884	100.38	42.60104375	3.57253083445649	157.26	44.612634375	2.24810671774233	244.62	46.6247875	1.41449563260483	397.56	48.656775	0.885937042968247	
28.62	35.206571875	19.607542876401	45.18	37.6697875	11.1199186699415	68.7	39.831815625	6.75925449261376	103.02	42.01974375	4.08419045359822	157.32	44.0512375	2.55833027860245	252.06	46.0104375	1.629433387496	402.96	48.1607125	0.993136882772791	
28.44	34.689575	22.08629460628	43.68	37.180215625	12.4468311582758	66.48	39.386215625	7.48960301078811	103.08	41.573246875	4.52642859144923	165	43.668390625	2.79409583770301	259.44	45.711971875	1.74535258422793	414.06	47.853021875	1.06605147002925	
32.16	34.529209375	22.9170875228255	46.5	36.8444125	13.4474243834307	74.4	39.068209375	8.05859673200775	113.1	41.136884375	5.00485988268306	179.88	43.432875	2.94980196688662	283.56	45.555521875	1.80937328334491	450.54	47.6234875	1.1239101953769	
47.04	34.038953125	25.6557696935662	71.34	36.418978125	14.8314136762762	102.3	38.610825	8.95360355411161	157.8	40.820665625	5.38286884650424	252	43.1327125	3.16088802290591	387.36	45.308603125	1.9152260861486	600.24	47.55536875	1.14167761497402	
47.88	33.5550875	28.6795023324483	71.52	36.1179875	15.8957714874675	107.82	38.261875	9.7027057490864	164.4	40.36739375	5.9750423229999	262.68	42.63515625	3.54457961792008	408.42	44.80351875	2.15143626980776	634.62	47.0349625	1.28701648850544	
48.36	33.15215625	31.4676807796513	69.18	35.4486625	18.5444565554093	106.5	37.848159375	10.6724572380792	160.02	39.94398125	6.5869176798108	253.44	42.202625	3.91577618595472	402.42	44.423340625	2.34826063762521	636.72	46.681790625	1.39605104600445	
47.34	33.17418125	31.3084981931713	73.32	35.6375	17.7553959189739	113.58	37.75574375	10.9019951846907	170.22	39.86961875	6.70067394809629	269.28	42.1032625	4.00639818887421	424.32	44.405934375	2.35769120467329	652.02	46.675221875	1.39816418565608	
48.72	33.39795625	29.7361497969692	73.8	35.862025	16.8607877308394	117.84	38.20786875	9.82411609118631	175.92	40.2331375	6.16263733752677	280.92	42.416009375	3.72803021323779	448.2	44.661353125	2.22302859124943	698.7	46.96066875	1.30922257681691	
45.96	33.99710625	25.9041732403947	78.84	36.610140625	14.192741681883	118.2	38.933203125	8.31304341022095	175.92	41.01019375	5.15301000721819	266.04	43.103778125	3.18201738702522	413.34	45.353909375	1.89535001644986	643.98	47.60861875	1.12776467193326	
36.48	34.99541875	20.5844129532277	55.14	37.451059375	11.6943051845499	82.14	39.61373125	7.10734235996825	123.06	41.747140625	4.34876859097959	185.22	43.88119375	2.66048604866515	291.36	46.09705	1.59725906236926	448.68	48.256228125	0.971532981048614	
29.4	36.06281875	16.0989846342698	45	38.556584375	9.0661296078639	67.98	40.567078125	5.70653582900244	99.96	42.73563125	3.46351630010849	152.46	44.745603125	2.18031904509025	234.66	46.732	1.38000404970973	383.1	48.924259375	0.833018072020434	
25.56	36.423040625	14.8175464851315	41.88	39.437125	7.40232009011604	61.14	41.592934375	4.5059557590986	89.4	43.4166625	2.96083435205724	132.12	45.43294375	1.86116975271165	205.8	47.365415625	1.19272081465144	337.32	49.38820625	0.748617087538086	
29.88	36.521059375	14.4868653444649	44.46	38.879325	8.41681653682167	66.24	41.028759375	5.13102845796748	97.62	43.08045625	3.1991509748852	147.36	45.042471875	2.03625973387835	223.62	46.94935625	1.31263728436506	359.16	48.894384375	0.838768135408256	
32.4	35.57965625	17.9934621999764	50.88	38.198959375	9.84429055301946	76.44	40.49376875	5.80368036513929	113.64	42.538284375	3.62453187477751	167.76	44.44669375	2.33566732867505	260.64	46.490546875	1.45890050079603	408.6	48.495075	0.919544732364801	
26.46	36.04649375	16.1596141180055	41.46	38.617615625	8.939614646222	63.72	40.7883	5.4231343163637	94.62	42.90739375	3.32920843164068	143.94	45.00440625	2.05418586209414	216.96	47.02995	1.28850278288087	338.28	49.041875	0.810761020894627	
22.56	36.76645625	13.6909862996758	33.9	39.025953125	8.13738845379612	54.18	41.442196875	4.66509694664701	78.78	43.4031125	2.97008658952696	119.52	45.38850625	1.88031121279982	188.22	47.431825	1.17462127027264	306.66	49.491190625	0.731073931803539	
18.48	37.346759375	11.978554781386	26.16	39.56478125	7.18790346590533	42.84	41.613634375	4.48452989387966	66	43.983365625	2.59862611363718	104.22	46.104665625	1.59446062317483	163.74	47.91461875	1.05103816397191	267.54	49.979309375	0.653355307420498	
19.92	37.092334375	12.7012634236577	27.48	39.5192625	7.26363664314934	43.2	41.4298375	4.67839202762495	67.74	43.6103375	2.83169589263928	109.26	45.823909375	1.70094168041958	173.1	47.840440625	1.06914423465001	270.66	49.80506875	0.680101113452495	
18.12	36.609365625	14.1952746075225	28.8	38.899140625	8.37850047018302	47.94	41.150359375	4.9893552025817	76.14	43.506559375	2.90017646135208	117.42	45.549459375	1.81190082763197	191.58	47.605946875	1.12845871099112	311.64	49.719403125	0.693649453371828	
14.64	36.20080625	15.5955155432829	23.34	38.6878875	8.79612942469162	39.06	40.82130625	5.38207488153916	60.78	43.178396875	3.12781222947577	100.8	45.429665625	1.86257512407869	163.32	47.46986875	1.16437664518124	275.7	49.540928125	0.722749081407803	
15.24	36.16331875	15.7307158343576	23.76	38.965815625	8.25085202580293	36.24	40.99104375	5.17578211888134	56.64	43.375740625	2.98886499274348	96.48	45.54754375	1.81270021336514	157.68	47.482759375	1.1609256943043	261.72	49.592675	0.714188513234386	
14.22	36.546596875	14.401929258794	24.9	38.974928125	8.23355798485022	36.36	41.243315625	4.88369798126967	59.88	43.513125	2.89579531313126	99.6	45.522940625	1.822998445679	162.12	47.51749375	1.15167777482919	270.6	49.4653	0.735445272899872	
14.76	36.809325	13.5565088171281	22.44	39.387171875	7.48795409633918	37.74	41.390346875	4.72112689241252	58.92	43.554434375	2.86838156979847	94.68	45.622846875	1.7815403920878	151.32	47.616478125	1.12572561535631	246.42	49.5938375	0.713997368038412	
19.74	37.626178125	11.2321410448951	28.62	40.036109375	6.4486591629328	40.86	41.935984375	4.1637239000333	65.46	44.05398125	2.55671450816882	102.3	45.943396875	1.65478156252517	160.98	47.7866	1.08248119598591	266.28	49.72714375	0.6924142320161	
21.42	36.7388125	13.7784102249148	33	39.185240625	7.84433799843169	48.18	41.21909375	4.91101189304371	73.44	43.2813	3.05457196080165	111.72	45.390065625	1.87963619064739	176.46	47.329284375	1.20268508010271	293.88	49.34609375	0.755911558084484	
22.44	36.534840625	14.4409677586059	35.22	39.03025625	8.12932966896093	51.18	41.09735625	5.05062048494383	74.28	43.196434375	3.11484846466877	113.28	45.32329375	1.90875850798984	181.44	47.287165625	1.21440570386934	292.92	49.2981875	0.764296042570022	
21.3	36.858346875	13.4043473525922	30.6	39.43665625	7.40311909285491	46.14	41.418725	4.69037818062423	72.18	43.57785	2.85295788607209	110.76	45.63960625	1.77467869595767	169.68	47.661684375	1.1140685731835	279.96	49.629934375	0.708087492817292	
18.78	37.05749375	12.8035672188267	29.34	39.551071875	7.21062937314681	44.04	41.7667875	4.32913980247257	67.86	43.8611	2.6728239912255	102.42	45.82544375	1.70034083893657	163.92	47.854715625	1.06563579064551	263.7	49.803240625	0.680387456387261	
19.08	37.44114375	11.7210356229404	26.7	39.71378125	6.9454795329884	42.3	42.084578125	4.02367179165095	61.68	44.15756875	2.4964535273295	97.14	46.214996875	1.55446401698422	155.76	48.192325	0.985934039322984	249.54	49.947721875	0.658124673946521	
15.54	37.8229375	10.7346184087879	23.1	40.429771875	5.88983560886523	35.76	42.349671875	3.78541216416681	51.72	44.638165625	2.23492934735559	79.8	46.67700625	1.39758984339141	129.36	48.590665625	0.899526160745876	207.66	50.5540875	0.572363078457294	
16.38	38.18891875	9.86707628513799	24.36	41.07353125	5.07840386811408	35.22	42.9359	3.30742771167828	52.14	44.855084375	2.12604240925568	78.24	46.95899375	1.30972761909888	123.6	48.942515625	0.829523699562639	202.38	50.881565625	0.53079130302398	
13.02	38.87145625	8.43208034128673	19.2	41.27084375	4.85284014719133	29.22	43.422678125	2.95673599484689	42.66	45.509728125	1.82855298160236	67.14	47.39480625	1.18467639707694	109.62	49.35031875	0.755176533009635	180.42	51.0965625	0.505154365955248	
13.92	39.079934375	8.03686962789921	18.96	41.381321875	4.7309479871586	28.92	43.563465625	2.86242290449028	42.06	45.586084375	1.79668492283257	67.92	47.576675	1.13609032365129	103.98	49.364415625	0.752729260283167	175.62	51.3210125	0.479710374490476	
11.94	39.244840625	7.73742225631899	17.76	41.71489375	4.38117888438146	26.28	43.78034375	2.72298962031065	39.18	45.879725	1.67922101569891	61.14	47.643159375	1.11883082556839	100.02	49.4954625	0.730355175035658	173.82	51.4154125	0.469395704360989	
10.2	39.43954375	7.39819860628845	13.38	41.730896875	4.36506458004427	19.56	43.670440625	2.79277725203148	29.52	45.67823125	1.75896515368086	45.06	47.526490625	1.14929442059838	75.6	49.251078125	0.772631745716752	139.74	51.38000625	0.473238136855155	
9.48	39.54024375	7.22862983471503	14.04	42.23646875	3.88537987075997	18.54	44.389459375	2.36665211323487	27.6	46.12005625	1.58882013829218	43.56	47.884171875	1.05843251616076	77.76	49.86740625	0.670408845569571	135.54	51.7044375	0.439173989672623	
7.86	39.866196875	6.70595559568893	11.16	42.525325	3.63536365398795	18.18	44.42538125	2.34715751659858	26.7	46.167984375	1.57138254028977	43.92	48.014453125	1.02715278581107	80.04	50.051525	0.642580971581846	148.2	51.9328	0.416677798451462	
8.88	40.464890625	5.84240014440742	11.34	42.475746875	3.67710196896777	17.22	44.467796875	2.32434544425692	27.42	46.319765625	1.51741299276993	41.94	48.241703125	0.974787717520383	77.22	50.11881875	0.632700949002692	146.34	52.16000625	0.395439215498301	
7.8	40.723846875	5.50421859741307	12.06	42.158259375	3.95598306127993	16.62	44.46115625	2.32790222743781	26.82	46.543659375	1.4411673793812	44.7	48.28390625	0.965360969469484	74.1	50.12191875	0.632249487339056	136.44	52.061646875	0.404497343127711	
7.8	40.367015625	5.97556257166311	12.12	42.182196875	3.93423840344741	17.7	44.32825	2.40024382385249	27.12	46.4055875	1.48772140253748	44.64	48.33028125	0.955107457079651	72.6	50.14041875	0.629561970269448	138.12	52.294665625	0.383366180843745	
6.9	39.988496875	6.51974595195568	10.32	42.314671875	3.8160422406821	14.16	44.313071875	2.40864709354666	24.06	46.418715625	1.48323101564099	36.72	48.36821875	0.946800515832546	66.78	50.277884375	0.609946752506096	123.24	52.25895	0.386531917219838	
8.04	40.091759375	6.36655394617787	11.88	42.722778125	3.47378190324215	16.2	44.713784375	2.1963518962298	25.62	46.72055	1.38364717545935	38.76	48.57923125	0.90189760959954	70.74	50.286884375	0.608684052451577	131.16	52.326871875	0.380533743383349	
7.8	39.846596875	6.73628841667028	11.88	42.218959375	3.90107610898994	16.62	44.2861875	2.42360372246882	27.48	46.3989625	1.48999259780345	39.6	48.33230625	0.954662219609871	70.38	50.151278125	0.627989740013521	126.66	52.2212625	0.3899007861669	
9.48	39.92135	6.62133194655687	12.78	42.40305	3.73917129339786	17.82	44.31296875	2.40870428853554	26.88	46.374984375	1.49824184802897	42.72	48.475746875	0.923646254312731	71.16	50.181340625	0.623657713830568	129.78	52.1882125	0.392879267011323	
13.5	39.807465625	6.79725868618549	18.84	41.88405	4.21381399187969	25.02	43.784584375	2.72033208202478	34.56	45.83104375	1.69814975138401	53.88	47.66325	1.11366702554079	88.68	49.484490625	0.732202653395095	160.5	51.458928125	0.464715917641876	
18.9	37.694265625	11.0574198069687	26.94	39.836884375	6.75137021431148	35.22	42.135003125	3.97722397186896	53.58	44.05896875	2.55378002595115	84	46.167678125	1.57149335285843	140.28	48.167853125	0.991505319038935	240.12	50.33963125	0.601336043571509	
19.02	36.84420625	13.4480630277733	28.08	39.30701875	7.62743448256903	40.74	41.41900625	4.69007444060349	59.64	43.55915625	2.8652646112574	93.72	45.661665625	1.76568732064189	151.74	47.684375	1.1082630677853	257.58	49.7976625	0.681261914810177	
18.72	37.120671875	12.6186580993413	30.54	39.616571875	7.10269512313146	43.98	41.9205	4.17859577554262	64.32	43.888234375	2.65617645916647	103.08	45.938890625	1.65649945895099	163.68	47.76034375	1.08904540229721	278.04	50.0760125	0.638968002884509	
20.88	37.233171875	12.2959807156394	29.1	39.81848125	6.78003968463082	40.56	41.851915625	4.24510853507087	61.14	43.951734375	2.61762194756774	92.22	46.03650625	1.61968192575342	148.38	48.0280125	1.02395085003603	249.6	50.242015625	0.615005214903896	
23.52	37.1472625	12.5416336584512	33	39.59100625	7.14462988534393	46.08	41.641746875	4.45559464556307	68.88	43.734325	2.75199639634112	104.94	45.93125625	1.65941394680923	164.94	47.83896875	1.06950664159501	279.96	50.122734375	0.632130759128306	
18.9	37.211178125	12.3584085540887	27.84	39.62445625	7.08981227239009	41.58	41.908565625	4.19009431248943	59.16	44.010246875	2.5825912386739	91.38	46.0876875	1.60070614020019	141.78	48.09531875	1.00820416185391	235.38	50.244875	0.614600431552412	
17.7	37.564896875	11.3917559771319	24.48	40.336828125	6.0172429722672	35.16	42.686809375	3.50267161848223	51.06	44.475240625	2.32036495912049	77.94	46.604703125	1.42105225581738	124.08	48.43835	0.931634066781018	201.66	50.3674	0.597503372422897	
16.74	37.971575	10.3734414699243	24.36	40.44734375	5.86605304510522	35.22	42.59860625	3.57453649845782	52.98	44.77639375	2.1649156796209	79.68	46.686871875	1.39441861997055	132.12	48.63555625	0.890276143526581	224.7	50.66335	0.558142843850822	
21.06	38.973775	8.23574442343272	28.98	41.692715625	4.40360948380683	37.14	43.716515625	2.76330484423511	54.96	45.7262125	1.73963890209681	81.12	47.51228125	1.1530608742314	127.26	49.33189375	0.758387185094753	213.12	51.432303125	0.467573671262364	
20.76	37.706159375	11.027178974592	31.92	40.84438125	5.353554594303	42.36	43.131940625	3.16144985994781	60.66	45.129125	1.99603366071024	88.32	47.1298	1.25921636977789	138.18	48.980015625	0.822391851145265	229.68	50.89498125	0.529154185758737	
27.78	37.30434375	12.0961171940199	37.98	39.876365625	6.6902723627107	54.18	42.15481875	3.95911836411616	78.54	44.1428	2.50495749421369	117.66	46.204740625	1.55813935996903	181.68	48.10208125	1.00663548542243	300.42	50.231028125	0.616563126701011	
29.34	36.32589375	15.1527335265229	41.88	39.04406875	8.10351584918397	59.04	41.185825	4.94877673377644	83.88	43.223625	3.09540771623466	132.6	45.359596875	1.89286949962128	201.72	47.308325	1.20850335625533	325.44	49.412590625	0.744425597822662	
32.46	35.785846875	17.1591461534192	48.48	38.187596875	9.87008001352599	70.98	40.405140625	5.92333504205585	101.4	42.497378125	3.65883267074611	155.58	44.6061875	2.25144639304827	241.56	46.627121875	1.41373553176997	394.68	48.62295	0.892864099031	
30.66	35.507225	18.2960720084009	44.58	38.072515625	10.1351177422434	63.18	40.4041	5.92475451877661	94.08	42.526021875	3.63478036525028	146.1	44.566078125	2.27233599701177	223.56	46.5541125	1.43770277456767	360.54	48.6674625	0.883759531695962	
27.66	35.213528125	19.576161912617	43.44	37.8818375	10.5900158683989	57.78	40.032759375	6.45363535838362	87.24	42.279025	3.8474931993716	132.84	44.406734375	2.35725694190186	210.06	46.450290625	1.47248642057432	337.02	48.48599375	0.921469544388167	
28.74	35.06566875	20.2541249968336	41.94	37.426796875	11.7598199740913	63.3	39.667359375	7.02011818092484	94.32	41.997103125	4.1055377366743	144.3	43.999078125	2.58924143534341	233.34	46.15910625	1.57459814643046	372.66	48.25715625	0.971325378202735	
24.78	34.477059375	23.193934339451	39.36	37.197740625	12.3967059075042	58.56	39.551853125	7.20933237358157	87.6	41.712346875	4.38374893486911	130.86	43.873159375	2.66541245867023	213.12	45.932165625	1.65906651628849	351.9	48.021415625	1.02550739954955	
24.6	35.283975	19.2611787151214	39.66	38.03969375	10.2120042263059	56.04	40.21175625	6.19305213242842	83.52	42.358971875	3.77731473992336	131.94	44.4769125	2.31947187534496	210.12	46.476703125	1.46355837206186	344.16	48.48056875	0.922621319514572	
21.06	36.34356875	15.0911899619501	32.16	38.8955375	8.38545457904106	47.58	41.155140625	4.98386532672253	71.64	43.299053125	3.04211094328095	108.3	45.320125	1.9101517068112	172.92	47.384121875	1.18759448837375	283.92	49.334628125	0.757909844865127	
17.88	36.51609375	14.5034387720808	26.58	39.393128125	7.47769157669157	40.86	41.738771875	4.35715664243871	59.52	43.730409375	2.75447873161255	89.94	45.724996875	1.74012590909866	139.68	47.668740625	1.11225994703011	240.48	49.71394375	0.69452196587887	
15.84	37.578878125	11.3551414450383	24.6	40.042009375	6.43990444502129	37.08	42.193421875	3.92408289708392	54.48	44.379659375	2.3719985727171	83.64	46.2747125	1.53323636377115	137.34	48.27660625	0.966984996808117	231.9	50.3978	0.593335537399547	
13.2	38.031040625	10.2323714756427	20.94	40.357840625	5.98820001992987	31.74	42.584490625	3.58617351118293	47.76	44.743653125	2.18129823707999	73.5	46.794615625	1.36025019979602	120.06	48.703365625	0.876483608079342	197.04	50.66210625	0.558302709933156	
14.52	37.895409375	10.5569733048763	23.46	40.154121875	6.27578668415484	33.48	42.229190625	3.89189664448708	52.56	44.360353125	2.38256659469555	82.98	46.56465625	1.43421657039264	130.98	48.51243125	0.915877174934619	219.42	50.58878125	0.567808952778412	
18.24	37.79071875	10.8145508211056	28.38	40.05296875	6.42367390215103	40.74	42.145015625	3.96806518954413	60.06	44.3590375	2.38328846410387	93.78	46.397803125	1.49039041330387	148.98	48.3366125	0.953716092756232	247.44	50.3348875	0.601993235055147	
28.14	37.021875	12.9090077302134	41.94	39.33991875	7.5698711258803	57	41.507290625	4.59569605800591	84.54	43.50266875	2.90277574713247	126.54	45.636496875	1.77594974996739	199.62	47.708484375	1.10212771428413	309.06	49.663265625	0.702673860993393	
28.02	36.22474375	15.5097924388213	46.08	38.592678125	8.99109421160797	66.24	40.775721875	5.43886367497599	95.88	42.88400625	3.34718514836293	145.02	44.962971875	2.07387785101374	223.74	46.990603125	1.30022959924192	367.38	49.131853125	0.794136300504963	
51.36	34.172209375	24.8805183128048	82.26	36.700428125	13.9007280936703	120.18	38.89263125	8.39106790924599	175.98	41.075940625	5.07558725717848	263.58	43.325128125	3.02390085897281	399.3	45.607515625	1.78784061209646	614.52	47.93395	1.04637019556617	
51.18	32.928321875	33.1320397223881	84	35.56109375	18.0705339724382	123.6	37.8160875	10.7515631685563	185.7	39.9285875	6.61030671291641	286.5	42.19436875	3.92322743814374	437.28	44.569046875	2.27078320447511	677.04	46.90305	1.32670803953539	
50.76	32.842384375	33.7941808103075	80.88	35.463859375	18.4796790128033	115.26	37.582959375	11.344475547946	167.82	39.81095	6.79180738510691	254.34	42.04620625	4.05938026346908	401.52	44.3407	2.39337285389394	624.24	46.6480375	1.40694334925898	
47.64	32.53671875	36.2583874855294	76.44	35.03300625	20.4070268488582	111.96	37.343428125	11.9877464405433	164.04	39.412425	7.44453988199662	254.34	41.700778125	4.3954419460261	391.56	43.87990625	2.66127488751076	620.1	46.1572375	1.57527583486043	
45.6	32.84245	33.7936701599418	68.82	35.4518625	18.530797527648	100.2	37.65949375	11.1463066231457	149.16	39.92100625	6.62185605474414	236.7	42.18179375	3.93460360805694	368.22	44.439628125	2.33947036599929	581.58	46.697921875	1.39087523158567	
37.26	33.359384375	30.001427773615	58.38	36.091915625	15.9914851226021	82.92	38.26505625	9.69560102369463	125.22	40.500828125	5.79425425508103	187.92	42.68839375	3.50139402150164	288.72	44.8146375	2.14593523591009	466.26	47.018671875	1.29185322393497	
32.46	33.83305	26.9014296561586	50.34	36.40145625	14.8913727897767	74.52	38.59055625	8.99548815169736	110.28	40.82720625	5.37476816146358	171.12	42.88658125	3.34520113810021	269.64	45.03904375	2.0378677001278	438.48	47.126284375	1.2602361213577	
29.94	33.924684375	26.3397666644932	46.8	36.4433625	14.7483729349892	72.18	38.48835625	9.20968414423162	105.18	40.621725	5.63518088164012	168.36	42.765603125	3.43969589707451	269.7	44.9458875	2.08205218647399	436.14	47.067209375	1.2774956305112	
30.96	34.347703125	23.8951658047719	48.06	36.579396875	14.2935686994978	72.9	38.741984375	8.68724207141203	109.92	41.091703125	5.05719905797048	167.64	43.129796875	3.16301078954824	266.46	45.284446875	1.9259086039452	443.28	47.399809375	1.18331242133691	
28.98	34.076525	25.4347726995671	47.34	36.698134375	13.9080717781841	66.24	38.851840625	8.47025135777544	102.54	41.02196875	5.13905760545516	156.54	43.23201875	3.08943089922093	252.66	45.44131875	1.85758410343549	408	47.473040625	1.16352655176165	
30.36	34.172459375	24.8790861162628	47.76	36.856909375	13.4087848804493	70.62	39.100253125	7.99935643264862	106.02	41.2616875	4.86308220468791	159.3	43.46285625	2.92950832065554	253.68	45.530078125	1.82000486282849	410.4	47.640534375	1.11950728331788	
29.58	34.85005625	21.2850529978288	44.58	37.547246875	11.4381469917062	64.56	39.667634375	7.01967367346278	94.62	41.831221875	4.26538437171118	140.82	43.945696875	2.62126345889997	224.28	46.070603125	1.60701543607164	360.66	48.206609375	0.982696531924574	
26.94	36.08639375	16.0118305670391	41.34	38.55431875	9.07086045512213	58.32	40.58458125	5.68358338327801	89.1	42.81290625	3.40243420606223	134.64	44.8772625	2.11521301899782	209.04	47.00671875	1.29541370037674	332.58	49.16794375	0.787564235377846	
21.9	36.911040625	13.2426926119483	32.4	39.252925	7.72303247210445	51.48	41.74381875	4.35209619298691	73.5	43.80085	2.71016268178822	109.02	45.851028125	1.69035354352659	170.64	47.89999375	1.05458353347426	266.16	49.93168125	0.660559945670123	
17.52	37.316609375	12.0620027560753	28.26	39.969178125	6.54881238101568	38.46	42.115815625	3.99483455991907	57.12	44.249853125	2.44396537298708	89.16	46.483425	1.46129487404289	139.56	48.42259375	0.935020183805386	229.38	50.382325	0.595453511704633	
15.54	37.906546875	10.5299345883219	22.26	40.420509375	5.90241067536459	33.18	42.6483125	3.53385813407236	50.52	44.676303125	2.21538927227343	77.16	46.80095625	1.35826570683365	122.88	48.603371875	0.896898243255282	209.88	50.52343125	0.57641760401918	
13.92	37.753996875	10.9063812071459	21.78	40.42420625	5.8973884632914	31.8	42.721784375	3.47457686285843	49.98	44.82688125	2.13989387600112	76.32	46.864003125	1.33869008983068	116.46	48.71589375	0.873958852681785	202.68	50.658128125	0.558814347908097	
15.12	38.035325	10.2222820774508	21.9	40.644134375	5.60617852379382	33.96	42.891521875	3.34139773103984	52.14	44.99285	2.05965917520798	78.24	46.95113125	1.31210090750329	123.96	48.664225	0.884418586396258	211.5	50.61061875	0.564961022026795	
15.3	38.1403875	9.9779566060354	20.94	40.49595	5.80076619059042	31.32	42.693715625	3.49710601655554	48.24	44.86713125	2.12015316168287	74.52	46.858790625	1.34029778037004	114.3	48.520784375	0.914117289829237	197.82	50.501915625	0.579280351994742	
15.24	37.72714375	10.9740260268551	21.24	40.179275	6.23954413288985	33.9	42.45678125	3.69319497401841	48	44.314196875	2.40802323642704	77.34	46.384084375	1.49510579004582	124.26	48.349084375	0.950981182344969	213.12	50.3356	0.601894480634903	
13.86	37.060803125	12.793814466438	23.4	39.700175	6.96727352869815	33.36	41.75343125	4.34247409021909	52.26	43.88073125	2.6607693910447	81.06	45.96005	1.6484484134083	132.84	47.9543875	1.04145764147536	222.3	49.926028125	0.661420343289389	
14.88	37.51125	11.5333470575929	20.82	39.65243125	7.04429014805919	31.92	41.522103125	4.58004819858028	50.64	43.812234375	2.7030677022372	79.38	45.79419375	1.71261989926677	131.04	47.8858625	1.05802056889907	220.02	49.915340625	0.663050028969234	
17.58	37.304584375	12.0954470156756	26.76	39.798878125	6.81071250835306	37.5	41.890390625	4.20766638446682	56.46	43.8723	2.66593993842673	87.96	45.759396875	1.72639700283027	146.88	47.794353125	1.08055044957169	232.8	49.746159375	0.689389117326507	
24.06	36.861909375	13.393356329451	36.3	39.299521875	7.64061247767389	55.62	41.344690625	4.77102067290857	82.74	43.37396875	2.99008466645821	123.78	45.416309375	1.86831208656713	191.46	47.47164375	1.16390085137415	308.58	49.46739375	0.735090797426905	
27.18	35.719921875	17.4216054256369	43.02	38.223653125	9.78847527958914	61.32	40.598346875	5.66559692065494	94.56	42.736490625	3.4628310128264	145.62	44.647196875	2.23028659127719	230.52	46.705084375	1.38858325370913	376.26	48.7091	0.87532707278679	
24	35.930303125	16.5977817029189	37.8	38.3798125	9.44276346143369	56.7	40.9106875	5.27243957107584	87.12	42.887859375	3.34421679307766	128.64	44.8871875	2.11038460878879	208.8	46.802178125	1.35788361644674	337.2	48.7554	0.866044804916369	
22.68	36.443546875	14.7477468221434	35.82	39.142515625	7.92188983011395	52.26	41.38498125	4.72696335878707	77.64	43.3486	3.00760197171989	119.16	45.50866875	1.82899907513479	184.44	47.3377375	1.20034644580032	299.76	49.233784375	0.775714524689014	
21.18	36.808234375	13.5599136322145	30.54	39.06211875	8.06990618343558	45.72	41.707203125	4.38894408888858	67.74	43.716621875	2.76323724090132	104.76	45.745646875	1.73187153159002	167.76	47.684540625	1.10822080324403	274.68	49.703603125	0.69617760468527	
17.52	37.124403125	12.6078214090542	25.86	39.63080625	7.07945353821121	39.3	41.9194875	4.17957007331019	59.76	44.00283125	2.58700480803375	90.3	46.24683125	1.54311124426457	148.56	48.17286875	0.990360900094566	247.44	50.191571875	0.622190210073627	
18.54	36.8344	13.4784626922473	26.64	39.768871875	6.85793198145618	37.8	42.06839375	4.03869434101637	57.9	43.920853125	2.63630132772146	86.34	46.1352875	1.58325770736366	142.68	48.02273125	1.02519678569357	247.32	50.108371875	0.634224731642059	
18.66	36.87595625	13.3501066716725	26.64	39.244859375	7.73738885125395	37.62	41.542721875	4.55835530227218	60.9	43.610771875	2.83141268471371	94.08	45.7277	1.73904316121888	161.16	47.644325	1.11853057717955	269.34	49.858625	0.671765755130724	
17.04	36.618628125	14.1650316217351	24.42	39.094003125	8.01087671947018	37.68	41.347584375	4.76784275030537	58.62	43.495334375	2.90768210312393	89.22	45.612790625	1.78567039476361	149.76	47.484140625	1.16055652690469	259.2	49.6104125	0.711277565653742	
16.8	36.470453125	14.6566611814971	26.04	38.742440625	8.68632947726889	36.78	40.93741875	5.24008685918734	56.58	43.288703125	3.04936947350655	89.46	45.407171875	1.87224712933775	148.5	47.47253125	1.1636630273836	256.62	49.59021875	0.714592552837262	
18.36	36.407771875	14.8697331006835	27.66	38.913634375	8.3505854293734	43.44	41.091171875	5.05781771683892	62.22	43.281215625	3.05463130579071	100.02	45.40805625	1.87186591335428	166.44	47.372175	1.19086590353787	274.56	49.573921875	0.717279094670712	
16.74	36.082653125	16.0256276695584	28.38	38.8297	8.51354352874457	42.06	41.057559375	5.09711489684783	64.62	43.170921875	3.13320040038335	102	45.1152125	2.00243815049984	169.56	47.18173125	1.24424881518863	297.3	49.266015625	0.769978854178901	
20.34	35.916128125	16.6520439466044	30.96	38.666253125	8.84005665495795	45.96	41.051771875	5.10391194776445	67.8	42.963390625	3.28655798040165	109.14	44.98408125	2.06382199153467	176.46	46.962515625	1.30866593691272	298.92	49.05774375	0.807803974953256	
23.1	35.638884375	17.7497370377229	34.08	38.300490625	9.61681581542362	48.78	40.478909375	5.8235716528028	75.78	42.621921875	3.5553975872965	118.02	44.5123375	2.30062911118309	191.22	46.613365625	1.41822062955455	334.56	48.829984375	0.851298608217801	
28.08	35.5536	18.1017415900844	40.02	37.90899375	10.5240035489393	58.92	40.090609375	6.36824001560548	89.04	42.33705	3.79642968761594	141.18	44.394465625	2.36392557019873	225.72	46.272709375	1.53394371157725	379.98	48.3630125	0.947936205126698	
29.46	35.2632	19.3535376139099	43.56	37.917096875	10.5043860282292	67.08	39.87354375	6.69462085155687	100.2	42.115984375	3.99467933914993	151.02	44.160171875	2.494957622212	238.26	46.216878125	1.55379080968538	387.66	48.408171875	0.938130322058637	
28.62	35.16486875	19.7967311815938	42.66	37.437646875	11.7304770281721	60.72	39.75035625	6.8872323679186	97.2	41.955421875	4.14513017064762	148.44	43.907809375	2.64423118834596	238.2	45.950840625	1.65194771808524	395.28	48.131121875	0.999926719156563	
26.76	34.94100625	20.8439362325425	41.7	37.406096875	11.8160051983459	60.18	39.604034375	7.12322927803586	89.88	41.64438125	4.45289275816149	143.94	43.833084375	2.69012167285201	231.66	45.917465625	1.66469163936468	388.38	48.06203125	1.01596146551109	
27	34.981240625	20.6517233382269	39.72	37.57469375	11.3660872592227	60.42	39.64319375	7.05928939077359	92.82	41.88526875	4.21263164545566	143.4	44.005734375	2.5852760527835	227.28	46.13755	1.58243310843285	367.14	48.146528125	0.996385843156315	
27.18	35.075153125	20.2099411261422	43.08	37.993603125	10.320958894195	60.66	39.840059375	6.74643628865458	98.04	41.935196875	4.16447897061511	154.56	44.0791125	2.54196233307264	245.58	46.132684375	1.58420698332959	391.32	48.1542875	0.994607227678436	
25.74	35.948828125	16.5271340020402	37.86	38.43688125	9.31949191425524	59.82	40.5530125	5.72504771822517	91.86	42.614528125	3.56145571416441	146.1	44.605709375	2.25169427371667	232.56	46.593684375	1.42466227176704	386.28	48.6729	0.882653730073285	
20.76	36.33446875	15.1228444756779	32.34	39.140109375	7.92628024489661	48.36	41.156853125	4.9819004878347	69.36	43.346765625	3.00887259232691	108.3	45.316190625	1.91188294185666	175.8	47.3449625	1.19835118830436	285	49.341003125	0.756798126666186	
19.32	36.930609375	13.1831569753306	28.74	39.612915625	7.10867727688124	43.56	41.896978125	4.20128891655818	65.64	44.119503125	2.51843095254255	98.7	46.036221875	1.61978798561534	156.72	47.88111875	1.05917686430964	259.32	49.881671875	0.668210311793282	
16.08	37.837540625	10.6985839378056	25.74	40.80386875	5.40372806780975	36.84	42.770390625	3.43590619411375	54.84	44.893975	2.10708890773116	85.26	46.728559375	1.38109776789407	135.42	48.59170625	0.899310648619451	223.8	50.3564625	0.599010052707315	
14.52	39.198534375	7.82036319934633	18.48	42.2296125	3.8915186028078	27.6	44.10518125	2.52674977597625	40.02	45.8548375	1.68887151518303	63.72	47.79359375	1.08073940309816	106.2	49.50160625	0.729322708026269	185.16	51.278796875	0.484396139597133	
12	40.050128125	6.42787686081224	17.88	42.868103125	3.35946443948811	23.94	45.074171875	2.02145078996208	35.7	46.810084375	1.35541386341401	54.3	48.58018125	0.90170034505653	90.72	50.3073375	0.605824190763846	156.36	52.14764375	0.396566464867111	
