1256	40.7014875	1512	43.9515625	1664	45.5286	2000	47.4687125	2576	49.302175	3608	51.5701	5520	53.690125	
112	40.5703375	168	43.76365	216	45.2916125	376	47.199625	688	48.95305	1552	51.2374375	3024	53.58845	
88	40.36305	168	43.3565125	256	45.022125	512	47.115775	928	48.8283875	1592	51.0012625	3736	53.5260125	
88	40.636575	120	43.5979625	112	45.0103625	240	47.2138875	584	49.092725	1512	51.157525	3176	53.553825	
1416	35.8199375	2072	38.28025	3072	40.45255	4336	42.7224375	6304	44.9469	9608	47.337825	14608	49.8893	
1280	34.7661375	1880	37.5803625	2688	39.55685	4096	41.893175	6504	44.06385	9960	46.273225	15808	48.870175	
1224	33.718525	1928	36.1477	3072	38.666425	4992	40.8047625	7616	43.1494	11784	45.317975	18496	47.8699875	
952	33.5306375	1416	36.06815	2232	38.9147875	3192	41.016925	4848	43.3833625	7432	45.4986125	11992	47.753275	
2384	33.8984875	3488	36.2817375	5136	38.6788625	7744	40.9240875	10992	43.136325	16304	45.2572	24424	47.41135	
208	34.3530125	376	36.772275	624	39.2956625	968	41.3114375	1432	43.3956625	2800	45.285825	5592	47.4752625	
376	34.27665	608	36.8713875	1104	39.4089125	1624	41.574425	2824	43.818925	4648	45.69685	7528	47.8455125	
328	34.0695875	760	36.7696	1104	39.199225	1800	41.338675	3240	43.553425	5944	45.584825	10664	47.688675	
2368	34.0179375	3424	36.370225	5072	38.6624	7400	40.9899125	10744	43.0817375	15968	45.2058625	23840	47.2854625	
368	34.3103875	712	36.5010625	1200	39.067075	1760	41.314875	3096	43.354425	5088	45.4100125	8256	47.4998125	
712	34.046725	1336	36.5059375	1864	39.0565125	3040	41.303525	4584	43.361225	7096	45.4263	11592	47.527975	
1072	34.1786	1592	36.5196625	2344	38.9250875	3528	41.0035375	5944	43.08745	10176	45.199825	17672	47.501125	
2456	34.1330375	3472	36.484625	4992	38.6861	7248	41.08615	10560	43.187975	15104	45.2722875	23040	47.571025	
1216	34.034125	1728	36.7045125	2560	38.8316625	3664	40.935575	5776	43.126975	8920	45.0873	15128	47.3761625	
496	34.1517625	840	36.8171875	1504	39.27615	2128	41.3259125	3440	43.5342375	5776	45.5358125	9160	47.6089125	
640	34.04325	1248	36.8435375	1944	39.1418875	3008	41.3010625	4992	43.3740125	8752	45.357725	14792	47.5158	
2272	34.020375	3320	36.7262125	4704	38.893575	6720	41.20275	9872	43.2257375	14360	45.343725	22184	47.5097	
640	34.3146	1152	36.90875	2080	39.1273375	3256	41.3570875	4824	43.3119	8216	45.308775	14520	47.3775375	
624	34.3989375	864	37.1176625	1392	39.293775	2072	41.4134375	3328	43.354325	5880	45.292525	10328	47.448725	
520	34.167325	936	36.892175	1720	39.377275	2536	41.512125	4272	43.6489125	7192	45.700425	11520	47.602225	
2176	34.02345	3176	36.8766875	4944	38.9615625	7080	41.1951875	10096	43.379425	14776	45.373175	22640	47.51605	
576	33.562725	1480	36.7341625	2432	39.0611875	3744	41.085625	5808	43.2913875	9488	45.5019125	14416	47.6190875	
400	33.550675	552	36.636575	800	38.882225	1848	41.115425	2912	43.4470625	5048	45.69185	8216	47.725675	
368	33.5283875	624	36.5152875	1168	38.9200625	2112	41.053225	3616	43.3684	6424	45.464025	11288	47.5487375	
2232	34.13505	3400	36.398375	5088	39.087175	7048	41.1986	10384	43.4740625	15056	45.437275	22216	47.5790625	
600	34.24365	888	36.7827625	1408	38.965125	2272	41.131025	4056	43.3881375	6776	45.2931875	11976	47.4290875	
272	34.2382625	672	36.894475	1000	39.1503875	1888	41.364175	2976	43.5488125	5480	45.6170375	9800	47.719025	
264	34.1829125	648	36.78715	824	39.017325	1512	41.2326875	3040	43.4817875	4976	45.47065	9224	47.577	
2256	33.96335	3144	36.425075	4824	38.8882	7184	41.116625	10552	43.2896375	15280	45.262225	23296	47.46335	
472	34.3718375	1160	36.963725	1904	39.3386875	2960	41.364525	4712	43.420975	7504	45.561275	12088	47.5769625	
736	34.552175	1032	36.7401	1760	39.3368375	3040	41.52895	5104	43.6621875	7800	45.53465	12560	47.7944	
264	34.5243625	464	37.03515	664	39.4464875	1256	41.6436	2416	43.8540375	4688	45.9900875	7408	48.0532125	
2176	34.02145	3376	36.8338	4976	38.82785	7336	41.2200625	10440	43.303225	15184	45.509025	22480	47.6128125	
840	34.1743	1440	37.0488125	2064	39.0585875	3376	41.4122	5288	43.583525	8088	45.7327625	13312	47.797225	
984	34.541025	1600	37.259825	2616	39.3780375	4048	41.6433125	6240	43.5472375	10480	45.803675	17208	48.052625	
640	34.6295625	1040	37.1103625	1808	39.6354875	2496	41.64065	3848	43.64535	6040	45.7525625	9304	47.965325	
2216	34.3666	3160	36.8144875	4656	39.32275	6656	41.4161875	9480	43.612775	13752	45.7147	21352	47.7836375	
672	34.763825	1168	37.382675	1824	39.47165	2728	41.381075	4352	43.4065125	7328	45.4365625	13336	47.6124375	
888	34.889425	1200	37.3841625	1808	39.5264375	2816	41.5342625	4288	43.6755625	6504	45.7371875	9568	47.80605	
552	34.3285	1128	37.245925	1768	39.5443875	2928	41.5752875	4528	43.808425	7400	45.930975	12448	47.864675	
2200	34.52755	3360	37.0767125	4880	39.139825	6936	41.2719125	10112	43.455625	14688	45.4487375	22296	47.6297125	
328	34.223525	608	36.475625	1168	38.4457875	2960	41.0789	5336	43.3829875	9160	45.5098875	14832	47.7078875	
312	34.202675	624	36.6032	824	38.600475	1288	41.14005	2112	43.3645125	3560	45.502275	6080	47.8193125	
352	34.2144	648	36.8449375	936	38.781175	1608	41.372075	2432	43.575075	4064	45.697425	6824	47.9724	
2216	34.1869875	3432	36.630575	4984	39.197325	7304	41.158825	10400	43.311525	14912	45.333975	22656	47.4785625	
440	34.467975	728	37.007025	1136	39.4544125	2008	41.588975	3288	43.7065625	5184	45.7968875	8936	47.795	
608	34.577675	856	36.9803625	1248	39.3892375	2136	41.408175	3352	43.4087125	5936	45.4269875	10616	47.6264	
520	34.4213875	816	36.901025	1144	39.3492625	1944	41.43755	2992	43.5467375	4792	45.5536875	7600	47.800475	
2224	34.266125	3472	36.710375	4936	39.045325	7040	41.1013	10272	43.4696375	14984	45.512725	22376	47.5895375	
752	34.3735375	1104	36.9248	1584	39.1015	2000	40.9208375	3888	43.2456125	6208	45.124325	11344	47.3700375	
1064	34.48695	1616	37.0495	2456	39.40225	3552	41.34605	5376	43.6171125	8328	45.515325	14104	47.69855	
816	34.8240125	1152	37.0800125	1896	39.557825	2936	41.32375	4352	43.56905	7144	45.4930125	12392	47.634725	
2144	34.6857125	3136	36.92425	4584	39.272925	6904	41.6846875	9688	43.6936125	14200	45.7898125	21048	47.8961875	
920	35.0976125	1320	37.5980625	1952	39.53355	2992	41.5222625	4880	43.5678875	7904	45.6842375	13160	47.7871875	
1792	34.7542875	2752	37.5002375	3848	39.3343875	5848	41.4175	9152	43.573275	14096	45.955425	21112	48.2719375	
1480	35.127025	2104	37.7214125	2992	39.96805	4104	42.125875	6024	44.1383375	9312	46.3194625	13864	48.5719125	
1752	35.5904125	2536	38.108175	3560	40.2371125	5008	42.1891125	7512	44.491575	11400	46.62655	17784	48.9174	
1104	35.4492125	1720	37.83355	2432	40.0701	3656	42.2696	5584	44.303925	9080	46.610925	14608	48.9630125	
1248	35.67355	1760	37.8611375	2544	40.1471375	4224	42.5999	5816	44.5558125	9208	46.9029625	13536	49.092225	
704	36.185725	1288	39.0640875	1784	41.404675	2376	43.8000625	3680	45.8134625	5888	47.856625	9440	50.0697125	
1264	36.5983625	1792	39.2086125	2456	41.4718125	3536	43.8668375	5024	45.9573	7712	48.054075	12208	50.2876625	
624	36.926575	1168	40.11185	1448	42.051975	2184	44.231775	3264	46.2344625	5344	48.3035125	8560	50.3838375	
632	37.106375	952	39.91885	1408	42.0964125	2280	44.554	3200	46.392025	5408	48.606875	9032	50.7042875	
648	37.4448	912	40.3119125	1448	42.3895875	1992	44.6547	2992	46.456425	4848	48.7090375	8056	50.988225	
984	37.749825	1520	40.0442875	2088	42.7703	2992	44.7375875	4336	46.54855	6448	48.6924375	9928	50.6275625	
632	38.156625	1048	40.6591625	1392	43.5057625	1984	45.3014625	3208	47.6811	4864	49.50005	7848	51.5749	
1624	35.8992375	2304	38.19455	3248	40.5224375	4712	42.64	6776	44.8065125	10024	47.1903125	14944	49.4378875	
1928	36.0001875	2640	38.1730625	3928	40.352375	5576	42.622525	8032	44.6075125	11960	46.765975	17864	48.95175	
1872	36.3284625	2624	38.5834625	3816	40.5597625	5384	42.5015	7920	44.55745	11784	46.60805	18056	48.6541125	
1656	35.924375	2664	37.98165	3760	39.995425	5432	42.00235	8368	44.28145	12616	46.6374125	18840	48.8527375	
2152	34.7159125	3152	36.7746375	4440	38.785875	6600	40.7280625	10400	42.983575	15728	45.428675	23104	47.819775	
2168	34.3190125	3248	36.576625	4872	38.65345	7152	40.7420875	10968	42.951175	16056	45.1852125	23048	47.660575	
2608	34.420475	3744	36.910625	5520	38.7731	7736	40.7935375	11704	42.8349125	17744	45.0703375	27088	47.4458875	
2104	34.15635	3096	36.5534	4576	38.6356	6832	40.7382	10512	42.7995125	15800	45.16155	24624	47.643275	
2120	33.8289	3512	36.433	4728	38.555425	7152	40.9124625	10216	43.114875	14528	45.4469125	21256	47.781	
2760	33.51915	4208	36.34115	5792	38.4584	8224	40.7398625	11992	43.03525	17640	45.566275	25240	47.9338875	
2456	34.5420625	3760	37.0121125	5376	39.3348125	7464	41.3927	10672	43.6529	15360	45.9731375	22648	48.5239625	
1880	35.0893	2720	37.9647875	3960	40.413575	5512	42.3334125	7776	44.4878625	11664	46.8727	16952	48.9026125	
1720	35.72985	2544	38.59815	3488	40.553675	5168	42.7430875	7320	44.6320625	10616	46.4283375	16456	48.5712625	
1432	36.1531375	2120	38.7904	2888	40.8764	4176	43.0606	6152	44.98035	9208	47.0965875	14088	49.3479375	
1552	36.6406625	2232	39.063675	3192	41.5855625	4352	43.464625	6256	45.4707625	9408	47.6468125	14128	49.776625	
1104	37.1627375	1576	39.6375	2216	41.906925	3192	43.9774125	4824	45.9132875	7240	47.97105	11088	50.009525	
1208	36.9443	1752	39.448825	2616	41.5485375	4008	43.767175	5752	45.809725	8608	47.91665	13184	50.153275	
1016	37.1399	1480	39.81935	2208	41.77635	2952	44.065225	4184	45.953475	6560	48.186125	9352	50.27275	
1128	37.583075	1704	40.05465	2448	42.2531375	3400	44.502875	4880	46.406075	7120	48.3650625	11472	50.4859	
872	38.0269875	1232	40.0322125	1832	42.345125	2712	44.5697375	4200	46.7577	6608	48.91985	9928	51.123975	
760	38.9665875	944	40.6023375	1568	43.444825	2368	45.7185125	3448	47.7897625	5000	49.851475	7696	52.0148625	
592	39.48175	728	41.34255	1176	43.959225	1680	46.2092375	2512	48.3051125	3824	50.2911625	6136	52.232	
1032	38.133275	1472	40.6229375	2024	43.29695	2840	45.6199125	4136	47.5835625	5968	49.871975	8632	51.6871875	
1056	37.934175	1504	40.0999125	2248	42.525775	3112	44.763075	4504	46.7285625	6784	48.989825	10368	51.1966375	
984	37.879125	1384	40.105475	2000	42.2887375	2992	44.7158	4424	46.7463125	6408	48.961875	9248	50.94265	
1192	37.786575	1752	39.8996625	2584	42.061975	3624	44.5822875	5376	46.64325	7768	48.920125	11776	51.2637	
1848	36.5270125	2680	38.642425	3920	41.0676	5472	43.21185	8056	45.58765	11376	47.7470625	16352	50.3387625	
1296	36.44915	2056	38.8247625	3040	40.90595	4440	43.2120125	6584	45.673575	9344	47.8316375	13328	50.3134125	
1616	36.579375	2256	38.739925	3272	40.975075	4664	43.3118625	6584	45.5106125	9824	47.9411875	14024	50.638275	
1760	36.41095	2448	38.4700625	3600	40.6647	5184	43.3362375	7432	45.6904125	10776	48.0931375	15688	50.8374375	
1976	36.280525	2920	38.561425	4168	40.59895	5792	42.8917	8648	45.3482625	12472	47.97215	17728	50.3021625	
1848	36.0101	2760	38.2787	4064	40.4392375	5944	42.763275	8304	44.834325	11968	47.2213	17080	49.7656875	
1936	36.4890875	2872	38.3444625	4200	40.24925	5856	42.4118375	8688	44.5252625	12704	46.9744875	18728	49.2264	
1464	36.05195	2416	37.9154875	3584	40.1720375	5208	42.2091875	7912	44.38915	11800	46.8290625	17784	49.311275	
2416	36.4379	3336	38.2605375	4872	40.2100125	6800	41.8938	10352	44.37865	15360	46.473475	22856	48.9742875	
1912	36.07505	2736	37.82455	4288	39.9334	6288	41.956475	8840	44.051275	13584	46.2833875	19392	48.6682125	
1608	35.9423125	2328	37.9314875	3536	40.020675	5120	42.0895	7592	44.3011125	11408	46.434	16952	48.7894125	
1120	36.0456875	1704	38.0105125	2584	40.073775	3744	42.1158625	5784	44.5900625	8528	46.5913625	12736	48.9144375	
2040	36.158475	3056	38.2095	4440	40.102275	6320	41.894425	9568	44.272225	13784	46.488675	20424	48.8769125	
1520	35.1034375	2592	37.5577	3824	39.4199375	5888	41.3766125	8848	43.75505	13088	45.957075	18112	48.2979375	
1488	34.8370375	2480	37.205825	3760	39.0944625	5768	41.087125	8544	43.1889875	13120	45.5855375	19496	48.0268875	
1328	35.1418375	1880	37.2435625	3064	39.371425	4608	41.2212375	7096	43.365125	10624	45.4946625	16496	47.9034625	
2400	34.886425	3664	37.1448625	5336	39.117325	8024	41.0701125	11896	43.086875	17680	45.360725	26352	47.6837625	
1344	34.7864375	1912	37.108975	3192	39.0740125	5096	41.1394375	7760	43.1666125	12280	45.4548125	18984	47.711875	
1392	34.9781625	1960	37.2695	2856	39.3165	4368	41.2168375	7144	43.4451	10720	45.6262125	16224	47.931675	
1320	35.5984625	2024	37.9637125	2904	39.8853	4456	41.799775	6848	43.8695625	11016	46.1353	16496	48.3155625	
2176	35.88555	3088	38.0333125	4536	39.8463875	6704	41.8541625	9776	43.975625	14336	46.1721125	21392	48.545425	
1256	35.2980875	2048	37.7341	3176	39.759425	4848	41.78475	7664	43.9949625	11360	46.1179875	16920	48.5626375	
1104	35.7454	1632	38.0606875	2480	40.1318375	3568	42.0576125	5528	44.141975	9088	46.517125	13592	48.688875	
1136	35.8088375	1624	38.1438625	2272	39.96865	3624	42.1341125	5784	44.0147	9080	46.1285125	15008	48.5139625	
1976	35.88045	3040	38.0429875	4488	40.058425	6408	41.9663	9456	44.175725	13568	46.0872625	20560	48.3136	
992	35.0982	1760	37.354475	2784	39.533775	4296	41.584625	6664	43.689525	10448	45.7127625	16640	48.106625	
1464	35.0354125	2104	37.03835	3176	39.2558625	4832	41.335175	7264	43.5732875	10576	45.6830875	15728	48.1124	
1440	34.4964875	2160	36.629325	3408	38.969275	5088	41.0979125	8008	43.315275	12120	45.4887625	17808	47.929425	
2560	34.6507375	3840	36.82865	5912	38.8943625	8712	41.093375	12512	43.139275	18384	45.3096375	27240	47.6344875	
1192	34.435675	2104	36.6911125	3224	38.75165	4856	40.97275	7488	43.1486375	11160	45.379625	16848	47.760775	
944	34.6475	1544	36.9104375	2248	38.9252125	3672	41.158725	5712	43.438775	8112	45.6221375	11280	47.883175	
1000	34.89505	1464	36.9534625	2528	39.1086375	3944	41.3525375	5840	43.4583	9040	45.63975	14136	47.8324	
2336	34.980675	3536	37.1061625	5200	38.894075	7536	41.23215	11480	43.3706	16936	45.5899125	25216	47.7806625	
1080	34.8868375	1824	37.3007125	3000	39.1567125	4144	41.4198625	6760	43.578775	10024	45.837525	14808	48.0241375	
1080	35.01565	1592	37.3770625	2688	39.3668375	3872	41.8019	5928	43.8303	9384	46.0201875	13928	48.0977625	
984	35.1088625	1528	37.5128875	2496	39.2945	3760	41.593075	6024	43.5651625	10280	45.7121125	16448	48.058325	
2368	35.040175	3544	37.0607	5352	39.332775	7712	41.5315125	11064	43.502775	16568	45.6779375	24680	48.0178875	
1352	34.6517375	2576	37.317875	3472	39.3398875	4992	41.5003	7592	43.56865	11648	45.9901875	16552	48.2583375	
1344	34.9151	2152	37.37975	3392	39.6393	5008	41.744625	7592	43.7150625	11424	45.8980625	18072	48.2104375	
984	34.724575	1824	37.2588125	2656	39.4422625	4064	41.489875	6952	43.728125	10544	45.888975	16808	48.1838375	
2376	34.49995	3624	37.1363125	5456	39.0919875	7664	41.4251	11032	43.6739625	16408	45.8128625	24632	48.368075	
672	34.6768875	1104	37.1148875	1672	39.1662125	2952	41.6292125	4400	43.978025	6528	46.11705	9240	48.5844375	
768	34.8794875	1264	37.38445	1816	39.4228875	2728	41.8391875	4280	44.2243125	6800	46.417875	10160	48.705825	
912	34.86115	1352	37.0980375	2384	39.138875	3800	41.7308625	5440	43.7595125	9000	45.9623375	14112	48.296775	
2640	34.7224125	3832	37.333925	5424	39.5610625	7776	41.448225	11200	43.76025	16304	45.7993625	24624	48.2423	
1464	34.8349375	2200	37.3969625	3128	39.411925	4696	41.258	7056	43.45715	11416	45.6555625	18288	47.9400375	
1184	34.8743375	1704	37.2659125	2664	39.2771375	4200	41.3436625	6304	43.7082875	9504	45.942425	13560	48.26815	
1056	34.5092625	1824	37.3023625	2704	39.43345	4392	41.4807625	6600	43.71435	9976	45.873925	14760	48.1605	
2464	34.824625	3680	37.2392375	5208	39.431225	7512	41.3188625	10952	43.6397625	16264	45.8301375	23792	48.12305	
1440	35.408125	1792	37.2259	2840	39.5182	4472	41.7420125	6360	43.842875	10040	46.2008125	14392	48.407075	
1304	35.65375	1952	37.541875	2808	39.7650625	4184	41.93615	6688	44.2899375	9544	46.4449375	13952	48.5761125	
1232	35.13315	2016	37.408525	2768	39.6385	4312	41.6940875	6896	43.9636625	10504	46.1275375	17008	48.3948875	
2320	35.1747625	3536	37.3284875	4952	39.5931125	7328	41.8719125	10240	43.89425	14776	46.1609875	21384	48.2981375	
1248	35.091725	1992	37.456925	3112	39.666875	4352	41.6699125	7072	43.8532375	10256	46.0705	15496	48.2936875	
1520	35.50635	2128	37.6154375	2976	39.5544125	4528	41.7433125	6968	43.770225	10616	45.9279375	15888	48.1735375	
1088	35.5852625	1824	37.8107875	2592	39.90475	4040	41.862325	6104	43.8068875	10024	46.0393125	15872	48.25945	
2256	35.173425	3328	37.4402875	4824	39.7012	6912	41.593475	10248	43.88075	14752	46.01175	22288	48.29835	
1560	35.9059125	2032	37.73085	3192	39.9157125	4624	41.8231375	7272	43.9394125	11112	46.2010625	18024	48.4318	
1264	36.034625	1848	38.2008	2488	40.1817125	4168	42.105175	6184	44.2483625	9720	46.474675	14696	48.889	
1232	36.4141375	1736	38.4878375	2600	40.5293875	3640	42.513775	5592	44.787425	8304	46.930325	12016	49.0993625	
1984	36.29375	2648	38.1849625	3984	40.5456125	5592	42.351875	8224	44.5247125	12344	46.7763	18968	48.9761125	
808	36.3157125	1352	38.4271	2096	40.6304125	3144	42.5331625	5400	44.6523125	8560	46.7252375	14352	48.89535	
816	36.3313375	1288	38.421625	1784	40.590175	2856	42.6954875	4392	44.67765	7088	46.8785	11432	49.0977	
624	36.113025	1112	38.4903375	1648	40.7184	2584	42.7608625	3672	44.8165625	5800	47.0876	8512	49.2317375	
1896	36.1062	2760	38.5511375	3880	40.4883	5752	42.538825	8272	44.702575	12200	46.7340625	18584	48.9243375	
464	35.35705	912	37.8719	1568	40.0510625	2664	42.197475	4304	44.322375	7032	46.3802	11480	48.5750875	
656	35.3250375	1144	37.842425	1680	39.8810875	2984	42.0704	5656	44.2024	10056	46.39345	17600	48.7319	
688	35.907775	872	38.19765	1400	40.326025	2112	42.50045	3552	44.667875	5544	46.763925	8360	49.0154875	
1792	36.0878625	2512	38.1287625	3760	40.2222	5544	42.424725	8320	44.6386875	12144	46.6334875	18528	48.810125	
896	35.5639125	1416	37.7675625	2416	39.919175	3472	42.0847875	5360	44.1024375	8816	46.3968	14088	48.684725	
792	35.5021875	1248	37.7050875	2040	39.9276875	2928	42.0821625	4768	44.2327125	7336	46.5117625	10872	48.7735375	
1056	36.1100625	1408	38.4351125	2264	40.5838	3320	42.5113125	5264	44.5592125	8296	46.634925	12368	48.9003375	
1888	35.918575	2840	38.1461875	4248	40.374075	6144	42.1614	8896	44.3221	13448	46.51165	20008	48.85245	
872	36.084725	1456	38.4075375	1952	40.409475	3360	42.500775	4984	44.5032625	7760	46.7470625	11960	49.0748125	
896	36.5003125	1632	38.9179875	2320	40.9244625	3288	42.7351875	5408	44.8314875	8536	46.87755	13640	49.23475	
848	36.479875	1248	38.7151625	2024	40.8659125	3032	42.8269125	4952	44.860775	7920	46.8994	12512	49.2535375	
1720	36.36595	2512	39.120275	3464	41.0593875	5040	43.1855875	7096	45.2725	10768	47.244375	16080	49.3726125	
496	36.4860125	912	38.8531625	1512	41.016875	2104	42.7176875	3728	44.9485	6408	46.96375	10648	49.1354125	
592	36.801075	784	39.1869375	1032	41.1947125	1832	43.1224	2544	45.183575	4392	47.3387625	6848	49.4650125	
496	36.5647625	912	39.2209125	1424	41.0445625	2512	43.35795	3864	45.4831625	6200	47.5882125	10040	49.658925	
1608	37.2475875	2280	39.0877125	3272	41.2472875	4752	43.32465	6832	45.42025	10160	47.50995	14864	49.4416375	
760	36.7152125	1088	38.9111625	1744	41.0590625	2688	43.0113625	4296	45.0229125	7016	47.1206125	11688	49.2893	
976	36.761375	1472	39.0884	1944	41.00665	3376	43.1526875	4736	45.10185	7640	47.242275	10968	49.3070125	
888	36.8601875	1136	39.0471125	1824	41.3419	2736	43.134675	4216	45.147	6584	47.178675	10296	49.304325	
1688	36.6805625	2504	38.9464625	3456	40.7018125	5024	42.775125	7712	44.8991375	11288	46.950225	16960	49.0438875	
832	36.473025	1288	38.7062625	1952	40.668175	2944	42.6090625	4632	44.66685	7512	46.81645	12560	48.988475	
600	36.377675	896	38.4496	1552	40.5765625	2296	42.48345	3808	44.6424	5776	46.8905625	8712	49.032825	
832	36.58995	1224	38.75885	1880	40.6869875	3112	42.942575	4896	44.8120125	7936	47.05295	12568	49.08065	
1624	36.3912625	2424	38.5367625	3680	41.066925	5256	42.94355	7848	44.8344625	11432	46.9472625	17152	49.0188125	
544	36.110075	888	38.299575	1368	40.9049	2120	43.0251	3464	44.871	5960	47.2091625	9328	49.21195	
408	36.261825	576	38.2550125	1040	40.8969	1616	42.9976375	2976	44.9941625	4536	47.056975	7136	49.08915	
424	36.13565	728	38.2707625	1136	40.998925	1864	43.1809875	3112	45.0984125	4840	47.225875	7896	49.2446625	
1496	37.0485125	2328	39.3507	3264	41.1940375	4712	43.3399875	7040	45.4729875	10048	47.202825	15488	49.3204625	
560	37.6963	848	39.6723	1360	41.9505375	2016	43.854925	3248	45.68115	5520	47.650625	9376	49.6209875	
392	37.705675	944	40.2903625	1384	42.0106	1920	43.8326	3440	45.807225	5592	47.6408375	9312	49.680475	
736	37.9750125	1128	40.26015	1512	42.03255	2456	44.049125	3560	45.9075375	5616	47.89525	9048	50.034675	
1432	37.7067375	2080	39.8367125	2976	42.086725	4288	44.0643	5976	45.8957375	8816	47.8796625	13224	49.7549625	
608	37.66035	784	39.7769125	1336	41.7725875	2072	43.7348125	3440	45.809025	5912	47.7518375	9512	49.7664125	
544	37.6348125	816	39.76475	1208	41.8165625	1856	43.7782	3008	45.9493625	5216	47.995375	8584	49.918025	
488	37.0206375	896	39.17415	1512	41.3008625	2352	43.35965	3552	45.437375	6008	47.6692625	10088	49.6338625	
1528	37.3924	2216	39.8126375	3088	41.52955	4496	43.4467125	6504	45.4819375	9632	47.8133875	14808	49.9097625	
608	36.949575	864	38.98255	1464	41.281125	2304	43.2360375	3880	45.4679375	6240	47.6651	9824	49.7577625	
800	36.7481375	1152	39.1206125	1600	41.208675	2440	43.3347375	3848	45.4441	6024	47.5993625	9616	49.735425	
648	36.545375	904	38.743075	1392	40.817125	2176	42.9515125	3784	45.1998375	5872	47.44875	9160	49.6531	
1656	36.607225	2256	38.5697	3464	40.9044375	5008	42.8887375	7176	45.1014	10976	47.3311625	16280	49.414925	
496	36.22865	1152	38.7019	1824	41.1814625	2896	43.0349375	4664	45.2326625	7056	47.33765	10368	49.3264625	
776	36.109175	1312	38.7565625	1648	40.995625	2800	42.8797625	4248	45.171375	6280	47.1820125	9592	49.3290375	
816	36.25925	1256	38.8048375	1984	41.085975	3000	43.1342	4792	45.0865	7304	47.1783375	11264	49.37725	
1640	36.475375	2416	38.7069875	3336	40.991175	4864	42.8807	7296	45.1487625	10688	47.19125	16160	49.3405375	
1248	36.3532375	1696	38.2433875	2656	40.81975	3552	42.5709625	5904	44.9351	8760	46.9979875	13640	49.2147375	
864	35.9888	1240	37.9784875	2168	40.8414	3384	42.7176125	4968	44.9769125	7528	47.130325	11680	49.293975	
880	36.0684125	1480	38.2534125	2128	40.718125	3296	42.7084625	5536	44.9371375	8536	47.1013375	13336	49.397825	
1696	35.768825	2536	38.570725	3504	40.593625	5048	42.6245875	7624	44.9925875	11120	47.0039625	16672	49.2812875	
1248	35.713975	1792	38.06245	2824	40.38065	4240	42.6587125	6120	44.731275	9424	47.084325	13720	49.3707625	
880	35.6739625	1448	38.113375	2200	40.4942	3352	42.769	5200	44.878725	8224	47.2621125	12040	49.6354375	
656	35.6963	1120	38.1459625	1744	40.63345	2760	42.8593375	4024	44.8832375	5912	47.3254375	9040	49.7157125	
1560	35.9677125	2392	38.6884375	3432	40.9038625	4840	42.9786125	6856	45.078725	10256	47.2471625	15984	49.5279875	
1064	36.126275	1640	38.891675	2352	41.235325	3344	43.337375	5032	45.6552625	7920	47.9993	11168	50.3733875	
952	36.3583375	1608	39.1492875	2440	41.0955875	3704	43.405425	5608	45.3732	8656	47.7346	13176	50.2967375	
1200	37.602475	1704	39.9408125	2360	41.9434125	3520	44.23605	5264	46.38505	7496	48.4585375	11240	50.7427875	
1640	37.1006375	2304	39.5679	3256	41.73445	4624	43.7306	6640	45.6238	9648	47.8984	14536	50.37755	
1248	36.828175	1880	39.5022375	2600	41.4376625	3712	43.5800625	5728	45.6192375	8320	47.723375	12144	50.1286	
1264	37.0886125	1632	39.418175	2368	41.121625	3688	43.4959375	5544	45.6156125	8456	47.757975	12224	50.02625	
1056	36.71635	1632	39.218575	2568	41.18995	3912	43.3277625	5992	45.4792125	9200	47.6897125	13656	49.851775	
1776	36.804925	2728	39.261675	3968	41.266725	5736	43.417225	8248	45.4031125	12104	47.629225	17808	49.8558375	
1224	36.6332375	1864	39.2534875	2984	41.502775	4200	43.3858875	6624	45.6162875	9448	47.969475	13120	50.1810125	
1240	36.7030375	1912	38.8065625	2840	41.052275	4312	42.962075	6312	45.2006625	9688	47.503225	14048	49.7796375	
1008	35.6828875	1824	38.3837875	2864	40.5221625	4264	42.707575	6336	44.9769	8920	47.0700625	13072	49.4197375	
2248	35.190375	3384	37.7273625	4736	39.8363625	6656	41.7855	9744	43.9562625	14280	46.2419875	21576	48.581925	
1504	35.10505	2272	37.389375	3496	39.771925	5032	41.812575	7528	44.1662875	10944	46.3241375	16552	48.573575	
1688	34.9152125	2528	37.054425	4072	39.6082	5688	41.510825	8976	43.7849375	13312	46.1309625	19208	48.4099375	
1832	35.0806125	2648	37.1871125	4032	39.75975	5736	41.7267125	8552	44.189975	12088	46.5298375	17752	48.91705	
2464	35.0785875	3600	37.63465	5112	39.7383	7224	42.0330625	10304	43.925475	15208	46.2663	22576	48.6036625	
1304	35.5067875	2216	38.146575	3128	40.2924875	4512	42.3442	7016	44.439675	9920	46.599775	14960	48.9137125	
1296	35.756525	2080	38.2961375	3072	40.6169125	4416	42.867575	6528	45.018875	9128	47.1760375	13448	49.477	
1360	36.4966375	1656	38.8325625	2576	41.169175	3520	43.2929625	5328	45.44865	7952	47.590825	12248	49.763225	
1488	36.6941625	2344	39.34905	3272	41.41285	4448	43.6594875	6496	45.8108625	9192	47.7743625	14336	50.19875	
968	37.5483625	1528	40.1927375	2000	42.525475	2816	44.774875	4224	46.8127	6040	48.4591125	9232	50.7174625	
1080	38.5507	1304	40.9838375	2032	42.749875	3056	44.9890375	4136	46.813625	6136	48.6597125	9792	51.03845	
960	37.6836625	1488	40.2479875	2240	42.43155	3272	44.4295	4944	46.5109125	7312	48.5284875	11328	50.735625	
1256	37.3889375	2016	40.1431	2728	42.081975	4136	44.3601875	5704	46.4349	8312	48.7420875	12000	50.766725	
1288	37.2632375	2008	39.83745	2808	42.012325	3968	44.15285	5896	46.197075	8392	48.31335	12208	50.5552125	
1264	36.3844875	1976	39.4218625	2728	41.4077375	4240	43.45355	6192	45.4905875	9288	47.6809875	14080	49.9876125	
1288	36.8336875	1872	39.1910125	2720	41.292375	4160	43.4369	6032	45.469725	9272	47.8140875	14184	50.115175	
1704	36.6794375	2360	38.9643125	3392	41.276625	5168	43.4189625	7360	45.5982875	10712	47.795425	15544	50.0267875	
1312	37.0371375	1944	39.2839	2856	41.5454625	4216	43.90635	5896	45.8447125	8560	47.9604875	12288	50.27475	
1328	37.3143	1736	39.2931375	2800	41.8952	4128	43.9259375	5968	45.9565	8896	48.0505625	13000	50.4842875	
1288	36.354225	2112	38.8906625	3216	41.30695	4656	43.5072375	6864	45.5885375	10208	47.8297	15056	50.3225375	
1784	37.0237375	2632	39.0880125	3744	41.5061125	5152	43.5113	7384	45.508425	10936	47.7999625	16192	50.2551875	
1600	36.6930625	2384	38.8843875	3488	41.1474	5296	43.225325	7384	45.34625	10872	47.7151	15928	50.2164625	
1352	37.1912125	2008	39.556925	2960	41.834525	4240	43.882775	6048	45.8209625	8528	48.2369375	12200	50.4824875	
1216	37.048175	1856	39.654075	2912	42.126675	4216	43.974425	5920	46.01325	8528	48.3200125	12336	50.7301375	
1368	37.5986125	1960	39.6292	2808	41.9442125	4120	44.1283375	6152	46.2980125	8952	48.46265	13032	50.59555	
888	37.6296125	1312	39.93225	1888	42.1919	2920	44.4203875	4496	46.5896375	6504	48.5827	10048	51.017775	
960	37.7261125	1520	40.2318625	2312	42.6815875	3184	44.6363	4688	46.7671	6760	48.9034625	9904	51.3232625	
1048	38.2556625	1488	40.2707125	2144	42.7189	3248	44.883275	4768	47.0716375	6912	49.368825	9976	51.4494875	
1264	38.3957125	1824	40.6834875	2616	42.705275	3648	44.524775	5376	46.999725	7968	48.967475	11640	51.3972375	
600	38.3212	872	40.43655	1296	42.537925	1864	44.1899125	3528	46.761875	5104	48.8681625	7400	51.1609	
656	37.5569625	1032	39.838175	1640	42.2941375	2520	44.23875	3616	46.4761125	5464	48.628275	8168	51.0177875	
808	37.2161875	1104	39.562175	1720	42.008625	2408	43.8292625	3816	46.0236	6168	48.29325	9800	50.6798625	
1664	37.3719125	2352	39.7043875	3384	41.71125	5008	44.15045	6840	46.121575	10112	48.369075	14936	50.7778	
800	37.1470625	1096	39.3725375	1696	41.2807625	2616	43.893175	4016	45.9873	5832	48.224425	8968	50.720575	
856	37.060925	1296	39.451125	1944	41.2394875	2744	43.58345	4120	45.66815	6656	48.0642375	10304	50.2661125	
896	37.0143375	1256	39.3457	2016	41.1960875	3024	43.5138	4648	45.4851875	7432	47.9656	11496	50.2819625	
1688	37.0188	2496	38.999725	3400	40.9535	4912	43.1392625	7192	45.59725	10768	47.6877625	15944	50.0367875	
960	36.765975	1488	38.7273625	2328	41.2783125	3056	43.0003125	5168	45.33435	7752	47.542675	12008	49.91185	
920	36.6306125	1528	38.53415	2272	41.0194375	3376	43.0701	5088	45.2606375	7496	47.60345	11072	49.803625	
1032	36.6651375	1528	38.6774	2416	41.0022	3592	42.919975	5552	45.2942	8400	47.4856875	12912	49.9103875	
1672	37.0674875	2488	39.093225	3656	41.4804375	5056	43.428725	7160	45.5823875	10464	47.530275	16104	49.9685	
840	36.8111875	1176	38.788475	1832	41.1739375	2920	43.3476125	4344	45.60955	6760	47.6455	10488	49.967925	
1216	37.077575	1720	39.17045	2424	41.58165	3672	43.61085	5288	45.753	7536	47.857125	11416	50.347975	
896	36.8312875	1304	39.116075	2008	41.5932	2840	43.43855	4440	45.7531	6864	48.09875	10360	50.6446	
1368	37.7283375	1904	39.6067625	2768	42.1986625	3944	44.2484375	5728	46.266825	8400	48.4476875	12600	50.7794	
672	38.008025	992	39.780875	1448	42.1496125	2024	44.0355125	3352	46.1903625	5408	48.5076875	8680	51.0088875	
576	38.551825	888	40.5504375	1296	42.4506	1808	44.0381375	3336	46.8022625	5064	48.9790375	7896	51.327925	
504	38.6442375	616	40.631275	872	42.656825	1520	44.444825	2624	47.202225	3856	49.23775	6456	51.5642625	
1144	38.9627	1664	41.3267125	2216	43.05245	3144	45.0105125	4688	47.0724375	6832	49.2197125	10176	51.4758625	
616	38.69	760	40.98485	1104	42.8033125	1688	44.8853125	2664	47.1136875	4256	49.1478625	6576	51.3204875	
536	38.78305	784	41.33315	1152	42.87485	1712	45.0595375	2432	46.8957625	4152	49.1986125	6480	51.5044375	
736	38.7093	1040	41.041575	1392	42.832825	1936	44.9553625	2720	46.6546625	4216	49.0634875	6736	51.4792875	
1320	38.8157125	1784	40.583675	2488	42.721175	3480	44.52015	5208	46.9578	7704	48.8975125	11792	51.1640375	
552	38.2201625	904	40.141125	1408	42.497625	2152	44.510525	2960	46.8826	4504	48.844325	7000	50.9426875	
840	38.089075	1152	39.871975	1616	41.9411625	2624	44.0854375	3920	46.310775	6176	48.4350875	9624	50.8555	
592	38.024225	896	39.9124875	1576	42.3454125	2336	44.2228375	3664	46.5529125	5456	48.62075	8424	51.033025	
1552	38.2690625	2088	39.7879375	3104	42.07675	4288	43.984175	6416	46.1452625	9104	48.2686125	13672	50.4982375	
1040	37.6935875	1456	39.8046375	2152	41.60165	3120	43.62335	4512	45.856	6896	47.9394125	10848	50.261575	
832	37.5788625	1216	39.8198375	1968	41.8553875	2824	43.9480875	4216	46.17055	6336	48.188775	9392	50.6473875	
896	37.7844	1264	40.02555	1776	41.9928	2840	44.1678125	3912	46.2310875	6192	48.3778125	9136	50.7676375	
1368	38.5634125	1912	40.4999875	2616	42.5757125	3624	44.606025	5336	46.5360875	7736	48.6117875	11888	50.92205	
752	38.188425	1192	40.56505	1792	42.4570875	2680	44.722325	4024	46.7275	6136	48.8957875	9672	51.197325	
608	38.2779	824	40.317025	1440	42.500175	2216	44.82645	3344	47.0424875	5168	49.2099	8104	51.4444625	
528	38.38855	792	41.1100875	1240	43.101775	1776	45.0493375	2936	47.312975	4616	49.2952625	7952	51.4541	
1128	39.1914125	1568	40.9650125	2136	43.0874	3080	45.4479625	4320	47.894275	6288	49.7035625	9800	51.8977625	
520	38.7951125	800	40.6923375	1456	42.8715	2280	45.2956875	3312	47.7661375	5040	49.900525	7280	52.003375	
680	38.8872625	1112	40.909975	1600	43.229125	2472	45.73685	3376	48.010275	5144	50.04015	7856	51.963425	
816	38.8374	1072	40.5135125	1712	42.7776375	2504	45.1271375	3744	47.589725	5856	49.6274	9192	51.7966375	
1240	38.541175	1696	40.518025	2488	42.56555	3536	44.7713	5048	47.2835	7224	49.189125	11016	51.656575	
792	37.83065	1040	40.078325	1736	42.0982625	2480	44.3055375	3936	46.9356625	6144	48.92265	8944	51.0287	
632	37.5257625	944	39.701075	1504	41.851725	2472	44.247625	3760	46.7077625	5984	48.8977625	9120	51.154375	
1032	37.8795125	1472	40.157775	2096	42.1744125	2944	44.34675	4312	46.902775	6536	49.0824625	9464	51.3732	
1440	37.5218375	2104	39.8342375	2912	41.7966875	4240	43.8100125	6312	46.2548125	9184	48.2378625	13936	50.6657375	
888	37.1291375	1200	39.271925	2032	41.82535	2848	43.7084625	4216	46.03535	6696	48.0094375	10416	50.2041125	
856	36.7852125	1328	39.069075	1800	41.3197375	2800	43.46075	4224	45.6934125	6776	47.864525	10856	50.1480625	
880	36.6699875	1432	39.2312875	1792	41.255825	2928	43.713425	4072	45.7869125	6256	47.8746125	9416	50.180175	
2224	37.069475	2936	39.1750125	3952	41.5317375	5304	43.5352375	7400	45.615875	10520	47.7108875	15776	50.050925	
592	36.7469875	832	38.7062875	1232	41.2729875	1968	43.308625	3096	45.5303125	4944	47.6323375	8056	49.82085	
648	36.54805	1048	38.8525	1384	41.144575	2032	43.2522125	3152	45.4837375	4856	47.5861125	7952	49.9929625	
624	36.70165	936	38.7337625	1488	41.09405	2072	43.293375	3200	45.5480625	4960	47.6948125	7832	50.14475	
1824	36.4942125	2472	38.6147	3664	41.1672	5104	43.259875	7400	45.191525	10768	47.37025	16104	49.618125	
552	36.3343125	976	38.8241	1336	41.2530125	2128	43.5042625	3296	45.4946	5368	47.7262125	7960	49.9653875	
784	36.9134125	1152	39.1935125	1752	41.576475	2584	43.62105	4128	45.7243125	6032	47.84235	9664	50.1195375	
712	36.87995	1120	39.663475	1552	42.055625	2320	43.9352	3648	45.989975	5512	48.1926375	8368	50.4297	
1464	37.535675	2040	39.54815	2904	41.7893125	4296	44.0792125	6168	46.1068625	8968	48.086575	13464	50.3636625	
648	37.6456	976	40.0226375	1424	42.3539125	2048	44.4537125	3352	46.5959625	5184	48.6605625	7560	50.9823125	
680	37.7188875	1072	40.1056125	1656	42.7605375	2496	45.0807375	3648	46.89085	5640	49.076	8736	51.2853625	
672	38.2946	936	40.5914125	1304	42.8559	1896	44.9974	2928	47.0021125	4648	48.9969	7408	51.2641375	
1208	37.92575	1784	40.28685	2432	42.6846	3384	44.7461125	5136	46.992525	7464	48.8706625	11432	51.20795	
600	37.8970125	792	39.8631875	1312	42.623175	2160	44.879725	3168	46.9330875	4808	48.8907375	7272	51.1844125	
752	37.5757375	1080	39.966275	1656	42.356325	2512	44.647425	3752	46.80625	5536	48.8087625	8064	50.9868375	
952	37.5607375	1360	39.6976625	1944	41.941375	2896	44.0205	4384	46.428575	6472	48.39745	9400	50.6131125	
1416	37.6752125	1976	39.9681375	2784	41.919	4000	44.11735	5680	46.3551625	8352	48.46415	12608	50.5529375	
968	36.9653125	1392	39.60255	2088	41.6840375	3216	43.83295	4792	45.8677	7448	48.2398375	11632	50.518925	
880	36.972175	1216	39.692275	1944	42.0158	2840	44.262825	4464	46.3495375	6672	48.5874	10216	50.878825	
928	37.5442125	1208	39.8187625	1744	42.2481625	2664	44.5682375	4040	46.5955125	6152	48.8569375	8992	50.96985	
1192	37.9913875	1688	40.4803125	2312	42.44155	3312	44.643475	4752	46.8708375	7280	49.0205125	10864	50.9854	
584	37.9252125	944	40.8892125	1552	42.9697875	2088	44.7153	3304	47.0740375	5328	49.3608	7816	51.4758	
552	38.7202375	928	41.3026625	1376	43.340325	2104	45.585375	3152	47.8370875	4920	49.641175	8120	52.2224875	
608	38.782025	808	40.8618625	1344	43.8273375	1824	45.7720125	2784	48.0768625	4400	50.0408375	6640	52.0904625	
928	39.542325	1152	41.2625375	1736	43.65275	2480	45.716525	3656	48.205775	5128	50.0173375	7920	52.1274375	
496	39.08205	728	40.9038625	1128	43.505725	1688	45.5384125	2616	48.11025	4072	49.9208	6296	51.9603625	
576	38.65255	744	40.646275	1224	43.3731	1744	45.4081875	2560	47.621675	4280	49.4887125	6936	51.3533125	
464	37.8731375	912	41.2367375	1208	43.008825	1936	45.098625	2960	47.6373875	4848	49.5028875	7560	51.5206875	
880	39.1189125	1248	41.2406625	1776	42.873225	2712	45.0921	3928	47.1645375	6048	49.2945125	9488	51.2762875	
408	38.8975	632	41.2137125	1024	43.1068375	1512	45.199725	2720	47.2453625	4360	49.164625	7024	51.2562375	
496	38.80495	800	41.2106625	1352	43.4717625	1840	45.4264625	2944	47.0017875	4760	49.253225	7664	51.2127125	
384	38.5819875	720	41.506	1048	43.251875	1872	45.4316625	3120	47.372725	5104	49.5490625	7856	51.682175	
944	38.9645625	1304	41.0123875	1968	43.02085	2984	45.033125	4296	47.2055875	6512	49.2173375	9960	51.435075	
432	38.1363375	800	40.6063375	1344	43.010675	2056	45.0452875	3144	47.2677375	4640	49.1884	7312	51.2049625	
600	37.8849125	1080	40.302575	1696	42.82545	2376	44.685725	3616	46.9959375	5664	49.1977125	8832	51.2601375	
744	37.5204625	1048	40.2058125	1776	42.4535375	2688	44.5706375	4016	46.6310375	6280	48.707375	10016	50.9233625	
1096	38.164025	1592	40.4709625	2272	42.74975	3352	44.995125	4672	47.00815	6880	49.176975	10512	51.321425	
560	38.1993125	872	40.7192125	1328	43.0243125	2000	45.271175	3128	47.1462125	5024	49.210775	7664	51.4372625	
648	37.7525875	944	40.233875	1544	42.7637875	2296	44.8668375	3616	47.0128125	5472	49.0587625	8648	51.359725	
480	37.1786375	824	39.8354875	1392	42.5711875	1848	44.8568625	3192	46.9678875	5184	49.0443	8264	50.974775	
1152	37.667425	1680	40.2379875	2368	42.593725	3400	44.9816875	4944	46.9507875	7264	48.9002	11064	50.962925	
672	37.7649125	984	40.091775	1432	41.9865625	2240	44.2418625	3408	46.233925	5328	48.4314875	7984	50.61655	
832	37.2138	1112	39.951575	1568	42.0823875	2560	44.5188875	3600	46.191475	5584	48.328625	8704	50.4714875	
1040	37.2626625	1504	39.988225	2224	41.9445875	3280	44.2419625	4768	46.3007375	6992	48.3053625	10832	50.74255	
1280	37.34235	1808	40.1969125	2448	41.8399625	3584	43.980025	5104	45.98445	7704	48.2378375	11696	50.4930375	
1176	37.7743625	1592	40.073575	2224	42.136025	3112	44.0735	4536	46.2203125	6696	48.2900125	10096	50.232425	
1360	37.3155625	1944	39.9952	2656	42.036425	3744	44.0825375	5224	45.9965375	7656	47.8786125	12056	50.041625	
1256	37.1911875	1760	39.581125	2424	41.544175	3680	43.8957625	5216	45.84615	7640	47.6899	11728	49.694225	
1552	36.5351125	2200	38.9238875	3144	41.27745	4256	43.2743625	6344	45.27405	9112	47.0627625	13976	49.0668125	
1160	36.14025	1784	38.966475	2528	40.943175	3968	43.108725	5720	45.1095125	8760	46.9109	13784	48.8936375	
1168	36.3652375	1664	38.79515	2496	41.0056125	3592	42.997	5296	45.05945	7984	46.988175	13440	49.1217125	
1040	36.470175	1656	38.87015	2304	40.5951125	3416	42.867975	5368	44.9244375	8200	46.8595	13152	48.9220625	
1568	36.4482125	2200	39.2603625	3032	41.2933375	4128	43.3518125	6200	45.3049	8880	47.15205	14120	49.269825	
704	36.796475	1016	39.2745125	1552	41.7037125	2312	43.60675	3688	45.621175	5520	47.535175	8560	49.386975	
744	37.3986125	968	39.6488625	1368	42.0575125	2032	44.0803875	2960	45.9109125	4528	47.7	7736	49.61075	
704	37.8822125	1032	40.20505	1376	42.406725	2240	44.4260375	3328	46.0073	5296	47.775975	8856	49.6397375	
1144	37.8210875	1576	40.51	2056	42.8688125	2880	44.744825	4128	46.636175	6016	48.4895625	9408	50.249275	
520	37.63875	816	40.469	1280	43.0026375	1912	44.5567625	2968	46.517025	4792	48.51395	7920	50.424175	
616	38.0818875	928	41.0244875	1336	43.0939125	2008	45.1421375	3072	46.894425	4688	48.6792625	7672	50.4920125	
672	38.756875	1024	41.409125	1440	43.7022	2032	45.2065125	3040	46.9731	4696	49.0305125	7480	50.7820875	
936	39.09625	1208	41.5189125	1648	43.805475	2200	45.6682875	3288	47.708025	4784	49.473725	7632	51.411925	
488	38.55725	936	41.882725	1440	44.06455	1912	45.9026	2728	47.61755	4152	49.416325	6936	51.365175	
528	39.0383875	864	41.9787875	1264	43.89595	2048	45.991375	2776	47.8215	4384	49.586775	7048	51.4472	
472	39.466075	624	41.883625	1080	44.2593125	1712	46.3440125	2480	48.191725	3840	50.048075	6544	52.1030125	
792	39.4131	1080	41.729725	1528	44.5411	2056	46.222075	3048	48.0576625	4448	49.987625	7112	51.850075	
288	39.0577125	688	41.8765625	1032	43.8190125	1632	45.943825	2672	48.16835	4168	50.1668125	6776	52.067325	
464	39.3411	640	41.6438375	1176	44.178625	1640	46.2406125	2496	48.152125	3952	50.15495	6472	52.2027375	
480	39.7218625	728	42.5416125	1048	44.6998	1456	46.4945	2200	48.579325	3736	50.3395625	6120	52.4630625	
576	40.423325	848	42.366475	1184	44.363275	1840	46.6705	2624	48.551475	4096	50.7049125	6376	52.56475	
464	38.1047125	816	40.8327625	1560	43.6115	2088	45.5443375	3104	47.9166125	4680	49.861725	7200	52.0514625	
488	37.4691	704	40.0363625	1136	42.0147875	1984	44.4878375	3392	47.0357375	5392	49.1207125	8496	51.474475	
576	38.164825	928	40.6146	1392	42.94025	2008	44.773225	3152	47.3147875	4840	49.2606875	7712	51.296175	
688	38.8191625	1056	41.3472875	1552	43.3190875	2312	45.309775	3432	47.6782875	5056	49.6608	7976	51.7030125	
320	38.5489875	544	40.805675	992	43.3081375	1520	45.42255	2352	47.84835	3928	49.849425	6216	51.962525	
296	39.738025	504	41.7476625	832	44.5008625	1224	46.31775	1960	48.6397375	3320	50.51255	5152	52.4224375	
344	38.78655	656	42.1311	1032	43.7820875	1688	46.015325	2504	48.046475	4008	50.0866125	6608	52.1746125	
648	40.061275	912	41.97605	1344	43.92955	1912	46.2876	2848	48.4249	4392	50.5992625	6608	52.4444375	
320	40.1129	480	42.2561	904	44.748975	1424	46.8959625	2208	48.9192625	3472	50.99785	5728	52.948175	
464	39.3165	736	41.8686875	1016	44.1098125	1592	46.5556125	2520	48.6841	3688	50.274175	6032	52.4396	
232	39.2123875	432	41.6447875	832	44.2618625	1328	46.9703375	1904	48.8144125	3160	50.75835	5192	52.7669125	
448	41.6840375	592	43.375075	896	45.894425	1240	47.829025	1944	49.9344875	2960	51.8215	4688	53.8806375	
144	40.983475	320	42.3895625	648	45.6203	824	47.38955	1440	49.5364375	2448	51.5484	4288	53.581	
192	41.0451125	392	43.3330125	544	45.65045	760	47.28595	1328	49.772	2224	51.5382875	3696	53.5371375	
120	40.9523125	216	42.56015	488	45.1518	824	47.439275	1496	49.8604625	2376	51.88095	4336	53.9453875	
440	41.3957125	608	43.3455625	880	45.7816375	1240	47.7675	1888	50.11385	2792	51.99725	4608	53.9776	
96	41.0332	192	42.6547	432	45.0312375	744	47.629	1128	49.5871625	1768	51.307325	3368	53.5550875	
136	40.801025	336	42.927125	504	45.242975	736	47.0873	1368	49.5935875	2312	51.4617375	3896	53.6487	
112	40.330875	200	42.628875	376	44.9356125	704	47.1432625	1128	49.4156375	1920	51.3088	3240	53.3544125	
464	41.150725	712	43.4860875	1016	45.734525	1440	47.7045125	2088	49.9037375	3056	51.6823625	4808	53.5020375	
264	41.1480625	352	42.9511	472	45.22225	784	47.2578125	1296	49.460825	2360	51.4622375	4384	53.5373125	
160	41.01505	280	42.7765	552	45.202925	704	47.032025	1304	49.18115	2280	51.2836375	4168	53.3720875	
128	40.3773625	312	42.652175	632	44.8333375	976	47.0889375	1400	48.88985	2464	50.9314	4136	53.0766	
648	40.341325	928	42.505075	1272	44.3540375	1896	46.4303125	2904	48.743775	4232	50.6139875	6624	52.8018875	
408	39.0068375	680	41.5087625	1152	44.0173875	1720	46.1392	2616	48.29475	3984	50.1542875	6608	52.2618875	
480	38.957875	688	41.6844125	1064	43.8556875	1600	45.8979375	2456	47.8530125	4200	50.091675	6808	52.301375	
416	38.364225	608	41.664575	920	43.70135	1424	45.933425	2392	48.0620875	3624	50.0917375	6000	52.2042625	
792	39.4318125	1120	41.746175	1656	43.96705	2400	45.80765	3520	47.8913	5200	49.903725	8104	51.9108125	
400	39.554525	632	41.593875	920	43.69055	1320	45.5649875	2328	48.0272375	3360	49.872375	5384	52.0111875	
472	39.2763	696	41.74795	1144	44.0627625	1840	46.141175	2704	48.2066	4232	50.168275	6416	52.3025	
376	38.7781625	736	41.7952875	1112	44.25555	1656	45.964275	2616	48.3567	3928	50.026175	6784	52.5844875	
632	39.477025	968	41.8814375	1312	44.39705	1944	46.191825	2728	48.241275	4240	50.2882625	6832	52.7440625	
304	39.1040375	512	41.814775	848	44.04295	1400	46.0630625	2184	48.1924	3680	50.15225	5952	52.4259	
208	38.6793625	560	41.647025	912	44.1156	1336	46.10545	2032	48.0261125	3528	50.2131375	5976	52.3931625	
224	38.9609125	448	41.5490375	736	44.057325	1280	46.3322625	1880	48.17665	3168	50.354125	5216	52.332475	
664	39.4299375	1016	41.658525	1456	43.7084875	2096	45.790625	2960	47.9444375	4608	49.9024125	7448	51.72635	
248	38.1485875	520	40.7255625	832	43.1536	1328	45.5035875	2312	47.76325	3656	49.6361375	6456	51.8291125	
344	38.16485	480	40.834875	784	43.453325	1192	45.68715	1928	47.7905	3232	49.5707	5552	51.8209125	
544	38.4993875	608	40.7156125	744	43.015725	1280	45.22175	2384	47.6328125	3848	49.5032625	6456	51.657225	
680	38.8078625	936	41.51035	1504	43.5187625	2216	45.52365	3224	47.778675	4936	49.746525	7728	51.7933375	
312	38.4146875	472	41.392675	704	43.1804125	1272	45.1467125	2248	47.4369625	3720	49.399075	6344	51.621	
240	38.491125	440	41.3810875	720	43.08695	1120	45.2266125	1856	47.367125	3296	49.5366	5472	51.5758125	
312	38.7543	528	41.7486625	960	43.6536125	1264	45.4257625	2184	47.8046875	3576	49.745825	6232	51.8388375	
648	39.269425	936	42.13135	1384	44.3173875	2024	46.1055625	2912	48.1990625	4408	49.915475	6920	51.8627625	
272	38.84655	544	41.5783375	768	43.72505	1088	45.5546375	1720	47.6269	3088	49.453475	5592	51.555475	
280	38.5334125	456	41.0364625	608	43.220475	1216	45.5261375	1936	47.5168875	3272	49.4728125	5448	51.5834625	
296	38.40905	552	41.0002	880	43.03975	1400	45.5105875	2232	47.3288	3992	49.6099375	6176	51.6032125	
600	39.9147875	872	42.1931875	1312	44.49035	1856	46.095975	2792	48.2330875	4256	50.151375	6856	52.1408125	
136	40.1497625	272	41.8379	536	44.029775	1040	46.08055	1800	48.0552375	3264	50.3777	5368	52.6011375	
392	40.195875	688	42.5827125	880	44.8222625	1424	46.7726125	2264	48.5723625	3416	50.4543625	6272	52.7504625	
536	39.46425	832	41.797925	1048	43.9798375	1584	46.2117625	2520	48.117975	3952	49.96675	6656	52.3751375	
880	39.64025	1168	42.316125	1592	44.015075	2192	45.941375	3232	47.9954	4856	49.866675	7720	51.8718375	
584	39.2267625	848	41.0861125	1192	43.1689	1920	45.5050375	3040	47.638225	4744	49.6676875	7480	51.8515125	
464	39.0792125	784	41.62745	1072	43.660975	1608	45.80025	2488	47.993625	4072	50.051825	6456	52.2247625	
288	39.1958625	448	41.8604375	616	44.035075	1120	46.0332	1680	48.1913875	2840	50.089575	4624	52.2821875	
720	39.7283375	992	42.33475	1240	44.7272625	1824	46.5451875	2528	48.4967875	3912	50.5044125	6584	52.6930375	
336	39.54685	376	41.8987125	624	43.994625	1096	46.1798375	1856	48.2204	3136	50.2497625	5360	52.5053	
280	39.3110125	272	41.6648	584	44.3039125	800	46.0575625	1480	48.3466625	2704	50.2718125	4528	52.5275625	
304	39.449425	368	42.1572375	616	44.7146375	776	46.4878375	1288	48.761275	2352	50.553025	4104	52.6106625	
600	40.4685625	832	42.7903125	1136	45.04335	1448	46.7556625	2248	48.9560125	3488	50.94375	5752	53.1615625	
248	40.8817125	360	43.294825	528	45.1364	712	47.0486625	1352	49.2737625	2376	51.1939625	4048	53.3775	
288	40.7189125	328	42.707225	488	44.810175	760	46.8448875	1240	49.0188875	2232	50.960725	3864	53.3135625	
208	40.3723625	288	42.4300875	544	44.6600125	952	46.95105	1408	49.1949875	2312	51.0887	4096	53.40815	
576	41.309875	704	43.9805	968	45.8837375	1376	47.7512625	1984	49.7841375	2928	51.53955	4984	53.4854	
232	41.3640125	264	43.4131	448	45.3219875	880	47.5846625	1352	49.666475	2256	51.47855	3864	53.5344	
104	41.0985125	192	43.532925	400	45.31095	664	47.9574375	1048	49.7383625	2016	51.8744625	3488	54.0624625	
152	41.1986	152	42.559175	536	45.55185	840	47.8332875	1472	49.6751125	2368	51.65445	4304	54.160825	
456	41.348125	632	44.076475	832	46.1548	1088	48.0852125	1704	50.1824	2640	52.01565	4624	54.285875	
168	40.4876625	352	43.2880875	592	45.9361375	856	47.6009375	1296	49.6584375	2256	51.309575	3976	53.5463625	
280	41.6512125	344	43.46555	536	46.1717875	856	48.0972875	1192	49.9658	2192	51.6352375	3592	54.0542875	
160	41.34785	352	43.9026625	512	46.42095	672	48.104975	1240	50.1683125	2160	52.0073625	3944	54.019225	
480	42.09995	600	43.9324375	800	46.0492375	1168	48.0746875	1712	50.332975	2656	51.9805125	4392	54.0550875	
160	41.367125	248	43.5068125	376	45.1802625	704	47.4944375	1152	49.706075	2360	52.0317625	4032	54.0374125	
160	41.3955375	136	43.0827	296	45.078375	592	47.8162625	976	49.8678125	1888	51.9969375	3112	53.9832625	
168	40.971675	192	42.67475	432	45.068425	744	47.4248375	1048	49.3487625	1864	51.1557625	3704	53.1590375	
456	41.1415125	632	43.180825	928	46.0251875	1256	47.6347625	1928	49.6747375	2992	51.69615	4736	53.8190875	
200	41.5674625	264	43.2296375	304	45.2587375	640	47.3342625	1200	49.5679625	1960	51.3000375	3800	53.3077	
96	40.78435	192	42.89095	248	44.8542625	536	47.1913125	960	49.287675	2056	51.40445	3688	53.3610875	
168	40.775625	344	43.0207	520	45.2632	632	46.8605125	1208	48.8985125	2184	51.006575	4168	53.1623875	
448	40.941625	648	43.091125	960	45.6054625	1360	47.4690875	2040	49.462625	3064	51.3610875	5080	53.2662375	
176	40.389	328	43.07705	496	45.6273875	896	47.3456625	1480	49.399525	2448	51.09515	4312	52.99145	
200	40.3390375	280	42.71895	488	44.690875	984	47.171025	1576	49.361825	2560	51.2615125	4352	53.0969125	
216	40.0373875	248	42.008	592	44.4134875	880	46.76615	1280	48.6338	2400	50.771625	4440	52.982425	
512	41.119075	680	43.5045125	952	45.3550125	1472	47.4296875	2024	49.1715875	3184	51.114925	5256	53.2042125	
168	40.8921125	296	43.168225	456	45.2169125	920	47.4280125	1552	49.483075	2456	51.20215	4160	53.210525	
272	40.6967625	424	43.0129125	624	45.29595	960	47.4444375	1392	49.44915	2440	51.411625	4392	53.8989375	
152	40.5905875	384	43.7111	528	45.5888	912	47.8867125	1328	49.9079	2264	51.7063	3960	53.715425	
448	42.4252625	592	44.255025	784	46.204825	1136	47.8085875	1768	49.9052375	2848	51.8348	4688	53.94845	
264	41.3322375	440	43.5752625	616	46.069625	1008	47.9635	1568	49.9570125	2304	52.076125	4208	54.1885625	
384	40.8795375	504	43.7458375	704	46.3435375	1000	48.2798625	1568	50.239375	2384	52.084325	4096	54.20815	
224	40.292775	280	43.3929875	504	46.2049875	856	48.1145875	1392	49.8838	2376	51.80385	4112	53.71725	
456	41.743275	568	44.0498625	752	46.32295	1104	48.358875	1648	50.1706	2424	52.202125	4104	54.2986625	
256	41.142575	400	43.69575	728	46.096825	1088	48.2428125	1656	50.143375	2376	51.6676625	4248	53.864625	
312	40.822925	472	44.2239125	648	45.8725375	992	47.750675	1472	49.5945625	2584	51.729975	4448	53.6921	
232	40.3872875	336	43.2167875	600	45.880775	856	47.4919	1504	49.5186875	2344	51.428175	4176	53.3628875	
536	40.0401	800	43.1859875	1080	45.2498875	1640	47.2981	2248	49.3049625	3440	50.9378875	5320	52.8244625	
496	39.754775	616	42.4118	904	44.2655625	1520	46.7478125	2312	48.354375	3792	50.187575	6144	52.1423	
480	39.6663	712	42.1186	1088	44.2687625	1528	46.6013375	2344	48.4113625	3600	50.2561875	5880	52.0292375	
512	38.2962125	872	41.1525125	1248	43.6619	1744	45.8429875	2488	47.53115	3968	49.3554625	6600	51.47695	
960	38.443675	1248	40.8148375	1800	43.095775	2304	45.090275	3440	47.11665	5088	49.0176	7768	50.577375	
544	38.2976125	840	40.54855	1232	42.854625	1856	44.920775	2792	47.1252625	4216	48.65435	7144	50.6561875	
696	38.2067125	888	40.4941875	1512	43.0920625	2152	45.1590125	3240	46.902825	4920	48.712175	7976	50.611975	
712	38.0999	960	40.372775	1528	42.919475	2016	44.6958875	3128	46.6757625	4824	48.402525	8424	50.6384875	
1128	38.1588625	1624	40.6946875	2024	43.0770875	2680	44.78695	3816	46.637175	5792	48.40595	8992	50.31405	
1128	37.66145	1544	40.1367625	2112	42.7022875	2632	44.4621375	4224	46.305625	6280	48.26265	9808	50.2436125	
1000	37.693925	1416	40.571625	2000	42.590625	2792	44.5865375	3872	46.5393125	5976	48.3891375	9328	50.2675875	
912	37.5513375	1440	40.227525	1952	42.4520875	2904	44.8091875	3952	46.557325	5920	48.4727375	9288	50.5298	
1264	37.4711	1704	39.9827875	2392	42.4794375	3264	44.6287625	4568	46.403575	6952	48.603625	10528	50.643375	
520	36.93165	1152	40.777925	1648	42.929	2264	44.9791375	3344	47.1037	4600	49.073	7728	51.1212	
592	38.0768375	856	41.0251125	1168	43.6084375	1848	45.636125	2688	47.6912875	4256	49.537675	6912	51.479175	
528	38.262025	832	41.3992	1248	44.3708125	1784	46.32825	2736	48.2999875	4232	50.1631	6912	51.9744625	
680	40.2599125	816	42.62825	1120	44.760625	1520	46.6998	2336	48.7517375	3488	50.544375	5904	52.7257	
440	40.03755	488	42.917475	696	44.903075	1160	47.0508375	1848	49.1438	2864	50.99245	5040	52.9575625	
384	40.7332875	544	43.7213875	664	45.4398125	920	46.8985125	1520	49.1187	2624	50.9837625	4608	52.756575	
368	40.0116375	488	42.487325	720	45.0827875	1128	47.322875	1760	49.1986875	2808	50.9300375	4680	52.8029625	
560	41.265625	712	43.5076375	952	45.794675	1376	47.6853375	1992	49.2444875	3016	51.1034375	4920	52.7026625	
304	40.6915875	472	42.97395	712	45.19565	1184	46.893125	1792	48.6540875	3016	50.558125	4744	52.2690375	
376	40.2881375	496	42.569775	776	45.295775	1088	46.873225	1712	48.72795	2744	50.5975375	4824	52.276575	
288	39.541425	496	42.5992875	688	44.8199	1120	47.0016	1720	48.674425	2720	50.4139875	4936	52.3656625	
600	40.430325	752	43.2582	1048	45.2122875	1424	47.1304125	2096	49.095525	3200	50.5467	5304	52.47475	
144	40.041975	232	42.7946875	408	44.7460375	736	47.014275	1096	48.768	1816	50.2750375	3232	52.2857	
248	39.61305	424	42.9402875	752	44.8871625	1072	47.194425	1576	48.7332125	2576	50.542225	4488	52.3790375	
424	40.323475	656	43.4220625	904	45.0365875	1280	46.923975	1904	48.7426	3096	50.392075	5432	52.358375	
720	41.4775875	912	43.25795	1184	45.4238125	1552	47.23355	2264	48.8648875	3432	50.6726	5592	52.526525	
312	39.3654625	616	43.0533875	1008	45.7795125	1336	47.3326375	2008	49.07515	3056	50.676225	5072	52.594475	
360	39.8079	536	43.0322125	848	45.4902375	1248	47.341775	1952	49.0161625	2896	50.810175	5064	52.8439875	
256	40.1162375	440	43.0300625	600	45.192925	1120	47.014975	2056	49.2833	3208	50.85775	5432	52.7817625	
592	40.5883625	792	43.6628125	1056	45.9039375	1544	48.1043125	2184	49.7645375	3280	51.6423125	5200	53.6210875	
184	40.62525	408	43.2891125	616	45.600225	912	47.5520125	1552	49.7114	2640	51.539475	4440	53.37285	
192	39.8069375	400	43.2205875	568	45.562475	784	47.7017625	1192	49.380675	2416	51.5504375	4000	53.1898125	
312	40.3495	376	42.99055	576	45.2234625	856	47.540975	1448	49.7654125	2432	51.7765625	4336	53.7229	
528	41.1383875	640	43.842425	888	46.2303375	1272	48.236575	1896	50.20665	2920	51.933975	4576	54.0069875	
120	41.00055	248	43.397775	408	45.6490625	616	47.661075	984	49.8966375	1832	51.7173875	3264	53.772475	
240	40.2503	440	43.5212125	520	45.6301875	696	47.8094375	1160	49.763475	2104	51.792475	3752	54.1717	
240	40.483425	360	43.42585	536	45.8978125	808	47.7157875	1272	50.0501	2128	51.9413875	3664	54.2578125	
456	41.8862625	568	44.71955	816	46.8274625	1048	48.1292125	1568	50.6599	2352	52.37365	3976	54.4638375	
144	41.89315	224	44.602725	416	46.8478625	656	48.4341625	856	50.6504375	1480	52.320425	2664	54.4052125	
160	41.4376625	256	44.3665	376	46.5291125	536	48.3591375	928	50.9010125	1640	52.8105125	2872	55.0467625	
80	41.2349	160	44.274975	256	46.2869625	360	48.3578375	520	50.5187125	1040	52.4603	2096	54.5629125	
432	42.4671	568	45.5227875	696	46.7694	912	48.5896625	1336	50.675475	2080	52.6788625	3848	54.999125	
144	42.0256375	152	44.8454875	256	45.94285	352	47.8120875	768	50.2001125	1352	52.037925	2616	54.4412875	
80	42.4684125	200	44.3337375	360	46.3563375	512	48.14495	1040	50.468675	1720	52.1847625	3392	54.517425	
144	42.5926875	232	44.2405	256	45.9062625	408	48.0961625	784	50.367775	1256	52.01845	2464	54.3417375	
424	42.8167	504	44.810125	576	46.7145625	744	48.3811	1208	50.43415	1936	52.424975	3720	55.095175	
192	42.4832375	224	44.8132625	288	46.43725	512	48.72095	760	50.2164625	1520	52.5622	2872	54.7600375	
128	42.1841	216	44.5920375	320	46.6769	424	48.4918	744	50.0419	1296	52.2276375	2736	54.5994125	
192	42.093575	264	44.196875	456	46.5848	584	48.588025	880	50.2116125	1336	52.1108125	2784	54.201525	
464	42.5306375	608	44.2224875	784	46.788325	1064	48.4243125	1504	50.37305	2288	52.3350875	3960	54.4868375	
144	41.0712	280	43.91845	312	46.2647	536	48.2648375	984	49.94465	1712	51.93885	3008	54.0410625	
104	40.897325	152	43.5161875	240	46.3706625	288	48.035725	608	50.2174375	968	51.8703125	2040	53.9968125	
160	41.3992375	192	43.3843	312	46.6191625	416	48.0320875	824	50.0686625	1496	51.8886875	2816	54.1451875	
504	42.1280875	608	44.322325	792	47.04645	1000	48.3315625	1448	50.0801125	2280	51.8836875	4056	54.00515	
264	41.645075	448	44.1832875	464	46.42075	792	48.3996	1008	50.1897375	1576	51.849725	3184	54.0754	
200	41.049375	344	44.1376125	512	46.8116	608	48.142	920	49.8725125	1760	52.19705	3384	54.131625	
216	40.7070375	296	43.7699	408	45.5669375	784	47.872975	1264	49.7594875	2056	51.669275	3928	53.841225	
488	41.6921125	600	43.77515	784	46.3472875	1120	47.95395	1472	49.8333	2288	51.38485	4280	53.443775	
120	40.5288125	160	42.555925	344	45.376375	720	47.452475	1208	49.7217875	2016	51.47645	3808	53.6449	
112	39.2616625	328	42.60145	584	44.9726875	888	46.9472375	1504	49.3123625	2288	51.1948625	4232	53.65375	
200	39.480775	280	43.0260625	392	44.9246125	520	46.6733375	1048	49.167525	1968	51.2676125	3360	53.3178375	
528	41.7591875	704	43.7168125	936	45.3336875	1256	47.535325	1864	49.4667375	2736	51.4838125	4928	53.437925	
128	40.9175875	200	43.1802625	344	44.669275	640	47.43925	1056	49.2797125	1800	51.190725	3552	53.33465	
160	40.701675	232	43.296125	280	45.05065	600	47.5060875	1136	49.3727875	1896	51.3598	3304	53.2658	
160	41.38655	192	43.20555	416	45.1087125	728	47.223275	1144	49.311925	1712	51.058475	3576	53.2986875	
560	41.5445125	680	43.5967	952	45.2093875	1248	47.3842125	1816	49.5213375	2792	51.310125	4896	53.5276625	
184	41.5494625	224	43.1732125	432	45.3434875	640	46.9481375	1128	49.1972	1992	50.97925	3384	53.1586125	
224	41.4278	280	43.4999875	392	45.0332	640	47.294625	1136	49.3158375	2072	51.082925	3824	53.0069375	
256	41.76035	360	43.28445	440	45.2618375	664	47.1344625	1200	49.285275	2256	50.981225	4208	53.186925	
520	41.118725	672	43.072575	912	45.5704375	1320	47.366075	1960	49.28105	2952	51.1359875	5104	53.2633125	
80	39.7783375	304	42.965775	472	45.094375	800	47.4674125	1136	49.10785	2032	50.996125	3632	53.0296875	
272	40.5901375	240	42.8441625	464	45.168625	576	47.3870875	1032	49.3085	1688	51.1231	2952	53.0024125	
144	40.2843875	240	42.23615	464	44.894525	856	47.499525	1368	49.12665	2328	50.9684875	4272	52.9128	
584	40.77975	832	42.80805	1064	45.22635	1440	47.52955	2096	49.6280625	2976	51.2163625	5112	53.1532625	
232	41.1040625	368	43.333375	440	44.8700625	720	46.9575625	1320	49.4002875	2128	51.1289625	3840	52.9980625	
280	40.8007875	384	42.892075	616	45.4780375	824	47.07625	1304	49.2735	2328	51.16395	3736	53.081825	
272	39.9859875	432	42.2175375	648	44.637725	1120	46.9631875	1728	49.10775	2784	51.0561625	4640	52.971275	
576	40.610325	872	42.779525	1112	44.76105	1568	47.097125	2256	48.95495	3296	50.800675	5560	52.84145	
168	39.9886375	400	42.764275	608	44.298525	928	46.4854	1544	48.5667375	2400	50.62485	3944	52.4449875	
432	39.413725	592	42.403075	776	44.0432625	1288	46.584125	1632	48.5824125	2648	50.65055	4568	52.68845	
384	39.61765	560	41.958225	872	44.2201125	1264	46.5223125	1992	48.4633	3136	50.5028375	5360	52.281375	
600	40.1733125	1016	42.3915625	1400	44.6411625	1800	46.2670625	2568	48.2545125	3912	50.5138375	6192	52.48585	
96	39.513625	232	41.7915125	360	44.052175	776	46.298175	1208	48.1558	2120	50.3710875	3848	52.3998875	
256	40.2708875	440	42.398875	664	44.7831625	936	46.794175	1488	48.520075	2408	50.3896875	4440	52.4463625	
416	40.082775	496	42.51155	776	44.8569	1112	46.7164875	1600	48.3632625	2992	50.612275	5168	52.734575	
584	40.4770125	824	42.8612375	1224	44.874775	1512	46.878075	2112	48.6681	3232	50.5635	5824	52.7397	
352	39.8822375	504	42.5348	760	44.77935	1232	46.3708625	1832	48.2512625	2912	50.1182625	5288	52.1802625	
288	39.4191	544	41.87515	728	44.122225	1296	46.20405	1992	47.9521375	3240	50.093625	5536	51.9869375	
272	39.0078375	488	41.3060375	672	43.5506875	1280	46.0110625	2160	48.01845	3392	49.9149125	6184	52.3236375	
672	39.700375	928	41.8638125	1272	43.7804125	1760	46.0472625	2552	47.89835	3984	49.826625	6768	51.857275	
80	39.2263875	208	41.7127375	416	43.852875	632	45.91195	1200	47.9643	1880	49.7517375	3544	51.8289875	
208	39.241225	368	42.1003875	456	44.0162875	848	46.2444625	1240	48.1382875	2128	49.8993125	3904	51.9744125	
200	38.90775	352	42.071425	432	44.1670125	712	46.2504125	1168	48.052875	2368	50.011175	4256	52.05395	
656	39.6817	952	42.268675	1296	44.3069125	1704	46.375925	2528	48.3837875	3744	50.142075	6312	52.34245	
232	39.5463	416	42.511825	472	44.3849875	840	46.5857875	1240	48.2548375	2448	50.4586625	4224	52.3610625	
208	39.3523625	328	42.2404	560	44.5261375	792	46.6896375	1440	48.2906375	2488	50.2915875	4632	52.4687375	
192	39.028625	224	41.6318	384	43.99185	760	46.7264375	1232	48.408125	2016	50.2051875	3888	52.2727	
616	39.7201625	920	41.8459625	1144	44.4069625	1728	46.2858875	2336	48.350575	3640	50.0931125	6216	52.1865625	
248	39.467325	432	41.431075	544	44.2334875	952	46.223975	1608	48.163025	3048	49.9734125	5264	52.177625	
176	39.566575	272	42.0491	352	44.089825	640	46.1605	1064	48.2561625	1856	49.8965125	3520	52.0036125	
200	39.239775	432	41.97135	680	44.099925	952	46.173825	1624	48.1906875	2784	49.9830375	5200	52.041525	
744	39.9042125	976	42.3577875	1272	44.7133375	1752	46.5612875	2560	48.2067375	3936	50.011525	6528	52.2157875	
416	39.558475	512	41.821475	696	44.5755625	1120	46.050025	1640	47.9317875	2816	49.9449125	5000	51.9953125	
144	39.15885	304	41.8732375	496	44.315275	968	46.4190125	1616	48.0428875	2672	49.81975	4936	51.900625	
200	39.3704875	368	42.3843875	352	43.9046625	800	46.2339625	1592	48.2857125	2352	50.0403125	4736	52.2408625	
584	40.0597125	856	42.6004125	1232	44.5311375	1688	46.7751875	2320	48.5758875	3520	50.4274625	6296	52.56555	
344	39.688075	472	41.812175	616	44.347825	960	46.708925	1648	48.769525	2680	50.5603	4568	52.4307375	
320	39.602275	480	42.2334875	536	44.23015	864	46.65445	1504	48.9883	2432	50.7200375	4432	52.9028625	
184	38.9290375	304	41.553225	544	44.7135875	792	46.5728	1352	48.6832	2112	50.533475	3816	52.6663	
616	40.0721875	840	42.9080625	1056	44.2134	1472	46.527825	2000	48.9817	3336	50.6891875	5408	52.661425	
160	40.3139125	120	42.766725	456	44.654	744	46.838325	1088	48.682625	2080	50.398825	4064	52.825325	
272	40.381825	352	42.4456875	608	44.5184875	880	46.658925	1552	48.694325	2728	50.6383625	4896	52.7887625	
264	39.7768625	432	42.4555125	576	44.96345	912	46.76435	1416	49.01085	2400	50.66515	4064	52.7997875	
560	40.8144375	832	42.7571	1112	44.6839	1376	47.3727875	2088	49.110525	3152	50.894375	5272	52.8990375	
160	40.70135	224	42.5746625	416	44.5675375	616	46.87425	1264	49.1014875	2144	50.675825	3904	52.731575	
176	40.3263125	264	42.2121125	312	44.3203625	576	47.1694375	864	48.86475	1400	50.4280125	3104	52.769075	
152	40.611675	224	41.8239625	440	44.3406375	696	46.8340625	1080	48.75935	1800	50.4755	3448	52.644575	
584	40.3075625	792	42.748425	1080	45.292625	1384	46.7250125	2144	48.5501625	3400	50.4517625	5384	52.5839125	
184	40.3395625	320	42.55155	680	45.2352875	864	46.803775	1416	48.3989125	2608	50.5118625	4496	52.346825	
248	39.9197625	408	42.834375	336	44.9709625	872	46.840475	1552	48.73	2704	50.7506125	4240	52.6350375	
120	39.2394625	192	41.969425	416	44.6153375	752	46.6548	1448	48.576425	2304	50.4504125	4072	52.6302125	
568	40.4992625	840	42.888925	1008	44.71245	1384	46.844475	2048	48.7251625	3232	50.6317	5320	52.6319875	
256	40.237	408	43.015525	624	44.8472	824	46.2360375	1256	48.3462	2232	50.184375	4312	52.47545	
80	40.0150125	192	42.5514625	432	44.4872	680	46.646525	1136	48.525225	1816	50.251425	3160	52.4958	
264	39.530175	408	42.411275	608	44.3081625	936	46.590425	1504	48.7049875	2760	50.605325	4840	52.5515375	
584	40.5623875	728	42.5004125	992	44.940075	1360	46.5772875	2080	48.5802625	3272	50.444825	5392	52.1952875	
248	39.848975	432	42.3292625	568	44.5741625	872	46.428275	1520	48.2187625	2352	50.2070375	4464	52.1298625	
256	39.9358	336	42.182775	496	44.5024125	808	46.3847875	1344	48.2805125	2304	50.1616125	4232	52.3153875	
288	39.5721875	416	41.5176375	632	44.1487625	1032	46.248025	1488	48.06785	2456	50.0406875	4632	52.0646375	
624	40.3786875	816	43.0588375	1160	44.9178125	1568	46.3441125	2312	48.456	3408	50.4217875	5720	52.2746875	
256	40.109075	472	42.4893	536	44.4814	880	46.2591	1520	48.2212375	2800	50.311625	4792	52.0320625	
288	39.4740375	480	42.42845	528	44.392675	872	46.559225	1352	48.2756375	2664	50.481425	4536	52.18915	
280	39.0126	408	42.1345125	584	44.191075	928	46.4282375	1584	48.068475	2840	50.0895125	4952	52.0673625	
648	39.5624625	832	41.974	1328	44.05995	1896	45.9401	2736	47.879925	3992	49.846925	6904	52.1611625	
232	38.8044	360	41.331875	648	43.9314375	1216	45.8408375	2256	48.08265	3368	50.0360375	5416	51.7726	
520	39.7058375	632	42.1427	896	44.715575	1344	46.5632875	2136	48.358125	3456	50.4587375	5768	52.2587125	
512	39.3162	704	42.4815625	1104	44.5078875	1528	46.523675	2312	48.5247625	3792	50.528825	6208	52.6541	
680	39.90505	904	42.237925	1192	44.338175	1712	46.4825375	2648	48.4392	3864	50.281475	6200	52.2749375	
304	39.1889375	664	41.748975	1032	44.1715125	1584	46.4945625	2408	48.2114125	3832	50.0780375	6136	52.1285625	
304	39.0362375	456	41.5028375	768	44.054775	920	46.0369125	1664	47.8716125	2800	49.84635	5184	51.6795375	
304	39.6111875	472	41.7639375	752	44.0325875	1072	46.2082625	1664	47.73875	3056	49.8286375	5056	51.67315	
688	39.9533125	936	42.026875	1344	44.29105	1920	46.3896625	2736	48.1496375	4064	49.8786125	6528	51.763275	
536	39.2414875	824	41.8184	1080	43.992925	1656	46.035975	2592	48.1377375	3992	49.993525	6568	51.9448375	
520	39.42275	776	42.0599125	1232	44.415175	1608	46.368425	2448	48.363525	3752	50.22535	6080	52.2433125	
528	39.5395625	792	42.096725	1072	44.266925	1608	46.21665	2400	48.1607	3672	49.9949625	6168	52.1065125	
664	39.2740375	912	42.2370625	1288	44.8068375	1960	46.5672625	2832	48.547375	3992	50.252375	6376	52.2889	
544	38.96135	872	42.117275	1208	44.432	1800	46.2401125	2728	48.1021	4072	49.8796375	6688	51.8340875	
584	38.4393	856	41.380125	1256	43.6052125	1808	45.38445	2712	47.280225	4136	49.2700125	6808	51.07745	
608	38.5339875	792	41.5468875	1232	43.65585	1800	45.700325	2776	47.63605	4192	49.3219625	7168	51.359775	
1064	37.8127	1448	40.62175	2008	43.0110625	2784	45.038575	4048	47.1227125	5800	49.108	8864	51.0434125	
1088	37.1222875	1704	40.046125	2232	42.60525	3088	44.6085125	4272	46.4573	6480	48.3924875	10024	50.43055	
1472	36.3843375	2168	39.0361625	3016	41.3227875	4168	43.255775	6024	45.4507	8856	47.4537125	13488	49.545975	
1624	36.294475	2352	38.84595	3176	40.8313625	4400	42.9931	6384	45.1131875	9304	47.1111125	13936	49.06485	
1904	36.1559	2672	38.43995	3832	40.7248625	5280	42.7900875	7696	44.893025	11040	46.881025	16200	48.927875	
1968	35.4618375	2704	37.8362625	4112	40.2714125	5736	42.3910375	8160	44.459075	11832	46.4430625	17400	48.55695	
1760	35.4090625	2528	37.7674625	3720	40.0356875	5144	41.8834875	7912	44.085375	11752	46.1028875	18008	48.30645	
1496	35.13675	2264	38.1349625	3384	40.3764375	4784	42.412575	6880	44.491925	10160	46.50315	14856	48.59705	
2128	35.5405875	3024	38.0689625	4344	40.2061625	6096	42.289925	8840	44.2420625	12808	46.2519125	18744	48.2167125	
1576	35.250525	2480	37.8373125	3632	39.8091125	5544	41.9418375	8176	44.02455	12248	46.0583	19056	48.2331	
1320	35.56075	2128	37.9186125	2976	40.0032375	4584	42.1278875	6920	44.1406	10744	46.2335125	16936	48.525125	
1112	35.6113625	1760	38.42465	2624	40.36885	3720	42.441025	5768	44.4878625	8792	46.7038875	12680	48.7475125	
1768	36.0585125	2680	38.6453	3664	40.736025	5192	42.82085	7544	44.7914125	10896	46.7959125	16072	48.7560125	
880	35.90205	1456	38.592925	2208	40.9634625	3208	42.863375	4832	44.921175	7848	47.144525	12352	49.0827875	
1248	36.3208625	1800	38.824675	2672	41.1465	4000	43.08875	5776	45.138425	8848	47.2964	13144	49.3953625	
776	36.746775	1144	39.573125	1712	41.845175	2576	43.6716875	3624	45.664075	5728	47.8272875	8952	49.8158375	
1232	37.7610125	1744	40.004625	2416	42.462225	3224	44.316275	4624	46.281275	6888	48.31785	10496	50.164475	
624	37.6503	960	40.734325	1184	42.8027625	1944	44.7974875	2896	46.6395	4832	48.69385	7816	50.5351625	
568	38.1043125	736	40.98475	1160	43.1121375	1792	45.2100375	2776	46.99435	4336	48.970475	6928	50.788575	
456	38.0372375	784	41.3355625	1104	43.5090875	1640	45.269225	2656	47.264425	4016	48.91915	7208	50.77745	
824	38.6584875	1208	41.4841125	1568	43.7967875	2200	45.4314375	3240	47.301825	4760	49.257975	7536	51.0364875	
280	37.8403625	616	41.4711	1016	43.6828125	1384	45.4432625	2208	47.205875	3464	48.8589625	6496	50.851225	
504	38.29205	704	41.014375	1256	43.478	1752	45.2790375	2552	47.081075	4200	48.8771375	7440	50.774625	
368	37.8766875	688	40.5352	936	43.035525	1824	45.1559	2760	47.085875	4464	48.8149625	7408	50.893825	
808	38.4752	1168	41.1349125	1632	43.0687625	2320	45.07625	3360	46.881475	5352	48.985125	8272	50.581775	
232	37.8516625	528	40.775475	728	42.6987375	1400	44.72755	2528	46.614125	4488	48.6706125	8360	50.8183125	
336	37.7854375	472	40.508875	736	42.3895	1336	44.6544375	2360	46.6413625	4400	48.5750625	8264	50.676425	
432	37.4369375	816	40.04275	1168	41.9722125	2056	44.2843125	3088	46.284475	5280	48.2991875	8896	50.416275	
848	37.92815	1360	40.5996375	1872	42.6139625	2640	44.756825	3984	46.482275	6016	48.544475	9656	50.36675	
232	38.3984	464	40.8018875	928	42.695225	1672	44.74255	2848	46.6686875	4840	48.5784375	8208	50.5218625	
232	38.232275	440	41.11025	768	42.9057625	1200	44.9338875	2272	46.959075	3504	48.5701625	7248	50.8332375	
280	38.174575	504	41.0033	824	42.8817125	1504	45.1709125	2320	46.9685375	4024	48.7284	6952	50.7801125	
840	38.308225	1200	41.0463375	1696	43.091575	2528	45.3376	3608	46.970825	5544	49.0106875	8720	50.8778375	
232	38.20125	424	40.7781125	912	43.121	1536	44.9847375	2440	46.6935875	4504	48.9347	8264	51.319925	
376	38.035725	672	41.1109375	904	43.1883625	1552	45.0272625	2568	47.1599125	4256	48.9972125	7344	51.180575	
528	38.8930125	824	41.0432625	1424	43.57555	2136	45.8424375	3056	47.64995	4848	49.6439375	7592	51.6357625	
840	38.7709	1200	40.8880375	1872	43.2244625	2568	45.0612125	3944	47.234325	5712	49.14025	8968	51.2367625	
424	37.8628	776	40.3704875	1368	42.751925	1992	44.854875	3208	46.8122	5208	48.88165	8480	51.0204	
480	37.8077125	640	40.3962125	1040	42.911625	1704	44.8715875	2816	46.7647	4896	48.772575	8376	50.77155	
336	38.2803	504	40.5773625	632	42.4968625	1408	44.9736	2184	46.8227	3760	48.8473625	6688	50.9976625	
800	38.501	1104	40.9404	1624	43.2326	2400	45.145425	3656	47.218775	5592	49.241925	8864	51.1786125	
272	37.6394	496	40.72195	784	42.9719625	1288	45.262025	1992	47.0527	3200	49.0488875	5464	51.2367375	
312	37.8057375	552	40.81755	880	43.47845	1352	45.5384	2144	47.35255	3472	49.2986	6344	51.327875	
224	37.5659	632	40.9256125	808	43.18735	1184	45.0668375	2024	47.2903875	3856	49.4405125	6768	51.542275	
864	38.650975	1248	41.298875	1720	43.3063125	2408	45.4216125	3408	47.1292875	5520	49.051125	8440	51.047475	
392	37.9551375	464	40.74635	904	42.97765	1536	44.990875	2520	46.9675	4552	49.1111625	7768	51.22595	
416	37.8960125	568	41.1294375	776	43.0024875	1432	45.38175	2224	47.2014875	3688	49.289025	6392	51.4927625	
264	37.5845	408	40.9893875	752	43.112025	1080	45.201725	1880	47.1877375	3216	49.249725	5664	51.5148875	
808	38.3547	1112	41.0907	1736	43.2244	2496	45.4186875	3600	47.2316875	5408	49.2137	8576	51.08375	
136	37.726275	256	40.6265625	528	42.79145	888	44.923425	1584	46.880025	2744	48.88375	4960	50.9261125	
256	37.7057	488	40.79735	648	42.5874125	960	44.947625	1632	46.88145	3040	49.0005	5576	51.066775	
440	37.9450875	536	40.81795	944	42.746375	1376	45.1880125	2240	47.0231125	3840	49.090375	6976	51.3291375	
752	38.7367	1120	41.1528875	1664	43.213825	2320	45.472625	3632	47.2940125	5256	49.3109375	8280	51.0418125	
192	38.2443625	320	40.318625	752	42.81605	1224	44.8219625	2264	46.78235	3848	48.7139	7104	50.8035	
320	38.136	472	40.9499625	760	43.088475	1192	45.049825	2032	47.1011375	3544	49.1507	5736	50.943625	
432	37.9679125	496	41.116975	776	43.1908375	1360	45.1087875	2336	47.1754875	4280	49.2142875	7520	51.2563375	
712	38.7137375	1088	40.776075	1608	43.1750875	2368	45.32205	3312	47.146175	5304	49.159975	8184	51.0854125	
80	38.2463625	400	40.7253875	712	43.0757625	1152	44.883925	1848	46.8109	3304	48.8402	5952	51.0704375	
376	38.24755	616	40.784625	792	42.7470625	1456	45.25855	2496	47.076075	4160	48.91375	7176	50.94475	
144	37.6496875	352	40.4776125	896	42.95795	1304	45.115225	2320	47.271425	3936	49.109425	6744	51.078825	
632	37.822525	1056	41.057375	1528	43.191375	2288	45.30215	3456	47.3481875	5336	49.375975	8400	51.1384625	
96	37.8353625	120	40.7351375	376	43.200575	824	45.4185125	1184	46.9904375	2408	49.1764	4736	50.95605	
184	37.6513125	336	40.67715	480	42.925125	808	45.231875	1584	47.2157625	2400	48.9074625	5296	51.2637625	
248	37.7319125	416	40.927875	696	43.546325	1000	45.543125	1648	47.4926875	2896	49.350875	4928	51.4425125	
592	38.6687875	992	42.0149375	1376	43.8650125	1920	45.708025	2880	47.830025	4272	49.73435	6992	51.6394875	
120	38.51865	288	41.7145625	512	43.3838625	1096	45.5363125	1760	47.5388625	2816	49.598875	5136	51.7317	
144	38.046275	264	41.0368	552	43.539425	832	45.3099	1600	47.6498625	2968	49.852025	5096	51.6371625	
192	37.8504	352	41.3532375	440	43.6377375	704	45.6897	1120	47.933875	2176	49.91955	3840	51.81975	
568	39.62655	872	42.2350125	1192	44.1642	1752	45.954025	2440	48.1467625	4000	50.0432375	6264	51.81415	
80	39.7729875	80	41.7422875	264	43.8089375	568	45.7945	824	47.8050875	1784	49.8816	3456	51.88435	
120	39.1342375	392	42.110375	360	44.3524	496	45.8049375	1024	47.8786375	1856	49.9571375	3712	51.9057125	
176	39.7964125	176	42.0163125	240	44.2272375	664	46.1788125	864	48.266275	1600	50.3135625	3192	52.006175	
592	39.9108	824	42.0717	1136	44.4249	1640	46.5926625	2448	48.612925	3624	50.3787375	6096	52.173	
176	39.8670875	232	42.27345	224	44.2964875	536	46.4371625	816	48.37105	1592	50.0977625	3264	52.0146625	
168	39.681	272	42.2524875	512	44.4758125	744	46.475025	1352	48.5384875	2520	50.3452375	5072	52.558175	
136	39.4916375	232	42.1437125	416	44.594775	784	46.3868125	1080	48.1270625	2328	50.2413	4256	52.4875875	
568	40.572125	752	42.8756875	1048	45.0037625	1464	46.7552125	2312	48.60905	3536	50.4803125	5872	52.32945	
104	40.2805625	216	42.258675	384	44.30695	824	46.573175	1424	48.3407375	2536	50.4368625	4664	52.3595375	
208	39.3806125	584	42.57515	816	44.8975125	1144	46.686625	1872	48.6380625	2976	50.5231375	5408	52.6190375	
392	39.8909875	608	42.76805	584	44.441	944	46.73395	1464	48.6288625	2640	50.4304125	4872	52.4822125	
480	40.4073625	720	42.9846125	1000	45.1959375	1344	46.8739125	2096	48.90225	3200	50.751175	5880	52.8771375	
192	39.8587	368	42.6949125	480	44.669125	848	46.6472	1368	48.6476375	2560	50.60545	4536	52.7136375	
168	39.053975	248	42.1043125	520	44.514025	864	46.5027125	1584	48.595675	2544	50.5187625	4696	52.7054125	
224	39.3077875	272	41.7312	456	44.786325	704	46.742925	1080	48.5175	1936	50.440125	3816	52.616775	
520	40.8074	768	43.42905	936	44.8219125	1424	47.0326	1952	48.760125	2976	50.4263625	5216	52.4364625	
80	39.6512875	280	42.5515375	536	44.5249375	912	46.607375	1392	48.6854875	2528	50.5430125	4760	52.789975	
224	39.91685	320	42.2616125	568	44.9319125	752	46.94295	976	48.4443375	2064	50.3541	4072	52.5291125	
168	39.2852375	400	42.79295	376	44.909775	576	46.5864875	1096	48.5981125	2224	50.3572	4056	52.2488875	
520	40.4920625	792	43.0859	936	45.178875	1496	47.0662875	1992	48.59845	3128	50.470125	5704	52.6295875	
96	39.900175	216	42.1190125	424	44.4978125	928	46.7689125	1472	48.3601125	2504	50.188075	4960	52.4169375	
80	39.4625375	184	42.0390875	208	44.238575	424	46.7104375	968	48.391575	1864	50.169	3664	52.326725	
224	39.545425	440	42.6591	584	44.88945	824	46.8486375	1312	48.607575	2440	50.301675	4624	52.2768875	
520	40.01145	808	43.035075	1048	44.695075	1552	46.482	2120	48.4693	3568	50.3936875	5976	52.6481375	
104	40.088375	112	43.154725	160	44.4561875	480	46.43995	776	48.2974125	1488	50.208575	2648	52.2370875	
96	40.0918625	152	42.659725	336	44.264325	744	46.6552625	1016	48.302125	2016	50.247175	3752	52.3937875	
104	39.9354625	216	42.4310375	432	44.427925	608	46.308825	1280	48.398425	2088	50.0201625	4016	52.3333875	
488	39.9347	728	42.2393	960	44.9265	1544	46.9366875	2320	48.77355	3448	50.4442875	5824	52.4314625	
232	40.1606875	464	42.7934	560	44.9019125	992	46.6534625	1648	48.462475	2944	50.2408	5176	52.4290125	
120	39.7189375	200	42.199575	512	45.0803625	720	46.8802125	1160	48.664625	1992	50.6221125	3704	52.71695	
104	39.32945	272	42.3132375	416	44.6389125	704	46.892625	1256	48.6475125	2336	50.4638	4104	52.4443625	
432	40.13135	752	43.0202	1008	44.972525	1392	46.927825	2144	48.8307625	3280	50.510325	5536	52.3587375	
176	39.8973625	264	42.6450625	400	44.36435	832	46.8391	1256	48.615875	2536	50.5277625	4784	52.624875	
136	39.533375	256	42.1507125	312	44.3334625	840	46.6712125	1256	48.5154875	2520	50.6375	4296	52.3971375	
128	39.1615375	344	42.564625	344	44.577275	680	46.70235	1264	48.6947875	2264	50.546825	4584	52.530975	
480	40.31255	736	43.2183375	1024	45.1557125	1416	47.1063125	2272	48.9823125	3208	50.7366	5392	52.8160875	
168	39.8184375	216	42.6254625	424	44.3327	808	46.402375	1432	48.4560875	2640	50.3116875	5184	52.58245	
176	39.1865375	296	42.6953	424	44.387075	808	46.55525	1200	48.6257875	2328	50.3422	4256	52.3314	
240	39.6047375	312	42.6424	440	44.7794875	752	46.820175	1336	48.690375	2384	50.3932875	4576	52.5400625	
520	40.69705	792	43.3380125	936	45.4346375	1304	47.0019625	1976	48.948025	2888	50.6028375	5256	52.631275	
80	40.2536125	96	42.036575	320	44.8735125	680	46.58505	1136	48.5542375	2120	50.44205	4088	52.5216	
80	39.8831625	176	42.1109125	216	44.477375	440	46.4209875	848	48.366525	1704	50.4427625	3280	52.483425	
120	40.152675	208	42.19455	264	44.4944625	576	46.7119	928	48.3415125	1752	50.3986875	3448	52.3018	
552	40.340825	848	43.315225	1016	44.87115	1336	46.7543	1992	48.84785	3208	50.5130125	5584	52.32465	
128	40.2358125	160	42.970275	248	44.38035	528	46.6364125	1088	48.6046	2040	50.3015875	3960	52.1609125	
104	39.2410625	240	42.3632	336	43.988875	840	46.823025	1176	48.6546875	2040	50.39715	3976	52.1187	
96	39.573375	176	42.725425	312	44.3801625	464	46.542475	1080	48.5472375	2112	50.3732625	4000	52.14145	
560	40.0639875	776	43.03445	992	45.02675	1384	46.43695	2016	48.589775	3248	50.453475	5664	52.3689875	
128	40.1054375	88	42.84095	152	44.4386125	408	46.1885375	960	48.5687	1688	50.1604	3296	52.20485	
136	39.884175	200	42.368075	480	44.4950875	768	46.2893	1512	48.4123	2736	50.3377125	4928	52.4002375	
104	40.0744875	184	42.79385	136	44.647475	440	46.5076	744	48.5802625	1568	50.5311875	3224	52.44385	
512	40.0936125	776	43.069225	944	44.8685375	1312	46.929825	1888	48.617675	3104	50.6025375	5344	52.62815	
136	39.7265875	136	42.3627	336	44.9843625	504	46.9464875	1040	48.5888875	1872	50.292925	3968	52.477575	
80	39.4922125	144	42.1001625	312	44.420025	568	46.5476625	1000	48.2694625	1984	50.4641	3784	52.522675	
80	38.6236125	200	42.4396125	336	45.0535	536	46.90765	776	48.2312625	1792	50.5825	3184	52.5461	
592	40.1687875	752	43.657625	944	45.4553375	1224	46.52225	1800	48.4112125	2984	50.643075	5120	52.6470375	
88	39.36445	120	42.9294375	264	44.7272875	544	46.436875	1080	48.589275	2032	50.3732375	3952	52.25825	
120	39.3158625	256	42.17715	312	44.6799375	600	46.4415125	952	48.188325	1768	49.9379125	3904	52.1587	
120	39.5628	104	42.1592125	192	44.5311	384	46.4876125	760	48.5574875	1240	50.15385	2920	52.3452625	
560	40.465625	720	42.8894625	944	44.521175	1392	46.611725	1992	48.470125	3320	50.354425	5784	52.2735	
176	40.118375	232	42.030825	408	44.2012625	840	46.6613875	1328	48.3485875	2552	49.9528	4632	52.1567	
80	39.7453125	120	41.886875	168	43.7888625	296	46.04775	744	47.9908375	1640	49.8899	2960	51.8261625	
128	38.7471125	192	41.5572875	424	44.0862375	720	46.5801875	1232	48.17945	2344	50.2582375	4464	52.1765	
552	40.112925	752	42.56725	1000	44.8608875	1432	46.6497375	2144	48.2267125	3392	50.069225	5768	52.0774625	
224	38.6369625	440	41.6794	416	43.849725	1032	46.0609625	1720	48.021825	2984	49.8085	5968	52.0932875	
344	39.3339125	400	41.4987625	632	43.81905	1000	45.978075	1560	47.7684875	3088	49.7733875	5840	51.9505875	
88	39.3062	360	41.87345	392	43.8609125	632	45.9126375	1328	48.022875	2288	49.8282125	4456	51.72785	
560	40.14145	784	42.6764375	1056	44.7539375	1504	46.6811875	2344	48.3437625	3608	50.1538	5864	52.2484375	
304	38.968325	376	42.611575	672	44.37825	976	46.36295	1856	48.48345	2896	50.375525	5032	52.4401375	
408	39.408575	360	41.8238125	640	44.190875	1080	46.364625	1880	48.2475875	3112	50.2142	5400	52.3190125	
200	39.262175	424	42.1942	600	44.1269375	1040	46.284	1800	48.1697125	3200	50.1619375	5248	52.0018	
512	40.1696375	776	42.8394375	968	44.6226375	1472	46.5619125	2272	48.2962	3528	50.1655375	6016	52.15255	
136	39.627475	280	42.0768625	392	44.343725	608	46.3997875	1136	48.22425	2160	49.93965	4048	51.7796875	
120	40.0715125	232	42.5829	368	44.6613	464	46.421075	1088	48.1677125	2280	50.0989375	4384	52.181225	
264	38.9737375	440	42.1657125	584	44.2713125	888	46.290925	1592	48.149625	2920	50.0558875	4936	52.0705125	
520	39.6475	816	42.233325	1040	44.004475	1568	46.292	2480	48.2169125	3512	50.1824	6336	52.2224125	
104	39.2747125	128	41.59195	280	43.6524375	656	46.1728625	1104	47.985425	2128	50.0504625	3880	51.846575	
144	38.7333375	272	41.154075	512	43.5523625	768	45.93365	1200	47.8423	2048	49.883125	3800	51.508075	
96	38.7028875	136	41.268925	232	43.298525	672	46.0049125	1072	47.5586375	2144	49.643975	4320	51.6082	
560	39.367675	808	41.752875	1136	44.0248875	1464	45.9323375	2216	47.815425	3648	49.8972625	6320	51.727375	
144	39.0834	224	41.6153375	368	43.388375	672	45.486475	1472	47.7432875	2848	49.7646625	5344	51.7465875	
136	38.805925	208	41.493575	488	43.9497125	920	46.2199875	1328	48.0347125	2672	49.8887625	4840	51.633075	
216	38.1748375	496	41.92415	520	43.4604375	800	45.783325	1424	47.7247	2544	49.4649	5184	51.7339625	
544	39.3951625	768	41.865925	1136	43.95165	1664	46.3157875	2480	47.97595	3656	49.9738375	6248	51.9402375	
80	39.1000875	176	41.463175	256	43.474925	592	45.95275	1312	47.9919875	2312	49.789175	4216	51.7907875	
168	38.4428125	432	41.72735	432	43.6290625	712	45.926225	1496	48.0235375	2568	49.7527375	4904	51.7971875	
136	38.0217625	224	41.1105875	424	43.14065	736	45.8272875	1344	47.6895875	2368	49.63835	4528	51.5474125	
640	39.2595375	792	41.4861125	1320	43.91135	1760	45.800675	2512	47.529875	4064	49.7595125	6664	51.5663875	
200	38.6839	472	41.592675	816	43.9793625	1312	45.852575	2176	47.8276125	3456	49.6214375	6264	51.694075	
232	38.0662375	424	40.9685125	672	43.5721875	1152	45.7327625	1960	47.7161875	3328	49.600975	5976	51.5293	
232	38.20435	584	41.3868	792	43.3842125	1232	45.474875	2072	47.4593875	3800	49.3854375	6824	51.507375	
640	38.7625	848	41.431775	1248	43.9059625	1760	45.669175	2568	47.7354125	4168	49.5887125	6824	51.633075	
216	38.2871	392	41.3395	656	44.1675375	1152	45.793425	1808	47.7034625	3288	49.516175	5976	51.5395625	
272	38.447575	496	41.53645	736	43.8864	1144	45.724825	1912	47.5620125	3176	49.2079625	6056	51.13775	
296	38.390175	480	41.6249	760	43.5782625	1144	45.8858875	1712	47.6100875	2944	49.3414875	5288	51.2810875	
680	38.8072125	944	42.05815	1328	43.769425	1888	45.5553125	2600	47.568725	4072	49.480875	6872	51.2179125	
288	38.4874	528	42.158125	808	43.909575	1320	45.813025	1952	47.5052125	3472	49.4038875	6408	51.250325	
232	38.3951625	392	41.790175	608	43.6252625	1072	45.831775	1800	47.6981625	3168	49.5933875	5472	51.4206	
304	38.824775	344	41.37145	720	43.8378	1120	45.6686625	1992	47.6854375	3224	49.3005375	5816	51.3148625	
616	39.043725	904	41.6587125	1256	43.896525	1904	45.890025	2800	47.4907875	4264	49.3583875	7144	51.141025	
160	38.3044125	344	40.75695	688	43.4836625	1160	45.4882875	2064	47.3802	3544	49.161325	6576	51.1443375	
456	38.3320125	840	40.769575	1168	43.1340625	1784	45.1605375	2904	46.8659625	4880	48.873875	8376	50.9661	
576	38.9918625	688	40.758325	1128	43.37185	1672	45.207675	2640	47.000225	4416	49.0580625	7432	51.0566125	
712	38.91365	1056	41.4768875	1408	43.251025	2040	44.977775	3272	47.0878625	4960	49.16505	8512	51.3643625	
648	36.6207375	856	39.733775	1584	42.036525	2248	44.159825	3560	46.3006	5496	48.38215	9000	50.5977875	
768	37.511725	880	40.1995125	1272	42.4112625	2016	44.4642875	3192	46.36545	5328	48.432325	8720	50.4711875	
880	36.699325	1304	39.539675	1712	41.7438375	2768	43.78675	4168	45.7659125	6744	47.9498875	10696	50.3615375	
1016	37.7327875	1408	39.791	1920	42.04455	2768	44.0308875	4344	46.1735625	6552	48.2563125	10352	50.4245	
1040	36.5665875	1680	39.1708	2392	41.5738	3448	43.9374875	4952	45.8344875	7528	48.1436125	11216	50.3376625	
1056	35.55315	1656	38.1898875	2336	40.576	3352	42.9640625	5128	45.343075	7688	47.51055	11968	49.9079125	
968	36.7663625	1320	39.2287625	2032	41.0998375	2888	43.348475	4840	45.801375	6848	48.061525	11232	50.45605	
1120	35.9282875	1592	38.6153125	2296	40.91835	3440	43.081725	5144	45.3933	7384	47.5462125	11552	50.327525	
928	36.8499625	1200	39.7004125	1808	41.5238375	2352	43.6426	3952	46.329225	5712	48.395675	9080	50.8764625	
904	36.333675	1232	39.31905	1816	41.6849625	2656	44.24375	3976	46.3727125	5984	48.8130375	9264	51.2200375	
960	36.700275	1304	39.4745	1920	41.7207625	2472	44.1038875	3848	46.328225	5984	48.516475	9120	51.0416125	
1176	37.2194375	1544	39.7505125	2216	42.3238625	2872	44.1818125	4200	46.5609375	6344	48.7017125	9816	50.8348625	
872	36.8624875	1208	39.7873	1784	42.0228	2608	44.28915	4152	46.80335	6080	48.986875	8864	51.15415	
904	37.2245625	1336	40.76085	1824	42.84865	2640	44.9589625	4048	47.380175	5712	49.37985	8760	51.5541875	
720	37.7118875	1088	40.365775	1632	42.9023125	2272	45.05555	3448	47.1079375	5280	49.262575	7776	51.1648375	
1312	37.9816375	1808	40.3302125	2456	42.624475	3248	44.8044375	4688	46.6921	6640	48.50525	10376	50.4175	
840	37.8408375	1240	39.9208	1824	42.12895	2456	44.2386875	3632	46.1079	5608	48.201	9512	50.2379375	
808	37.398625	1208	39.916625	1776	42.4486	2520	44.5226	3680	46.29475	5552	48.1211125	8896	50.2179125	
600	37.251375	1080	39.7922125	1496	42.240125	2160	44.1484125	3160	45.9118375	5448	48.033125	9384	49.9833125	
1176	36.8933875	1744	40.295825	2328	42.3035875	3352	44.206325	4712	46.3762125	6784	48.2145375	10400	49.9773	
688	36.903175	920	39.92715	1432	42.1001625	2088	44.0831	3112	46.0723875	4848	47.90725	7944	49.8908	
656	37.1375	1032	40.08365	1448	42.145	2368	44.2399625	3648	46.18085	5736	47.97075	9304	49.8060625	
664	37.6841125	904	41.0152375	1152	42.9148625	1720	44.8812875	2680	46.6279875	4232	48.6199	7392	50.2812125	
1128	38.2063125	1544	40.6598875	2136	42.710525	2936	44.9074375	4008	46.8399375	5808	48.6137125	9160	50.2642	
512	37.445625	904	40.912475	1296	42.75835	1712	45.0440375	2440	46.7411125	4000	48.594725	6640	50.22765	
488	37.765275	832	40.9350125	1256	42.8804375	1568	44.9483375	2560	46.7580375	4176	48.741775	6888	50.3839875	
592	38.6348	792	41.329375	1080	43.4805875	1400	45.273075	1976	46.8391	3440	48.7292375	5736	50.3865875	
904	38.6124625	1232	41.7069	1560	43.601025	2160	45.466925	2976	47.5479875	4320	49.065725	7088	50.7171125	
464	39.1014125	848	41.4371875	1024	43.4901	1616	45.76875	2304	47.395	3632	49.164925	6072	50.6060875	
464	39.703475	760	41.961475	1040	44.1757625	1408	45.85765	2168	47.61135	3448	49.5995625	5760	51.26515	
456	40.005025	640	41.979075	832	44.148425	1200	45.9627	2000	47.5929375	3160	49.4744875	5728	51.1816875	
832	39.4039	1056	41.9790875	1352	44.15655	1896	46.052175	2752	47.801675	4040	49.496275	6648	51.17045	
576	39.29715	792	41.3672125	984	43.7623125	1424	45.6791375	2376	47.7395875	3728	49.4328875	6200	51.17705	
488	39.5368625	640	41.711225	984	44.051525	1480	45.860975	2488	47.7231875	3800	49.4375375	6296	51.0726625	
432	38.8643625	760	41.447075	1160	43.9564625	1664	45.7933375	2584	47.70995	4128	49.6915875	6776	51.3466625	
744	39.2591875	968	42.049775	1456	44.23175	1992	46.2048375	2784	47.992375	4288	49.6947875	6696	51.3778	
528	38.7978625	952	41.725875	1416	43.370725	2024	45.2585875	3144	47.2084375	5152	49.274575	8112	51.0079875	
544	39.1231875	768	41.923375	952	43.544575	1640	45.685	2632	47.6694	4016	49.4112	6336	51.0333375	
448	38.7134375	808	42.128925	1088	43.5737125	1864	45.6532875	3016	47.7600375	4648	49.4729375	7360	51.1478875	
760	39.0647625	1144	41.5164125	1592	43.77375	2112	45.5375125	3184	47.6933625	4816	49.48095	7736	51.2436375	
464	38.716825	616	41.1332625	904	43.222025	1632	45.3139875	2448	47.0956125	4248	49.1556875	6936	50.95595	
424	38.4097125	592	41.0100375	968	43.2295125	1632	45.4532625	2416	47.209725	4472	49.2615125	7248	51.1500375	
448	38.712375	656	41.439825	1040	43.4697375	1560	45.3155875	2504	47.181625	4328	49.1203	7736	51.318275	
784	38.3468125	1048	41.141075	1632	43.2690625	2336	45.3159875	3480	47.5216625	5072	49.336625	8048	51.0063625	
320	37.671775	664	40.8485625	1216	42.9917125	1960	45.132125	3040	47.1344125	4744	48.9470375	8240	51.0833875	
480	38.18765	704	41.281825	1088	43.313225	1664	45.269575	2568	47.1901125	4344	49.385125	7064	51.2972	
472	38.5478125	664	41.2785375	944	43.203425	1672	45.3921	2592	47.2105875	4296	49.20795	7280	51.1714625	
720	38.427425	1080	41.1312	1528	43.0114125	2376	45.278375	3416	47.4106375	5208	49.39465	8232	51.4249125	
408	38.2068125	824	41.6397125	1176	43.7939125	1864	45.631175	2880	47.4741125	4504	49.55265	7016	51.424275	
488	38.1283875	720	41.004325	1112	43.3814875	1648	45.4356375	2712	47.6884875	4448	49.4182125	7208	51.404	
384	38.486125	592	41.64915	976	43.9180875	1616	45.8813375	2296	47.6811875	3880	49.5826125	6448	51.5536625	
664	39.2468	1040	41.8824875	1416	43.6827875	2104	45.722325	3184	47.545875	4712	49.4494125	7904	51.3160875	
200	39.28335	392	40.8841625	920	43.980425	1504	45.7564875	2224	47.5882625	3816	49.730725	6368	51.7543375	
232	39.097125	376	41.1462625	544	43.859325	1168	45.9545875	1920	47.908425	3208	49.726825	5656	51.8084375	
400	39.1156	560	41.522025	904	43.906275	1472	46.058025	2192	47.91385	3656	49.7852375	6384	51.8928	
576	38.7854875	944	41.849875	1392	43.95195	2032	46.0637375	2888	48.1884125	4440	50.0095125	6816	51.6629125	
96	38.2378375	344	41.08325	616	43.472375	1080	45.5922125	1984	47.866675	3144	49.7189625	5504	51.607675	
304	38.7295375	472	41.615225	808	43.6400875	1184	45.685525	2128	47.616125	3376	49.446075	5856	51.371125	
288	38.5833	504	41.27845	768	43.499375	1448	45.576475	1968	47.436975	3672	49.341025	6208	51.20145	
624	39.2898375	904	41.2948	1408	43.9007875	2040	45.688875	3072	47.703725	4512	49.6421875	7296	51.3933375	
192	38.5551	352	40.354225	680	43.3433625	1176	45.0784625	2168	47.2140125	3504	49.228325	6256	51.2293875	
256	38.01265	448	40.371575	648	43.1430625	1048	44.8370625	2136	47.10645	3688	49.2534375	6552	51.0104125	
280	38.2449375	408	40.6339125	648	43.033625	1320	44.8542625	2304	47.088375	4024	49.1618125	7160	51.3317625	
688	39.1830125	904	41.0797375	1544	43.4532375	2144	45.2019375	3400	47.561625	5080	49.2144375	8440	51.334275	
256	38.3005125	480	40.6324875	904	43.271975	1368	45.0821625	2368	46.933975	4344	48.8978625	7784	50.975225	
288	38.1387375	456	40.593125	552	43.0909	1096	45.2422125	1976	47.2209625	3320	49.0257125	5776	51.0942125	
376	38.727725	408	40.5561125	768	43.0221	1328	45.1412875	2192	47.0692625	3784	48.9017875	6880	50.9399625	
656	38.95995	1000	41.085175	1432	43.327	2232	45.4222625	3312	47.4781375	4904	49.1709	8376	51.2859375	
240	38.18025	448	40.774	688	42.9956125	1120	45.049925	1944	47.21315	3320	48.933475	5840	50.9469	
200	38.58275	392	40.9194625	744	43.359875	1056	45.053425	1872	47.3255	3304	49.10465	5544	51.085525	
216	38.8540375	352	41.09255	544	43.52595	1040	45.2939	1872	47.4797	3336	49.20725	6024	51.24015	
584	39.7551375	856	41.2811875	1360	43.394475	1968	45.571925	3040	47.473625	4624	49.302725	7792	51.26525	
192	38.938925	432	41.354275	824	43.16085	1296	45.28095	2144	47.3223125	3696	49.5260875	5928	51.5637625	
552	39.039425	784	42.1485375	1128	44.1208	1704	45.8657625	2656	47.710175	4368	49.8093375	7320	51.8053875	
552	38.9231	752	42.2611125	1056	43.808175	1800	46.1487125	2608	48.0262	4240	50.20535	7000	52.2891875	
592	39.2215	888	41.6666875	1192	43.8383	1864	45.6390375	2808	47.8242375	4336	49.7047375	7456	51.785075	
120	38.66435	216	41.04745	520	43.6837125	992	45.587275	1656	47.7263875	3024	49.633475	5368	51.68685	
384	39.4111125	464	41.5809375	672	43.940375	1088	45.6555125	2040	47.8479125	3072	49.712925	5912	51.72745	
272	38.682	440	41.4691125	728	43.843425	1088	45.520975	1824	47.43355	3296	49.322025	6360	51.5713625	
640	39.3678875	896	42.1295875	1160	43.807375	1872	45.5445625	2840	47.5385375	4672	49.5099	7632	51.6183625	
312	39.16315	440	41.8881875	880	43.8934625	1496	45.505225	2408	47.4692	4112	49.3872125	6984	51.5975375	
256	38.2600625	544	41.5103875	800	43.60955	1440	45.2655125	2432	47.3574625	4048	49.2472625	7248	51.3930375	
312	38.710075	408	41.48735	648	43.806975	1048	45.7858875	1976	47.6847625	3456	49.5628125	5792	51.620625	
640	39.5536625	840	41.58485	1296	43.6752625	1888	45.8027125	2664	47.5453625	4272	49.513675	7016	51.316175	
272	38.8284875	424	41.289925	792	44.022975	1264	45.706275	2104	47.540325	3456	49.3771	6184	51.4356375	
512	38.9216375	648	41.1856	816	43.004975	1552	45.4975125	2464	47.2485625	4320	49.3118125	7144	51.379175	
416	38.8069375	568	41.2689875	784	43.5527375	1368	45.710425	2184	47.6086875	3552	49.3997625	6192	51.5614125	
744	38.4398625	1080	41.4519875	1480	43.1012	2176	45.1769375	3256	47.2534125	4920	49.2183625	8176	51.278525	
880	36.94395	1440	39.7167875	2104	42.1309375	3136	44.2036375	4424	46.34445	6632	48.343275	10336	50.5538125	
1128	36.8135875	1696	39.554825	2432	41.9317125	3232	43.798225	4968	45.823075	7576	47.941775	11496	50.0443625	
984	37.2014125	1392	39.587425	2096	41.836775	3056	43.743675	4800	45.8002875	7480	47.9382875	11272	49.9117125	
1336	37.3472375	1896	39.9288875	2560	41.999425	3608	43.9158	5320	45.934925	7592	47.8544	11864	49.8793875	
816	37.42745	1176	40.2308625	1640	42.0898875	2640	44.2138	3976	46.3082625	6024	48.4672	9200	50.46225	
744	37.4192	1160	40.0918375	1760	42.427625	2592	44.4363625	3960	46.377175	6224	48.4620125	10064	50.594875	
528	37.76835	880	40.3351625	1328	42.617575	1952	44.7388	3072	46.8317125	4704	48.690075	7408	50.6306875	
888	38.7985375	1288	41.4203	1784	43.64755	2496	45.5922625	3632	47.473075	5296	49.308275	8304	51.191625	
504	38.7571625	752	41.2209375	1120	43.3776	1840	45.606375	2864	47.5035125	4528	49.3549125	7288	51.3627	
464	38.5475375	736	41.1320875	1264	43.49345	1760	45.5379	2792	47.5684375	4288	49.3141625	7056	51.2378625	
376	38.6532375	600	41.0286875	784	43.2867125	1376	45.435825	2208	47.5539625	3576	49.3782	6008	51.4117875	
712	39.2101875	1080	41.564275	1568	43.88565	2168	45.8208625	3024	47.7819	4568	49.51055	7624	51.4183125	
288	38.809325	600	41.4891125	800	43.4537875	1336	45.68265	2344	47.7726375	3624	49.5457625	6352	51.5043625	
232	38.2383375	576	41.28045	840	43.2797375	1584	45.633525	2616	47.399275	4344	49.462075	7392	51.6130625	
336	38.2969125	520	41.264925	792	43.1652375	1216	45.501525	2288	47.6034125	3264	49.27535	5792	51.4426625	
624	39.4682	944	41.7346375	1312	43.5835625	2016	45.6963875	3064	47.8646375	4656	49.65015	7456	51.6174375	
320	38.8519	632	41.5157375	976	43.4030625	1552	45.726775	2336	47.7604125	4104	49.5708625	7096	51.80425	
384	38.1438875	648	41.03615	1024	43.1844625	1616	45.5720375	2552	47.5123125	4136	49.44695	7232	51.760975	
208	37.8343	328	40.674675	624	42.8423125	1080	45.176575	1776	47.1263875	3232	49.2614	5864	51.668	
696	38.861275	1024	40.9439	1560	43.7056625	2336	45.6631375	3336	47.4929375	5104	49.4279125	7896	51.4277125	
384	38.6823125	568	40.752625	848	43.1527125	1360	45.629775	2208	47.57145	3568	49.429825	6280	51.7319875	
336	38.57165	592	40.865725	880	43.39565	1536	45.6090125	2520	47.6230625	4320	49.713875	7112	51.760725	
296	37.946	544	40.5325125	768	43.1428	1280	45.239575	2080	47.3957125	3640	49.6272375	5976	51.6493375	
