3176	32.4634375	4976	34.75255	8024	36.9993625	12696	39.0959875	19024	41.3308875	28176	43.51965	42384	45.8648375	
216	32.399675	520	34.875275	632	36.9993875	1192	39.2024625	2320	41.4679	4256	43.7547375	6336	46.12805	
336	32.27825	536	34.6240625	1176	36.7571625	2424	38.7649625	5752	41.021125	13288	43.2084	28224	45.7106375	
304	32.2858125	792	34.873975	1120	36.90555	2128	39.1294875	3744	41.4525125	6208	43.707325	10976	46.125925	
2496	32.5043	4448	34.63795	7720	36.8318625	12352	38.962025	19520	41.227675	29056	43.374675	44600	45.8447875	
328	32.9021875	488	35.2681875	856	37.422	1288	39.658475	2448	41.9844	4528	44.1850375	7112	46.609075	
160	32.6417125	552	35.1501625	1008	37.1285	1960	39.347825	4160	41.472725	9936	43.799925	18632	46.411575	
328	32.7665	416	35.194725	800	37.2320125	1472	39.546	2592	41.7187	5136	44.0134	9616	46.489375	
2504	32.337125	4536	34.7325625	7680	36.8661875	12752	38.9901375	19864	41.2945625	29608	43.578325	44200	46.0120125	
368	32.9017375	496	35.17725	696	37.3452625	1240	39.4941625	2016	41.7410375	4192	43.93675	7952	46.3642875	
272	33.085775	440	35.36085	744	37.5732875	1296	39.7312875	2800	42.02835	5472	44.1657375	10472	46.5354	
288	33.03815	560	35.3965375	912	37.601925	1416	39.6784625	2600	41.9102375	5776	44.12035	10968	46.4196625	
2288	32.5196875	4384	34.5153625	7760	36.635525	12520	38.823925	19664	41.2015375	29512	43.3450625	44744	45.6807625	
392	33.0121	880	35.266525	1464	37.392925	1968	39.436225	3416	41.6775375	6176	43.859475	9704	46.1749	
408	33.24615	704	35.5607875	1024	37.6431125	1976	39.6701	3440	41.8813	6640	44.1331375	12176	46.379075	
544	33.153925	760	35.3752	1304	37.3812625	2336	39.4136875	4152	41.582675	7440	43.9113125	12936	46.2355875	
2336	32.8788375	4232	35.036425	6976	37.150825	11368	39.2724375	17320	41.5343875	26448	43.7844125	39616	46.131175	
544	33.1659875	952	35.3237125	1696	37.3782	2632	39.3989875	4592	41.56825	7600	43.6427625	11960	45.8053125	
336	33.2253	608	35.433375	1184	37.614625	1944	39.6950125	3440	41.9643	6296	44.0999	10576	46.2750125	
496	33.0211375	816	35.1779875	1360	37.097525	2760	39.2065375	6088	41.4449	11184	43.5608875	20928	45.990825	
2392	32.49755	4304	34.7122875	7296	36.935875	11904	38.9844625	18560	41.3613375	28472	43.61185	42376	45.98735	
552	32.9073375	1104	35.2492875	1600	37.267875	2912	39.4071375	4576	41.4504875	8600	43.6603	14840	45.9133625	
392	32.7010625	856	35.0203125	1528	37.0805875	2496	39.21665	4104	41.305275	7304	43.4694875	12408	45.7154875	
512	32.846075	952	35.2160875	1640	37.4052375	2744	39.5476125	4480	41.6039375	8184	43.875175	13656	46.086225	
2504	32.900725	4376	35.0875875	7128	37.3130625	11392	39.31605	17680	41.5328625	26536	43.8506875	39800	46.2462875	
496	32.8257625	936	34.9999875	2104	37.466475	3208	39.2558125	5752	41.4289625	10736	43.6858625	16784	46.08545	
400	33.03105	680	35.30455	1112	37.716675	1976	39.6148875	3544	41.8438625	6248	44.0268875	10520	46.3426375	
448	33.23895	640	35.432625	1432	37.85185	2456	39.7493125	4520	41.9099375	8808	44.1996125	14600	46.598	
2416	33.1060625	3960	35.0941875	6776	37.3190125	11040	39.2897375	17376	41.5454	26248	43.8326875	39480	46.191275	
560	33.157075	1040	35.4051125	1624	37.483375	2624	39.4722875	4344	41.496975	7640	43.71755	13184	45.9803625	
584	33.31605	984	35.6372875	1872	37.87635	3048	39.919475	5368	41.9953	9096	44.2039	16160	46.54715	
552	33.276075	968	35.7469	1376	37.787625	2448	39.908425	3912	41.97745	7376	44.2031	12608	46.4371875	
2208	33.1462375	3800	35.30115	6440	37.3682	10336	39.417775	16208	41.68775	25080	43.99745	38024	46.324275	
600	33.71945	984	35.763725	1776	38.115	2880	40.08955	4272	42.1329	7280	44.364925	12304	46.6107	
520	33.5639875	1072	35.7251	1456	37.8003625	2520	39.7607125	4784	41.918825	8400	44.144125	14368	46.50955	
584	33.6725875	992	35.919225	1648	38.113925	2904	40.054	4352	42.2240875	7392	44.4606875	12264	46.670875	
2176	33.2810625	3656	35.6576875	6136	37.6591625	9856	39.760475	15336	41.9829875	23392	44.2491875	35592	46.6418	
520	33.53255	808	35.81135	1784	37.99835	2976	40.09165	5320	42.1516	9376	44.345775	16176	46.6344625	
552	33.512775	944	35.8262625	1640	38.0329375	2616	40.138875	4776	42.3343	8272	44.5069125	14384	46.9385625	
520	33.3663375	952	35.8642125	1608	37.9814625	2544	40.076275	4272	42.2235	6784	44.3964875	11472	46.8684875	
2048	33.2768625	3744	35.4888625	6336	37.5324875	10168	39.77575	15488	42.0289875	23512	44.2776125	35056	46.566975	
544	33.286375	1072	35.6301	1608	37.6556375	2704	39.7922	4584	41.9156625	7864	44.0283375	14568	46.3422125	
608	33.0992375	864	35.19835	1784	37.349825	3272	39.502	6216	41.704675	10736	43.9883625	17152	46.4497	
504	33.2833375	888	35.3988125	1312	37.5253	2232	39.6935	3800	41.8522875	7352	44.2267375	12512	46.6065375	
2184	32.901875	3784	35.0644125	6512	37.0909375	10704	39.2218875	17096	41.4375125	26152	43.7208875	40152	46.0440125	
680	33.2975875	1160	35.3715125	2120	37.324975	3736	39.3186	7464	41.6288875	13632	43.8915875	23744	46.310375	
496	33.15425	840	35.306525	1464	37.3690625	2544	39.40745	4336	41.7350125	7408	43.9814875	12136	46.4638375	
592	33.2418375	976	35.433575	1736	37.5847375	2800	39.6554875	4352	41.9198875	7600	44.207525	12792	46.5157625	
2232	33.124475	4064	35.4954375	6616	37.3713875	10744	39.45335	16472	41.626175	25272	43.8916125	38336	46.22345	
624	33.3478	992	35.6207125	1824	37.7792125	3224	39.911475	4984	41.947175	8184	44.22155	14024	46.4913625	
648	33.1245375	1152	35.288325	1896	37.3953875	3560	39.4893	6584	41.6102375	11296	43.91075	18728	46.3894125	
656	32.9724375	1256	35.3172375	1928	37.4230625	2952	39.4299	4824	41.664925	7704	44.0513375	11272	46.5344875	
2296	33.2199875	4128	35.4831	6904	37.227125	11152	39.4865125	17232	41.710175	26200	44.0408125	38688	46.18285	
784	33.069725	1512	35.4174375	2464	37.079675	4280	39.1930375	7320	41.3613125	12840	43.5986	21816	45.921675	
736	33.220275	1336	35.685675	2232	37.3997625	3544	39.437675	5568	41.57405	9696	43.8941625	15872	46.3042	
736	33.4273375	1208	35.7655625	2088	37.47735	3784	39.5868375	7048	41.9268	11168	44.1682125	17736	46.51225	
2288	32.903675	4104	35.290525	7120	37.0945375	11456	39.321975	17752	41.5171	27184	43.7867125	40920	46.0708125	
584	32.749175	1008	35.2008	2016	37.04215	3336	39.10345	5688	41.2464875	10112	43.439475	17520	45.81885	
760	32.5109875	1344	34.930425	2328	36.7331375	4368	38.8686375	8416	41.113825	14832	43.483075	23360	45.9963625	
760	32.5508875	1336	34.9320375	2368	36.7767625	3536	38.85045	6344	41.1018125	11008	43.549075	16784	46.0850625	
2568	32.6659	4464	34.8969375	7816	37.0599375	12368	38.957025	18960	41.215675	29264	43.490925	43960	45.7857125	
544	32.670075	1056	34.8913375	2072	36.998075	3352	38.788675	5624	40.9515875	10232	43.19625	17592	45.5031	
696	32.6594375	1240	34.9466125	2224	37.0279875	3552	38.874725	5992	41.0286	10696	43.4598	16776	45.85565	
760	32.866775	1208	35.1603	2392	37.4370625	3792	39.31035	6288	41.431225	10136	43.741575	17608	46.0271	
2520	32.802575	4544	34.9084875	7560	36.6758375	12384	38.9885875	19320	41.1343125	29256	43.35005	44800	45.7334	
640	33.0669875	1272	35.370275	2080	37.1057875	3960	39.402	6880	41.530375	11864	43.745775	20112	46.0030625	
872	33.0758375	1168	35.17485	2096	37.0344625	3800	39.2651875	6960	41.3718625	12128	43.6630375	20648	46.0404875	
656	32.9892375	1216	35.1719125	1672	36.92575	2944	39.2481125	5352	41.3960625	9200	43.7614625	14400	46.1802125	
2640	33.1042125	4464	35.1649125	7008	37.195175	11576	39.3453875	18008	41.5523625	26976	43.7844	40216	46.03395	
536	33.131625	1088	35.209075	2104	37.3285375	3264	39.3106	5648	41.4109875	10472	43.6249375	17608	45.8716875	
792	33.2722375	1192	35.3169125	1944	37.480725	3096	39.4720375	5096	41.6211375	8656	43.9434625	13048	46.232775	
640	33.0958875	1464	35.418725	2416	37.4564375	4096	39.4729375	7496	41.677125	13672	44.0944375	21496	46.5106	
2440	33.3822375	4240	35.3609625	6952	37.241625	11304	39.6651125	17104	41.5283875	26360	43.84375	40296	46.0992375	
640	33.4956875	1240	35.6341375	2152	37.51925	3560	39.845275	6176	41.8183375	10272	44.089425	16912	46.26175	
616	33.2652625	1208	35.3591375	1640	37.1223	3288	39.5765	5304	41.465625	9792	43.9220375	15592	46.184975	
776	33.301675	1112	35.1625875	2072	37.0507125	3688	39.39925	6576	41.4205375	11080	43.9254875	17080	46.2559	
2536	32.981375	4432	35.2188625	7384	37.1942875	12056	39.3150125	18488	41.468075	27688	43.6700125	41552	45.9524875	
672	33.3161375	1112	35.239425	2088	37.2264375	2808	39.09395	4832	41.1455625	9080	43.4309625	14440	45.71095	
832	33.4028	1256	35.1362875	2048	37.19455	3448	39.18765	6528	41.3731375	10152	43.631325	15808	45.994125	
784	33.2240375	1592	35.1352375	2400	37.0525	4040	39.04715	7360	41.4288	11680	43.6770375	18760	46.186875	
2752	32.6984875	4912	35.2562125	8216	37.0361125	12736	38.923175	20056	41.334025	29568	43.3542625	44264	45.666	
848	32.83795	1264	35.0951125	2424	37.0785	3920	39.08055	6616	41.359275	10840	43.5543125	16304	45.87575	
880	32.7786375	1616	35.1100375	2512	36.9849125	4192	39.0298	7064	41.2451125	12616	43.549375	21632	45.8753375	
904	32.775025	1280	34.9964125	1984	36.81255	3192	38.9163875	5280	41.0663	9344	43.36025	15760	45.7047	
2760	32.6242875	4880	34.81185	8280	36.9351375	12992	38.95835	19928	41.017325	30448	43.3049625	45376	45.6042625	
856	33.08335	1376	35.3169	2248	37.373775	3864	39.378125	6376	41.5236	10104	43.65305	16536	45.9247875	
920	33.1590375	1312	35.3121875	2104	37.4060375	3616	39.34085	6296	41.455475	10696	43.712675	17928	46.1366	
672	32.9698625	1128	35.176275	1800	37.1995625	2952	39.2400125	4920	41.3317	8312	43.6753875	12888	46.0869	
2752	32.7181375	4848	34.854775	8216	37.05945	12824	38.987	19080	41.2337875	29144	43.4647125	43576	45.7525625	
1064	33.0151625	1864	35.2987625	2800	37.426075	4448	39.3649	7680	41.51175	12608	43.8648	20504	46.1413125	
1096	33.0406875	1872	35.435375	2864	37.5185625	4872	39.4307625	7680	41.6554375	13088	44.08985	19544	46.28125	
968	32.526875	1832	35.04645	3192	37.226475	5416	39.0815875	8720	41.328175	14208	43.6944125	22760	46.1199125	
3056	32.67565	4952	34.9460375	8016	36.9592125	12376	39.0894	18928	41.2605375	28336	43.4270625	42440	45.7092375	
912	32.8872625	1368	35.341575	2336	37.377375	3736	39.3935125	6504	41.551075	10184	43.5115875	17368	45.840275	
888	32.5825	1432	34.9999875	2528	36.9793625	4152	39.0100375	7144	41.1816625	12160	43.3501375	19688	45.863175	
1072	32.1913375	1880	34.8000375	2920	36.7691625	4872	38.7987	8064	41.033575	13080	43.24265	21744	45.6846125	
3344	32.017275	5640	34.3698125	9048	36.3920125	14064	38.527725	21448	40.7675125	32320	43.0022625	47680	45.333425	
1128	31.8642125	2192	34.307375	3512	36.3344625	5864	38.37935	10296	40.600375	17896	43.146975	27040	45.5217625	
1144	32.2423375	1640	34.5895625	2792	36.616975	4744	38.750775	7632	40.882575	13184	43.2904875	22784	45.56245	
1176	31.9055375	2016	34.38995	3200	36.4958375	5136	38.4753	8432	40.633075	14280	43.01975	23296	45.323	
3264	31.61735	5640	34.11525	9304	36.2310625	14528	38.3926875	21656	40.638725	32424	42.8346	48840	45.223725	
1392	31.6355375	2272	33.9322	3680	36.1438	5552	38.3473125	8904	40.647375	13736	42.9475	20640	45.39355	
1576	31.5517375	2616	34.073275	3792	36.17565	6136	38.3909	9320	40.673375	14904	42.9500125	24544	45.324125	
1552	31.31965	2328	33.6483375	3392	35.7011	6088	37.9766	9248	40.174925	15800	42.612775	24912	45.0643	
4256	31.1949125	6992	33.450475	11168	35.656475	17032	37.9235625	25184	40.1831875	36800	42.4310125	54840	44.8975625	
1312	31.2348625	2160	33.542725	3640	35.723925	5824	38.092925	9360	40.4110875	15864	42.79875	25224	45.14115	
1328	31.1526	2400	33.7053875	3648	35.8686875	6040	38.1083625	9728	40.382825	15792	42.830925	24552	45.2687375	
1056	31.3256875	1880	33.8329125	3080	36.1312375	5344	38.3651875	8776	40.5827375	15424	42.9593	25568	45.25325	
4312	31.178775	6944	33.5400125	10824	35.8494125	16360	37.9112125	24120	40.1542875	35216	42.4917125	52984	44.9930625	
1512	31.206125	2672	33.7161125	4200	36.1144375	6272	38.116725	10944	40.585425	16664	42.9942625	23552	45.442175	
1176	31.128725	2312	33.5994875	3848	35.6657375	7056	37.680775	12640	40.130975	21072	42.658075	32728	45.2030625	
1256	31.2747125	1608	33.5457	2768	35.8976125	4512	38.0257	7272	40.374875	11696	42.893275	18104	45.2601625	
4376	31.0703	7024	33.4087625	11192	35.531075	16880	37.631	25408	39.9575625	37528	42.2616875	55488	44.656825	
1152	31.0345625	1848	33.434125	3224	35.725975	4720	37.853925	8048	40.22055	13408	42.5576125	22656	44.996925	
1272	30.9172375	2280	33.539625	3416	35.6410625	5448	37.779225	8856	39.9695	15416	42.437475	24744	44.91315	
1568	31.06835	2512	33.6162875	4160	35.7622	6840	37.9131375	10688	40.12835	17240	42.5017	28792	44.9694375	
4608	30.726675	7344	33.0744875	11608	35.4324375	17400	37.5672625	25920	39.867075	38760	42.2309875	57472	44.7514125	
1168	31.05755	2136	33.443925	3024	35.670825	5264	37.8746125	9000	40.18005	14712	42.6368	21872	45.0853375	
1168	31.3351375	1952	33.815225	3080	35.9692	5272	38.2293	8536	40.5146625	13584	42.7835875	22864	45.2470125	
1168	31.2522875	1840	33.6831375	2904	35.969	4640	38.074125	7480	40.3079625	13136	42.6269625	21592	45.159975	
4440	31.1026375	6960	33.4127875	10856	35.723725	16304	37.917725	23888	40.2840625	34968	42.597	51744	45.0322	
1256	31.0711875	1944	33.29495	3296	35.661525	5608	37.75855	8672	39.9492	15688	42.3354625	25544	44.7731375	
952	31.140875	1624	33.4274625	2624	35.9296625	3848	38.0027125	5888	40.2699875	8864	42.736275	12776	45.1939875	
1192	31.2374375	1936	33.6655125	2888	35.7950125	5216	37.9894875	9264	40.3440125	15416	42.84065	23304	45.353625	
4376	30.8882	7040	33.2682	11136	35.548725	16768	37.918525	24408	40.1387125	35896	42.4305375	53592	45.0079125	
1176	31.1605125	2032	33.572475	3056	35.8211375	4768	38.0201	8496	40.34945	13920	42.7520375	20720	45.3132375	
1096	31.2499	1640	33.6404625	2704	35.9639	4128	38.1126125	6552	40.5054125	10344	43.0055625	15168	45.5357	
984	31.303925	1728	33.8209	2952	36.117925	5056	38.337925	8200	40.7035625	13520	43.053575	23184	45.5173375	
4144	30.613325	7312	33.2241875	11392	35.50035	16808	37.65395	24648	40.1163125	36248	42.4871625	53544	45.0084875	
1056	30.787475	1824	33.4889125	2728	35.5889	4344	37.8820625	7288	40.21765	11704	42.7482375	16064	45.18915	
1144	31.1100375	1672	33.7306125	2912	35.915425	4736	38.1528	7880	40.6436625	12768	43.0512	20840	45.3750625	
1032	31.07015	1848	33.6903625	3048	35.86405	4880	38.054275	8384	40.4417875	13400	42.7647875	22240	45.191025	
4216	30.8724625	6936	33.24975	10968	35.48235	16648	37.6566875	24416	39.94155	36312	42.4781875	54072	45.07705	
1288	30.8995	2392	33.496125	3672	35.753525	5328	37.7577	8640	40.200175	13544	42.8024625	19192	45.2811625	
1536	31.4268	1976	33.668775	3496	36.0455875	5448	38.1237	8744	40.5915875	13912	43.0023875	22936	45.4649875	
1216	31.2331125	2288	33.7417875	3400	35.8205625	5616	37.9484125	9664	40.425225	16096	42.888125	25336	45.2813375	
4024	30.9678625	6696	33.4498875	10384	35.6546875	15728	37.750525	23536	40.1838625	35272	42.58505	51856	45.0614625	
1048	31.185875	1824	33.7919125	3168	35.9790125	4832	38.021075	7776	40.4389125	12712	42.8885125	19288	45.3809875	
1232	31.2589625	2088	33.8994875	3440	36.2081375	5368	38.3308625	8776	40.7579875	14120	43.13745	23240	45.4443875	
1416	31.25435	2408	33.894925	3592	36.0752375	5808	38.15915	9048	40.4139875	14904	42.8129	24680	45.2575125	
4328	31.19985	6864	33.5686875	10208	35.84915	15616	38.049925	22520	40.426075	32672	42.8462875	47800	45.2502125	
1552	31.2832125	2496	33.6678375	3856	35.81305	6296	37.81005	10520	40.0807875	17856	42.5407375	29648	45.014675	
1504	31.1209375	2304	33.484725	3568	35.7271125	5984	37.98785	8568	40.2100375	13248	42.767825	19584	45.21135	
1680	31.0414625	2720	33.5376	4184	35.8422	6488	38.1168625	10400	40.3795	15744	42.915625	24616	45.1833625	
4592	31.0132375	7480	33.418275	11304	35.44055	16528	37.663725	24656	39.92505	36712	42.353125	54696	44.891675	
1448	30.998225	2248	33.388775	3568	35.513525	5344	37.6715375	8704	40.13395	12512	42.5430625	18504	45.068925	
1496	30.9289625	2432	33.4743875	3656	35.558475	6040	37.8360875	9312	40.276225	14816	42.680375	21544	45.234175	
1656	30.8314375	2992	33.4682	4712	35.6104375	7520	37.7713125	12176	40.15715	20136	42.5116	32296	44.96585	
4872	30.66385	7872	33.1472625	11848	35.2009625	17864	37.4242375	26504	39.7756625	37960	42.0317	56936	44.62205	
1880	31.0122125	2496	33.1932625	4456	35.4367375	7344	37.6437875	11480	39.9839625	18272	42.47415	26712	44.9772625	
2536	30.9424125	4448	33.4475625	7056	35.589375	11096	37.848825	17296	40.14115	26640	42.5373375	41392	44.85605	
1880	30.7700625	2984	33.2781	4576	35.3475875	7752	37.63715	12648	39.9414125	20704	42.3047	33928	44.7932625	
4864	30.6298875	8000	33.2827	11824	35.6225625	17104	37.8013	25184	40.2047625	36240	42.5695875	53304	45.075975	
1456	30.618075	2264	33.2211375	3904	35.564125	5968	37.556375	9400	39.9411875	16352	42.2613625	26736	44.6979375	
1552	30.792325	2432	33.1886875	4008	35.6588875	6448	37.81135	9904	40.132975	15304	42.5553875	22424	45.096375	
1632	30.98035	2560	33.527875	3440	35.8461875	5256	38.076925	7912	40.4076	12336	42.844125	17800	45.3539125	
4688	30.863975	7368	33.32555	11216	35.687175	16400	37.8669375	23888	40.115425	35712	42.5071375	52336	45.0055125	
1272	31.3144375	2152	33.5744625	3600	36.02275	5864	38.25445	9776	40.51515	16288	42.79835	26984	45.2658375	
1312	31.2143	2368	33.7443625	3272	35.969225	4872	38.13	8120	40.386025	13456	42.7481375	21488	45.3202625	
1288	31.296625	2080	33.7118	3296	36.0305375	5184	38.2743375	7528	40.53	11312	43.0382125	16456	45.512775	
4584	31.08065	7224	33.4663625	10936	35.7323125	16168	37.907325	23096	40.3070625	33672	42.65675	49768	45.18655	
1344	30.8464	2424	33.4251625	3480	35.6541125	5904	37.7610875	9752	40.13525	16280	42.5049125	26688	45.001825	
2040	30.90505	3328	33.2290125	5216	35.3194875	9192	37.35165	16536	39.5297375	29296	41.99375	51856	44.8746875	
1544	30.92475	2680	33.4082	4072	35.5900875	5544	37.6553125	8872	39.9457875	12672	42.4496125	18232	45.2437375	
5032	30.5234375	7776	32.94615	11816	35.2291	17592	37.6769875	25072	40.0181875	36960	42.344375	54416	44.9180375	
1384	30.2228875	2808	32.888825	4408	35.00975	7136	37.1506	12120	39.53155	19920	41.9230625	33472	44.5761625	
1760	30.4808625	2712	33.0346375	4000	35.1729125	6312	37.36375	9984	39.8035875	15464	42.3179625	23056	44.9165375	
1744	30.6075125	2792	33.3390125	4688	35.595725	7336	37.7970375	12080	40.2272125	19016	42.6456	30880	45.0798125	
5504	30.0405375	8872	32.634775	13224	34.7788125	19576	37.0964875	28992	39.47885	42704	41.8392	63248	44.52105	
1584	30.264	2672	32.7453875	4264	35.02965	6912	37.2807625	11056	39.6642125	17832	42.2240875	26088	44.84205	
1512	30.3775375	2840	33.055575	4440	35.3002375	7312	37.6187875	11224	39.8947875	18560	42.37955	30176	44.90665	
1664	30.2824625	2680	32.8103625	4432	35.0622375	7192	37.4118	11592	39.6201625	18736	42.1126375	30392	44.7016125	
5128	30.377875	8480	32.9993375	12520	35.064625	18744	37.4417875	27392	39.7617375	39768	42.1691	58120	44.631425	
1400	30.4698	2640	33.1245125	4400	35.2825125	6608	37.306675	11144	39.6270375	18424	41.9421	30632	44.50745	
1504	30.5354	2384	33.2798	3576	35.4137	5432	37.539575	8600	39.9319875	13056	42.3934	18400	44.8609625	
1600	30.7611	2696	33.394825	4536	35.6328	7072	37.662425	11872	40.1015375	19336	42.621625	28824	45.0847375	
5168	30.5840875	7976	32.86225	12144	35.24265	18176	37.630325	25920	39.915675	38056	42.3110625	55696	44.775175	
1712	30.5660625	2760	33.036725	4224	35.142075	6944	37.2369125	12032	39.5899375	19576	41.979175	32072	44.3739125	
1512	30.7596875	2472	33.2325125	3936	35.4288	6176	37.467825	10224	39.876675	16480	42.3788125	24600	44.856725	
1640	31.1046125	2344	33.4833375	3544	35.588925	5816	37.7625125	8800	40.0838625	14256	42.6626625	21800	45.1141625	
5032	30.5983875	8056	33.1079375	11968	35.2714125	17720	37.449025	26072	39.74395	38488	42.1591625	56880	44.65695	
1856	30.7653625	2760	33.1188	4048	35.202475	6592	37.315	10616	39.54905	17448	41.9428375	29632	44.4925625	
1560	30.8146	2752	33.3677625	4280	35.480525	6456	37.5483875	10336	39.8437625	16512	42.3360625	24240	44.85635	
1960	31.208225	3248	33.7595875	5240	35.6852125	8968	37.8054125	14688	40.12175	23896	42.45355	38352	44.8890125	
5120	30.570175	7864	33.1082625	11808	35.218725	17264	37.3439875	25560	39.7376125	38256	42.1026375	57528	44.64955	
1896	30.886225	3016	33.5107	4304	35.4516125	7272	37.7303	11360	40.0943875	18200	42.5097375	29088	44.882575	
1792	30.6438	3216	33.271825	4992	35.2149625	8168	37.4419125	12824	39.694575	21352	42.2080625	32656	44.6884875	
1960	30.5852375	3016	33.1041875	4552	35.1237	7400	37.41625	11680	39.790925	17432	42.2978125	25240	44.73785	
5560	30.206925	8600	32.5712625	13256	34.933375	19416	36.98105	28912	39.329225	42896	41.6831375	64248	44.244975	
1936	30.50265	2928	32.825175	4744	35.2267	7360	37.413475	11656	39.7125625	18680	42.18265	29752	44.5416625	
2320	30.31405	3528	32.592875	5680	34.930575	8848	37.0106375	14976	39.4185125	22976	41.7713875	36320	44.3773125	
2048	30.2206125	3296	32.53035	5104	34.871925	8312	37.076075	12488	39.4834875	18640	41.916975	27456	44.5235375	
5992	30.054225	9624	32.5453375	13880	34.7497875	20344	37.0045	30000	39.3217125	43464	41.6505125	64288	44.191325	
1984	29.9125625	3344	32.4058375	5480	34.5758	8808	36.764825	14288	39.06265	23864	41.48515	37728	44.0150375	
2096	30.09665	3288	32.686675	4960	34.9519	7640	37.1745375	12176	39.5679625	19592	42.01125	30384	44.446975	
2152	30.1258875	3384	32.5399875	5480	34.8052375	8160	36.8894625	14248	39.31345	21880	41.6168125	35144	44.135975	
5688	30.0368875	9416	32.6232	13712	34.7821125	20576	37.1675125	29712	39.4964	43304	41.81575	63936	44.3491	
1824	30.004975	2872	32.5964625	4608	34.65885	7360	36.8631625	12160	39.12645	19968	41.4574875	33328	43.969875	
1848	30.218375	2904	32.7776125	4512	34.9355375	7320	37.2095	11488	39.4696	17776	41.9173125	25672	44.3600625	
1912	30.3381625	2912	32.8640375	4824	35.0427625	7304	37.1863125	12024	39.573725	19352	42.0896625	28208	44.5669	
5632	30.0877875	9328	32.6842375	13520	34.7527375	20192	36.936575	29480	39.2659375	43568	41.6505625	65104	44.19695	
1408	29.904725	3288	32.7449	5024	34.7369625	8256	36.9774	13888	39.4194875	22728	41.9833375	33576	44.5372125	
1664	30.0910625	2616	32.9302	4216	35.0011	6296	37.2146875	9904	39.693675	14896	42.2771625	20824	44.8199375	
1688	30.19465	2616	32.8873	4480	35.1004625	7080	37.3285875	11256	39.75735	17584	42.342225	25352	44.9456125	
5544	30.3885375	8624	32.7469125	12688	35.0974875	18568	37.2854875	26928	39.734975	39776	42.1483	57912	44.745575	
1688	30.290175	2712	32.751625	4464	35.0264125	7200	37.07275	12000	39.4773	19936	41.8725625	32888	44.432725	
1728	30.555275	2872	32.9951125	4288	35.304375	7224	37.596	10760	39.922525	18400	42.4572625	28544	44.9555625	
1800	30.5185	3096	33.02075	4736	35.337025	7592	37.5870625	12096	39.9635125	18816	42.3465375	29112	44.9055625	
5536	30.4686	8824	32.8022875	13024	35.0705625	19104	37.250325	28296	39.56975	41376	41.9222375	61744	44.5303125	
1648	30.50555	2976	32.8616625	5464	35.2017875	8464	37.292625	14904	39.6817375	23728	42.219275	34648	44.78445	
1920	30.6188625	3008	33.1090625	4624	35.2768625	7704	37.4856	12624	39.76025	19568	42.319625	29216	44.9226625	
1672	30.4477875	2608	32.9804375	4368	35.1887875	6648	37.4446125	11048	39.809325	16928	42.3361375	24840	44.97735	
5608	30.2263375	8904	32.7426	13424	34.9625875	19696	37.144925	29592	39.434	43344	41.78565	64256	44.3374625	
1184	30.3203625	2216	32.786975	3752	35.12175	5432	37.2880625	8712	39.7283625	13416	42.1256	18936	44.6614375	
1944	30.5194	3160	32.955275	5272	35.1648	8120	37.2768875	13824	39.7633375	21568	42.193975	32816	44.84035	
1864	30.52185	2952	32.9526125	4472	35.1435875	7272	37.2783375	11320	39.7878625	17816	42.260875	26480	44.9350125	
5176	30.424525	8488	32.7275125	12984	34.93375	19632	37.1644375	28368	39.4236375	42040	41.8654125	62128	44.3616625	
1488	30.4617125	2544	32.9016375	3960	35.044225	6296	37.3406625	9984	39.7151375	14776	42.183475	21504	44.7323125	
1864	30.5530125	3056	32.901425	4832	35.13235	7760	37.371425	12160	39.7923	18656	42.3173625	26944	44.8897125	
2088	30.5476125	3504	32.89985	5664	35.06185	9528	37.2376375	15544	39.537975	26040	41.9242	42176	44.445475	
5400	30.2265625	8648	32.577075	13256	34.6781125	19816	36.8937	29888	39.315525	43904	41.7093625	65760	44.3522	
1680	30.29695	3168	32.7602	4552	34.82695	7040	36.965375	11888	39.4856875	18576	41.9759125	26304	44.5676375	
1920	30.5399625	2840	32.8005	4888	34.9569875	7696	37.1856625	12512	39.6613125	19792	42.210425	27992	44.73785	
1648	30.509825	2944	32.963125	4288	34.9638875	7432	37.318875	11888	39.775775	18688	42.3413375	27840	44.8304875	
5344	30.306075	8656	32.78575	12984	34.85915	19528	37.060775	29472	39.4272125	43048	41.836225	64144	44.3830125	
1568	30.6226875	2840	33.0869625	4304	35.0474625	8040	37.3464625	13240	39.6338125	22176	42.1275875	35744	44.5982625	
1576	30.6379125	2472	33.0047	4352	35.029525	6992	37.2051125	11400	39.523225	18320	42.009325	28280	44.62545	
1920	30.4931875	3312	32.7448375	5496	34.7848875	9336	37.0188125	15808	39.4680125	25344	42.035975	38128	44.7518375	
5144	30.0851625	8552	32.5088	13160	34.62255	20464	36.9390875	30464	39.2968125	44680	41.618275	66072	44.265	
1552	30.1363125	2944	32.768675	4448	34.8509	7464	37.0508625	12984	39.508575	21432	41.92085	34656	44.5242125	
1712	30.186	2576	32.688275	4168	34.727025	7056	36.9534875	11392	39.3648625	18464	41.8301625	27456	44.5034875	
1824	30.3408375	3144	32.910825	4960	35.0293875	7712	37.3252375	12544	39.7133875	20624	42.1093875	32824	44.5905875	
5008	29.9289375	8880	32.6400625	13728	34.6755125	20608	36.8205	30824	39.1486875	46304	41.61265	68728	44.2751625	
1400	29.9721125	2712	32.7475	4568	34.965625	7472	37.132275	12264	39.466675	19736	42.035575	28728	44.6702	
2008	30.060525	2960	32.7039	5016	34.8215375	8368	37.1686125	13632	39.5277625	21384	42.0972125	30976	44.71095	
1840	29.8117	3320	32.453075	5696	34.6335	8944	36.941975	15256	39.407725	24560	42.1327	34800	44.7099125	
5912	29.5699625	9984	32.1438125	15232	34.429675	22608	36.6566125	33104	38.98595	48520	41.4840875	71696	44.0627125	
1416	29.4443875	2976	32.2055875	4640	34.4054	7568	36.6768875	12440	39.1231625	19568	41.682075	28304	44.270675	
1864	29.65585	2952	32.29365	4912	34.506925	8064	36.78645	13208	39.17425	21712	41.63805	35800	44.22105	
1904	29.4581375	3192	32.114625	4920	34.3359375	7376	36.4984	12320	38.9127625	20240	41.4786	32272	44.130075	
6192	29.30495	10432	31.86185	16280	34.1604125	24016	36.4585	35672	38.7582125	51872	41.1175875	76216	43.763775	
1760	29.5688	2968	32.1193875	4424	34.3323125	6968	36.5420875	11920	38.9501125	19816	41.5163125	28360	44.1379375	
2056	29.6374	3192	32.11195	5544	34.426675	9336	36.7777125	14576	39.110175	23192	41.564475	37528	44.181575	
1640	29.3941875	3048	31.9346	5384	34.29805	8224	36.5167375	13568	38.803625	21912	41.224225	34184	43.85835	
6384	29.3180125	10184	31.83645	16144	34.05575	24352	36.4789	35192	38.7905125	51456	41.268825	75360	43.891525	
1728	29.1107125	3328	31.8425	5264	33.92905	8336	36.1164125	14208	38.436825	23368	40.8677875	38408	43.527175	
1808	29.2347875	2904	31.9157	4800	33.9988375	7776	36.33365	13008	38.777375	19072	41.2640625	26792	43.9171125	
1784	29.36135	2952	31.88025	5056	34.1733625	8192	36.51095	13504	38.9037375	21144	41.488175	29608	44.0888625	
6504	29.305575	10864	31.74855	16640	33.9097	24936	36.1624125	37288	38.6405875	53552	41.0914375	79120	43.6604	
1344	29.401025	2768	31.9165625	4864	34.1224625	7368	36.390825	11824	38.911425	18648	41.539175	26088	44.06265	
1712	29.6612	2816	32.07255	4824	34.2851	7680	36.4654375	13392	39.0624875	21344	41.7519375	30912	44.325425	
1496	29.7478625	2616	32.1944625	4456	34.3741875	7688	36.7429	12648	39.27625	19936	41.9758625	28320	44.518225	
5904	29.68955	9816	32.1203375	15248	34.382275	23480	36.5747625	34720	38.9120375	50512	41.3039375	74216	43.981525	
1352	30.0181	2400	32.44665	4152	34.5371125	7576	36.7204625	13896	39.1256625	23928	41.806975	34880	44.4449125	
1232	30.1294	2328	32.6018	3928	34.8070375	5856	36.9021125	9968	39.3908875	15376	42.0735125	22376	44.731775	
1424	30.544025	2280	33.108475	3816	35.290875	6560	37.3422375	11440	39.788025	19272	42.1472	33504	44.683275	
4736	30.362925	7840	32.6823125	12712	34.90085	19272	37.1007125	29352	39.5152625	43432	41.919625	64376	44.5057375	
1216	30.829025	2000	33.28585	3072	35.2141625	4960	37.400875	8920	39.816375	15368	42.3154375	23064	44.8719875	
1272	31.0672625	2016	33.58035	3224	35.54035	5664	37.8020625	9272	40.0588125	16504	42.427225	29256	44.866875	
1024	30.768425	1792	33.341325	2832	35.294275	4976	37.5318625	8416	39.7805625	14768	42.14785	25136	44.755	
4672	30.4765125	7832	33.0242875	12016	35.316925	18376	37.61685	27008	39.7913	39472	42.213925	58040	44.795375	
1440	30.5526	2360	33.0693125	3712	35.40495	5408	37.3792875	9720	39.587475	16864	41.924625	27288	44.3658875	
1320	30.7100625	2280	33.4071	3304	35.6440625	5504	37.758525	9192	40.091075	14592	42.4460625	23712	44.9430625	
992	30.7525125	1808	33.33485	3144	35.5055625	5784	37.5480375	9728	39.7509125	18368	42.2585125	29680	44.780925	
4776	30.747925	7760	33.0850125	11808	35.2355125	17880	37.390525	26592	39.728825	39888	42.185975	58440	44.7045875	
1752	30.42155	2808	32.8607	4840	35.08485	7576	37.2067875	11392	39.4511625	17856	41.873575	27712	44.361775	
1496	30.2612375	2736	32.823675	4216	34.9655625	7088	37.128925	13040	39.59165	21016	42.1166125	30968	44.663725	
1144	30.2535	2024	32.9491375	3408	35.10415	5440	37.2005375	9560	39.6409875	15520	42.2341125	22888	44.78045	
5096	30.2453	8288	32.743325	12952	34.8945	20040	37.2195375	28920	39.4985375	42448	41.927875	62688	44.5402375	
960	30.2029625	1632	32.714475	2704	34.858275	4216	37.046975	6944	39.254025	12456	41.7175625	21000	44.191375	
1128	30.5274375	1816	33.0653875	2944	35.1355625	5432	37.3614375	10664	39.707425	18472	42.20745	28456	44.73855	
1216	30.7376625	1936	33.31035	3280	35.6569125	4832	37.8263625	7632	40.1139625	13320	42.5363875	23208	44.9568375	
5080	30.22935	8448	32.6967	13040	34.9125625	19408	37.1735	28840	39.6505875	41856	41.8831625	61560	44.4454625	
752	30.5424625	1384	33.0393375	2616	35.4580875	4272	37.6011875	7840	40.0739875	13832	42.38815	24024	44.88225	
840	30.433475	1632	32.90825	2632	35.1643375	4952	37.3836875	8320	39.818475	14488	42.231625	23008	44.8086625	
616	30.4861375	1480	33.2255375	1856	35.2868	2968	37.5270625	5200	40.0692	8256	42.585375	11808	45.1918375	
4888	30.527725	8000	32.7935	12680	35.2494875	18840	37.4937	27368	39.871775	40128	42.2563125	58816	44.8162375	
856	31.0234625	1464	33.3092125	2400	35.6690375	3976	37.798275	7064	40.09755	13448	42.662125	23096	45.12255	
688	31.0043125	1288	33.2950625	2016	35.5815125	3152	37.7472125	6176	40.18125	9920	42.6469375	16224	45.2021625	
976	31.065875	1824	33.5051	2856	35.674625	4968	37.8275875	8744	40.3809625	14600	42.859075	22728	45.4687375	
4808	30.5877625	8024	32.9558875	12272	35.3128	18136	37.5697125	26768	40.075075	38520	42.450225	56336	44.9628875	
912	30.937025	1760	33.40565	3008	35.8017	5000	37.9810875	8704	40.3731125	15088	42.8874	24632	45.3320375	
1192	31.509725	1784	33.8083125	2848	35.980525	4728	38.1751125	8112	40.440625	13624	42.908525	21936	45.492625	
944	31.337625	1656	33.6147625	2944	35.9545125	5056	38.115875	8656	40.400475	14248	42.9103	21816	45.5388875	
4720	31.0618	7448	33.4043875	11264	35.6299375	17064	37.8819875	25184	40.31415	36664	42.6786625	52976	45.1304375	
928	31.1826	1384	33.263175	2592	35.5111	4544	37.651975	8160	40.0425125	14264	42.4117	24144	44.843125	
1064	31.276325	1464	33.276725	2296	35.4736375	4200	37.7547125	7392	40.2101875	12096	42.698	18488	45.277525	
800	31.1190625	1672	33.4274625	2792	35.659425	4512	37.9075	7816	40.43465	13576	42.9117	22648	45.3135875	
4864	30.5263625	7928	32.9055125	12256	35.2415125	18464	37.473975	27520	39.88855	40064	42.3011125	58176	44.8546	
744	30.8198	1416	33.2479625	2488	35.5291875	3960	37.65475	7168	40.1269125	12096	42.60255	17344	45.1806875	
864	30.9487875	1712	33.557975	2776	35.8137125	4656	38.056625	8056	40.4039625	13368	42.8171625	23752	45.31605	
952	30.9839125	1560	33.5233125	2304	35.6830875	4120	37.8617375	7040	40.1782875	12728	42.6351	20496	45.079925	
4656	30.755425	7416	33.0763625	11768	35.255	17688	37.4321875	26576	39.9047125	38912	42.3065875	57424	44.9216	
840	31.3314875	1400	33.80405	2344	36.0237	3808	38.1395625	6392	40.495	10984	42.9067625	18608	45.40795	
904	31.487625	1272	33.7547875	2096	35.8706125	3624	37.9328875	6856	40.253975	12392	42.6913375	20224	45.2265125	
800	31.6319375	1280	33.926125	2168	36.1070375	3360	38.192675	5840	40.535725	9816	42.967925	15592	45.5369875	
3920	31.4200125	6136	33.4684125	10224	35.9530875	15568	38.1515375	22896	40.3432	33776	42.7030875	50040	45.21125	
808	32.068	1352	34.258675	2080	36.6123375	3520	38.6680125	6176	40.859525	11192	43.1598875	19560	45.595275	
752	32.0135	1064	34.18645	2104	36.342175	3504	38.3474125	6832	40.540675	12352	42.87645	20728	45.3914375	
864	32.1023875	1328	34.3019	1952	36.3794125	3344	38.453525	6192	40.636625	10576	43.09235	17240	45.6744875	
4096	31.8533	6208	34.162075	9448	36.3046375	14312	38.5261875	21064	40.792025	30952	43.1122625	45880	45.6027	
688	31.695125	1328	34.0347875	2232	36.126775	3440	38.157375	6696	40.45275	12672	42.781525	22048	45.272825	
720	31.60615	1264	34.064925	2128	36.2658375	3440	38.3064125	6008	40.676025	11048	43.0987125	17680	45.761775	
648	31.546175	1240	34.0336625	2032	36.316175	3536	38.3999375	5456	40.7209125	10288	43.304775	15720	45.8648625	
3200	31.8446125	5568	33.964725	8864	36.239225	13520	38.4572625	20480	40.685625	30672	42.9995625	46328	45.4568375	
448	31.9980875	1016	34.45905	1880	36.69775	3320	38.70635	6592	41.03705	12752	43.5283	21040	46.0736375	
768	32.2315625	1208	34.5362625	1968	36.7958375	3112	38.856375	5832	41.1672125	10408	43.52855	18144	45.8071	
1080	31.8964	1648	34.036325	2512	36.1914625	3952	38.2192	6896	40.575775	12280	43.0774125	19328	45.6434125	
3672	31.330625	6096	33.603325	9728	35.8546	15112	37.904775	22608	40.225475	33904	42.5723375	50672	45.033425	
1104	31.7100875	2024	34.2306875	3000	36.47955	4416	38.5441125	7120	40.7561	12056	43.1622625	19288	45.629425	
1016	31.819375	1600	34.423075	2440	36.5333125	3760	38.584275	6720	40.956375	11648	43.2548625	20104	45.6187875	
984	31.7291625	1272	34.2124125	1872	36.327925	3280	38.37275	5032	40.64135	8960	42.9868625	15216	45.3827375	
3736	31.23885	6104	33.5077375	9808	35.6705	15112	37.835725	23224	40.1765125	34080	42.5134875	50984	45.0944625	
816	31.480875	1464	34.0312	2352	36.150325	3768	38.250525	6000	40.3502375	11216	42.889	16400	45.368875	
816	31.5547375	1392	34.1159125	2152	36.102825	3288	38.2035875	6136	40.4951375	10080	43.0163875	15192	45.550275	
992	31.4578125	1600	34.059425	2856	36.2497	4360	38.11685	8064	40.5575875	13272	43.0268625	21344	45.601525	
3592	31.614975	5568	33.7833	9136	35.9914	14208	38.0327	21776	40.4058125	32280	42.8398875	47904	45.335725	
840	31.7042125	1512	34.1182375	2128	36.1008625	3488	38.194975	6696	40.454575	11200	42.668575	19496	45.08385	
1072	31.5266	1944	34.1438375	3008	36.0766625	5440	38.3401875	9112	40.4909625	16160	42.9142625	25864	45.6012125	
1016	31.4575125	1512	34.039425	2648	36.1532125	4208	38.4143625	6856	40.661	10976	43.0106	16760	45.6529875	
3496	31.9947	5512	34.34645	8176	36.361025	12720	38.587925	18904	40.764675	28944	43.291425	42528	45.744675	
1560	31.621725	2408	34.0298125	4072	36.1216625	6264	38.1290125	9976	40.3663375	16496	42.733475	26640	45.2486	
1368	31.4135	2240	33.7719125	3944	35.7818125	7016	37.6001625	13240	39.8691125	25312	42.235325	45488	45.121275	
1232	31.786025	1864	33.890975	3240	36.034575	4984	37.8747875	7768	40.1151	13664	42.738275	20208	45.4303	
4008	31.4247875	6200	33.634325	9576	35.741275	14936	37.8877125	22656	40.1776125	33920	42.5281625	51072	45.1638	
1256	31.198775	2176	33.65885	3384	35.7899	5432	37.8775375	9064	40.1216375	15504	42.697875	23640	45.3357375	
920	31.3741875	1128	33.617225	2448	36.0183125	3952	38.1565	7176	40.3640125	12680	42.9733	20488	45.353775	
752	31.2338125	1392	33.611225	2288	35.9031375	3664	37.9060375	6088	40.152575	11160	42.6364875	19424	45.132725	
4168	31.1137375	6696	33.2918625	10248	35.3999	16064	37.50575	24584	39.9571	36832	42.2815625	55072	44.817525	
872	31.5730375	1744	33.955375	2592	36.0134	4120	38.1761125	6440	40.48685	10592	42.9014125	16200	45.2595125	
1224	31.787275	1848	33.945125	3016	36.015075	4776	38.0897125	8720	40.30135	14600	42.7173	23824	45.2711625	
1096	31.8363125	1816	33.9211875	2872	36.0205125	4904	38.1619625	9000	40.378325	16008	42.8622625	25608	45.4536625	
4080	31.1607875	6616	33.46605	10288	35.5528375	15840	37.841925	23896	40.1761625	35072	42.4507125	52120	44.9731	
1168	31.6504375	1856	33.9959125	2720	36.055575	4008	38.2467	6328	40.5441625	10936	42.85365	17840	45.303275	
1056	31.7367625	1496	33.8281	2416	35.952275	4280	38.2007875	6968	40.410175	11680	42.7659375	18416	45.2194875	
816	31.9428	1512	34.2294625	2216	36.279925	3632	38.5282375	6168	40.8792	10552	43.273075	17944	45.573975	
4000	31.29135	6320	33.607725	9712	35.71105	15000	37.9286875	22560	40.2593125	33600	42.54945	50392	45.033025	
1072	31.882475	1848	34.2503375	2816	36.49585	4688	38.538325	7792	40.7572	13784	43.0878125	23616	45.4464875	
920	31.62375	1640	34.1107375	2736	36.1718625	4688	38.2377875	8128	40.4875	13896	42.8250375	23488	45.2777875	
1096	31.523025	1848	34.163725	2936	36.324925	4744	38.3277375	7968	40.5749125	13816	43.0068	22440	45.295225	
4104	31.3482625	6544	33.6499375	9608	35.624375	14784	37.7836625	22528	40.137	34168	42.4843	51792	44.9844125	
1208	31.1737	2416	33.7335375	4056	35.843475	5816	37.8436375	9992	40.261625	15648	42.5507125	24264	45.0584125	
1720	31.1026625	2552	33.5752125	4032	35.7723125	6728	37.9174125	10784	40.1824125	18584	42.513175	31312	44.9407125	
1064	30.9338625	2088	33.4472125	3008	35.5560875	4968	37.7000375	8672	39.9875	14408	42.2807	23992	44.7236625	
4664	30.7469875	7600	33.2992125	11456	35.210325	16944	37.2457375	25984	39.6630125	38488	41.902325	58816	44.5145375	
1432	31.00175	2296	33.55475	3784	35.5597125	6176	37.762475	9832	40.1725125	16192	42.44165	26584	44.9352875	
1512	30.808725	2528	33.3137375	3880	35.258625	6128	37.31265	10248	39.5600375	18048	42.0706875	29744	44.665725	
1272	30.5913625	2280	33.1062125	3688	35.1753625	6568	37.35435	10192	39.6767875	16632	42.268225	24656	44.8518625	
4968	30.5138625	7984	32.7978875	12552	34.922425	18824	37.060925	28040	39.5294125	41640	41.8704375	61616	44.4075125	
1216	30.6667625	1976	32.9754875	3432	35.2501875	5584	37.47705	9240	39.810875	15768	42.27675	25968	44.7894875	
1376	30.5345125	2264	32.901875	3328	35.0284	5704	37.2994	9168	39.559525	15704	42.0546375	25664	44.65215	
1528	30.83505	2384	33.2454125	3616	35.46595	5840	37.713775	9240	40.022	15704	42.4218875	26024	44.9183	
4840	30.4266375	7808	32.8025375	12104	34.982	18432	37.206275	27152	39.472775	40728	41.890125	61280	44.4619125	
1376	30.9194625	2216	33.157975	3672	35.34395	6104	37.5505	10160	39.824825	16632	42.3163375	25136	44.85575	
1472	30.8543125	2352	33.1715375	4288	35.4833875	6728	37.7168375	10400	39.9081125	17144	42.465025	25936	45.0550875	
1512	30.9696625	2680	33.299725	4376	35.582375	6896	37.7913625	11808	40.0300625	18976	42.3742	31904	44.8531375	
4984	30.7556875	7704	33.0836	11544	35.080125	17616	37.3655875	26208	39.6111	39416	42.0629875	58992	44.529625	
1584	30.6631	2976	33.22085	5352	35.4999	9064	37.6982875	15256	40.2017375	24168	42.7866625	36128	45.320325	
1600	30.9016	2400	33.3272	3976	35.5498625	7152	37.9297	11176	40.30795	18048	42.729075	29528	45.184175	
1632	30.678775	2552	33.05205	4224	35.222275	6728	37.414825	11680	39.816825	20232	42.2924875	33048	44.8557	
5128	30.5837875	8160	33.1743	11960	35.1645	17896	37.2319875	26992	39.5652125	40536	41.9081625	61576	44.4815	
1568	30.558225	2768	33.1028125	4312	35.098625	7408	37.2565	12024	39.596725	19632	42.0752875	30568	44.77125	
1736	30.6334875	2544	33.0076375	4648	35.1762125	7544	37.3338375	12376	39.7365375	20128	42.1624125	32904	44.6484875	
1384	30.1581875	2760	32.732575	3992	34.65115	6880	36.8076625	12240	39.27	20184	41.70435	32776	44.2945625	
5328	30.2406375	8800	32.6839125	13296	34.833475	20168	37.0726625	29984	39.5023625	43568	41.7524875	64920	44.2504	
1192	30.2472625	1944	32.5815625	3584	34.7088875	5888	36.7453	10368	39.1162125	18024	41.3720125	31360	43.9414375	
1232	30.3612625	2088	32.7088375	3240	34.867875	5416	36.9126875	8760	39.3467625	14320	41.8005	21472	44.4221875	
1488	30.64255	2256	33.010325	3832	35.132175	6408	37.192625	10544	39.4893	17688	42.09335	26392	44.7607125	
5128	30.2776125	8592	32.7318625	13328	34.87655	19936	36.9905375	29592	39.177625	44448	41.5361125	66392	44.02715	
1408	30.5308125	1832	32.828075	3208	35.0640125	4920	37.1325875	8520	39.457625	13264	41.9331875	19328	44.4182	
1168	30.6255625	1992	32.89245	3752	35.0398875	7232	37.2458	12672	39.51445	22448	42.0642875	35856	44.7260375	
1224	30.972075	1992	33.3362625	3112	35.4797875	4872	37.7380125	7520	40.019525	12792	42.4538375	21944	44.89835	
4776	30.632425	7816	32.876225	12008	34.9971625	18592	37.31305	27696	39.499025	41112	41.7756875	62728	44.3062125	
1072	30.918325	1840	33.1604	2576	35.327325	4464	37.582625	7216	39.8057125	12552	42.213875	18200	44.778275	
1208	31.3328125	1936	33.6475	2752	35.744725	4432	37.9550125	7368	40.252325	11408	42.619625	18280	45.0888	
1272	31.449225	2048	33.7534	4064	36.0746875	6616	38.1214375	11848	40.26415	20536	42.683425	33256	45.1422375	
4328	31.4640875	6864	33.6467125	10408	35.6603875	16120	37.85	24272	40.127075	35864	42.33805	54528	44.8090625	
960	31.61165	2160	33.9061375	3792	36.022275	6096	38.0860875	10568	40.38075	16944	42.6175375	27760	45.20475	
1152	31.691825	1800	34.0082	3320	36.2300375	5128	38.3054125	8696	40.6219625	15240	42.8870125	25560	45.3249	
1384	31.4147625	2608	33.8122375	3768	35.909725	6136	38.0266	9776	40.2571125	16264	42.5523375	26480	45.07995	
4280	31.099675	7152	33.5146	11200	35.63645	16856	37.747275	25368	40.016125	38328	42.474525	55840	44.8512	
720	30.9171375	1720	33.53655	2696	35.55655	4728	37.7359	8880	40.1517875	15216	42.6745125	22888	45.13445	
1032	30.962275	1672	33.4786125	2912	35.5799375	4504	37.784825	7760	40.1658	13216	42.827625	19464	45.3159375	
968	31.029725	1896	33.563475	2840	35.554975	5320	37.7752	9728	40.2839625	16416	42.831725	25384	45.429475	
3680	31.2957375	6568	33.8154625	10568	35.8895625	16448	38.1108875	24136	40.24125	36056	42.7005375	52768	45.178225	
752	31.1835875	1192	33.5470375	2104	35.649825	3728	37.85965	7136	40.1305875	12272	42.4763375	21232	44.9196625	
952	31.4194	1376	33.6234375	2072	35.72725	3408	37.9050625	6376	40.166675	12048	42.8241	18216	45.3192625	
792	31.473625	1368	33.7655375	2288	35.8887875	3864	38.019325	6792	40.411225	11344	43.002125	17160	45.51695	
3896	31.382875	6432	33.6799375	10312	35.8280125	15976	38.1808875	23992	40.5376625	34944	42.8902	51224	45.3877125	
808	31.3087375	1352	33.66415	2568	35.9063125	3816	38.00825	6960	40.256875	12296	42.5871375	21400	45.0719125	
1200	31.5302625	2032	33.9586125	2616	35.9044	4480	38.1153375	8296	40.3819625	14792	42.8953125	23560	45.336875	
904	31.7250125	1312	34.1684625	2368	36.222625	4000	38.5116375	6808	40.799425	11744	43.157025	20528	45.54175	
3632	31.6819625	6072	33.7773875	9896	35.9448875	15464	38.151775	23144	40.4165875	34168	42.7748375	50952	45.2617125	
888	31.8793	1744	34.24045	2520	36.280125	4304	38.6053125	7080	40.8267	12096	43.20205	20392	45.6043875	
944	31.8608875	1488	34.046575	2448	36.0280625	4264	38.2884625	7472	40.5252875	13368	43.0699375	20656	45.5470625	
728	31.7764625	1624	34.2217375	2424	36.1205875	3936	38.43045	6096	40.7058875	9416	43.2436	14016	45.7990875	
3720	31.58095	6112	33.7563375	9904	35.9368375	15432	38.1110125	23016	40.4408875	34000	42.75835	51256	45.2385625	
760	31.430675	1544	33.834225	2600	35.8673375	4664	38.1066125	8680	40.5918	14056	42.9560625	21256	45.4588625	
1056	31.68495	1656	34.0608875	3056	36.1963375	4496	38.458875	7136	40.8725625	12472	43.155825	21240	45.547025	
1072	31.377925	1992	33.94665	2808	35.9208	4688	38.1231875	7776	40.4820625	14192	42.8589375	23376	45.3023875	
4080	31.2182375	6768	33.6762	10592	35.6635875	16536	37.978625	24672	40.1642875	37128	42.5840625	54376	45.0963375	
1360	31.327225	2232	33.7129875	3376	35.78135	5464	37.8837875	9440	40.2278125	15704	42.75395	23824	45.3401875	
1104	31.0250875	2040	33.55555	3488	35.7157625	5840	37.8650375	9680	40.155275	15952	42.78565	23912	45.4477125	
1088	30.960925	1864	33.4237625	3024	35.674	4680	37.8248875	8296	40.1274	13896	42.8176625	20848	45.5158625	
4176	31.2254125	7184	33.609275	11128	35.6626125	17432	37.9356125	25712	40.4296	37376	42.7172625	54328	45.22195	
1112	31.429725	1832	33.6109875	2832	35.6026875	4568	37.709025	8328	40.0231125	14632	42.3684375	25264	44.88785	
1064	31.6506125	1856	34.006	2800	36.053375	4304	38.2455	7848	40.6124125	13056	43.02755	22256	45.4298	
1032	31.402275	1704	33.6492	3064	35.763625	5304	37.9392875	9224	40.2106125	15424	42.537425	25704	44.9937375	
4192	31.3380625	6744	33.527775	10584	35.5769375	16576	37.7740375	25248	40.1208125	37040	42.4346625	55336	44.9469625	
896	31.4211	1664	33.8272	3064	35.879825	4840	37.9806125	9568	40.3869	16248	42.8300125	25160	45.3194875	
824	31.4874875	1616	34.08645	2720	36.181475	4872	38.4546	7784	40.7084375	12920	42.9953875	22536	45.4108875	
944	31.5204625	1384	33.89955	2440	36.079325	4144	38.2073625	7016	40.4513875	12432	42.7354625	21664	45.221475	
4032	31.570875	6480	33.818725	10168	36.1217625	15680	38.2243875	23448	40.5527125	34912	42.821375	51768	45.2965125	
1184	31.9909	1856	34.4228125	2896	36.3630625	5384	38.593425	9072	40.898425	15600	43.1322125	25392	45.4873	
1048	32.116225	1664	34.4924	2928	36.6346875	5152	38.8131875	8136	41.05835	13880	43.2526875	23800	45.5790375	
928	31.8942875	1656	34.3614125	2944	36.4670625	4920	38.5776875	8320	40.715675	14328	42.9427	24224	45.3522125	
3912	31.68035	6264	34.0849875	9784	36.10855	15232	38.4520625	22456	40.5723375	33752	42.918125	50520	45.3591625	
1400	31.7128375	2248	34.1794375	3624	36.188775	5720	38.485625	9208	40.7056875	14640	43.1668875	21552	45.593925	
1096	31.668	1832	34.2072625	3120	36.3348875	4952	38.5735875	8080	40.9198	13456	43.3137125	21656	45.6100125	
1184	31.5295375	1936	33.9704375	3304	36.0903625	5208	38.312525	8968	40.6641875	14664	43.0423875	23664	45.3458875	
4208	31.4523	7120	33.727125	10984	35.9354625	16360	38.257025	24008	40.4719	35824	42.923675	51800	45.2931	
1432	31.2129	2208	33.6279375	3224	35.8401375	4584	37.9812875	7272	40.1217125	11592	42.506025	19304	44.9275625	
1544	30.7170875	2512	33.21505	4280	35.41365	6984	37.6294625	12184	39.9104625	20480	42.514025	32248	45.083725	
1384	30.491475	2280	33.0557375	3344	35.308525	5160	37.5762375	8312	39.930125	13080	42.543725	19560	45.1352625	
5448	30.5890875	8640	32.9367125	13232	35.172125	19448	37.553175	28768	39.9922375	41096	42.3611875	59488	44.90665	
1120	30.3647125	2008	32.7802375	3064	35.047375	4624	37.281625	7496	39.6291125	12416	42.00095	20568	44.412225	
1424	30.608125	2168	32.8979	3480	35.1562	5936	37.496775	9256	39.77355	14792	42.2748625	22848	44.8035125	
1336	30.825275	2176	33.098075	3408	35.348975	5448	37.6799875	9768	40.05535	15960	42.5091875	26112	44.9065875	
5376	30.4999625	8576	32.830675	13584	35.3087	20136	37.515525	29152	39.7397125	42312	42.1135375	61528	44.608675	
1304	30.9216625	2328	33.5160625	3288	35.8521125	5032	38.0845875	8072	40.3838625	12776	42.7167	21296	45.0740875	
1248	30.973125	1800	33.5845375	3048	35.7559875	4464	37.8094375	7912	40.0247125	13624	42.4387125	22152	44.9204	
1064	31.1617625	1496	33.68415	2360	36.0086625	3592	38.0202625	6112	40.35305	9984	42.8190375	14528	45.2905125	
4752	30.968025	7672	33.49945	12056	35.73835	17848	38.0505375	25400	40.2106875	36928	42.6774	54480	45.1336	
1040	30.9351125	1864	33.683425	2824	35.6894125	4920	37.892075	8752	40.032425	15264	42.43205	24944	44.7925125	
1136	31.113475	1600	33.75375	2768	35.81705	4376	38.0346375	6792	40.274175	10888	42.7512625	16648	45.224725	
1144	30.973825	1952	33.52545	3608	35.643375	6208	37.8508625	11008	40.0927875	18848	42.5955875	29904	45.1645375	
4896	30.7930875	8120	33.3420625	11992	35.434625	18000	37.6858625	26296	39.8157625	38824	42.1911875	57192	44.5981125	
1112	31.1240875	1832	33.5871125	3248	35.7331625	5344	37.76765	9240	39.8837125	16328	42.23905	28304	44.6952875	
1080	30.9426125	1904	33.5572375	2984	35.75275	4440	37.70075	7416	39.8753875	12240	42.2281	19880	44.729525	
1272	30.8123	2056	33.3749625	3328	35.557775	5568	37.71295	8976	39.945775	15104	42.4594	22864	44.9612	
5000	30.66655	8440	33.27055	12368	35.3025875	18432	37.6026375	27096	39.9715875	39512	42.338775	57016	44.7763375	
776	30.6826125	1472	33.3618375	2288	35.28785	3640	37.5003375	5464	39.6435375	9944	42.01675	17008	44.4245	
864	30.7713125	1488	33.5173	2408	35.5141125	3872	37.7041	6968	39.972775	11584	42.457825	17928	44.9020625	
1016	30.995125	1552	33.5528125	2792	35.768725	4504	37.9064375	8240	40.2719125	13672	42.5912	23144	45.035925	
5168	30.6937	8128	33.03885	12664	35.425625	18248	37.524825	26952	39.8153625	39512	42.1231	58536	44.572925	
968	31.0572125	1592	33.50745	2584	35.919225	3952	37.9567625	6640	40.2949	11176	42.6849	17640	45.064675	
896	31.23585	1576	33.6365875	2312	35.8419375	4328	37.8411875	7848	40.1084625	13696	42.51395	22152	45.029725	
848	31.2838875	1400	33.7247	2000	35.9349375	3304	37.9807375	5944	40.3983125	9816	42.8011625	14528	45.3210625	
4528	31.1622375	7432	33.6119375	10824	35.583575	16224	37.798	24280	40.0408625	36296	42.4432375	53824	44.8653875	
872	31.6657625	1360	33.9929875	2312	36.1474375	3408	38.2402	6312	40.614575	9888	42.90555	15888	45.295775	
992	31.7844125	1504	34.0900625	2360	36.0198625	4456	38.1997625	7616	40.4149375	13416	42.7182125	22272	45.2048375	
928	31.8543	1632	34.382025	2640	36.4399375	4616	38.6533375	7960	41.063925	12992	43.3304625	22264	45.6987375	
4600	31.3590375	7344	33.8504625	10816	35.872425	16000	37.9862	23584	40.286375	34760	42.5101625	52008	44.931175	
976	31.731175	1520	33.9430125	2704	35.974325	4592	38.102075	7960	40.3288875	13816	42.5576	24288	45.0246875	
656	31.3325625	1336	33.6966875	2392	35.8155125	3600	37.7857	6544	40.0862875	11840	42.48175	18880	44.9375	
944	31.268575	1600	33.72325	2608	35.80945	4424	37.9043875	7360	40.174525	13272	42.5915125	22864	45.0375875	
4568	30.86925	7544	33.1486	11560	35.2922875	17512	37.4346875	26392	39.7160125	38800	41.9657875	58600	44.4525125	
928	31.1146875	1384	33.3544	2200	35.440625	3896	37.5387625	6728	39.8739875	11888	42.2353375	17768	44.717725	
1040	31.105475	1576	33.2234625	2512	35.285175	4576	37.534575	7272	39.8035375	13096	42.263925	20784	44.760975	
744	31.0176625	1720	33.4105875	2504	35.501425	3832	37.559325	7208	39.9029625	13064	42.242725	23584	44.710775	
4392	30.711775	7456	33.054175	11600	35.14425	17704	37.320075	27200	39.590575	40504	41.8790125	60952	44.4213625	
1008	31.0343125	1584	33.2493625	2656	35.2871125	4608	37.3921625	8832	39.67075	15960	42.12505	25032	44.646775	
904	31.0511	1512	33.27875	2432	35.3859625	3816	37.3654	7008	39.7626625	12256	42.298	20032	44.9227875	
904	31.11035	1560	33.4478875	2368	35.6154125	4008	37.654025	6496	39.9941	11256	42.500325	19344	44.9778125	
4584	30.7809	7424	32.9697875	11552	35.158275	18008	37.29675	27088	39.642725	40384	41.959225	60320	44.4210375	
1048	31.2011625	1824	33.346975	2880	35.470725	4712	37.5488	8368	39.638525	15976	42.1310375	26096	44.76675	
1160	31.34155	1856	33.551225	3096	35.7872625	4608	37.8269625	8328	40.0336625	14392	42.3725	25688	44.8515125	
1104	31.1500125	1848	33.409375	2488	35.4344875	4240	37.5074375	7016	39.6716375	12912	41.976125	23064	44.505275	
4584	30.872225	7640	33.2989875	11416	35.4354	17232	37.5264875	26016	39.93375	37968	42.2981125	56256	44.7863625	
1168	30.8928	1784	33.2771625	2672	35.25835	4064	37.2061625	7816	39.6196125	13696	41.8645	23960	44.32665	
952	31.0515	1344	33.38425	2304	35.496	3776	37.6315875	6200	40.09455	10384	42.4834125	18232	44.98265	
744	30.7793375	1504	33.2139625	2504	35.3024875	3968	37.332775	7616	39.8070125	13136	42.042125	22736	44.5362625	
4704	30.639925	8016	33.0686	11912	35.1686	18192	37.32505	27216	39.77165	39736	42.1229875	59032	44.60385	
760	30.51355	1344	33.04845	2416	35.17105	4176	37.32635	6800	39.611	11832	41.8487875	19480	44.2191625	
984	30.69385	1280	32.991775	2304	35.139575	3984	37.2385	7576	39.6053625	13768	42.0385	22600	44.5840625	
872	30.7874875	1344	33.0811625	2328	35.2783875	4144	37.4662125	7224	39.8774125	12536	42.3540875	20176	44.7806125	
4848	30.2944	8128	32.587275	12688	34.773675	19224	37.014275	29392	39.343075	43280	41.7122	64880	44.183325	
1056	30.699225	1680	33.0768	2648	35.2086125	3648	37.275425	5888	39.5860625	9440	41.9670125	14032	44.443975	
752	30.7276125	1280	33.10455	2048	35.2324	3408	37.297275	6368	39.6839	10576	42.097875	15728	44.5922875	
752	30.8772625	1320	33.222	2288	35.4855625	3736	37.5820625	6224	39.910875	11712	42.3608875	19840	44.73355	
4952	30.24955	8384	32.614225	12704	34.648175	19880	36.991475	29208	39.1850625	44336	41.6169625	66008	44.1248375	
1016	30.5178375	1568	32.9395	2920	35.183175	4440	37.399575	7096	39.6015125	10800	41.9915125	14872	44.4116625	
1168	30.6542125	2048	33.03335	3368	35.04435	6352	36.9923375	13240	39.0039375	25968	41.161375	52656	43.9050875	
1008	30.725375	1424	33.0958875	2312	35.1515125	3456	37.171575	5776	39.442075	8888	41.7256	12512	44.4321875	
5056	30.368275	8360	32.7050625	13080	34.8685	19928	37.1229	29624	39.3932125	43976	41.6782875	65240	44.0796	
1112	30.5843375	2008	33.1394875	2952	35.23235	4296	37.3037625	8088	39.6667	13056	42.0254875	19616	44.477725	
1008	30.64495	1664	33.1745	2688	35.3876375	3872	37.36535	6552	39.8114	10616	42.249925	15584	44.748125	
1200	30.7779625	2096	33.3719125	2960	35.3743875	5416	37.4997375	9048	39.809425	16360	42.33335	26160	44.94185	
4856	30.8188375	7816	33.0798125	11952	35.2805125	18264	37.5490125	26928	39.9362625	39352	42.276025	57328	44.6497375	
1088	30.82325	2176	33.10495	3432	35.3318125	5984	37.554725	10144	39.7355625	17304	42.02405	29408	44.4373375	
1256	30.9442	1848	33.2673625	3080	35.4806625	4768	37.5786625	8704	39.962575	14096	42.2308125	21632	44.7336625	
1272	31.15565	2056	33.42355	3240	35.621325	5416	37.7264625	8648	40.0574	14880	42.460825	22448	44.9947375	
4896	30.5923625	8192	32.8734	12384	35.07805	18816	37.4073375	27632	39.6606875	40408	41.95755	60792	44.4487125	
904	30.4816875	1632	32.85175	3064	35.2288875	4856	37.5189375	7952	39.7646625	13048	42.2376625	19112	44.748775	
1072	30.5262	1704	32.8352125	2656	35.208175	4368	37.5037125	7432	39.8703	11880	42.3319875	18704	44.902525	
912	30.24785	1856	32.7176375	3016	34.993225	5304	37.3478625	9480	39.81225	16776	42.2391	27960	44.7468625	
5256	30.141875	8704	32.5833375	13432	34.8841875	20176	37.1938875	29416	39.517325	42632	41.848675	63496	44.4225625	
968	30.5040375	1400	32.7690625	2240	35.1054875	3464	37.2676875	6544	39.6085375	11784	42.12015	17848	44.710425	
672	30.6326375	1304	32.9556625	2096	35.2526875	3712	37.5087625	6960	39.9517375	11864	42.4336375	20080	44.872575	
904	30.597075	1192	32.7745875	1896	35.04315	3424	37.3379375	5792	39.601625	10552	42.11095	18104	44.632325	
5320	30.1385375	8896	32.6744	13672	34.9723625	19984	37.110175	29712	39.5215125	43248	41.8212625	63960	44.355475	
1384	30.76455	1944	33.1628875	2864	35.50055	4344	37.5162625	7064	39.911575	11176	42.2868625	16192	44.7522375	
1280	30.8824125	2024	33.2537	3096	35.5688125	5144	37.719575	8384	40.106925	13520	42.4947	20264	44.9741	
1384	30.920975	2192	33.4483875	3080	35.64525	4712	37.83415	7520	40.2084125	11336	42.5633	17616	45.0799375	
5072	30.8552375	8024	33.162725	12312	35.4065	18192	37.6807875	26344	39.986025	38456	42.322375	56544	44.74625	
1800	31.39345	2744	33.719725	4112	35.9744	6288	38.2467375	9776	40.5578875	14928	42.73965	23528	45.10925	
1560	31.1917	2664	33.6998	3864	35.9042125	6128	38.1951125	9744	40.4771625	14768	42.8016	23144	45.1839375	
1928	31.3278	2856	33.7988625	4144	36.0477875	6528	38.363825	9760	40.6493125	15512	42.850025	25152	45.2447125	
4728	31.1409375	7576	33.596225	11200	35.71045	16640	38.0157625	24008	40.364125	35328	42.700275	51792	45.14265	
1456	31.2724125	2392	33.8030375	3568	36.047075	5520	38.1879625	8592	40.589575	13752	43.0454875	19744	45.453675	
1840	31.39065	2968	33.9749375	4424	36.14185	7024	38.3378375	11288	40.6805	17696	43.159025	26608	45.6409125	
1920	31.26345	2944	33.7497	4640	35.893175	7328	38.1999	11720	40.4993875	18288	42.981875	27704	45.531125	
4904	31.097075	7656	33.5837625	11360	35.7182875	16512	37.92235	24256	40.2907125	35168	42.53145	52168	44.8905625	
1664	31.18265	2672	33.619	4080	35.75	6344	37.8430375	10432	40.3160125	17392	42.8014875	25848	45.2186875	
1856	31.1679875	2808	33.4794875	4184	35.6688125	6872	37.8376875	10816	40.25955	17200	42.7258125	26184	45.1376	
1816	31.0220875	2824	33.3831125	4640	35.55415	7688	37.780425	12240	40.059125	19728	42.4430375	32656	44.8752375	
5040	30.6912	8080	33.2747375	12032	35.4078875	17744	37.5235625	26088	39.849025	38376	42.1868625	57256	44.7199	
1320	30.7237	2096	33.198125	3184	35.267225	5608	37.51495	9504	39.9184625	15888	42.40675	23320	44.9062625	
1232	30.7560625	2200	33.3963625	3256	35.480175	5520	37.77295	9016	40.117675	15472	42.5234125	26344	44.890775	
1368	30.593475	2224	33.196225	3456	35.2247625	5672	37.49255	9240	39.769325	15920	42.1708125	25512	44.608825	
5112	30.524925	8504	32.98235	12576	35.1350125	18984	37.371	27488	39.5356875	40480	41.93335	60760	44.35405	
1600	30.9651375	2544	33.4346875	3888	35.4874375	6304	37.726425	10352	39.9978625	17056	42.40285	28256	44.7361125	
1536	30.9335625	2480	33.4165125	3744	35.5273625	5624	37.580875	8936	39.80385	14112	42.2574	21944	44.7024875	
1816	30.9320125	2760	33.39805	4016	35.4117625	6536	37.5607375	10424	39.87505	16728	42.4081875	25256	44.7963625	
5080	30.92505	8120	33.3309875	12392	35.4539625	18480	37.8267875	26744	40.0392875	38784	42.33125	56952	44.6615625	
1896	31.2360875	2728	33.4423	4128	35.5381875	6480	37.7224375	10488	39.8170875	17608	42.228625	29440	44.5452	
1520	31.31455	2752	33.874	3928	35.8699	6296	38.092375	10872	40.331075	17680	42.7814875	27160	45.108275	
1552	31.9184875	2264	34.239825	3600	36.446375	5280	38.64515	8200	40.8932375	13328	43.2831125	21496	45.4954875	
4080	31.9105	6568	34.24605	9816	36.2958	14992	38.4407	21856	40.6328375	32160	42.9220625	48064	45.3173125	
1336	32.011125	2136	34.4735625	3312	36.48135	5144	38.6507	7536	40.711275	12552	43.1743875	18992	45.5539625	
1320	32.039425	2264	34.54875	3304	36.6202875	5016	38.686275	8256	40.8925125	13712	43.330525	21736	45.7135375	
1272	31.968275	2160	34.4512375	3352	36.5192375	5352	38.59065	8496	40.794425	14320	43.2810125	22544	45.6971375	
4136	31.8979	6600	34.104625	9872	36.206025	15096	38.3772125	22400	40.6996	32344	42.9253875	48488	45.2933125	
1200	31.857	1792	33.9708125	3384	36.359625	4960	38.36585	7856	40.6683625	13312	43.039875	20688	45.446325	
1248	31.666825	2296	34.1283375	3200	36.26015	5136	38.475125	8360	40.6601125	13760	43.01425	22616	45.391075	
1160	31.5539375	1848	33.895275	2856	35.9913125	4248	38.17805	7056	40.3502875	11472	42.77785	19408	45.1606625	
4504	31.5181625	7112	33.807175	10696	36.0287125	16192	38.128025	23792	40.35295	35032	42.6392875	52192	45.0006125	
1368	31.833925	1856	34.0489125	2736	36.1595125	4672	38.45015	7664	40.56755	12728	42.9747625	19360	45.3856625	
1072	31.958325	1656	34.240775	2592	36.550575	3704	38.6765125	5688	40.8515	8680	43.2790625	12600	45.6693125	
1320	32.084125	1920	34.3448125	2880	36.449725	5056	38.67155	8320	40.8795875	14048	43.3807	22296	45.8071625	
4016	32.1183125	6272	34.3681125	9456	36.3914125	14352	38.5398625	21424	40.8705875	31120	43.1253125	46288	45.4684375	
1616	31.9930375	2488	34.210975	3784	36.1369125	5976	38.2610125	9696	40.4565375	15792	42.7053375	26856	45.1763375	
1784	32.0021375	2432	34.1338375	3864	36.2092625	5816	38.3156375	8928	40.5819625	13920	42.9324875	20304	45.4254625	
1776	31.87035	2872	34.2928625	4216	36.350475	6368	38.535075	9040	40.662175	13888	43.04885	21904	45.5311375	
4304	31.6747875	7048	34.3656375	10216	36.393575	15032	38.545225	21976	40.7293375	32424	43.043175	48144	45.3887375	
1792	31.9626875	2760	34.4531625	4064	36.6239125	6240	38.6312375	9336	40.744625	15280	43.01065	24816	45.4362	
1624	32.0955625	2384	34.468325	3680	36.6565	5912	38.7801	9352	40.9811875	14576	43.339025	22384	45.808425	
1536	32.1822375	2520	34.650475	3936	36.870025	5768	38.7767875	9280	40.9545875	15264	43.3522	24648	45.6719625	
4136	32.0436	6520	34.495875	9416	36.5668625	13880	38.688225	20576	40.826375	30712	43.1326625	45752	45.4475375	
1544	32.1464375	2368	34.7389375	3344	36.663075	4792	38.7609	7584	40.8957875	12480	43.4179625	18352	45.7206625	
1320	32.0895	2136	34.6291625	3480	36.7396875	5680	38.8849375	8896	41.0805875	13864	43.393725	22680	45.7510125	
1688	31.939575	2544	34.4236375	3744	36.4775125	5728	38.6306625	9296	40.789825	14608	43.1124375	23344	45.4538625	
4176	31.5825875	6760	34.076375	10040	36.2323875	14904	38.3240375	22096	40.582525	32712	42.7846625	49528	45.206175	
1848	31.605225	2736	34.003575	4232	36.2768125	6064	38.3313125	9136	40.58125	14320	42.895025	21168	45.349	
1784	31.789925	2648	34.1375625	4200	36.4131875	6400	38.6211625	10048	40.80955	16008	43.125975	25376	45.404475	
1952	31.595775	3112	33.8984375	4912	36.03915	7632	38.135475	11712	40.282425	19256	42.6544125	30528	45.1048875	
4552	31.5087375	7072	33.8884375	10536	35.925575	15888	38.2056375	23240	40.4560125	33968	42.701325	51328	45.0898875	
1736	31.5032	2848	33.937075	4232	35.8174	6912	37.9956375	10768	40.0780375	18368	42.4084375	30000	44.755975	
1640	31.4839	2464	33.9404125	3912	35.894725	5520	37.98765	9040	40.2402125	13696	42.6210375	19600	45.015825	
1408	31.541425	2456	34.0181125	3832	36.01515	5840	38.076175	9032	40.2860875	14744	42.7850875	22040	45.1772125	
4336	31.606	6784	33.9097375	10392	35.8866375	15536	37.95615	23368	40.2102375	35400	42.4940125	52864	44.8293125	
1304	31.70415	2168	34.086625	3472	36.1638375	5216	38.3003	8016	40.5634	12504	42.8934375	18560	45.2116	
1432	31.8696375	2416	34.3456625	3848	36.404175	5512	38.434	8816	40.7341125	13816	43.13935	20512	45.4516125	
1328	32.0663375	2024	34.418175	3592	36.5802875	5696	38.594275	9024	40.8196	14752	43.120625	23800	45.4001625	
3800	31.9827375	6224	34.4674875	9480	36.492225	14112	38.4937875	20896	40.6939	31312	43.0113125	47072	45.36545	
1552	32.423275	2424	34.8134125	3696	36.94105	5976	38.9869125	9104	41.1566125	14864	43.4329875	22656	45.771125	
1528	33.0838	2240	35.4948625	3504	37.6524125	5280	39.8420625	8088	41.9590625	12720	44.33345	19552	46.47705	
1352	32.9323125	1976	35.1655625	3416	37.2217875	5592	39.3530375	8720	41.40845	14016	43.5546875	24256	45.96215	
3544	32.6666375	5504	34.9151125	8576	37.2434625	12376	39.1363625	18000	41.2624625	27040	43.47365	40960	45.7737875	
1720	32.6459125	2392	34.8036875	3640	37.15615	5512	39.1005875	8600	41.291625	13008	43.6033625	19352	45.908925	
1816	32.3047125	3080	34.8060625	4648	37.0281875	7160	39.0586125	10712	41.121425	17008	43.3915625	27672	45.7146875	
1936	32.4812	2656	34.6596625	3880	36.7944625	6048	39.0046125	9480	41.018675	14560	43.144775	24176	45.58385	
3744	32.0600125	6168	34.5065375	9176	36.5419625	13704	38.7265875	20560	40.9459	29872	43.0930625	45048	45.4149375	
1608	31.8962	2856	34.578475	4368	36.5876125	6600	38.6817	10688	40.966575	16968	43.166875	27472	45.471425	
1784	31.8814875	2616	34.3349875	3936	36.3472625	6032	38.482925	9432	40.6728125	14928	42.9274875	24296	45.4144125	
1560	31.7910125	2656	34.4051875	3776	36.334875	6128	38.5741	9360	40.78245	14984	43.1279875	22320	45.50885	
3904	31.9074875	6400	34.36875	9656	36.3853375	14640	38.648475	21552	40.866725	31656	43.0913625	46792	45.3926875	
1240	31.900425	2008	34.25865	3280	36.2985875	4912	38.4757375	7760	40.639125	12816	42.86395	20784	45.126225	
1496	31.656725	2208	34.0062125	3792	36.2661125	6032	38.3883125	10440	40.63255	17096	43.0135625	26856	45.3595	
1296	31.4424625	2216	33.9459375	3456	36.19475	5312	38.3890625	8040	40.654025	12448	43.0249375	18208	45.454475	
4456	31.688825	6992	33.985525	10744	36.0831625	16168	38.29655	23504	40.6204125	34056	42.8542875	50736	45.23605	
1392	31.5835	2512	34.0334375	3664	35.936325	5856	38.1327375	9000	40.396625	14432	42.572725	23400	44.9322	
1608	31.5413875	2504	34.0095625	3768	36.021175	5784	38.2550375	8968	40.5555125	13920	42.876925	19792	45.2463375	
1776	31.7507	2360	33.9979375	3896	36.2098875	6040	38.417575	9296	40.7283625	14072	43.0538375	20800	45.48455	
4424	31.63125	7216	33.9802125	10784	36.022175	16152	38.304225	23704	40.5057875	34816	42.716625	51952	45.15275	
1216	31.5706875	2264	34.02265	3800	36.0917	6472	38.4885625	10576	40.6362625	16992	42.901675	27992	45.2269	
1320	31.5780125	2136	33.89165	3528	36.04925	5360	38.318525	8552	40.42575	14416	42.727825	23024	45.1946625	
1128	31.5514625	1824	33.9658	3072	36.1534	4568	38.43695	7192	40.668325	11480	43.050775	16872	45.4751875	
4360	31.5576875	6904	33.8592	10704	35.9615625	15976	38.0451625	23880	40.3391	34976	42.587725	52688	45.0467625	
1040	31.4769	1872	33.7217375	3680	36.1082875	5640	38.0803125	9168	40.3835375	15472	42.7900125	23256	45.3092	
1096	31.4045125	1928	33.774525	2776	36.090375	4304	38.1165875	6944	40.4385125	10376	42.9151125	15128	45.4029	
1344	31.369075	2584	33.938375	3768	36.11305	6536	38.1978	10768	40.5603625	16488	42.9123	25600	45.4294125	
4416	31.5513375	7016	33.7493	10936	36.0186375	16192	38.1815875	24016	40.4812875	35024	42.7415375	51680	45.2034	
1256	31.39705	2256	33.6357875	3664	35.8367875	5776	37.9063875	9704	40.2489	15920	42.4558	25960	44.9306875	
1272	31.5537625	1976	33.7758625	3120	35.9102625	4792	38.0809875	6904	40.2907875	11576	42.7208	16600	45.1916625	
1312	31.461825	2176	33.8491875	3384	35.960925	5104	38.163475	8392	40.497225	12952	42.9520875	18736	45.355	
4400	31.5349875	6856	33.7593625	10632	35.90155	16296	38.2091875	24160	40.384525	34568	42.65065	52328	45.1483625	
952	31.5275625	1760	33.9241625	2896	36.0249875	4248	38.01585	7392	40.2020375	12976	42.513925	21640	44.96075	
1040	31.86265	1600	34.338675	2680	36.508025	4304	38.6331875	6584	40.8990125	10512	43.1995125	16720	45.496925	
1232	31.941775	1968	34.2523125	3048	36.42615	4984	38.374375	8080	40.5311875	14216	42.841575	23856	45.2235125	
4208	31.7563	6744	34.1250125	10280	36.1858375	15320	38.2485	22792	40.5194875	33504	42.743425	50024	45.1314625	
992	32.0520375	1664	34.44705	2656	36.548475	4408	38.7193875	7272	41.01445	11288	43.273725	17320	45.66295	
1008	32.41535	1688	34.88625	2648	37.018225	4200	39.2642875	6448	41.4888375	10600	43.684075	17568	45.946175	
800	32.321625	1416	34.7455375	2192	36.8424125	3720	39.0572125	5792	41.1718875	10024	43.4050625	17096	45.6894875	
3560	32.5543375	5536	34.735275	8608	36.8995875	12576	38.8259875	18976	41.09385	28288	43.349175	42704	45.6190875	
1000	32.798025	1664	35.1086375	2456	37.241675	3632	39.18585	6080	41.494475	9352	43.772575	14768	46.047675	
1064	32.9233125	1760	35.3971125	2600	37.4739625	4328	39.49755	7144	41.7880125	11552	44.003275	19504	46.2574875	
816	32.6084125	1552	35.2927125	2360	37.3812125	3512	39.360425	5640	41.5047875	9856	43.78565	16280	45.9738375	
3240	32.649225	5296	35.275425	7968	37.1824625	11696	39.5392375	16824	41.62745	25296	43.8234375	37728	46.1426125	
800	32.3603125	1560	35.052125	2704	37.0669875	4104	39.2614625	7112	41.369825	11448	43.5353625	18672	45.81985	
1016	32.470425	1760	35.186975	2416	37.0925	3792	39.349275	5504	41.498225	8592	43.7693375	13064	46.08695	
984	32.4398125	1632	35.15895	2816	37.242025	4272	39.5103	6704	41.785325	10432	43.9887875	17000	46.183025	
3432	32.3688	5768	34.735225	8536	36.77495	12608	39.0467	18584	41.1930625	27880	43.383275	41744	45.77725	
832	32.47375	1152	34.6960125	1920	36.8627875	2912	39.07805	4816	41.2819625	7624	43.5149375	11704	45.9664375	
824	32.51715	1336	34.8152875	1928	36.8974	3232	39.180925	5064	41.4594875	8200	43.8147125	12248	46.1241375	
744	32.68675	1320	35.1118125	2432	37.3377875	3360	39.3851625	6088	41.7973125	10192	43.9377375	17184	46.230575	
3512	32.822575	5424	34.9136625	8200	36.93025	12280	39.1347125	18384	41.33905	27104	43.5525125	40888	45.91795	
680	32.8136875	1296	35.0783	2016	37.0017875	3856	39.300375	6696	41.4898	11688	43.7445625	19192	46.0787125	
696	32.6494875	1344	35.0392625	2240	37.093175	3448	39.3299	5680	41.568525	9280	43.8934875	14768	46.3249125	
912	32.7959125	1168	35.1429125	1888	37.2706125	3272	39.6004125	4880	41.7268125	8144	43.907875	13968	46.3434875	
3512	32.6947875	5256	34.7946375	8224	37.0946625	12344	39.29705	17624	41.4304	26000	43.5852375	39832	45.949375	
656	32.6948875	1328	35.0223125	2168	37.3369875	3392	39.49395	5632	41.6659875	9208	43.9202125	14040	46.2686	
872	32.8321625	1264	35.0624125	1944	37.2736	3248	39.466675	5200	41.6475375	8720	44.0364625	13632	46.396775	
696	32.9345125	1136	35.26985	1696	37.4581625	2472	39.637425	3880	41.8794375	6104	44.267175	8920	46.6334375	
3328	32.6270125	5216	35.01695	7928	37.33865	11480	39.4088375	16888	41.729125	24720	43.79005	37368	46.0942875	
712	33.0742625	1040	35.30005	1720	37.5943125	3000	39.7879	4568	41.912075	8232	44.142975	14000	46.40165	
560	32.91575	928	35.129075	1632	37.526425	2192	39.605075	3672	41.78	5960	43.9632375	10736	46.3159625	
752	32.8619625	1248	35.1774375	1752	37.4928	2536	39.5272	4544	41.826975	7424	44.0936375	11792	46.351725	
3312	32.572075	5392	35.0205125	7984	37.19535	11960	39.4443375	17264	41.660425	25600	43.9169375	37880	46.239325	
696	32.551875	1184	35.0293625	1936	37.1828125	3192	39.3706875	4744	41.483925	8088	43.712975	13408	45.9119125	
912	32.5318875	1576	35.1807	2464	37.197475	4424	39.413825	7256	41.568825	13072	43.8546625	21448	46.24905	
1000	32.5140875	1736	35.1837875	2600	37.2325625	3576	39.343475	5776	41.5189125	8752	43.8073125	13936	46.265275	
3784	32.075275	6128	34.5884875	9304	36.9021875	13336	39.0449625	19328	41.3233625	27872	43.626075	41152	45.9410875	
1256	32.16275	1792	34.5853125	2784	36.8105375	3944	38.9527125	5960	41.0399875	9768	43.247925	15680	45.481725	
1040	32.1888	1584	34.5386375	2592	36.8232125	3840	38.8969	6648	41.19235	10672	43.4927125	16720	45.8389125	
984	32.288925	1592	34.6513125	2432	36.8637125	3984	39.047775	6680	41.4292125	10968	43.69415	17864	45.9538	
3960	31.7721875	6464	34.399125	9840	36.463075	14400	38.6812625	20904	40.829425	31256	43.189175	46240	45.5597	
1000	31.863425	1648	34.5264875	2624	36.6695875	4032	38.928625	6560	41.0989875	10360	43.4578625	15664	45.8377875	
968	32.1489625	1560	34.8010875	2400	37.0988125	3920	39.38935	6008	41.4349375	10152	43.8444	16608	46.053525	
1000	32.277325	1704	34.79855	2416	36.93805	3600	39.07195	6096	41.198775	10408	43.555	17560	45.8774125	
3816	32.231875	6264	34.60425	9256	36.653925	13752	39.09445	19552	41.2945625	28736	43.5745875	42352	45.9133625	
928	32.2754375	1800	34.8463125	2760	36.8238625	4232	39.0224125	6952	41.2132875	11968	43.474675	19448	45.7916625	
1080	32.33625	1944	35.0087125	2888	36.9617875	4904	38.9816875	8976	41.1032	17432	43.369525	33568	45.9298	
1096	32.3696875	1760	35.1288625	2664	37.0198	4080	39.188425	6544	41.4147375	10368	43.802375	15760	46.194575	
3696	32.3773625	5896	34.8044125	8616	36.8830125	12640	39.1097875	18736	41.471875	27576	43.6278625	40840	45.936825	
1032	32.7818625	1864	35.2517625	2904	37.322325	4504	39.533175	7400	41.85305	12920	44.0306125	21552	46.259775	
936	32.7353125	1408	35.2004	2264	37.3162375	3408	39.388775	5432	41.71015	9304	43.856725	15552	46.23235	
1056	32.9535375	1368	35.156025	2512	37.5113875	3840	39.65205	5840	41.9054	9672	44.13615	14496	46.4371125	
3384	32.842375	5312	35.225025	7768	37.37515	11504	39.606025	16744	41.8264125	24464	43.9231	36288	46.206725	
704	32.6801875	1288	35.2299125	2152	37.4420875	3280	39.6140375	5080	41.7600875	8208	43.7574125	13800	46.0090625	
928	32.575525	1616	35.13415	2512	37.3133625	4304	39.587625	6920	41.7657875	12104	43.934975	20320	46.206775	
976	32.3193875	1664	35.1208	2760	37.3465875	3768	39.3554625	6296	41.5612875	10368	43.734875	17568	46.1372875	
3664	32.4764625	5592	34.9034875	8520	37.0002375	12368	39.22395	17832	41.376275	26232	43.6224125	39624	45.94865	
840	32.3562875	1232	34.739475	2232	36.83485	3912	39.2334125	6432	41.447075	10064	43.7973125	15672	46.1810875	
936	32.2705125	1632	34.7503	2928	36.9482625	4376	39.127525	7496	41.4834125	12760	43.754775	20928	46.0686875	
864	32.2402625	1208	34.691075	2016	36.818175	3248	39.0559	5248	41.3694	8544	43.5628	14680	45.9670375	
3808	32.095075	5920	34.620925	8816	36.7165875	13176	38.868725	19224	41.130625	28520	43.315725	43056	45.6882875	
880	32.2656875	1400	34.7239875	2136	36.791075	3616	38.9909625	5720	41.2983125	9568	43.5413875	14448	45.8637125	
816	32.1206	1480	34.6858375	2560	36.8522	4136	39.111175	6720	41.4646625	11104	43.7844625	17720	46.02355	
856	31.9538125	1440	34.537025	2152	36.6074	3296	38.806675	5488	41.1326125	8760	43.3967375	14976	45.8151	
3840	31.9044875	6096	34.300225	9224	36.604725	13656	38.8413	20016	41.1377375	28792	43.4980625	42680	45.703375	
1048	31.8999	1832	34.297825	2584	36.3382	4440	38.52875	7840	40.776025	12696	42.9770125	21776	45.3287	
992	31.8983	1576	34.353675	2544	36.431525	3704	38.5964	5944	40.9407875	8752	43.17785	13680	45.5651625	
1024	31.8716125	1648	34.2774875	2976	36.3936	4856	38.680325	7584	41.0087875	12296	43.2879125	18808	45.6041	
3888	31.7560375	6384	34.2074875	9656	36.396675	14656	38.49985	21000	40.76205	30848	43.04425	45776	45.3935125	
1064	31.6400125	1856	34.2238875	2608	36.355425	4432	38.3266375	7160	40.640625	11808	42.84075	19384	45.1269625	
1024	31.75625	1640	34.369775	2472	36.468375	4160	38.5807125	6904	40.9824875	11520	43.25425	19400	45.5056	
1024	31.6629625	1632	34.0828625	2688	36.209925	4312	38.294725	7176	40.5892	12288	42.8648375	21648	45.3221125	
4080	31.8259125	6480	34.231125	9856	36.3601	14704	38.565125	21672	40.961725	30848	43.1582	45832	45.5252	
896	31.661625	1360	33.9191125	2400	36.069675	4168	38.1558875	7048	40.4536125	13600	42.714575	22984	45.0571625	
768	31.632	1432	34.1197375	2432	36.3048625	3832	38.4203875	6576	40.79025	11160	43.1011625	19008	45.4157	
992	31.408325	1496	33.8758375	2624	36.0598625	4216	38.0711125	6928	40.3295875	12992	42.6651	21944	45.0837875	
4136	31.5320125	6832	33.8603375	10656	35.909325	15624	38.06925	23216	40.339025	34440	42.63895	51840	45.0711375	
680	31.3429875	1296	33.8663625	2440	35.89475	3976	38.026225	7280	40.3666	12872	42.8112625	20432	45.2413125	
856	31.4262125	1536	33.9707875	2416	36.0004625	4352	38.1785875	7248	40.37135	13488	42.83595	23872	45.2610125	
816	31.204925	1488	33.803925	2448	35.8588125	3856	37.8322625	7032	40.1588625	12480	42.570675	21768	45.0373625	
4016	31.3442625	6752	33.729	10432	35.6553	16096	37.833225	24360	40.2080375	35856	42.4262625	53856	44.84225	
608	31.3529375	1240	33.787	2240	35.8230875	3960	37.9798375	7192	40.2915	13200	42.5043375	23968	44.986025	
1016	31.27265	1520	33.585	2256	35.614125	3632	37.7753375	6792	40.1865625	12000	42.545625	19184	44.9639625	
1008	31.28935	1976	33.8503125	2960	35.776775	4848	37.9413625	7896	40.2364375	13856	42.6281625	22312	45.0916625	
3872	31.4410875	6360	33.9312625	9984	35.907	15504	38.082525	23088	40.352575	34520	42.7276375	50928	45.119925	
960	31.6232	1400	33.9669375	2240	35.96265	3624	38.0865625	6016	40.1661125	10424	42.465025	19360	44.8471125	
928	31.7742	1744	34.2905125	2752	36.2329375	4856	38.3543125	8688	40.446375	15856	42.809375	26632	45.233625	
1016	31.8431125	1672	34.42065	2552	36.3366625	4152	38.456125	6592	40.55335	11560	43.0561625	17496	45.3703375	
3608	31.815925	5848	34.2767875	9176	36.275175	14072	38.3600875	21360	40.6949875	31496	42.9323875	47544	45.3541625	
944	31.9726875	1376	34.2976625	2080	36.29305	3208	38.286475	5992	40.50085	10144	42.6333625	18640	45.06325	
952	31.925725	1400	34.3734375	2264	36.3777625	3512	38.39175	6160	40.7055875	10344	42.9457375	17136	45.3747	
1104	31.98415	1632	34.5100125	2568	36.4984125	4224	38.6612875	6888	40.9475	11632	43.2004	19464	45.4765875	
3640	31.88795	5768	34.021125	8928	35.9178	14256	38.2232375	21688	40.60955	31816	42.7418375	48536	45.1356875	
832	31.595025	1832	34.1525375	2912	36.0425	4488	38.3014	7232	40.6297	12680	42.9443125	19424	45.3531	
1312	31.6267125	1944	33.9737	3792	36.1304625	5952	38.168175	10728	40.4941625	18264	42.8496	30048	45.340275	
896	31.4575125	1504	33.89225	2296	35.9543875	3976	38.1334375	6616	40.4620875	10920	42.809925	17208	45.341575	
3888	31.5929375	6352	33.8782875	9656	35.860825	15104	37.92605	23376	40.2761625	34232	42.4976125	52184	44.8761875	
880	31.4038875	1648	33.6305875	2864	35.7141	4856	37.760475	8288	40.0839	14432	42.5641625	22728	44.9708125	
944	31.191225	1688	33.4945625	2736	35.4405125	4976	37.6676625	8256	40.01105	14184	42.48665	22184	44.9860625	
1000	30.7272125	1984	33.0898875	3696	35.2292875	6296	37.323425	11376	39.706575	20232	42.268175	31576	44.8368125	
4072	30.9556375	7064	33.0168875	11416	35.1531125	17704	37.2764	27216	39.5814625	41056	41.895425	61568	44.3856375	
992	30.92545	1944	33.1626625	2976	35.1452375	5560	37.2077625	10000	39.6474	17120	42.0836375	26888	44.59315	
976	30.8327125	1576	33.1436625	2768	35.2388	4112	37.2811625	6792	39.7005625	11688	42.22215	18648	44.8084625	
920	30.8078125	1688	33.2547125	2464	35.1842125	4464	37.400975	7392	39.772	13648	42.3122	22064	44.9532375	
3904	31.1073375	6696	33.1843375	10648	35.3625	17256	37.5782	26176	39.91775	39152	42.306525	58064	44.7439125	
688	31.1279125	1344	33.4537	2016	35.4711875	3304	37.65855	5552	39.917475	8568	42.1608	13936	44.4992	
784	31.2522875	1464	33.6767625	2136	35.6255375	3544	37.7488375	6744	40.0934	12176	42.43415	20128	44.9477	
800	31.516775	1288	33.90085	2272	35.923925	3880	38.0734875	6496	40.31535	11896	42.662575	21496	45.160525	
3488	31.25095	6024	33.373825	10144	35.56965	16216	37.7708875	24584	40.1139375	36472	42.3985875	54648	44.8267125	
960	31.9658625	1592	34.254375	2400	36.4853375	3672	38.52955	6264	40.722525	11256	42.90705	20440	45.3143125	
904	31.8897375	1240	33.979825	2184	36.209025	4016	38.2430625	7384	40.4130875	13664	42.6384625	22792	45.1500125	
752	31.894375	1632	34.3255625	2208	36.4347375	3968	38.6833	6128	40.7574125	10408	43.008625	17872	45.4116125	
3272	31.5904	5752	33.8726125	9376	35.9318625	14968	38.057275	22752	40.3332625	34280	42.5515875	51816	44.9431125	
760	31.58565	1312	33.87385	2320	36.0980625	3944	38.290225	6400	40.48085	10984	42.7602	17544	45.2811375	
864	31.6196375	1488	33.92175	2456	36.3024125	4144	38.4287125	6976	40.6232375	12008	42.9084375	19632	45.3045375	
608	31.4288625	1032	33.791825	1696	36.026225	2912	38.129875	5248	40.3317	9536	42.652225	16792	45.0845125	
3160	31.56945	5552	33.7751125	9424	35.875325	14824	37.924525	22960	40.267775	34728	42.579575	51896	44.9556625	
784	31.5004	1336	33.7780625	2352	36.0309125	3840	38.1322125	6192	40.3400125	11240	42.6760375	18840	45.229175	
880	31.5407625	1536	33.971775	2496	36.2832625	3528	38.2486875	5984	40.6387875	10144	42.9796625	16888	45.4073	
920	31.2546875	1536	33.6900625	2272	35.8200875	4216	37.8995	7192	40.17365	12632	42.608925	21576	45.05425	
3312	31.2780375	6000	33.6412	9944	35.9149625	15608	37.90065	23960	40.2819375	35496	42.5644375	52944	45.0712625	
680	31.234925	1080	33.497975	1816	35.7340125	3208	37.8041875	5040	39.9464	9808	42.24155	17048	44.6833375	
640	31.316025	1304	33.6859375	1968	35.9353	3008	37.94525	5680	40.3250875	9264	42.6921375	15448	45.1008	
584	31.03675	1176	33.5459	1904	35.6669375	3624	37.8156875	5960	39.9858	11384	42.4699125	18920	44.9374875	
3416	31.2864125	6032	33.46485	9824	35.55565	15976	37.7750375	24384	40.035975	36664	42.354775	54920	44.797775	
688	31.3638625	1192	33.513975	1984	35.7060125	3488	37.8108375	6960	40.107175	13320	42.5200125	22072	45.114025	
848	31.555775	1576	33.8909	2472	36.145075	3920	38.286425	6400	40.4872375	11336	42.87505	20520	45.2685	
784	31.27405	1504	33.7821625	2072	35.8575375	3544	37.945925	6560	40.0973375	12040	42.5551375	20960	45.039475	
3480	31.5793625	6016	33.6761375	9864	35.7033	15416	37.9949625	23656	40.2592875	35096	42.6178375	52480	44.96045	
672	31.4875375	1560	34.0029	2288	35.978225	3344	38.132425	6224	40.36405	11328	42.750675	19376	45.2632	
584	31.628	992	34.213825	1728	36.250775	3072	38.4737625	5136	40.7205625	9080	43.080275	15760	45.40195	
600	31.5603375	840	34.013525	1608	36.051	2664	38.215775	4784	40.4597375	9728	42.7997625	17088	45.2245125	
3128	31.630475	5600	34.0529	8968	36.086125	13912	38.3420375	21560	40.6946625	32072	42.9440125	47560	45.336625	
656	31.3970625	1440	34.0624875	2440	36.0309875	3776	38.11665	7064	40.3142125	12176	42.505225	22680	44.9264	
728	31.59545	1192	34.2345625	1880	36.12755	3424	38.3629875	6088	40.6049625	11352	43.0127	18712	45.387475	
472	31.365175	1064	34.037075	1864	35.9679875	2944	38.1252625	5336	40.416575	8776	42.7346875	13744	45.0467625	
3232	31.7041	5664	33.8923375	9496	36.0217375	14896	38.2004125	22280	40.4045375	33288	42.682925	50304	45.132275	
496	31.747275	832	33.9301	1472	36.1191875	1864	38.025675	3704	40.246325	6832	42.4210125	12104	44.86325	
528	31.52375	1016	33.6579	1880	35.8693125	4000	37.871225	8032	40.2300375	14792	42.5727875	24744	45.283275	
704	31.6661125	1184	33.940625	1968	36.087875	3672	38.1944125	7000	40.5505375	12768	42.889825	21664	45.38945	
3280	31.383825	5648	33.6188	9720	35.812275	15136	37.8281125	23752	40.2243625	35440	42.4247	53352	44.7993125	
616	31.772475	1096	34.089475	1952	36.2621875	3024	38.13605	5480	40.4456	10512	42.753125	19280	45.2044125	
592	31.6379875	1040	33.9492	1584	36.0101625	2752	37.8752875	5096	40.24655	9264	42.5539875	15696	45.0364375	
512	31.730075	824	34.0829875	1400	36.2316125	2608	38.2326	4824	40.6487125	8760	42.9572375	15744	45.348825	
3408	31.5691875	5784	33.6586625	9600	35.804125	14992	37.8990125	23280	40.284925	34880	42.5310875	52576	44.9025875	
464	31.8701125	864	34.0929625	1592	36.2392625	2608	38.2847375	4944	40.6478875	9480	42.9366375	16504	45.2728875	
600	31.856075	792	33.9142875	1368	36.06115	2232	38.0500875	4176	40.3542125	8240	42.7371125	13408	45.1332125	
464	31.9815625	848	34.258825	1456	36.4682875	2240	38.5067375	4080	40.9094375	6800	43.213625	12664	45.589825	
3352	31.6262125	5568	33.741625	9272	35.8826375	14928	38.1192625	22624	40.357025	33848	42.568125	51016	45.036675	
672	32.1649375	1168	34.3585875	1512	36.355625	2712	38.5297625	4808	40.827575	9104	43.025925	16896	45.448775	
616	32.197525	736	34.2724375	1304	36.2575	1960	38.370375	3808	40.6305	7096	42.88955	13016	45.4562125	
472	32.1629875	920	34.1631625	1688	36.2091625	2992	38.2704	6048	40.5326125	12576	42.9296125	21112	45.5561	
3040	31.763125	5384	34.097525	8664	36.36345	13704	38.4735125	21096	40.766625	31352	43.1424875	46624	45.5301875	
664	32.1706375	808	34.284775	1216	36.32815	2224	38.4001125	4288	40.5636375	8248	42.7111625	15472	45.046725	
440	32.2128	768	34.3354875	1480	36.453225	2112	38.439575	4464	40.6626875	8704	42.9187375	14936	45.4260375	
416	32.4112375	768	34.5628625	1376	36.6787375	2664	38.8053	4680	41.0428	8768	43.3970375	15016	45.7128625	
2920	31.8869625	5088	34.0644125	8392	36.2459125	13480	38.28895	21072	40.51955	32192	42.8087125	48224	45.2095375	
656	32.546025	784	34.501925	1208	36.55405	2520	38.7132375	4400	40.8969375	7648	43.1202	11816	45.545125	
352	32.3637375	752	34.4701125	1440	36.5157625	2400	38.562725	4856	40.814225	9672	43.2125	15424	45.6278	
544	32.4748625	736	34.4643125	1424	36.6375625	2352	38.71465	4360	40.904	8624	43.292875	15320	45.7029625	
3000	32.0360375	5056	34.244075	8456	36.124	13824	38.3334125	21232	40.5605375	32224	42.8996875	48392	45.2601625	
472	32.6422	824	34.9105875	1320	36.73865	2400	38.8807625	4272	41.064225	8280	43.2811125	15072	45.612925	
296	32.6170375	504	34.804475	1064	36.68415	1616	38.721475	3280	40.85345	7176	43.16255	13768	45.6618125	
416	32.7327875	552	34.8852875	912	36.7376875	1784	38.8237625	3256	40.9897375	6200	43.3701	10216	45.8844625	
2832	32.2643125	4920	34.4361	8000	36.3343625	12976	38.478475	20320	40.801475	30792	43.079975	45944	45.3869375	
464	32.7713875	760	34.8948375	1432	36.88045	2360	38.9695375	4376	41.17595	7800	43.3147125	14808	45.7285	
312	32.648825	688	34.879475	896	36.717575	1480	38.808175	2960	40.9927125	5832	43.2264	9848	45.632325	
400	32.6080375	528	34.7704625	928	36.5765375	1624	38.6692625	3832	40.9917	8032	43.1893125	14864	45.748575	
2672	32.416375	4640	34.47625	7712	36.609825	12360	38.820825	19144	40.9494375	29072	43.3375625	43088	45.7147875	
568	32.6635875	936	34.685225	1696	36.898625	2568	38.8302125	4944	40.97635	8984	43.1516625	16168	45.4686375	
600	32.982575	880	34.957875	1136	37.159725	2064	39.244775	3384	41.2954875	6456	43.54255	12576	45.8224375	
632	32.77625	1000	34.7114125	1448	36.820525	2504	38.8203125	4528	40.8884875	9176	43.185125	16528	45.5298875	
2624	32.5277375	4488	34.6943625	7352	36.6998625	11784	38.7387875	18616	41.08205	28160	43.4134125	42248	45.7222375	
848	33.014525	1024	34.82895	1488	36.8499375	2336	38.8051	4312	40.9056875	7720	43.117725	14624	45.389325	
480	33.1008375	976	35.20435	1560	37.225725	2312	39.1829375	4528	41.34845	8288	43.6512625	15416	45.881575	
448	32.921325	752	34.901625	1344	36.9636375	2352	38.8120375	4408	41.003425	8544	43.255825	15376	45.5507125	
2584	32.5427125	4448	34.78525	7224	36.7499625	11432	38.7131375	17952	40.8333375	27936	43.0897875	42728	45.4973875	
568	32.6547125	1240	35.10145	1552	36.8474	3296	38.832325	6216	40.8834875	12176	43.2419	20800	45.704875	
600	32.693775	848	34.9344125	1808	37.0360125	2824	38.9634375	4952	41.1014875	9008	43.41245	16760	45.84885	
440	32.4039	864	34.6384	1608	36.714125	2664	38.6941125	4768	40.7265625	9168	43.1352	16184	45.587175	
2752	32.36515	4648	34.40275	7560	36.4469375	12248	38.504925	19184	40.7840125	28936	43.076375	43720	45.377625	
560	32.3061875	992	34.685075	1576	36.638275	2544	38.538725	4864	40.78975	9568	43.2005375	15736	45.581825	
536	32.450175	992	34.8702125	1496	36.761925	2920	38.8379625	5048	41.1175375	8912	43.37465	16240	45.708875	
432	32.373125	816	34.7769125	1112	36.4655125	1808	38.4934125	4104	40.9575875	7360	43.11805	13336	45.474	
2792	32.2943375	4616	34.5303	7664	36.736775	12000	38.8286625	18032	41.0027	27504	43.3167125	41440	45.6581375	
496	32.3019375	984	34.619675	1536	36.6897875	2712	38.7022125	4856	40.870725	8216	42.9739125	16744	45.3953	
584	32.24425	1000	34.6979625	1672	36.8735375	2424	38.8803125	3808	40.963625	7232	43.2819375	11864	45.7524125	
472	32.22245	936	34.718125	1232	36.792525	2408	38.9381375	4240	41.0582625	7392	43.4137875	12784	45.8749375	
2984	32.5415125	4792	34.64825	7632	36.775575	11800	38.9459	18008	41.2320625	26616	43.519	40136	45.9567375	
528	32.51925	672	34.561575	1280	36.7607	2272	38.91005	3664	40.9554625	7224	43.2272625	13000	45.5871375	
568	32.352675	1288	34.6730625	1888	36.7381625	3480	38.8845	6240	40.983575	12056	43.304	22176	45.850425	
712	32.5476625	1112	34.751625	1624	36.8875375	2576	38.974525	4480	41.184	7400	43.4963875	12840	46.05445	
3128	32.291225	5168	34.7106	7936	36.748925	11832	38.89825	18152	41.2273125	27104	43.454375	40128	45.7914875	
472	32.4742375	880	34.9021375	1312	36.9262625	2008	39.03255	3752	41.3235	6400	43.62815	10584	46.05455	
680	32.6390875	952	34.8285125	1704	37.0114625	2888	39.2830125	4392	41.3866	7600	43.7871625	12640	46.220325	
488	32.3474125	952	34.7729875	1504	36.937225	2336	39.2301625	4392	41.4190375	7304	43.8681125	12256	46.322125	
3200	32.39685	5144	34.63405	8000	36.7377625	12168	38.9468125	18408	41.28425	26928	43.5600875	40232	45.891375	
608	32.5302125	936	34.8362875	1752	37.0901125	2760	39.1515375	4040	41.42365	7424	43.691475	12064	46.1361125	
936	32.76215	1408	35.1006875	2240	37.3028	3616	39.3430125	6200	41.599925	10088	43.91335	16032	46.398225	
672	32.540025	1208	34.9576375	1824	37.096525	3112	39.3209875	5456	41.5472375	8840	43.842825	13984	46.39755	
3232	32.187325	5440	34.80425	8352	36.8427375	12440	38.99265	18616	41.16785	27776	43.524375	41056	45.8969	
720	32.19665	1200	34.801475	2024	36.9027125	3464	39.105075	5880	41.33345	9640	43.6068375	15512	46.0421375	
640	32.125425	1104	34.7771875	1696	36.8092125	2600	38.9752	4680	41.293125	7416	43.640375	12120	46.0894	
704	31.8196625	1328	34.6554	2200	36.72655	3888	39.053275	6528	41.334575	10960	43.745075	17688	46.1148	
3432	32.2099	5528	34.5070875	8768	36.617475	13312	38.8992375	19944	41.0346625	29304	43.4419875	42984	45.7665625	
640	32.199225	1520	34.8554	2448	37.0519875	3488	39.0512125	5760	41.2723375	9136	43.61515	14128	45.9893	
936	32.1498125	1624	34.5230125	2488	36.4997	5256	38.607175	10160	40.5828	19416	42.8521125	37168	45.4083625	
904	31.968025	1416	34.41655	2440	36.600275	3840	38.76885	6304	40.8803	10344	43.24035	16464	45.7579625	
3160	32.131175	5200	34.5388875	8384	36.6231375	12832	38.92315	19200	41.2648125	28264	43.6391375	41072	45.952325	
976	32.294875	1432	34.3958625	2392	36.5668625	3984	38.608725	6616	40.817375	11264	43.03835	21040	45.471725	
968	32.7101625	1384	34.7344875	2224	36.986475	3656	39.120475	5872	41.2962625	10280	43.62065	18520	45.8868125	
848	32.3397375	1472	34.485575	2456	36.6778625	4168	38.713825	7440	40.9727	12608	43.2279875	21640	45.53715	
3288	32.305425	5288	34.456775	8136	36.4568	12944	38.7067875	19416	40.9351625	28824	43.1963	43640	45.5396625	
728	32.3660875	1256	34.639725	1864	36.6837875	2760	38.8011125	4984	41.09395	8280	43.448275	13336	45.82935	
568	32.6079125	1008	34.8036625	1688	36.831925	3312	39.0347875	6304	41.194225	11536	43.5423	20776	45.8748125	
688	32.6709	968	34.747975	1648	36.88095	2656	39.081175	4320	41.136125	8264	43.4933625	13808	45.754125	
2944	32.45155	4840	34.7704125	7384	36.6412125	11768	38.9601875	17728	41.105625	27088	43.4392375	40632	45.7472625	
872	32.9984625	1320	35.2318875	2048	37.3199	3168	39.50855	5304	41.6320125	9048	43.9176	15336	46.1255	
664	33.12745	1032	35.279875	1848	37.3305625	2840	39.245075	5104	41.2502	10016	43.57535	18040	45.986625	
552	33.198875	688	35.2617625	1320	37.4130875	2152	39.2425125	4280	41.453575	7288	43.82515	11784	46.1782	
2792	32.7345375	4536	35.0758875	7120	37.14525	10864	39.2737125	16648	41.6104125	24760	43.854825	37288	46.129	
472	32.77845	816	35.186325	1136	37.191225	2488	39.360225	3920	41.368675	8296	43.6971625	14248	45.87615	
392	32.6671125	824	35.2773	1640	37.34205	2664	39.5080875	4680	41.634925	8184	43.9769	13680	46.2764625	
472	32.5741	784	35.2785625	1408	37.2356375	2480	39.376575	4696	41.612825	8232	43.9579875	13328	46.282825	
2872	32.9861375	4488	35.041225	7000	37.1940625	10800	39.336275	16280	41.5892125	24816	43.9848875	37472	46.2436875	
600	33.24275	856	35.200475	1440	37.23945	2280	39.2756375	4056	41.465825	6784	43.7469	11600	45.9646125	
416	33.3791875	880	35.56555	1560	37.7105125	2624	39.853175	4160	42.0126125	7544	44.29385	12552	46.5458375	
520	33.210875	848	35.388725	1400	37.464325	2320	39.4818375	4616	41.686	8256	43.97055	15272	46.327675	
2904	32.724925	4720	35.194575	7072	37.1676375	11072	39.3464125	16328	41.6195875	24640	43.8068375	37512	46.2404375	
616	33.08685	904	35.2529	1832	37.3333375	3136	39.27705	6224	41.47025	12440	43.8866375	21424	46.3407	
448	33.2038	904	35.67855	1200	37.7685	2288	39.8095875	3776	42.023425	6896	44.3081125	12816	46.598575	
688	33.278075	864	35.43415	1592	37.601375	2480	39.524975	4304	41.6909625	8344	43.9562	15440	46.3024375	
2872	32.9445875	4664	35.37585	7224	37.6159875	10624	39.695575	15864	41.9181375	23288	44.175475	34784	46.48565	
600	32.919975	1128	35.6423375	1528	37.6831375	2720	39.8329875	4096	41.7057875	7800	43.954775	13936	46.222525	
792	33.2847625	1064	35.8917125	1744	37.9113875	2704	40.0815875	5064	42.2455125	8312	44.450325	14888	46.704625	
632	33.0907	1056	35.6505	1768	37.6170125	2880	39.695525	4808	41.8104625	8576	44.0485	15056	46.3681	
2744	33.1080625	4496	35.3514875	6880	37.5093125	10360	39.70215	15616	42.1441	22592	44.259075	33928	46.6211875	
552	33.3759875	872	35.49245	1560	37.6755375	2248	39.599825	3952	41.9120625	7456	44.0139	13168	46.2647	
368	33.4068875	720	35.6650125	1040	37.739625	2176	39.845425	3320	42.0865875	5672	44.2924125	9456	46.6162375	
600	33.7907625	888	36.168	1432	38.3373125	2488	40.4728875	3936	42.6068125	7376	44.8821125	13000	47.1195875	
2512	33.156625	4224	35.463325	6776	37.649125	9904	39.67155	15216	41.9020875	22680	44.049625	34760	46.5520875	
432	33.6461625	584	35.7268375	1032	37.937325	1552	39.8941625	2672	42.1351125	4616	44.2591125	8192	46.8619125	
472	33.7350125	632	35.8060875	1144	38.0107875	2144	40.0472125	3696	42.1844875	7472	44.4359875	12856	46.958525	
464	33.628825	992	35.89045	1400	38.0710875	2048	40.0300875	3392	42.197025	5472	44.4086125	10176	46.9839375	
2640	33.0972625	4256	35.451625	6760	37.6791375	10216	39.762275	15000	41.9877625	22504	44.2080875	33992	46.5470875	
640	33.5220875	816	35.6840875	1456	38.1813875	2288	40.0830875	2984	41.990175	5264	44.176625	8784	46.3831	
512	33.68945	776	35.9073875	1272	38.3242125	1912	40.32215	3632	42.5016125	5896	44.6357	10496	46.822625	
520	33.534	736	35.71755	1128	37.898425	2000	39.96035	3544	42.1266375	7016	44.2940375	12520	46.5566	
2648	33.073725	4352	35.2774875	7000	37.5457625	10392	39.6962	15360	41.9009875	23032	44.1040125	34848	46.4715375	
600	33.196375	1072	35.7617375	1584	37.9238125	2576	39.984125	4408	42.24565	6888	44.376275	11448	46.7139875	
784	33.3445625	1200	35.829575	1912	38.193125	2864	40.115575	4864	42.3105625	8232	44.5616375	14128	46.8030375	
808	33.37095	1072	35.775925	1288	37.964375	2232	39.9302	3712	42.1042625	6720	44.334025	11696	46.619625	
2768	33.0464125	4328	35.462975	6640	37.6407875	9832	39.62315	15072	42.1882375	21720	44.3115625	32976	46.6962625	
872	32.9302625	1504	35.4512375	2176	37.5387	3536	39.64565	5256	41.7085	9448	43.9489375	16536	46.3380625	
984	33.0832125	1256	35.46805	1976	37.579825	3048	39.6952125	4920	41.7746125	8312	44.06745	14128	46.591425	
880	32.95525	1232	35.3509	2096	37.4965625	3464	39.6233875	5544	41.6479875	10008	44.1730875	15904	46.6086125	
2976	32.9403125	4704	35.287025	6944	37.2834625	10208	39.3134125	15512	41.5643125	23584	43.822375	35896	46.229475	
832	32.876075	1400	35.585525	2224	37.60315	3608	39.5709125	5640	41.696475	9744	43.9489	16856	46.195675	
792	32.8517	1080	35.388775	1672	37.4540375	2600	39.4197625	4280	41.5817875	7712	43.9112875	13008	46.4014125	
832	32.6843125	1352	35.214475	2160	37.3679375	3720	39.437475	6392	41.7277875	10408	43.9703625	18016	46.33175	
3136	32.6766	4992	35.022075	7536	37.1905125	11104	39.192675	16632	41.404625	24904	43.638775	37736	45.9707375	
880	32.7617375	1448	35.316475	1872	37.2982875	3288	39.4476875	4848	41.472225	8000	43.7649625	12544	46.141825	
888	32.5435625	1440	35.004625	2248	37.129	3584	39.3776125	6096	41.5610625	9752	43.8799125	15088	46.3311875	
752	32.3647875	1496	35.0730625	1976	37.0703875	3312	39.3771125	5904	41.70875	9704	43.9953875	16152	46.3638875	
3552	32.387025	5456	34.7174875	7952	36.8814	12256	39.0661625	17840	41.219	26264	43.4846625	39712	45.8702	
656	32.1139375	1120	34.47725	1960	36.809425	3216	39.0316625	5768	41.2607	9248	43.651975	14912	46.0748875	
744	32.1875	1096	34.5807125	1776	36.918	3160	39.2305125	5192	41.4737125	8536	43.8318875	14296	46.230225	
648	32.146925	904	34.5674625	1384	36.851175	2384	39.180475	3912	41.28695	6840	43.6268375	11704	45.9664	
3592	32.147025	5672	34.5838875	8536	36.7034	12288	38.8799375	18432	41.186725	27160	43.4078375	41248	45.8108625	
720	32.48595	1088	34.7258375	1864	37.012325	3048	39.1316375	4992	41.422925	8208	43.602725	12960	45.9447875	
1120	32.6887625	1440	34.779225	2232	37.0857	3800	39.19275	6536	41.525725	10592	43.739375	17872	46.02315	
840	32.246075	1416	34.58795	2144	36.84935	3312	38.9545375	5064	41.17435	9240	43.5053375	15424	45.828025	
3696	32.07835	5872	34.640825	8592	36.6819	12648	38.881675	18760	41.033675	27296	43.2369625	41496	45.6125	
1248	32.3747125	1832	34.6832875	2824	36.9315375	4336	39.016025	7496	41.3228375	12104	43.6327625	18512	45.9542625	
744	31.9981625	1520	34.5970875	2512	36.9070625	4024	39.0028375	6528	41.364975	10832	43.7357875	16536	46.078375	
952	32.0214125	1440	34.559725	2240	36.8046	3592	38.969	5680	41.3099375	9528	43.764575	14720	46.1136875	
4040	32.161125	6080	34.4326375	9040	36.6627375	13000	38.9060125	19032	41.2129875	28040	43.5590625	40992	45.8232375	
928	32.0494125	1624	34.525325	2552	36.74755	3520	38.6764375	6056	40.975375	9872	43.2092	16824	45.514875	
912	32.063075	1360	34.5052	2248	36.810275	3480	38.786925	5712	41.1912875	8904	43.5903125	13080	45.8682625	
1224	32.3950375	1880	34.8965625	3328	37.1958875	4872	39.0794875	8240	41.5184	13600	43.941075	20312	46.27795	
3984	31.9743375	6248	34.47005	9320	36.5733	13456	38.8770625	19440	40.9491375	28360	43.2160125	42856	45.6473	
1336	32.3338625	1880	34.6993125	3056	36.7015375	4896	38.908625	8800	41.138975	14296	43.5439	21576	45.907325	
1088	32.2986	1816	34.75685	2792	36.76755	4448	38.9839125	7648	41.1604125	12200	43.6195625	18712	46.0256	
1008	32.1623625	1888	34.7232	2976	36.7202375	4584	38.8596625	8072	41.0908375	13368	43.5347125	21408	45.9913375	
3752	32.0217375	5976	34.340175	8928	36.6077	13456	38.8156875	19624	41.1208875	28600	43.279125	42552	45.6484375	
1056	32.1501625	1544	34.5857125	2696	36.7609375	4200	38.7708125	7200	41.0838625	11824	43.3750875	18536	45.8220375	
712	32.0793375	1368	34.520925	2376	36.712225	4064	38.7694625	7040	41.169875	11944	43.5231625	18520	45.9962125	
840	32.149425	1392	34.6309375	2208	36.8131125	3512	38.9050125	5440	41.19965	9104	43.52495	14008	46.035175	
3472	31.9223125	5856	34.4732875	8808	36.6545625	12808	38.785925	19232	41.0873375	28504	43.31995	42416	45.6414625	
880	32.2032875	1272	34.6979	2312	36.8718875	3800	38.858425	6888	41.16865	11696	43.5087375	18168	45.9426875	
840	32.2337	1328	34.7418625	2088	36.969725	3400	38.996425	5680	41.23425	9208	43.5665875	14608	45.9245875	
1000	32.434875	1432	34.7406	2408	37.075775	3536	38.949175	6728	41.3558	10840	43.6460375	16960	46.098525	
3376	32.14995	5584	34.7375625	8224	36.9462625	12080	39.112775	17824	41.40005	25888	43.612375	39048	45.9107875	
1240	32.68515	1880	35.204775	2760	37.106575	4080	39.1991875	6208	41.2137625	11088	43.481725	18384	45.78105	
1048	32.6796375	1696	35.0630375	2696	37.1002875	4344	39.1804375	7816	41.2059125	13600	43.630625	21720	45.8435875	
832	32.6145125	1272	34.9592	1936	36.982925	2896	39.0295375	5496	41.2468	8776	43.601825	14224	45.9778625	
3416	32.6529	5480	34.9385625	7592	36.827225	11624	39.087325	17112	41.2877375	25448	43.574175	38296	45.8297	
960	32.7448625	1448	35.0823125	2400	37.0109625	3600	39.0442125	5896	41.059775	10184	43.272425	17648	45.4884375	
824	32.66165	1192	35.0475125	1768	37.022425	3112	39.1657	5144	41.1874625	8912	43.5465875	13616	45.790025	
968	32.7769	1336	35.0310375	2040	37.0702	3544	39.2726375	5664	41.150975	10096	43.5709125	16352	45.930275	
3352	32.199625	5352	34.5655	8200	36.7347	12120	38.8221875	18312	41.070925	27192	43.19665	41656	45.58585	
1104	32.4803125	1776	34.9544875	2544	36.8327125	4192	38.9740625	6568	41.12115	10480	43.2395125	15248	45.5802375	
1216	31.9283375	2176	34.339175	3792	36.477925	5640	38.609125	9448	40.8951875	15488	43.1644875	24104	45.635575	
912	31.7247625	1632	34.216625	2320	36.26705	4032	38.495275	6456	40.8186625	10208	43.14645	15400	45.5735875	
