72.5775	31.32806015625	47.8932540034027	109.155	33.939151171875	26.2521721607159	165.2325	36.121171484375	15.8841219404668	245.5275	38.20572578125	9.82896486767743	369.12	40.283908203125	6.09101319833959	566.7525	42.468138671875	3.68354935875106	899.25	44.92079296875	2.09411758629493	
77.8125	30.999122265625	51.6616335241371	119.8575	33.6417453125	28.1129117708777	182.4225	35.721645703125	17.4146917080461	273.33	37.6784734375	11.0977009353163	417.8025	39.746645703125	6.89311923035637	650.82	41.978515234375	4.12314717774012	1019.745	44.43412890625	2.34243457773638	
68.025	32.877865625	33.51921185164	103.8675	35.31743359375	19.1133583135618	153.9825	37.44341796875	11.7148994130775	228.5175	39.569047265625	7.18084635271788	343.965	41.68510859375	4.41132953347606	520.4775	43.87171796875	2.66629724536915	789.21	46.19553515625	1.56144555333288	
72.075	32.999208203125	32.5956420961454	114.4725	35.4535984375	18.5233919815353	171.09	37.641016796875	11.1938293340554	256.2	39.843078125	6.74174851826568	381.1275	42.119515234375	3.9914329430934	567.3675	44.4108546875	2.35502158553967	836.4825	46.780069140625	1.36481393101895	
82.0725	31.918541015625	41.8048105169725	129.45	34.486660546875	23.1427149513061	197.1675	36.749062890625	13.7459282223151	295.8	38.897387890625	8.38188256462683	442.98	41.166202734375	4.97118685380797	665.625	43.47938671875	2.91837898265562	989.76	45.934914453125	1.65801675721133	
78.7425	31.081860546875	50.6867337459149	128.0475	33.717893359375	27.6242836607983	196.9125	36.002823046875	16.3229276697034	299.01	38.157388671875	9.93897260802512	457.32	40.37219453125	5.96844103660058	704.46	42.725766796875	3.47139218307479	1061.8275	45.278728515625	1.92844611975566	
90.255	30.650848046875	55.9751873931965	144.27	33.2401390625	30.8365976778916	218.7375	35.547665625	18.1264934471544	332.265	37.780577734375	10.8398328996299	503.94	40.142647265625	6.29239003055592	753.5925	42.560128515625	3.60634697857273	1106.0175	45.08991953125	2.01413421808617	
101.385	30.860775390625	53.3338360814133	161.67	33.447940234375	29.3958713089285	240.66	35.701380859375	17.4961411991055	360.9075	37.992852734375	10.3227423430392	539.5125	40.344937109375	6.00601828332966	797.73	42.76263984375	3.44204367374406	1170.825	45.270347265625	1.93217133286921	
109.665	30.576301953125	56.9442877919439	174.795	33.22905625	30.9153904513494	264.1275	35.5232015625	18.2288891760839	395.505	37.765377734375	10.8778380176692	589.3875	40.1562	6.27278440115612	873.1575	42.60658671875	3.56797406574338	1284.18	45.21788671875	1.95565250673791	
95.145	30.73310546875	54.9249681803324	147.585	33.298644140625	30.4239743884556	220.38	35.6403390625	17.7437926847911	325.9125	37.89429765625	10.559676053343	489.6675	40.205464453125	6.20203075561956	734.9325	42.64707421875	3.53486586830559	1090.02	45.1879984375	1.96915778665766	
78.78	31.668830859375	44.2789460396921	119.8275	34.166330078125	24.9142233259234	176.64	36.429709375	14.7948110626448	265.7175	38.637676171875	8.89841679033657	404.16	40.908140625	5.27553244544784	617.1375	43.2274265625	3.09269936104147	942.7575	45.732231640625	1.73722950508631	
83.4075	31.8650703125	42.3226964577183	131.865	34.40216484375	23.5973849036073	199.9875	36.6593984375	14.0326766204847	299.1	38.838817578125	8.49568894442194	448.5675	41.136825	5.0049283075881	668.7975	43.4779109375	2.91937084900666	993.0825	45.901041015625	1.67099926669009	
67.26	32.398194921875	37.4335373656984	102.8325	34.953661328125	20.7832866724873	152.0625	37.187741796875	12.4252799132369	226.26	39.3803046875	7.49980362762944	342.3975	41.65082109375	4.44629477348832	518.1675	43.9872015625	2.59633187163303	785.82	46.451925	1.47193238585473	
66.81	32.626037890625	35.520295639578	100.365	35.07721171875	20.2003637077227	147.5325	37.305749609375	12.092202180512	218.565	39.489975	7.31278593887851	330.5925	41.7135	4.38258513020078	503.025	44.032430859375	2.5694328659007	765.27	46.5281890625	1.44631021856096	
61.7025	33.149333984375	31.4881367192007	94.575	35.6003296875	17.9080126345827	140.6325	37.896532421875	10.5542437184826	207.81	40.078528515625	6.38597934197972	308.25	42.25858671875	3.86564251425549	467.535	44.544270703125	2.28377487400069	708.7575	46.969744140625	1.30648956939451	
64.485	33.414816796875	29.6209294106828	99.6525	36.035526171875	16.2004748277095	147.3975	38.258639453125	9.70993707662361	215.7	40.450301953125	5.86205873513548	320.7675	42.7248625	3.4721150787317	468.1875	44.988423046875	2.06175974608251	688.95	47.349043359375	1.19722568337356	
62.265	33.37272109375	29.9094379175187	96.015	35.99917421875	16.3366475273674	142.6425	38.221712890625	9.79284931149963	210.7125	40.378274609375	5.96009112672999	313.7475	42.60284921875	3.57104595438004	463.785	44.830622265625	2.13805136364353	684.9075	47.247884765625	1.2254395263122	
56.97	33.78506484375	27.2003114284359	85.365	36.3967421875	14.9075454508488	126.285	38.589946875	8.99675043119036	186.2025	40.75661796875	5.46284104722382	277.845	42.97704140625	3.27624386149094	413.7825	45.221653515625	1.95395703227479	624.585	47.6682265625	1.11239160999008	
39.09	34.966876171875	20.7201427764748	58.7925	37.577656640625	11.3583356091708	87.39	39.773104296875	6.85125183154823	129.225	41.87970703125	4.2180299367237	195.99	44.041640234375	2.56399006141828	297.1275	46.2155671875	1.55425989925076	454.6425	48.525119140625	0.913205349310261	
73.095	33.207978515625	31.0657976645909	112.275	35.769097265625	17.2254523008307	165	37.841851171875	10.6879704322949	242.4	40.008016796875	6.49050787487625	360.5175	42.171761328125	3.94370324737772	532.02	44.428128515625	2.34567321819405	785.295	46.796853125	1.35954957474615	
40.2675	34.5017859375	23.0622548556962	63.105	37.055531640625	12.8093530798356	97.605	39.220926171875	7.78014594209903	146.325	41.31401015625	4.80484459024681	223.3725	43.42140625	2.95760203148066	341.3775	45.557842578125	1.80840668194643	535.2675	47.712732421875	1.10105019630015	
43.2975	34.14725859375	25.0238715144967	67.515	36.581793359375	14.2856835279693	103.2225	38.807003515625	8.55815226903613	156.6375	41.065621875	5.08766108886465	235.86	43.3403921875	3.01329146949131	352.89	45.68803671875	1.75499825504506	525.27	48.08324140625	1.01101179014045	
44.6475	34.087314453125	25.3716619088995	70.4175	36.51910703125	14.4933792884461	107.4525	38.772619921875	8.62617706985747	160.1775	40.93534140625	5.2425939289189	242.325	43.152962890625	3.14618366454018	367.965	45.525407421875	1.82196327480826	563.5125	48.054519140625	1.01772032232964	
45.12	33.9169359375	26.3868025393104	72.165	36.411683203125	14.856347201148	110.19	38.582810546875	9.01154604673205	165.0375	40.7220984375	5.50643500128114	250.3575	42.989809375	3.26662606733317	380.685	45.339617578125	1.90159752318447	577.8675	47.81959453125	1.07428845301179	
54.9225	33.612819140625	28.3007827038346	84.0675	36.101495703125	15.9562484718505	125.8275	38.247471484375	9.73493850448171	187.635	40.336859375	6.01719967487931	286.185	42.5482703125	3.61620739209019	431.0175	44.87183203125	2.11785956026428	652.365	47.34958125	1.19707741149352	
38.55	35.585116796875	17.9708525642444	56.25	38.16110234375	9.93047737999776	79.1175	40.35016015625	5.99879948123047	114.6675	42.55267578125	3.6125409832748	167.43	44.684251171875	2.21133858407094	253.9725	46.80706640625	1.35635608545166	395.385	49.0230390625	0.814285037349055	
32.4825	35.6773734375	17.593126163779	49.7475	38.14810703125	9.96023666347314	77.07	40.328542578125	6.02873373239972	115.4025	42.43176796875	3.71452738073731	175.905	44.504333984375	2.30487279808169	269.5575	46.573600390625	1.4312658917507	417.6525	48.7046359375	0.876227273884555	
45.8775	34.268568359375	24.3345615061591	73.4925	36.925794140625	13.1977818895244	110.4675	39.19270859375	7.83086075309938	165.555	41.37192734375	4.74119291228346	250.215	43.569744140625	2.85828774201169	368.61	45.739718359375	1.73423730850887	548.4375	48.02273984375	1.02519475705252	
