72.36	29.172919140625	78.6662497916264	126.6375	31.723140625	43.72867300198	205.2075	34.055116796875	25.5604609312647	325.9425	36.430615234375	14.7917254557008	508.3875	38.85783203125	8.45857409053671	789.525	41.299780078125	4.82061394838479	1217.595	43.870844140625	2.66683377531123	
66.2625	30.430856640625	58.8836464996164	115.9875	32.925862890625	33.1508044638967	188.625	35.195320703125	19.6584055635925	300.4575	37.488181640625	11.5947715656041	465.255	39.81879453125	6.77955061954074	718.6275	42.23180859375	3.88955127887398	1093.4625	44.742614453125	2.18181998538123	
43.575	31.761860546875	43.3405388109807	75.12	34.099680078125	25.2995241673298	123.885	36.397543359375	14.9047956105775	194.4825	38.68951015625	8.79284353714702	306.27	41.091841015625	5.05703849197262	472.05	43.49994453125	2.9045971556802	717.4275	45.935576953125	1.65776385224234	
33.7875	32.760884765625	34.4343495929661	58.185	35.16830234375	19.7810857907842	92.2425	37.441949609375	11.7188609164787	143.4525	39.749631640625	6.88838158111456	224.46	42.1429265625	3.96997438493687	347.1075	44.476925	2.31946519937787	538.8525	46.853242578125	1.34201108481132	
43.3575	32.395394921875	37.4576794407803	71.0775	35.020040625	20.4680419483272	110.1375	37.259023046875	12.2230068790591	168.735	39.510181640625	7.27884039847762	259.7625	41.899394140625	4.19895235525143	398.3475	44.26168671875	2.43731515551681	606.24	46.6642921875	1.4016873119032	
73.1775	30.859948828125	53.3439877057297	118.9875	33.47597890625	29.2066986861799	183.5625	35.766474609375	17.2358577021289	276.555	38.00490625	10.2941320718138	423.4425	40.3177984375	6.04366686059994	647.01	42.6869875	3.50252796006302	987.105	45.1945140625	1.96620571737174	
71.0925	30.355869921875	59.9091790902539	116.97	32.968051953125	32.8303237569876	179.2425	35.289039453125	19.2387307020117	273.465	37.64455859375	11.1847041645078	413.775	40.024730078125	6.46557796575559	626.67	42.509101953125	3.64896893064722	933.3225	44.99189375	2.06011273057572	
55.6275	30.867973046875	53.245517968914	92.8875	33.376225390625	29.8853139003713	145.59	35.665122265625	17.64282532294	226.5525	38.0196125	10.2593326311055	356.0175	40.481055859375	5.82069408527686	547.4625	42.97526953125	3.27758080662916	834.3525	45.4631375	1.84827509208241	
41.655	31.902524609375	41.9592676930495	69.195	34.392536328125	23.649759467461	110.34	36.743092578125	13.7648379543249	168.9675	39.06870703125	8.0576733536481	261.6375	41.47008671875	4.63523427236672	402.75	43.878552734375	2.6621044256836	618.255	46.290929296875	1.52752184992972	
51.225	31.598883203125	44.997878690105	84.9975	34.177952734375	24.8476366351415	132.4725	36.539371484375	14.4259098018037	200.9025	38.89027578125	8.39562017963944	303.855	41.31385078125	4.80502091902594	460.665	43.721733203125	2.75998702596036	690.27	46.145734765625	1.57945364456389	
52.215	31.301525390625	48.1867706274987	87.6525	33.893859765625	26.5273815686482	134.79	36.231034765625	15.4873418401945	207.1875	38.56628359375	9.04590456290795	316.1925	40.96119609375	5.21147611289509	484.905	43.319251171875	3.02799562738714	742.41	45.7544390625	1.72836894590793	
66.3375	30.592782421875	56.7286069096374	110.61	33.155257421875	31.4452186354058	171.2475	35.46199453125	18.4876158195711	263.595	37.79307109375	10.8086947364191	405.2925	40.195692578125	6.21600139210634	621.27	42.63390078125	3.54560444149341	941.9325	45.117988671875	2.00115852658353	
59.0175	30.7329921875	54.926400860336	97.5075	33.295576171875	30.4454742654188	150.0825	35.637607421875	17.754956748224	228.6825	37.960664453125	10.3995348722533	349.305	40.387219140625	5.94782862661257	532.515	42.776021875	3.43145393672504	811.005	45.21376640625	1.95750878707947	
48.015	31.632646484375	44.6494087623268	79.035	34.202282421875	24.7088264318103	121.2975	36.38723359375	14.9402203036685	187.665	38.68061875	8.8108637590156	288.8025	40.98729609375	5.18025038282885	449.0775	43.3663453125	2.99533795488918	695.775	45.78318203125	1.71696782870517	
47.805	31.461028125	46.4491261893264	78.5925	33.964923046875	26.0968480084067	122.625	36.1636921875	15.7293632528989	190.3125	38.455901953125	9.27876478455499	294.105	40.85172265625	5.34451247645133	450.21	43.21681796875	3.10026319087258	696.45	45.627258203125	1.77973171858094	
57.405	30.542933984375	57.3834905827106	95.355	33.02556953125	32.3983884151288	148.44	35.351103125	18.965751171568	228.6975	37.705844921875	11.0279774319913	353.505	40.131291796875	6.30886422875464	539.4975	42.5931015625	3.57907010010278	819.6225	45.088580078125	2.01475551413345	
63.99	30.492014453125	58.0602518768974	105.8325	33.08610390625	31.9499343592709	162.255	35.38390390625	18.8230488895742	247.1475	37.72418046875	10.9815163873543	378.645	40.14766953125	6.28511759448018	576.8175	42.56434921875	3.60284384267062	875.4825	45.028250390625	2.0429386356896	
63.225	30.91273984375	52.6994856498435	102.405	33.4391765625	29.4552494219419	157.845	35.771415625	17.2162594297821	240.705	38.033444921875	10.2267083021086	366.5925	40.389243359375	5.94505702776654	560.9625	42.759684765625	3.44438654699796	855.9	45.152868359375	1.9851508997896	
55.1175	31.19420546875	49.3923641460029	91.3875	33.78306484375	27.2128405194683	139.8825	36.0844828125	16.0188774767646	213.165	38.33427890625	9.54228690555661	324.6975	40.689659765625	5.54771809292957	497.1975	42.98349375	3.27137993695557	762.18	45.3769296875	1.88533006032784	
53.88	31.321533203125	47.9652862427154	87.015	33.893387109375	26.530268783553	134.295	36.16185859375	15.7360056010312	204.6	38.410900390625	9.3754111371444	310.05	40.73241796875	5.4933663640713	472.695	43.06142578125	3.21320018090882	722.5275	45.451304296875	1.85331794630184	
52.1925	31.673989453125	44.226382284121	83.4225	34.1386921875	25.0732795114199	128.025	36.428839453125	14.797774862419	196.215	38.6460296875	8.88131742021633	298.98	40.909028515625	5.274454002776	463.395	43.197211328125	3.11429126790826	719.52	45.542487109375	1.81481203201352	
46.3875	31.105606640625	50.4103481477016	78.27	33.612189453125	28.3048863574221	126.855	35.891430859375	16.7470098181356	200.82	38.157174609375	9.93946250919748	314.9625	40.59694140625	5.66743072429769	491.745	43.01774296875	3.24568272489871	752.355	45.461851953125	1.84882227747543	
40.6275	31.60434375	44.9413367286643	69.96	34.016840625	25.7867315060837	113.07	36.35732421875	15.0434670454156	177.555	38.633805859375	8.90635034822491	276.555	41.064277734375	5.08923596273761	431.3325	43.455535546875	2.93445062296277	661.9125	45.8995109375	1.67158808602231	
43.545	31.30743125	48.1212872075725	75.495	33.79783828125	27.1204276060839	122.985	36.1141390625	15.909863537405	190.8	38.413770703125	9.36921684498914	295.38	40.803921484375	5.40366245323159	454.5075	43.23525234375	3.08713148103594	697.905	45.697797265625	1.75105841497159	
56.295	31.026051171875	51.3422909749298	92.895	33.555916796875	28.674026427963	146.4525	35.8447609375	16.927946084045	226.0575	38.113908203125	10.0389788797888	345.0975	40.4919046875	5.80617193374888	529.395	42.954594140625	3.29322153593031	798.9525	45.4022890625	1.87435329764435	
46.65	31.395916796875	47.1507582488601	79.065	33.9256515625	26.3339013685692	123.8625	36.196769921875	15.610016735881	191.415	38.5016796875	9.18147364888343	294.8025	40.875578515625	5.31523547440862	455.55	43.225815625	3.09384675519856	707.4	45.598442578125	1.79157957686588	
49.7325	31.220637109375	49.0926696881388	83.9925	33.74958046875	27.4234641316866	130.515	36.067621484375	16.0811910832576	200.145	38.352140234375	9.50312271568045	307.425	40.7459296875	5.47630202631307	472.8525	43.101487890625	3.18369585354444	726.81	45.47268125	1.84421791228883	
53.0775	31.326899609375	47.9060540263746	86.8125	33.79070859375	27.1649869973649	135.4275	36.018713671875	16.263311998931	208.29	38.33017265625	9.5513133949158	322.6875	40.736359375	5.48838316314942	492.6225	43.134531640625	3.15956429075146	744.9075	45.54164921875	1.81516220010169	
