79.6425	29.253768359375	77.2153287684344	138.165	31.708026171875	43.8811240333914	224.8125	33.98875	25.9540633810865	355.92	36.229295703125	15.4935447393323	561.24	38.651809375	8.86950582688865	875.865	41.1315640625	5.01099482942764	1340.31	43.71979609375	2.76121835389232	
90.495	29.316144140625	76.1142455198033	155.955	31.809410546875	42.8686005527317	251.865	34.068278515625	25.4831147179823	396.9825	36.328294921875	15.1443580433715	619.38	38.7142265625	8.74294416001379	951.3375	41.1507140625	4.98894773950419	1433.1675	43.732584375	2.75309960027187	
94.0425	29.414152734375	74.4157884291325	158.565	31.862151171875	42.3511535158122	255.6375	34.1911671875	24.7721466368159	405.0225	36.48380234375	14.611679126017	628.5375	38.88700625	8.40194309620284	955.8825	41.342790234375	4.77310883827946	1421.7825	43.922958203125	2.63502379007818	
59.3475	30.822792578125	53.8023323701488	99.81	33.343951171875	30.1082312952562	158.1375	35.657114453125	17.675386355674	247.035	37.9458953125	10.4349609846533	384.66	40.30185625	6.06589286887462	591.495	42.662666015625	3.522197944592	909.9375	45.090217578125	2.01399599717014	
37.7025	32.5450734375	36.1887029006431	62.205	35.04584921875	20.3467682734469	97.095	37.299761328125	12.1088870466485	150.645	39.532756640625	7.24110252853374	232.9725	41.795944921875	4.30017241258587	365.0325	44.044563671875	2.56226470161433	573.7425	46.285933984375	1.52927983657558	
16.71	36.4201640625	14.8273641824288	26.16	38.7661390625	8.63905929065773	40.35	40.78055859375	5.43280980787262	64.875	42.83149453125	3.38790253438741	102.4575	44.93606171875	2.08676809934337	169.2375	46.943658203125	1.31436062598119	279.4725	48.95911640625	0.826358921647521	
45.645	33.83138515625	26.9117441465228	71.9475	36.376134375	14.9784517017623	108.4275	38.59153046875	8.99347049070244	162.6525	40.761385546875	5.45684736499356	247.47	42.980402734375	3.27370911364459	378.7125	45.244040234375	1.94391082149098	574.9725	47.50564140625	1.15482511485774	
64.9575	30.848394140625	53.486101826843	106.83	33.4102171875	29.6523175319	163.7475	35.6936453125	17.5273326675079	250.9725	37.999301953125	10.3074245759014	383.685	40.384937890625	5.9509537062191	582.0825	42.809826953125	3.40484750409991	892.4025	45.2850484375	1.92564185541211	
54.1725	31.790582421875	43.0548537832265	86.6775	34.229271484375	24.5557505210197	131.2575	36.5037609375	14.544683229045	199.4475	38.8315484375	8.50992077844015	303.5325	41.195633984375	4.93761202921337	463.5975	43.6049171875	2.83523226240774	710.2425	46.065303515625	1.60897764209338	
47.01	32.46680625	36.8467965050518	74.7375	34.9850828125	20.6334609131755	113.565	37.227494140625	12.3120663373288	172.98	39.48031484375	7.32907011526681	266.415	41.7874203125	4.3086213548996	412.2225	44.134078515625	2.50999299425458	636.2775	46.486526953125	1.46025151522251	
61.125	31.674086328125	44.2253957684783	99.645	34.19415625	24.7551028975288	154.8075	36.482640625	14.6155882091031	234.51	38.797958203125	8.57599542278626	358.5825	41.22470703125	4.90466848215186	539.2125	43.65609765625	2.8020158992787	811.8825	46.18045390625	1.56687723305456	
50.0025	33.5371734375	28.7980457369173	77.9175	36.050566015625	16.1444687728368	117.5925	38.259695703125	9.70757580463715	177.84	40.440008984375	5.87596854708137	268.8825	42.74495703125	3.45608693087153	404.715	45.05848359375	2.02876620345083	608.325	47.421843359375	1.17732407491894	
72.3825	31.70284375	43.9335184903004	115.83	34.254355078125	24.4143323932011	173.4975	36.546826953125	14.4011663015732	260.925	38.837140625	8.49897004138816	390.81	41.191833984375	4.94193424317236	579.9975	43.54986015625	2.87140429225732	866.115	45.915662890625	1.66538278786013	
74.505	31.6189421875	44.7905238839167	119.5425	34.169194140625	24.8977984409241	180.45	36.3851859375	14.9472661331477	270.5175	38.60824140625	8.95893158778498	408.9	40.88261796875	5.30662701979164	614.2125	43.159629296875	3.14135798743832	928.425	45.527896484375	1.82091935614497	
59.1225	32.070336328125	40.3688825660903	95.64	34.568424609375	22.7110859004287	147.5025	36.81626953125	13.5348487745588	225.465	39.057262890625	8.07893421546735	340.7025	41.3448578125	4.7708370095882	517.6725	43.689566015625	2.78050550532769	782.0175	46.022219921875	1.62501872120448	
73.965	31.257887890625	48.6733874003738	125.01	33.76651015625	27.3167699504627	198.42	35.979263671875	16.4117160249767	304.98	38.262253515625	9.7018601326114	466.035	40.66578828125	5.57829570869441	689.4975	43.102002734375	3.18331845783057	1003.9275	45.61506953125	1.78473363224365	
64.62	31.638338671875	44.5909262501259	102.015	34.07990390625	25.4149915850417	157.71	36.370505078125	14.9978792618192	240.525	38.628709765625	8.91680736252946	366.7425	41.01753046875	5.14431216027311	555	43.37912265625	2.98653834565924	829.065	45.771665234375	1.72152699591709	
49.185	32.961755859375	32.8779533513765	79.71	35.50387734375	18.3101805394979	119.475	37.666941015625	11.1272093566401	179.6175	39.86323515625	6.71053035522603	273.2325	42.087905078125	4.02059060092533	415.5075	44.302433203125	2.41455465595863	639.675	46.531705078125	1.44513977048843	
58.1925	32.1771109375	39.388484116983	95.565	34.711869140625	21.9732069885116	144.255	36.949831640625	13.1249360735948	216.2325	39.19496328125	7.82679633087155	327.5775	41.508275	4.59465451227129	495.87	43.802921875	2.70887006137516	752.34	46.128077734375	1.58588827204356	
74.5275	30.83940703125	53.5968983406585	122.28	33.350665625	30.0617181295005	189.345	35.601012890625	17.9051956870034	287.4975	37.836262890625	10.7017320228356	440.0625	40.191060546875	6.2226346960057	663.9675	42.6125609375	3.56306928247591	998.52	45.085207421875	2.01632074630048	
68.0325	31.06205546875	50.9184076861182	110.85	33.614096484375	28.292460122325	170.3475	35.835915625	16.9624585091672	260.8875	38.086504296875	10.1025249382799	403.89	40.39248828125	5.94061671335609	625.32	42.749951171875	3.45211491083685	965.34	45.20694140625	1.9605874586362	
68.7525	30.760934765625	54.5741379451186	114.8175	33.157791796875	31.4268737724944	185.34	35.468661328125	18.4592574980325	289.35	37.699725390625	11.043527622956	447.27	40.091903125	6.36634321888985	683.0175	42.543716796875	3.62000092228451	1020.6	45.065925390625	2.02529281412593	
53.3175	32.03817890625	40.6689041525432	87.4275	34.390477734375	23.6609723171511	140.9925	36.56276640625	14.3484080927866	219.5775	38.765087890625	8.64115055260667	340.77	41.003617578125	5.16081870617424	525.4425	43.323574609375	3.02498273261671	807.8775	45.6951921875	1.75210908739955	
35.52	34.473426953125	23.2133417694431	55.95	37.0670859375	12.7753194069116	84.3675	39.16555	7.8799844571548	129.8475	41.321393359375	4.79668307600353	197.655	43.60356875	2.83611270810656	304.26	45.77825625	1.71891632363496	470.8425	48.04373671875	1.02025020096951	
35.67	33.24215078125	30.8223169999517	58.3425	35.7994859375	17.1053422100478	91.0425	38.060251953125	10.1637778841911	140.7825	40.356981640625	5.9893845339379	217.3275	42.76399765625	3.44096769428927	334.1325	45.1114890625	2.00415568335324	511.62	47.525710546875	1.14950087497367	
66.945	30.397197265625	59.3417889019635	110.52	32.9681375	32.8296770750566	170.3025	35.289163671875	19.2381804355447	258.7275	37.59481875	11.3135391974004	393.6075	39.976532421875	6.53773207559924	600.78	42.363515234375	3.77336517911857	919.2975	44.8907734375	2.10864279898392	
67.6725	30.947555078125	52.2787088468796	112.1025	33.517494140625	28.9288351586494	171.4725	35.8656015625	16.8469080157177	256.605	38.137198828125	9.9852852997895	386.8725	40.58446171875	5.68373981519317	578.055	42.97622578125	3.27685921292897	860.8575	45.421156640625	1.86622798159082	
62.0625	31.820415234375	42.760112330871	100.6725	34.3569828125	23.8441628676577	152.7825	36.589098046875	14.261675683348	233.1	38.87635	8.42258419186872	355.035	41.2393375	4.88817348407649	533.7675	43.637967578125	2.81373765802828	794.16	45.9907203125	1.63684791530346	
