6168	30.325275	9720	32.867925	14208	35.168975	20880	37.486625	30048	40.11245	42736	42.6857625	60464	45.5466875	
1728	30.53005	2544	33.12425	3440	35.3344	5360	37.79245	8008	40.4789125	11368	43.1471625	15952	45.9849	
728	30.3181625	1224	32.7029875	2680	34.9729625	5680	37.2881125	11656	39.518	24624	42.14245	44984	44.958825	
664	30.4191375	1088	32.9272	1928	35.2609375	2904	37.620375	5544	40.1517875	9224	42.740675	15752	45.488475	
5712	30.1131125	9320	32.5706625	14376	35.13125	20920	37.4104375	30008	39.91715	42872	42.3959625	62120	45.182475	
720	30.8299	1152	33.314825	1816	36.05225	2512	38.330925	4256	40.7362125	7008	43.2639125	10120	45.94165	
696	30.644725	1320	33.08575	2024	35.6940625	4184	38.1349875	7560	40.6469875	13120	43.2312125	20448	45.867425	
624	30.768275	1024	33.36825	1472	36.0253875	2336	38.46255	3656	40.8941875	6160	43.4262625	10360	45.9348	
5480	30.2405	9112	32.8264625	14056	35.2173	20144	37.573925	28920	40.1277625	40712	42.701675	58192	45.4353625	
880	31.1012125	1296	33.71415	1800	36.19375	2904	38.5390625	4776	40.946075	8384	43.3799375	14064	45.9241	
704	31.2837	1104	33.98045	1560	36.473725	2568	38.8032	4168	41.3100125	6848	43.67635	11328	46.209525	
792	31.34595	1064	33.8515	1784	36.3724875	3376	38.639025	6000	41.0948125	10256	43.384575	17704	45.951275	
5456	30.3283625	8976	32.889275	13592	35.1403375	19984	37.5982	28216	40.027475	40512	42.581525	58248	45.2833625	
1248	30.9591375	1624	33.4683	2520	35.900775	3856	38.272375	6352	40.7611375	9968	43.3350875	13664	45.8730125	
1072	31.1393625	1728	33.693675	2520	36.1511375	4008	38.5422875	6328	41.007675	10544	43.54015	16552	45.9906125	
952	30.946175	1632	33.5207875	2544	35.8288125	4688	38.2455125	8000	40.7924375	12192	43.2698375	19136	45.77875	
5296	30.624	8600	33.1642125	12896	35.492125	19064	37.9053	26992	40.309875	38832	42.9034	54936	45.5263125	
1256	30.8652	2104	33.58775	3096	35.9561	4928	38.2424625	7864	40.53085	12816	42.8641	22056	45.449625	
1136	31.2055375	1392	33.82535	2184	36.1830125	3744	38.636225	5864	40.951175	9632	43.270125	16080	45.8291125	
720	31.014575	1456	33.7507	2120	36.075075	3400	38.3370875	6512	40.7355	11272	43.13365	18872	45.6596625	
5096	30.668725	8136	33.1625125	12632	35.5953875	18272	38.0524	26104	40.4237125	37216	42.94785	53112	45.573575	
1352	30.98295	2216	33.52935	3536	35.9895125	5928	38.2296625	10064	40.6319875	16312	43.0431875	25960	45.4375875	
736	30.96215	1240	33.54005	1600	35.93725	2656	38.1806625	4376	40.515225	7160	42.8536375	13320	45.3387	
800	31.116525	1248	33.8398375	2144	36.4011125	3312	38.6270125	5480	41.105725	9072	43.46195	15248	45.91045	
5720	30.6338875	8984	32.986575	13032	35.3365375	19040	37.6684875	27016	40.2228625	38472	42.6632625	56072	45.4143125	
928	30.9654125	1288	33.4666625	2192	35.924525	3160	38.1781125	6280	40.745225	9872	43.2105625	13616	45.8068375	
728	31.0876625	1336	33.7538375	2360	36.24215	3784	38.637575	5824	41.1075125	9192	43.4439	15688	45.9401125	
1088	31.001575	1544	33.5939	2776	36.0322375	4344	38.288675	7528	40.7902875	12992	43.25005	20520	45.7804	
5208	30.55315	8496	33.1758125	12656	35.630375	18136	38.092975	25184	40.58	35432	42.9626125	51808	45.7185	
1208	31.1146875	1728	33.5657625	2928	36.0194625	4336	38.297375	7248	40.62315	12456	42.9495875	20848	45.5471875	
920	31.3467875	1568	33.8023625	2632	36.35515	4144	38.6573375	6648	40.9302	11072	43.364325	17880	45.8775375	
1184	31.20765	1576	33.594875	2720	36.16035	3920	38.2801125	6960	40.5516875	12144	43.014125	19544	45.5926625	
5144	30.5611125	8408	33.1586625	12368	35.48895	18000	37.88	25992	40.2440625	37536	42.7265125	54136	45.3973	
1568	31.651075	2680	34.0166125	4176	36.1805125	7064	38.3999875	12016	40.8796625	18656	43.2627375	28400	45.7088875	
1544	31.5331375	2680	34.1056625	3992	36.2297625	6728	38.606775	10560	40.8721625	16312	43.2588	23656	45.834075	
1160	31.7159	2032	34.4714875	2864	36.6346625	4160	38.9310625	6256	41.3110375	9176	43.685375	13832	46.109775	
4504	31.558675	6840	33.9733875	10352	36.334025	15072	38.5448875	21824	40.8790625	31768	43.308025	47008	46.1010625	
1832	31.8772375	2928	34.4256375	4272	36.6462375	7136	39.045625	10528	41.2696875	16272	43.608575	24152	46.085625	
1992	31.3644125	3720	34.12175	5720	36.409475	8968	38.5749375	14640	40.9692	22104	43.4229625	32864	46.0913625	
1712	31.52705	2456	34.232425	3752	36.4628	5928	38.5796625	9184	41.0851875	13712	43.620525	19680	46.2751875	
4536	31.5645125	6888	33.97075	10096	36.252025	14728	38.5562	20928	40.9010125	30480	43.32205	44976	45.964975	
1480	31.615425	2368	34.0789875	3560	36.29815	5440	38.3454	8992	40.7735625	14592	43.1112	23344	45.7107125	
1536	31.729425	2384	34.273375	3408	36.329825	5416	38.613825	7976	41.0013625	12568	43.4744	18216	46.1369	
1216	31.7114875	2048	34.513025	3144	36.678475	4800	38.9152	7512	41.267025	12120	43.7218375	18792	46.2164125	
4464	31.5099375	6896	33.9929	10416	36.4052125	15136	38.624525	21336	40.962525	31072	43.315975	45568	45.853525	
1120	31.8386	2096	34.4021	3440	36.6827125	5912	38.9615625	9944	41.2693375	15960	43.804625	23688	46.2917625	
1088	31.874175	1712	34.6325875	2768	36.9121375	3832	38.973525	6200	41.4685125	9536	43.96955	14120	46.4625875	
1264	31.7910125	2112	34.510225	3144	36.76245	5424	39.0568125	8136	41.4986	13120	43.848575	20936	46.31045	
4104	31.78905	6792	34.214975	9936	36.6322	14472	38.8958	20544	41.21645	29544	43.5494	42656	45.9436	
1208	32.0505	2096	34.5612	3408	36.9214125	5184	39.0984625	8672	41.5513125	13024	43.7281125	21376	46.1579625	
1304	31.9739	2000	34.49425	3336	36.89505	5640	39.198725	8928	41.5755375	14264	43.959425	21616	46.3594875	
1576	32.250175	2592	34.8886875	3616	37.09685	5568	39.438925	8288	41.9241125	11688	44.2230375	16568	46.5317	
3632	32.097525	5912	34.7239625	9048	37.2197	12624	39.3126625	18424	41.6748875	26344	43.8905625	38248	46.2840375	
1192	32.8072375	2184	35.5825375	3456	37.6715375	5600	39.8347875	9424	42.22845	14928	44.5002	22752	46.8526875	
1400	33.7382625	2120	36.3869375	3592	38.5183	5136	40.655025	7912	42.9367625	12280	45.16975	17976	47.2797625	
1480	33.4600125	2312	36.087625	3584	38.2061375	5488	40.3988	8456	42.6524125	13176	44.877175	20560	47.0210875	
2928	33.7470625	4464	36.0738375	6648	38.40365	9360	40.58205	13600	42.8216375	19096	44.893075	28744	47.151075	
1200	33.865925	2080	36.481175	3000	38.6360125	4600	40.8304625	7488	43.100975	12208	45.196325	18960	47.4357	
1272	33.7982375	2304	36.56415	3256	38.4401	5008	40.7895375	7696	43.0108625	11536	45.1668625	17480	47.439025	
1224	33.8488125	1784	36.376	2976	38.7366875	4344	40.8917	6256	43.037175	9024	45.23065	13448	47.412125	
2752	34.2343	4128	36.5127875	6024	38.7398625	8688	40.8424375	12312	42.9729875	17704	44.9523625	26936	47.1206	
1128	33.6067125	1912	36.186825	2920	38.40605	4320	40.5473375	6800	42.69345	10832	44.9282625	16880	46.99145	
1184	33.3124375	2096	36.2106125	2864	38.3301375	4280	40.517425	6592	42.8743875	9576	45.0740125	13640	47.128225	
1208	33.237225	2096	36.16445	3320	38.4398625	4760	40.633	7112	42.879225	10672	45.0177625	17064	47.1890875	
2672	33.812475	4264	36.3887125	6288	38.6580125	8808	40.6605375	13064	42.7591625	18824	44.932675	28280	47.1818625	
920	33.7769375	1504	36.332975	2568	38.759275	4184	40.8368375	7032	43.005375	10616	45.21415	16928	47.33505	
1040	34.0042625	1560	36.5328625	2336	38.86895	3544	40.934225	5488	42.986325	9056	45.1489375	15152	47.4863	
976	33.76505	1592	36.4011125	2512	38.5671	4152	40.9657875	6272	42.926375	9984	45.2706	15408	47.5636875	
2568	34.1802625	3936	36.63615	5736	38.617975	8568	40.8356	12144	42.9285625	17440	44.906725	26920	47.1371875	
1056	34.3451	1672	36.668075	2608	38.711275	4480	40.7435875	7808	42.8365125	12280	45.0558375	20312	47.4073375	
1024	34.304075	1640	36.62235	2456	38.7644375	3848	40.7756	6040	42.858525	9424	45.1867625	14232	47.4688125	
1144	33.7720375	2088	36.5450875	3400	38.8433	5168	40.8250125	7672	42.8079625	12328	45.1660875	18976	47.4685	
2560	34.17385	4112	36.551125	5696	38.693175	8376	40.9468875	12072	42.9926875	17544	44.9703	26336	47.222125	
1320	33.8846	2096	36.42675	3336	38.6743	5160	40.7412625	8128	42.7861375	13432	45.1323875	21800	47.170825	
1264	33.69215	1856	36.303975	2928	38.5483375	4456	40.5694375	7032	42.573275	11224	44.809425	17856	47.060425	
1080	33.56685	1848	36.4422	2648	38.49335	4080	40.6703875	5928	42.7633125	9032	45.0386625	13472	47.2481375	
2688	33.9231625	3960	36.329675	5888	38.620775	8640	40.8659	12256	43.0198	17512	45.022	26456	47.17265	
1040	34.0684	1704	36.464475	2448	38.7174375	4032	40.9880125	6536	43.1374375	11056	45.264725	18160	47.5153625	
1072	34.0328625	1840	36.72965	2568	38.923	3808	41.33555	5648	43.3772375	8496	45.646525	13104	47.7576	
1216	34.1524875	1760	36.5768125	2768	38.8250375	4112	41.1138625	6392	43.213	10312	45.664	15528	47.81745	
2584	34.073575	3872	36.5657125	5600	38.7659125	8048	40.7566875	11832	42.9100125	17464	45.03805	26488	47.2901125	
944	33.6660875	1696	36.515	2816	38.7079125	4472	40.900025	7072	42.9745875	11520	45.413475	16768	47.646975	
1104	34.21425	1592	37.0419125	2568	39.3648625	3696	41.302875	6000	43.333825	10056	45.5122625	16952	47.7216375	
592	34.3754375	960	37.486875	1376	39.6896375	2120	41.830975	3024	43.6066375	5760	45.7702375	9976	48.081925	
1992	35.3451875	2872	38.072375	4056	40.0542125	5856	42.0559125	8312	43.9547125	12584	46.0990125	20192	48.4213	
472	35.569425	744	38.2242375	1336	40.38115	1784	42.3740875	3168	44.48175	5512	46.590975	9424	48.6980625	
752	35.86475	1064	38.3570375	1520	40.5128375	2360	42.4623	3880	44.4340375	6360	46.4262625	10344	48.7743125	
392	35.7910375	552	38.3962625	848	40.5798	1568	42.9058	2256	44.82655	3896	46.8228625	6704	49.209825	
1464	36.502125	2152	39.2361125	2944	41.0006625	4280	43.2653375	6160	45.238925	9432	47.1425625	14784	49.370175	
616	36.6832375	872	39.236875	1488	41.1958375	2488	43.427425	3776	45.206625	6880	47.3657125	11128	49.5947875	
664	36.9874875	792	39.8316	1392	41.7488625	2272	43.9687125	3936	46.0097125	6280	48.1157375	9960	50.442125	
312	37.9329125	528	41.0719375	768	42.9004875	1088	45.239675	2192	47.1615875	3440	49.082175	5960	51.2537875	
744	39.411175	976	41.5402	1360	43.7167125	2048	45.528275	3040	47.65565	4528	49.5477375	7376	51.25885	
280	39.5916875	344	41.1428	576	43.489975	1048	45.2947625	1648	47.2044125	3160	49.187225	5264	51.0404	
272	39.08805	480	41.1760125	584	43.632	904	45.2913625	1368	47.452275	2408	49.4126	4224	51.322725	
248	39.363	456	41.4747625	616	43.58105	968	45.4763125	1520	47.54145	2808	49.4002875	4968	51.42845	
720	39.413875	912	41.8746875	1344	43.925175	1840	45.3512625	2832	47.6119375	4344	49.59285	7264	51.570225	
344	39.1193125	400	41.6472625	568	43.617375	960	45.328075	1312	47.2869	2544	49.2944875	5040	51.406725	
368	39.30565	384	41.74585	656	43.8907375	944	45.1731125	1536	47.48035	2624	49.4147125	4384	51.4047	
248	38.863425	480	41.2209625	792	43.5243125	1056	44.9242375	1944	47.2113	3336	49.1522125	5736	51.3528875	
792	38.5211875	1168	41.326675	1560	43.3238125	2232	45.3014625	3456	47.08965	5208	49.3095	8336	51.280675	
392	38.1442	560	40.7822125	864	42.8416625	1328	44.8005	1968	46.7708875	3472	48.9974125	5680	51.2133875	
432	37.7578875	624	40.2445	1024	42.5408	1392	44.4098875	2424	46.633075	4240	48.8127125	6776	50.8749875	
472	37.4379875	736	40.04605	936	42.204225	1336	44.0823375	2008	46.1534	4000	48.455675	6368	50.525675	
1088	37.18505	1592	39.6763125	2304	42.090175	3240	44.1573	4720	46.302625	6904	48.342525	11328	50.683975	
536	37.0026125	664	39.6966875	920	41.9666375	1368	44.0989375	2424	46.31505	4128	48.2597	6808	50.4167125	
512	36.7005125	744	39.6647875	1072	41.7471125	1656	44.050625	2488	45.9261625	4208	48.116075	7136	50.297275	
496	36.6728	792	39.68875	968	41.5845625	1624	44.06095	2536	46.0164375	4264	47.992075	7216	50.1558875	
1248	37.002125	1928	39.4829125	2800	41.688225	3952	43.7887375	5784	45.8654875	8456	47.93495	12848	50.0340875	
528	36.7717625	896	39.42205	1288	41.6876375	1936	43.6288125	2616	45.487975	4568	47.7244625	7064	49.934725	
776	37.4135	912	39.49075	1176	41.50615	1944	43.6627875	3216	45.5449125	5496	47.7527625	8800	49.93395	
536	36.6499625	816	38.9868625	1208	41.2490125	1648	43.2808875	2568	45.2498375	4176	47.3523125	7216	49.5675875	
1688	36.906375	2312	39.214725	3336	40.9705625	4496	43.110775	6536	45.11515	9736	47.0770125	15088	49.3466375	
696	36.4101375	984	38.641775	1496	41.1041875	2072	42.9345125	3528	45.0362	6056	46.95715	10568	49.0242	
736	36.3451125	1040	38.6890125	1416	41.031075	1984	42.709975	3288	44.9327625	5456	46.6865625	9728	49.046175	
736	36.069575	1088	38.6199125	1568	41.2059	2320	43.0384375	3496	45.0880125	6144	47.0685	9760	48.92715	
1880	36.3080125	2640	38.9788375	3576	40.8437125	4992	43.1174125	6920	44.8301375	10048	46.8177125	15992	49.0403125	
680	35.9084	904	38.44225	1552	40.736325	2288	42.8667875	3744	44.8928125	6072	46.9255625	9624	49.084675	
624	36.3703625	928	38.725575	1248	40.9531625	2144	43.330525	3224	45.1592375	5408	47.316825	8744	49.2217125	
560	36.2481875	912	38.8794	1400	41.46755	2064	43.5962125	3136	45.268925	5072	47.256125	8848	49.3961875	
1624	36.8382125	2400	39.3681625	3152	41.4865625	4368	43.3065125	6056	45.2335375	8792	47.099075	14136	49.162	
504	36.3538375	992	39.328825	1296	41.2816125	1840	43.0711375	3232	45.0568375	5128	46.7706625	9896	49.05285	
600	37.0632375	808	39.59815	1016	41.6845	1504	43.521825	2240	45.3985875	3816	47.3159	5992	49.250725	
512	36.6206875	840	39.43795	1432	41.540025	1984	43.2602625	3200	45.2609125	5456	47.2505375	9176	49.366975	
1568	36.72225	2160	39.2433	3072	41.2392375	4296	43.1917375	6160	45.0434375	9008	47.0295625	13848	48.976675	
648	36.621775	992	39.108125	1392	41.0121	2216	43.00575	3408	44.853625	5752	46.9895875	9584	49.1594625	
496	36.6879125	800	39.5044625	1192	41.4169	1688	43.3078125	2680	45.3572875	4040	47.3765	6688	49.538675	
512	37.102325	672	39.630525	1112	41.8738375	1632	43.7500375	2536	45.6263625	4224	47.6202875	7328	49.8261875	
1360	36.7820875	1920	39.6462	2544	41.488625	3560	43.6497125	5392	45.5457875	8168	47.82745	12728	49.83415	
336	37.060225	576	39.924625	800	41.85735	1104	44.018825	1800	45.752375	2912	47.9869625	5280	50.2810125	
336	37.3208375	464	40.373275	728	42.63775	1120	44.5004125	1648	46.232525	2960	48.4325	5288	50.627575	
352	38.1286875	528	41.1233875	592	43.106325	1208	45.203775	1896	46.7356625	3544	48.910575	6624	51.3830625	
656	38.98855	1008	41.597875	1448	43.6038	2080	45.58275	3064	47.61745	4720	49.469575	8224	51.8999625	
256	39.12255	440	42.0516	528	43.8494125	872	45.7360125	1456	47.8102375	2696	49.949525	4712	52.341175	
152	39.930275	248	42.45415	464	44.3946125	864	46.76665	1416	48.3874	2392	50.57075	4360	52.9108	
120	40.045575	312	42.9043125	368	44.786725	584	46.6840625	1056	48.3662125	1920	50.540425	3784	53.01525	
544	40.2399125	688	43.1079875	880	44.9547	1312	47.0452	1984	49.3359625	3088	51.1462125	5168	53.331975	
184	40.8334375	144	42.963575	392	45.7035	624	47.422725	944	49.3035875	1624	51.2358125	3280	53.471	
144	41.0395375	184	43.7124	160	45.7194125	520	47.6949125	784	49.4788375	1448	51.366925	2920	53.5738	
160	40.912025	168	43.7434625	352	45.8687625	512	47.6611375	760	49.4111875	1496	51.518025	2784	53.6384375	
504	41.7981625	560	43.3172375	784	45.74515	1152	47.792225	1544	49.7608125	2344	51.7520625	4304	54.0288125	
152	41.3045625	176	43.244125	304	45.4888	328	47.4358125	744	49.5268375	1192	51.5455	2400	53.8877	
144	41.3049375	224	43.129825	360	45.9217375	512	47.9260125	728	49.7044875	1232	51.724775	2184	54.130825	
128	41.3771625	208	43.713325	216	45.7264125	400	47.857025	704	49.8670625	1192	51.7160875	2344	53.9654	
488	42.071725	616	43.7981375	800	45.3831625	1176	48.2088625	1768	50.08775	2632	51.8762	4440	53.9851625	
176	42.0523375	304	43.606625	432	45.6638	672	48.289475	984	50.0646625	1456	51.8587	2400	54.0027375	
152	41.7297875	256	43.282625	296	45.253625	520	47.8002875	1008	49.7422375	1592	51.5315	2512	53.59795	
176	41.2153	224	43.26145	464	45.813475	648	48.1069625	960	49.5729875	1616	51.326475	3048	53.4502875	
496	40.6600125	656	43.1804375	840	45.2469375	1232	47.2752875	1880	49.432625	2800	51.27915	4656	53.392725	
320	41.0878875	528	43.161875	584	44.821325	768	46.7459	1288	48.978825	2400	50.9830375	3952	53.1576875	
280	40.4244	352	42.725225	528	44.6372	912	46.7244375	1272	48.6393875	2248	50.750525	3704	52.8260625	
296	40.4437	400	42.3808125	592	44.317475	752	46.216825	1360	48.4345	2240	50.4084	3984	52.5445125	
744	40.192625	1016	42.09185	1408	45.06615	1784	46.8387375	2584	48.505375	3816	50.319825	6368	52.4943375	
424	39.587825	576	41.8308625	744	44.0721375	1080	46.1132875	1744	47.981925	2776	49.8936625	4264	51.796675	
400	38.8994625	504	41.4324	696	43.682725	1008	45.866175	1544	47.5471125	2560	49.65495	4384	51.755925	
464	38.845925	592	41.345625	856	43.707075	1120	45.886675	1608	47.5281125	2456	49.5106875	4216	51.6691125	
968	38.5708375	1376	41.2477125	1944	43.0405875	2640	45.1569625	3992	47.171525	5912	49.2128375	9296	51.35795	
520	37.7718	784	40.4570125	1152	42.4639625	1800	44.651	2736	46.6576625	4400	48.6335	7512	50.668425	
496	37.493575	696	39.9656625	1048	42.2424375	1352	44.4091875	2152	46.328625	3488	48.355325	6224	50.5867	
536	36.8799375	984	40.175275	1112	42.0505375	1712	44.151975	2512	46.2061	3992	48.239375	6616	50.6021	
1288	37.3878125	1888	40.098775	2664	41.967025	3704	44.058975	5192	46.0790375	7520	48.0667375	12224	50.1890125	
560	36.965	736	39.6213625	1192	41.587575	1464	43.48245	2520	45.5761375	4120	47.57405	7472	49.7143125	
624	36.4526	896	39.4447375	1280	41.305725	1944	43.0856125	3544	45.2204875	6608	47.2678375	12592	49.8617125	
624	36.5171625	992	39.5274625	1184	41.36405	1880	43.2962875	2832	45.3889125	4392	47.28625	7208	49.63865	
1512	37.1100625	2128	39.2537625	2968	41.540625	4104	43.4887125	5800	45.4969625	8424	47.29145	13152	49.234825	
536	36.5377	1000	39.192175	1120	41.07885	1824	43.0965625	2920	45.169125	5080	47.0855375	9328	49.2942	
680	36.885675	736	38.83595	1272	41.2193	1848	43.181075	2864	45.1829	4856	47.1625875	7552	49.283	
880	36.9115125	1304	39.429125	1720	41.564075	2616	43.4209625	3840	45.308125	6136	47.198875	10776	49.2447375	
1632	36.785575	2256	39.081825	3224	41.172775	4496	43.173725	6392	45.1900375	9696	47.16155	14776	49.2449875	
488	36.5553625	848	39.144525	1312	41.336275	1984	43.343425	3104	45.2924625	4576	47.0799375	7944	49.3353625	
552	36.9947875	760	39.543075	1128	41.517725	1728	43.5846125	2840	45.6907875	4792	47.4701125	8392	49.4559625	
544	37.308	688	39.4923375	1016	41.6751	1536	43.6095	2424	45.54955	4584	47.50115	8432	49.7331125	
1368	37.6900125	1920	39.8983375	2536	42.0261375	3664	44.1861875	4904	46.022675	7552	48.047675	11680	50.107975	
496	37.8383875	752	40.0824875	976	42.1771625	1408	43.9486625	2320	45.9244375	3896	47.9106375	7168	50.14435	
296	37.708175	488	40.4154375	712	42.2809	912	44.1161375	1704	46.53835	3056	48.5618375	4712	50.623325	
352	38.2627	504	40.420625	792	42.3976625	1376	44.5583125	2096	46.6746625	3800	48.953475	6448	51.1654125	
792	38.58905	1128	41.1969125	1464	43.165325	2136	45.44765	3208	47.401875	5096	49.60665	8016	51.604375	
184	38.182975	264	40.81715	472	43.1791125	552	45.02735	1184	46.9857	2336	49.1613375	4600	51.231	
264	38.0853875	416	40.9339875	608	43.0324375	920	45.312	1536	47.0260625	2824	49.3786875	4808	51.7082875	
216	38.2449875	392	41.71725	496	43.5979	704	45.5689875	1360	47.5705875	2408	49.7174625	4496	51.9890375	
584	39.81745	752	42.1192625	1080	44.178275	1584	46.2418	2264	48.119	3840	50.1740125	6360	52.2189875	
192	39.538875	288	41.9315875	496	44.072325	776	45.9565625	1352	47.841875	2288	49.837225	4016	52.1278375	
192	39.728675	280	42.3545875	352	44.1398375	368	45.8517625	856	47.7529	1904	49.93355	3440	52.1095375	
336	39.6764375	520	43.0141	680	44.4162375	912	45.9896625	1576	47.9933625	2552	50.0285375	4712	52.195325	
648	39.93305	856	42.368175	1096	44.260425	1568	45.7383875	2504	48.019175	3864	50.0577125	6608	52.1897	
368	39.6693125	504	41.8993875	736	44.0831	968	45.6972375	1656	47.87615	2688	49.7714	4632	51.891325	
272	39.016825	448	41.6545375	648	43.4858125	976	45.513575	1568	47.62725	2616	49.457	4512	51.5879875	
544	38.90695	592	41.27565	880	43.1426	1232	45.1106375	1808	47.0787	3072	49.011775	5528	51.32865	
864	38.466175	1264	40.784725	1688	42.7940625	2408	44.6005125	3584	46.788975	5608	48.7632125	9088	50.9331625	
464	38.0298	672	40.6026625	1080	42.8045375	1480	44.584525	2344	46.6079875	4016	48.62315	6888	50.70005	
520	37.585575	640	40.3971625	952	42.4411625	1528	44.3602875	2360	46.184775	4264	48.3241125	7544	50.5316875	
544	37.319325	720	40.0429875	1056	42.106575	1728	43.9843375	2608	46.1540375	4264	48.1300625	7136	50.376475	
1184	36.92795	1752	40.079175	2272	41.7277875	3440	43.8266125	4848	45.965575	7240	47.979325	11456	50.0354	
608	36.766325	880	39.4886875	1304	41.51465	2128	43.504125	3104	45.4764	5472	47.6185875	9744	49.8436125	
536	36.4994875	896	39.4362875	1160	41.401275	1784	43.538	2872	45.56315	4872	47.6503	8712	49.7381625	
464	35.8725875	872	38.75675	1376	41.2563875	2080	43.196275	3232	45.2428125	5472	47.3102375	9400	49.5232875	
1392	36.49265	2048	38.937875	2936	41.1821875	4104	43.380925	5856	45.534275	8536	47.532525	13056	49.45125	
480	36.3394125	808	38.68425	1056	40.7864375	1864	42.9816125	3080	45.111675	5224	47.091425	8968	49.1893875	
480	36.0329625	864	38.8035875	1192	40.721975	1816	42.8644625	2936	45.0140375	5096	47.0919	8552	49.29645	
576	35.8905	832	38.516325	1304	40.600125	2096	42.8177625	2944	44.823275	4952	46.9127	8832	49.1197875	
1512	36.0014375	2208	38.502325	3408	41.042475	4600	43.0029875	6600	44.9352875	9600	46.8739	15248	48.9834	
520	35.7289125	1000	38.5415125	1272	40.8054625	2168	42.9260375	3696	44.977775	6336	47.06485	10256	49.095775	
544	35.5774375	856	38.6422125	1360	40.9967375	1712	43.0110875	2608	44.9536875	4160	47.070025	6760	49.1491375	
696	36.1466125	800	38.6662625	1232	41.14595	2104	43.21545	3088	45.1600875	5168	47.080725	8864	49.201725	
1448	36.71275	2080	39.4067875	3112	41.5469125	4216	43.56745	6224	45.5543625	8936	47.40725	13688	49.3323875	
600	36.3595875	872	38.9888625	1544	41.3192875	2088	43.1456875	3272	45.1512875	5392	46.9533125	9736	49.2201125	
768	36.4952875	1072	39.1161875	1464	41.3411875	2200	43.2498125	3488	45.3805375	5504	47.208475	8752	49.165675	
488	36.6348	824	39.3395125	1208	41.4354625	2008	43.3894125	3224	45.430375	5392	47.201175	9280	49.3401	
1440	37.1625875	2184	39.845575	2824	41.73865	4000	43.77515	5688	45.637	8504	47.6101	13216	49.4420375	
672	36.7826	920	39.29995	1608	41.4566625	2440	43.518325	3944	45.4511375	6432	47.4180375	10728	49.4141875	
936	35.9026125	1704	38.6083125	2232	40.6563125	3416	42.8579	5088	44.778675	7888	46.86725	12760	48.93245	
912	34.9547	1464	37.7349	2536	40.088825	3656	42.3292	5392	44.244875	8184	46.262925	12840	48.3858125	
2048	35.1198125	3216	37.47745	4480	39.5491875	6528	41.8070625	9400	43.8881375	13680	45.846375	20704	47.9502625	
928	34.68795	1560	37.1724875	2312	39.2558875	3448	41.3732	5736	43.70155	8240	45.729575	12888	47.9511625	
1072	34.728	1808	37.298075	2664	39.2843875	4160	41.490325	6584	43.6390375	10744	45.8888	16576	48.037475	
1072	34.6688875	1592	37.0046625	2608	39.4421625	3752	41.5403375	5984	43.621575	9392	45.7393625	15440	47.9685375	
2096	34.7114	3160	37.0837	4496	39.29355	6424	41.611375	9672	43.690925	13880	45.6483125	21528	47.6984875	
880	34.3797625	1312	36.7636375	2112	39.0961125	3080	41.365475	4920	43.4702875	7936	45.5509875	12416	47.5764625	
864	34.243375	1440	36.835	2416	39.218275	3528	41.3604125	6016	43.64295	9368	45.7204875	14768	47.740475	
1064	34.671075	1616	36.8626875	2416	39.352525	4040	41.5822875	6232	43.6421	10264	45.598275	17568	47.6591875	
1616	34.6909375	2616	37.111225	3768	39.2468875	5456	41.6511	8464	43.6786125	12304	45.7155	19304	47.8489125	
616	34.6073625	1040	36.8799875	1776	39.11855	2656	41.5400125	4200	43.528225	7072	45.68865	11192	47.746675	
712	34.5589	1160	36.8835875	1952	39.304625	3024	41.743975	4992	43.644875	8200	45.716375	14272	47.91785	
632	34.5499625	936	36.787625	1368	39.341075	2168	41.811325	3408	43.565425	5816	45.746975	10272	47.8672	
1416	34.5389875	2080	36.8636375	3368	39.183375	4752	41.5792375	7208	43.580975	11008	45.580225	17824	47.5807875	
552	34.3207625	928	36.788925	1584	39.269675	2536	41.6273125	4048	43.5645125	6640	45.4709625	12688	47.679975	
496	34.1764	712	36.7207625	1192	39.25285	1744	41.5432875	2944	43.5425875	5568	45.470475	10528	47.671	
448	34.15445	720	36.5439625	1000	39.202275	1880	41.4816625	3160	43.6037875	6048	45.5275125	11200	47.679575	
1096	34.4484375	1840	37.245825	2808	39.240675	4208	41.3762125	6264	43.31655	9760	45.5517875	16488	47.5359	
368	34.5541	464	37.226825	872	39.606075	1520	41.6682375	2784	43.659475	4952	45.8628875	9216	47.8469625	
280	34.42475	400	37.199	736	39.4369625	1184	41.5526125	2376	43.536075	4216	45.65375	7888	47.7776375	
416	34.44345	744	37.431975	912	39.464625	1688	41.7509	2664	43.7592375	4880	45.7875	9296	47.8924	
976	34.3833125	1656	36.8183875	2376	39.3046375	3832	41.530975	5688	43.6678875	9160	45.531925	16416	47.7277875	
432	34.6709625	512	37.1126125	896	39.7308625	1392	41.8191125	2176	43.733025	4616	45.7360125	7560	47.8328	
440	34.59025	624	37.27415	1192	39.8110125	1824	41.9314875	2984	43.93165	5656	45.8783625	9856	47.9011625	
424	34.20005	552	37.034075	912	39.683575	1744	41.900525	2648	43.8626	5392	45.7868875	10176	47.822875	
1144	34.404675	1696	36.827075	2496	39.1696125	3688	41.4192875	5664	43.4918125	8832	45.4864875	15480	47.5458125	
376	34.315925	696	37.089875	1048	39.4351625	1864	41.5657	3056	43.56125	5280	45.502625	9056	47.5741875	
240	34.050375	608	36.8963875	1008	39.3738	1808	41.6434625	3128	43.716825	5536	45.6435125	9912	47.7209375	
336	33.9584	480	36.805525	760	39.3364375	992	41.4040625	1784	43.4529625	3920	45.2641625	7856	47.4671125	
1128	33.8632625	1712	36.3042625	2720	38.7605125	4048	40.933825	6632	43.122475	10832	45.141975	18896	47.3719125	
224	33.757025	544	36.7074875	744	38.7496375	1368	41.026975	2336	43.1452375	4160	45.100675	7560	47.3613125	
280	34.040825	480	36.997875	896	39.2853	1400	41.5048875	2392	43.6821	5304	45.5761125	8944	47.6132	
256	34.0088625	432	36.6071125	720	39.0962125	1360	41.120725	2248	43.199575	4896	45.253775	9088	47.3952625	
1048	33.9768875	1816	36.8804875	2672	39.010375	4248	41.2537125	6088	43.3817125	9704	45.586675	16048	47.6374875	
248	34.2735875	520	37.037325	928	39.3299625	1672	41.364725	2920	43.3217875	5856	45.2998375	10280	47.2946125	
376	34.65125	664	37.3741	1032	39.589375	1624	41.622525	3040	43.6039125	5240	45.4948625	9896	47.5967875	
392	34.46055	720	37.186725	1072	39.2713125	2128	41.4830875	3616	43.5305625	6376	45.6070125	11448	47.7841875	
1080	34.2822875	1696	36.79355	2576	39.07485	3896	41.1131375	6384	43.5225375	10256	45.5656125	17160	47.629525	
408	34.4099125	672	37.0887	1080	39.2525	1760	41.3735875	3136	43.8190125	5128	45.69115	8832	47.848775	
552	34.6913125	728	37.18295	1072	39.4060625	2072	41.762325	3360	43.907625	6232	45.82505	11096	47.945525	
592	34.6666375	1088	37.344825	1600	39.377025	2200	41.468925	4336	43.9122	6968	45.76255	12200	47.89195	
1168	34.3287	1856	36.7158125	2632	39.1464875	4184	41.4149125	6232	43.6219375	9504	45.7025	16248	47.8550625	
352	34.0935125	872	36.913	1328	39.1881	2176	41.32315	3720	43.5502375	6928	45.6642875	13440	47.9732625	
456	34.1922625	544	37.0014375	864	39.2210375	1552	41.53485	3048	43.8364875	5112	45.862875	10096	48.0702125	
440	34.4876	600	37.35645	968	39.6522625	1464	41.9408625	2720	44.302725	5168	46.1740125	10280	48.261975	
960	34.8631	1640	37.2512125	2408	39.6740625	3752	41.689075	5696	43.8571875	9424	45.87215	16048	48.1666875	
344	35.0085375	592	37.5978	976	39.9604	1792	41.8914375	2992	43.9147	6536	46.031925	11088	48.2859375	
472	35.2846375	600	38.1936375	1064	40.5547875	1680	42.523575	3360	44.4554625	6376	46.4508875	11864	48.4383375	
408	35.475625	528	38.39205	672	40.51815	1416	42.60265	2248	44.5243875	4384	46.3768	8480	48.44985	
968	35.5291625	1528	38.178325	2224	40.314025	3496	42.3752875	5456	44.566925	8264	46.819325	13264	48.77955	
504	35.4618875	616	37.9720875	960	40.1331625	1640	42.14945	2840	44.057425	5040	46.2819875	9824	48.534075	
360	36.2093	464	38.4915	1048	41.1080375	1216	42.776475	2888	44.920425	4720	46.8683875	8872	48.898825	
528	36.5358625	432	38.6527	784	40.8835	1400	42.92005	2624	44.8368375	4784	46.82785	9072	48.853125	
976	37.0043	1448	39.2244875	2184	41.56295	3288	43.4515375	4944	45.384725	7528	47.3340625	12296	49.449325	
272	37.346025	704	39.803025	1080	41.98115	1592	43.828675	2552	45.6044625	5176	47.7323375	9792	49.9726125	
288	38.183875	512	40.4720125	704	42.52195	1240	44.531325	1888	46.1250625	3752	48.15075	7064	50.399325	
272	37.2354125	576	39.75815	1008	41.9795	1472	43.7093	2928	46.14765	4760	48.1770625	8728	50.4248	
848	37.59265	1264	40.0175875	1840	42.108675	2696	44.333225	4120	46.5092875	6152	48.4674625	9664	50.5713625	
296	37.2577875	512	39.7341	808	41.8965125	1256	44.2522875	2168	46.4597	3488	48.28195	6464	50.441225	
424	37.3398625	616	39.58555	848	41.722725	1328	44.1230375	2384	46.3338625	4288	48.28845	7400	50.6473875	
520	37.8821875	504	39.955325	872	42.2138625	1424	44.5494875	2416	46.6776625	4280	48.8945125	7816	51.1820875	
1040	38.0774875	1552	40.6816125	2152	42.74025	3008	44.9345625	4488	47.25275	6400	49.258425	9792	51.2315625	
464	37.313975	696	39.9189625	1008	42.244625	1728	44.2669875	2680	46.4287875	4496	48.4236	8016	50.5324375	
552	37.4190375	744	39.8337125	1032	41.8820125	1536	44.0414625	2512	46.2791625	4152	48.2990125	7216	50.506175	
496	37.32105	600	39.4447375	1024	41.9980875	1200	44.0724625	2016	46.2307125	2920	48.0761375	5544	50.372275	
1320	37.2566125	1920	39.742075	2616	41.843575	3928	44.2061625	5512	46.204925	8008	48.1238125	12136	50.186675	
544	37.2359375	888	39.8612375	1120	41.739975	1776	43.8710125	2992	45.9275375	5072	47.8725	9016	50.0602375	
376	37.5123625	536	39.9591375	728	41.7502	1224	44.0032375	1976	46.0132	3296	47.9870375	6336	50.2713125	
280	36.9775625	464	39.6088	888	41.801025	1120	43.821175	1960	46.0561	3632	48.14465	5848	50.1447125	
1360	37.302	1920	39.934275	2584	41.869125	3488	43.980925	5168	46.1870625	7544	48.074425	11776	50.2752375	
384	37.1643625	608	39.800575	872	41.7204875	1496	43.7769125	2552	46.0939375	4432	48.0150125	7864	49.978	
432	37.1102875	824	39.939875	1112	41.7388375	1480	43.6460875	2464	45.7884375	4080	47.826075	7280	50.1528	
616	36.854	832	39.2018125	1144	41.227425	1816	43.419325	2776	45.5996875	4272	47.5970125	7136	49.986125	
1520	37.14405	2064	39.6952125	2696	41.9276625	3720	44.009825	5384	45.9013875	7896	47.8534375	12400	49.90285	
760	37.07335	1024	39.356475	1392	41.665125	1968	43.5399	3224	45.4592875	5288	47.58005	9432	49.87645	
760	36.7552625	1256	39.46565	1704	41.780325	2464	43.6165	3560	45.526975	5664	47.6780875	8976	49.7056625	
440	36.5017375	712	39.3846	1080	41.69165	1832	43.8267125	2960	45.692925	4800	47.7283625	8688	49.8647625	
1328	37.4471875	1936	39.8595625	2632	42.1019875	3624	43.9775375	5064	45.8576625	7792	48.002375	12272	50.191775	
424	37.618725	608	40.30175	856	42.5272375	1320	44.3535	2216	46.4078	3760	48.4763125	6584	50.661125	
512	38.2481875	552	40.4292875	680	42.4897625	1288	44.8747875	1848	46.8692875	3168	48.7999625	5496	50.7892	
392	38.10125	568	40.5634625	856	42.806925	1128	44.8022	1936	46.9339375	3400	48.6032	7056	51.0577125	
888	39.042675	1264	41.3870875	1680	43.2077	2320	45.3224625	3416	47.289325	5008	49.34635	8200	51.2463	
200	38.878475	336	41.4585	560	43.1454625	864	45.39975	1360	47.360725	2368	49.1464375	4248	51.1211875	
248	39.295925	312	41.5901	480	43.376825	872	45.526475	1352	47.4858375	2504	49.29725	5280	51.5227125	
472	39.0437875	664	41.3917	848	43.3443	1264	45.3718	2136	47.287925	3808	49.3521	6768	51.3748125	
896	38.9278	1312	41.504375	1728	43.5758875	2336	45.3917125	3400	47.132375	5184	49.1726	8576	51.0758375	
480	38.2070875	608	41.1385875	960	43.3755875	1512	45.36895	2192	47.0134375	3952	48.8986375	7136	50.8205375	
664	37.8147625	920	40.318575	1208	42.1891875	1736	44.194	2832	46.0198875	5200	48.1529125	8464	50.3031375	
744	36.8213375	1248	39.555125	1552	41.54165	2184	43.435675	3464	45.1758	5920	47.4462125	10136	49.7354625	
2376	36.77445	3160	39.334275	4064	41.35405	5264	43.3249375	7408	45.38685	10464	47.419225	15640	49.556975	
504	36.0424375	880	38.9235625	1392	40.757625	2208	42.762675	3832	44.8836625	6256	46.7369875	11912	49.1632375	
848	35.5186375	1232	38.103275	1944	40.105525	2920	42.052425	4888	44.1723625	7736	46.195625	13360	48.6801625	
1280	34.291025	1832	36.554825	2968	38.6878375	4816	40.7695	7688	42.79515	12488	45.0477875	20136	47.61425	
2808	33.7188125	4320	35.77075	6512	38.0682875	9336	40.13035	13616	42.2242875	20208	44.3508	31408	46.8367875	
1096	33.5382	2200	36.0063625	3880	38.06435	6424	40.1925	10584	42.3911375	16696	44.855	25072	47.3643875	
1216	33.190725	2048	35.8510125	3328	37.8845625	5256	40.0761125	8576	42.5020375	13432	44.4900375	22328	46.794175	
1336	32.546825	2240	35.080925	3536	37.23855	6032	39.3616125	9728	41.628375	15768	43.7983	26264	46.4118875	
3320	32.3262	5384	34.71325	8208	36.9544	11872	39.1606125	17144	41.138575	25704	43.33715	39880	45.7376375	
1384	31.843	2680	34.3062375	3872	36.3447625	6584	38.7034125	10792	40.9040625	17016	43.2345125	24704	45.6064375	
1568	31.529625	2792	34.2208	4800	36.48825	7584	38.6931625	12344	40.8921625	19928	43.1996125	32832	45.4483	
1656	31.46895	2696	34.1384	4480	36.24045	6928	38.316425	12400	40.6296	20384	42.90175	33224	45.3652375	
3520	31.7681625	6024	34.342425	9024	36.485725	12992	38.5563375	18824	40.59945	28648	42.8095375	44152	45.28665	
1224	31.8410875	2192	34.5052375	3680	36.6582125	5928	38.8825	10072	41.0384625	15880	43.32885	24376	45.8231125	
1120	32.5142875	1752	35.195425	2784	37.3858625	4072	39.6339375	6232	41.736375	10192	43.9490875	15024	46.3109875	
928	33.796925	1416	36.285275	2376	38.5647125	3512	40.5495125	5600	42.6526125	8992	44.8924375	14296	47.0367875	
1984	34.878825	2944	37.2382375	4248	39.2283375	6072	41.3081375	9072	43.466375	13304	45.6301375	20552	47.7423375	
632	35.5377	784	37.789225	1296	39.927475	1960	42.145375	2864	44.0998875	4976	46.1499875	9128	48.161625	
440	36.3794625	648	38.7913375	1096	40.896125	1784	43.0982625	2864	44.8329	5064	46.96325	9528	49.0220375	
616	36.519325	744	38.9541125	1016	41.0226375	1768	43.2306875	2512	45.0318	4496	47.117425	7200	49.0912125	
1680	36.2781875	2264	38.7505875	2984	40.7193375	4240	42.875475	6296	45.1669125	8976	47.0071125	13608	48.851075	
648	36.0339625	1056	38.8419	1240	40.5816625	2152	42.732625	3056	44.78465	5448	46.6637125	9296	48.531025	
592	36.6133	1040	39.1681375	1408	40.988075	2352	43.0578	3744	44.8698125	6744	46.6548125	13464	48.947125	
592	35.9963875	952	38.47885	1424	40.6513	2440	42.8921	4168	44.9676875	6504	46.81605	10352	48.9344125	
1616	36.0272625	2352	38.6206625	3240	40.8698375	4480	42.875475	6408	45.046775	9264	46.8371875	14984	48.886325	
584	35.8865375	968	38.56255	1496	40.7652625	2568	43.0253	3784	45.0466125	6056	46.8835	10008	48.9351625	
696	35.8499375	904	37.9641375	1560	40.3271375	2616	42.6912125	4096	44.672175	6720	46.58095	11768	48.6249875	
504	35.4491125	880	38.21655	1328	40.6193125	1768	42.9507625	2600	44.685975	5168	46.7880125	8360	48.771275	
1664	35.9086875	2520	38.39065	3512	40.4797	5000	42.6263	7272	44.79355	10688	46.7670875	16128	48.7132625	
512	35.504575	960	38.3758	1392	40.6549625	2256	42.86325	3344	44.8662875	5416	46.814075	9552	48.80995	
792	35.73245	960	38.3472125	1432	40.58135	2216	42.77185	3728	44.733775	6344	46.8146	10720	48.978475	
752	35.54465	952	38.1830375	1560	40.3912375	2440	42.6882625	4048	44.64855	6576	46.696425	11080	48.8421875	
1744	36.0519375	2520	38.274325	3768	40.5796875	5320	42.739675	7624	44.7939125	11088	46.77765	16648	48.6846125	
712	35.6338	1224	38.0270625	1936	40.5399375	3008	42.6754125	4464	44.5838	7280	46.623325	11904	48.6355875	
624	35.7524125	968	38.1907875	1368	40.6674125	1928	42.4711875	3312	44.5981125	5552	46.5745	10024	48.6681	
632	36.114375	776	38.3906625	1336	41.0032375	1792	42.720825	3352	45.1029625	5368	46.8727	9216	48.8520625	
1216	36.614275	1952	39.0060125	2968	41.2079875	4264	43.2698	6296	45.44505	9104	47.27835	14080	49.3758625	
520	36.9787375	664	39.0379625	888	40.9686125	1544	43.288775	2456	45.4334375	4456	47.508525	7160	49.33855	
408	36.456425	632	38.8806375	1248	41.2026625	1688	43.2563625	2904	45.34635	5232	47.3135875	9336	49.34315	
456	36.4001125	872	38.9523125	1248	40.9339125	1984	43.034675	3312	45.2865625	5344	46.980875	9560	49.022225	
1032	36.5299	1688	39.1571125	2600	41.1794	3920	43.37755	5768	45.3993	8512	47.246775	13376	49.22865	
520	36.2419375	856	38.9669	1128	40.776225	1776	42.9588375	2712	45.09545	4512	47.0829875	7072	48.99985	
544	36.1035375	808	38.8107375	1400	40.921875	2168	43.01615	3312	45.1132125	5432	47.17765	9304	49.0891	
392	35.9660125	720	38.712325	1232	40.9781125	1680	42.88895	2904	45.014875	5104	46.9580625	9504	49.0111375	
1136	36.581825	1792	38.6357125	2640	40.87415	3856	42.9539375	5816	45.10945	8680	47.0646625	14048	49.082775	
640	36.6312	880	38.6060375	1328	40.964625	2120	42.9476875	3368	45.1918	5448	47.182625	8752	49.1265875	
632	36.4289875	880	38.7141875	1400	40.8569375	2424	43.0322	3936	45.054825	6752	47.1288125	11152	49.1925	
488	35.9984875	768	38.416325	1448	40.8037375	1992	42.76995	3368	44.9918	5280	46.9871625	8800	49.029	
1312	36.171475	2056	38.78745	2840	40.62985	4176	42.8677625	6336	44.8702375	9432	46.7731625	14864	48.79	
512	35.8582875	816	38.4442375	1312	40.61345	2048	42.7223375	3680	44.8216625	5928	46.7194625	10712	48.6347125	
408	35.7666625	712	38.3541125	1176	40.5706625	1824	42.81	2800	44.655175	5072	46.6593625	8752	48.684325	
544	35.815325	816	38.2250625	1224	40.2808625	1944	42.522175	3376	44.6324125	5480	46.5184	9792	48.5060875	
1352	35.4434	2240	38.097675	3432	40.4279875	4936	42.5362	7192	44.574025	10800	46.5644	16344	48.5710875	
544	35.274975	864	38.0231	1304	40.4034125	1880	42.3908125	3024	44.3124	4968	46.4879125	8104	48.454575	
680	34.9753375	1120	37.646925	1496	39.8033375	2456	42.04045	4064	44.19965	6464	46.3317375	10336	48.3324875	
880	34.5866625	1352	37.3398625	2152	39.59255	3064	41.612975	4824	43.67305	7928	45.7768375	13192	47.7833625	
2184	34.6924875	3368	37.1562625	4704	39.2107125	6848	41.41595	9912	43.58695	14144	45.6852375	21760	47.834725	
752	34.0162625	1304	36.8011625	2032	38.7933375	3168	41.0997625	5416	43.4088625	8472	45.6414625	13552	47.8737	
792	34.6142875	1256	37.2167875	1920	39.2484375	2944	41.561425	4440	43.7999	6912	45.9628	10528	48.09125	
864	34.48905	1272	37.1306625	1912	39.088525	2944	41.190175	5128	43.320275	8776	45.6230375	14632	47.8623	
2384	34.8511625	3480	37.116475	5008	39.4771125	6824	41.347	10168	43.676175	14816	45.692575	22328	47.9338375	
1208	34.890925	1768	37.0122625	2664	39.3954375	4024	41.5125625	5808	43.5957	9368	46.0006875	13456	48.17995	
1192	34.3112125	1856	36.7042625	2840	39.07515	4224	41.1000875	6712	43.2887625	10960	45.7255625	17264	47.8771	
1256	33.8298625	2240	36.362325	3008	38.5647625	4840	40.7085625	7368	42.9246	11656	45.28255	18432	47.561575	
2880	33.553575	4168	36.0483875	5992	38.1734	8560	40.4012375	12256	42.689875	18312	44.980475	27400	47.2821625	
1072	33.2956375	1568	36.0305875	2384	37.95895	3712	40.0911875	6248	42.3315625	10144	44.4886625	17408	46.9445875	
1168	33.2008625	1656	35.9636125	2464	38.113075	3864	40.2837125	5656	42.6068	8592	44.8586	13064	47.3310375	
1480	33.164725	2312	36.0575625	3352	38.2667875	4888	40.4140125	7048	42.683725	10528	45.0421625	15552	47.4776875	
3248	32.970725	4624	35.477725	6648	37.750525	9240	39.9525875	13560	42.222875	20336	44.5328125	30872	47.0963	
1544	32.716475	2216	35.243	3280	37.5155625	4872	39.7333625	7976	42.1034875	12088	44.6101875	16752	47.13145	
1248	32.9351125	1800	35.4170375	2856	37.65765	4560	39.9628	7480	42.3372875	11504	44.86245	16360	47.2935	
1184	33.1548	1856	35.7305875	2744	37.9877625	4024	40.3134875	6472	42.7188125	10104	45.0518125	16272	47.3289	
3032	32.9685625	4400	35.28485	6328	37.5938625	9136	39.796825	13600	42.170625	20216	44.566075	30464	47.1223	
1160	33.736525	1712	36.038825	2280	38.3317875	3472	40.5437375	5432	42.8477875	8592	45.2567375	12432	47.6084375	
752	34.1864625	1400	36.927	1992	39.1713375	2872	41.327225	4448	43.5680875	7272	45.883425	11648	47.9461125	
960	34.7526125	1424	37.362675	2064	39.689175	3456	41.72495	5472	43.90385	9576	46.139725	16224	48.3520875	
1272	36.243	1792	38.4496625	2616	40.6003125	3920	42.6717875	5760	44.5589375	9104	46.6181375	14744	48.71435	
504	36.6793875	768	39.0179875	1304	40.98535	2112	43.0936875	3328	44.895625	5800	46.8708875	10312	49.011	
624	36.76465	904	39.4417875	1464	41.3674	2352	43.6961875	3720	45.5550125	6088	47.4044625	10176	49.266	
680	37.023925	736	39.39695	1232	41.2866625	1888	43.488525	3256	45.4715125	5640	47.3384875	10024	49.4166875	
1208	37.2372625	1696	39.4864125	2408	41.4800375	3536	43.5474875	5160	45.48905	7672	47.3357625	12528	49.3287125	
512	37.143875	840	39.383025	1336	41.471525	1896	43.2822125	2968	45.28985	5592	47.2592125	9264	49.28575	
472	36.4800125	776	38.8225375	1296	41.06825	2128	43.122925	3144	45.2475625	5192	47.1104375	8816	49.22845	
696	36.3946125	1040	38.6365625	1696	40.8304125	2744	42.8646	4232	44.8821	7152	46.931625	12080	49.2539875	
1440	36.5356875	2136	38.7138875	3136	40.912175	4616	42.886125	6760	44.922025	9944	46.906125	15256	48.9231	
992	35.4790125	1512	38.1591	2152	40.1298875	3544	42.426275	5256	44.218175	8352	46.2390625	14160	48.6052	
968	35.1193375	1152	37.61795	1896	39.725125	2984	41.811825	5168	44.00045	8144	46.171575	13320	48.4542375	
968	34.9620375	1392	37.360075	1992	39.3335625	3016	41.5084375	4992	43.8078625	7376	46.0071625	11128	48.17945	
2160	34.7152375	3408	37.5164125	4752	39.4006125	6936	41.6252875	10168	43.80925	14456	45.7990875	22048	47.970475	
928	34.5232	1312	37.2390625	2136	39.1730625	3008	41.0975125	5096	43.318225	8632	45.3653	14544	47.7149375	
808	34.184575	1528	37.0592625	2264	39.142075	3960	41.2583125	5968	43.3671875	9768	45.5502625	14824	47.8330875	
808	34.2073	1304	37.0527	2000	39.145725	3304	41.3675625	5200	43.35975	8696	45.67555	14472	47.7094625	
2352	34.594525	3480	37.0449	5224	38.935375	7496	41.0093375	11336	43.25805	16624	45.4076875	25232	47.6819625	
664	34.4059375	1208	37.1117375	2072	38.96805	3376	41.2132875	5456	43.29415	9192	45.5607875	15072	47.6339375	
768	34.3274875	1200	36.7479625	2112	38.8093625	3184	40.9853875	5520	43.1763875	8848	45.3149125	14552	47.5713375	
656	34.2448	1120	36.8130625	1656	38.8533	2496	41.0598375	3936	43.183825	6504	45.4367	9160	47.6279125	
2144	34.503225	3384	36.9832875	4992	38.8688	7464	41.11485	10944	43.13975	16272	45.338325	24712	47.497725	
584	34.1696125	1080	36.7490625	1752	38.765025	2872	41.046475	4568	43.25455	7088	45.4276375	11048	47.6086375	
872	34.336525	1344	37.04395	2000	39.0018	3176	41.3522125	5112	43.5801375	7984	45.693925	13000	47.6536125	
784	34.4642625	1408	37.3200875	2120	39.3442625	3424	41.35125	5952	43.4854125	10224	45.5906	17488	47.8695	
2072	34.6228375	3352	37.0600375	4832	38.9009625	7040	41.2368625	10352	43.29605	15168	45.3632375	23088	47.4820625	
896	34.2863375	1280	36.700275	2344	38.8183375	3384	41.1195	5600	43.2818375	8880	45.475625	14296	47.6604	
872	33.9574625	1424	36.7725125	2128	38.7904875	3296	41.228375	5112	43.3572125	8112	45.4555375	13256	47.8142375	
832	33.8542875	1400	36.6310875	2152	38.6807625	3208	40.99725	5368	43.27265	8136	45.3579125	12616	47.6562	
2200	34.0722125	3664	36.5102625	5416	38.860525	7888	40.88225	11352	43.3404375	16312	45.3969625	24200	47.464575	
608	33.7984125	976	36.1578125	1688	38.3899125	3120	40.5437125	5232	42.8409125	8760	45.066225	15656	47.2407125	
776	33.7337625	1048	36.1006	1888	38.636275	3208	40.8950375	4632	43.201175	7048	45.2849125	11424	47.3946125	
776	33.6568	1448	36.1568	1968	38.5412375	2904	40.65965	4936	42.92495	8656	45.14315	14856	47.2588	
2552	33.7843125	3632	36.273275	5464	38.63235	7656	40.6726	11320	42.9968	16728	45.0373875	25384	47.2083875	
632	33.62235	1232	36.3703875	2312	38.7248375	3712	40.8403875	6056	43.003625	10032	45.295075	16544	47.4924125	
1120	33.9548	1288	36.3265875	2080	38.7977125	3432	40.8813125	5672	43.2472125	8856	45.2401	14680	47.4823125	
856	33.6704125	1408	36.088375	2392	38.5871375	3584	40.55545	6008	42.8199375	10056	45.0108	16752	47.253325	
2296	33.9539	3624	36.58075	5016	38.5938125	7432	40.8263625	11024	42.8724625	16504	45.0930125	25096	47.2834375	
928	33.7733875	1344	36.153025	2552	38.457175	3880	40.4789	6304	42.5079	10560	44.81285	18840	47.1634375	
808	33.9598125	1400	36.5043625	2088	38.6593	3512	40.7856	5728	42.9889375	9536	45.202075	15592	47.3958375	
1176	34.507675	1832	37.011	2912	38.7818	4208	40.603375	7184	42.79205	12264	45.1056	20240	47.386675	
2544	34.132025	3512	36.2424	5064	38.46975	7360	40.321775	11176	42.471275	17016	44.6015375	27352	47.0027	
1248	33.9802375	1984	36.377575	3232	38.778875	4616	40.6437875	7992	42.9618125	12880	45.0835125	20416	47.4489875	
1072	34.0419625	1664	36.6330375	2488	39.0030125	3880	40.963125	6632	43.1296375	10992	45.269175	18376	47.4516875	
976	34.28025	1600	36.89545	2440	39.060925	3448	40.948075	5424	43.072675	9696	45.117025	16248	47.3558	
2168	34.526175	3136	36.8081375	4352	39.30525	6264	41.1217375	9336	43.4821125	14096	45.5871	21760	47.8351125	
968	34.8606125	1440	37.066275	2272	39.40205	3488	41.3878875	5944	43.5669	9976	45.7461125	16840	48.007625	
800	34.394625	1504	36.8559875	2256	39.0764	3872	41.458175	6152	43.61095	9600	45.987425	14344	48.1556	
896	34.31745	1520	37.1166	2136	39.1912625	3208	41.431175	5136	43.66715	7776	45.86555	11976	48.0772	
2192	34.263025	3240	37.0057375	4680	39.1358375	6536	41.0331	9872	43.369675	14768	45.5866375	22112	47.7358875	
992	33.8462625	1608	36.649525	2688	38.71755	4488	40.8330875	7208	43.142725	11296	45.23265	19064	47.5536875	
960	33.7479125	1376	36.3748125	2040	38.50815	3448	40.82965	5488	43.1170875	9160	45.382125	13872	47.6442	
1040	33.8582875	1672	36.5161375	2368	38.58655	3936	40.9764125	6544	43.3544	10320	45.298875	17432	47.6412	
2504	33.6951625	3560	36.2750375	5168	38.49775	7256	40.5142	10920	42.876775	16448	45.1312375	25536	47.6181375	
752	33.53985	1240	36.51635	2184	38.7621125	3352	40.9667	5384	43.2288875	8944	45.334325	15496	47.6479625	
912	33.8189625	1200	36.3046	2304	38.7170375	3600	40.7862125	5824	43.0988125	10400	45.245925	16080	47.453475	
784	33.735225	1384	36.5668875	2120	38.93075	3224	40.983275	5048	43.2508375	7984	45.5000625	11992	47.6148875	
2016	33.8774375	3272	36.7710875	4792	39.0790625	6864	41.10195	10216	43.116675	15192	45.3874875	23256	47.556675	
1008	34.5067125	1632	36.97875	2800	39.361375	4576	41.48705	7808	43.608	12224	45.830725	18856	48.10815	
1032	34.705475	1712	37.311075	2312	39.5355	3808	41.715925	6032	43.860425	9552	46.0205125	14824	48.37955	
1048	34.834725	1560	37.3147375	2672	39.398475	4128	41.52785	7064	43.7372625	11264	46.0505125	17224	48.27885	
1856	35.2312125	2728	37.52195	4032	39.8773875	5864	41.8478375	8704	44.1374	12808	46.144475	19256	48.3138625	
1080	35.081325	1864	37.6161375	2728	39.83835	4304	41.904625	7040	44.158325	10752	46.2243125	17456	48.3798125	
1152	35.1940625	1736	37.8165875	2560	39.924125	3872	42.0198125	6008	44.3136	9040	46.278125	14632	48.6512375	
944	34.8704375	1440	37.6719625	2456	40.1120625	3480	42.1459125	5264	44.3648875	8248	46.3715	13280	48.6724125	
1904	35.2571375	2928	37.9902875	4216	40.0566625	5992	42.1070875	8512	44.1583375	12368	46.2786375	18528	48.239825	
672	35.350075	1168	37.815775	1832	40.1393375	2680	42.0498875	4592	44.1139375	7456	46.1601875	12744	48.3395	
568	35.5883375	960	38.2848625	1464	40.38785	2472	42.4651375	3896	44.46115	6360	46.6520375	10064	48.6418625	
640	35.9457875	1144	38.62615	1664	40.4715625	2776	42.720275	4520	44.7077625	7056	46.64305	12096	48.7303	
1688	36.340825	2344	38.83215	3416	40.8808125	4880	43.0948375	6896	45.0863375	9920	47.1332	15032	49.1697875	
480	35.944225	760	38.4883625	1408	40.787225	1888	42.836775	2896	44.9831875	4864	46.9818125	7816	48.9794	
744	35.9516	1224	38.629	2000	40.706925	3024	42.915	4784	44.8596625	7368	46.8787375	12408	49.0176375	
832	36.089525	1272	38.4726875	1944	40.6813875	2800	42.5962625	4656	44.604775	7752	46.752725	12296	48.7572125	
1936	35.7388875	2808	38.2826875	3936	40.3637875	5432	42.4876	7944	44.5669875	11312	46.5021	17328	48.50275	
672	35.5106125	1280	38.160775	1992	40.4152625	2896	42.3822375	4472	44.6087875	6976	46.4992625	11000	48.5183	
1152	35.525475	1608	37.993325	2320	40.1024375	3808	42.0396875	5584	44.0519625	9672	46.3446125	15864	48.5626125	
808	35.381925	1432	37.9704875	1784	40.086075	3008	42.321325	4336	44.12335	7064	46.426975	11536	48.3581875	
1848	35.5148	2776	37.855825	3784	39.8268625	5408	42.1754625	7920	44.3303125	11448	46.4272625	17320	48.403575	
544	36.2186875	1160	38.5137625	1904	40.459725	3088	42.882425	5024	44.9192625	7784	46.8742625	12768	48.7985375	
840	36.5618	1144	38.7474625	1816	40.8781375	2464	42.8154875	4296	44.9642125	7032	46.9040875	11864	49.1273	
800	36.2158	1424	38.7266	2024	40.901525	3112	42.7194125	4912	44.8810125	7968	46.8536	12568	48.844225	
1792	35.9092875	2856	38.4885875	3896	40.7067375	5512	42.6618375	7912	44.8578	11336	47.0051625	16968	49.1356125	
816	35.4649625	1256	38.3136	1880	40.4619625	2832	42.4655375	4064	44.5197	6448	46.671975	10080	48.8046	
856	35.6765625	1096	38.2873	1712	40.6052625	2640	42.7406	4008	44.7222125	6184	46.829325	9448	48.9183125	
744	35.793775	1248	38.67865	1952	40.575225	2984	42.763625	4912	44.5485	8056	46.4726875	14040	48.6632125	
1552	36.767475	2408	39.300525	3248	41.2536375	4600	43.093975	6744	45.1981875	9904	47.2882125	15160	49.402225	
720	36.019925	1200	38.7018	1816	40.693375	2944	42.8829375	4664	44.9403875	7400	46.97525	11832	49.046025	
656	35.7818875	1088	38.3698	1664	40.6065375	2848	42.88075	3912	44.7937	6264	46.8950625	9664	48.9146875	
720	36.0288625	1248	38.64275	1680	40.561075	2832	42.8855625	4384	44.8564875	6704	46.7750875	11512	48.772525	
1552	36.297275	2320	38.6832125	3264	40.91005	4824	42.8575625	7016	44.8753375	10448	46.88615	15744	48.893925	
552	36.3532875	936	38.6173875	1408	40.6241125	2368	42.62295	3920	44.7179125	6432	46.8414875	10816	49.0000875	
656	36.6627875	992	38.8318875	1680	40.95015	2672	43.0314625	4168	45.06345	6696	47.0131875	11336	49.1501	
568	36.4387	936	38.7817625	1400	40.9901875	2232	42.9813125	3648	45.1025	6144	46.9604875	10280	49.11785	
1128	37.2105	1664	39.363675	2584	41.4642375	3672	43.34485	5600	45.44975	7984	47.4092	12368	49.3448125	
440	36.8692	616	39.1794375	1048	41.1678375	1760	43.1569875	3136	45.27975	5360	47.0854125	9728	49.25715	
416	36.9739	824	39.3777125	1168	41.2517875	1832	43.5063125	2920	45.5349	5056	47.5734375	7816	49.4523625	
344	37.0941875	616	39.4382875	1088	41.37145	1696	43.6664375	2632	45.5493875	4792	47.443	8856	49.3985875	
896	37.54005	1360	39.3580125	1992	41.316925	3128	43.6155125	4568	45.5508375	7360	47.6443625	11600	49.5439125	
184	37.122475	440	39.3731125	664	41.2649875	1320	43.70735	2496	45.618	4472	47.5703375	8208	49.5110625	
256	37.1965625	456	39.160125	1080	41.626475	1656	43.6594625	2872	45.6059	5232	47.6481125	9512	49.949475	
632	36.8732875	1008	39.3560625	1208	41.4757125	2104	43.5152125	3536	45.572525	6048	47.4359375	10104	49.5301125	
1128	36.8756	1520	38.9484875	2248	41.04345	3536	43.047325	5104	45.12935	7888	47.063975	13368	49.286875	
464	36.3302	680	38.3527875	1128	40.6794375	2048	42.819825	3136	44.8063	5280	46.8839375	9088	49.1037375	
552	36.0137	904	38.1294625	1432	40.5691	2168	42.5537125	3408	44.5827	5720	46.74505	9440	48.99445	
416	35.9159625	816	38.2244125	1192	40.4942875	2160	42.6253375	3680	44.8046875	6288	46.702475	10960	48.8579125	
1528	35.66995	2160	37.8103625	3104	39.9598625	4704	42.188775	6952	44.298525	10752	46.419425	16960	48.5932375	
432	35.6130125	632	37.9011625	928	40.05075	1760	42.4415625	2824	44.417425	4728	46.6223	7832	48.696325	
344	35.776	464	37.9885	1088	40.1848625	1880	42.3297875	3624	44.41455	7176	46.54895	13448	48.7204	
424	35.9993625	592	38.25465	1288	40.7290125	2016	42.9163	3160	44.831275	5568	46.941725	8728	48.9976125	
1304	36.4411625	1800	38.5357	2472	40.7523375	3792	42.858175	5760	44.7894625	8704	46.9858125	13808	49.023075	
352	36.6748875	584	38.9119	872	40.9458	1552	42.9779875	2920	45.0179875	5000	47.2625625	8200	49.1908375	
352	36.7716625	520	39.2892625	848	41.3608875	1496	43.4207375	2640	45.3734875	4568	47.5180625	6976	49.4458125	
336	36.847725	448	39.091225	808	41.34895	1584	43.5082375	2840	45.5205875	5168	47.4661125	8448	49.5459625	
1008	37.2088125	1464	39.189075	2328	41.4848625	3248	43.315325	4904	45.587725	7320	47.6136375	11416	49.4597875	
304	37.1099	520	39.3718375	760	41.3139375	1592	43.4502375	2632	45.4329	4616	47.316775	8176	49.289525	
360	37.7042625	424	39.654125	736	41.51465	1216	43.6763375	2168	45.5842625	3856	47.481775	6312	49.5513625	
448	37.7788	696	40.228625	1112	42.1734375	1832	44.0284375	3224	45.7870625	5200	47.737825	8792	49.9663125	
976	37.3553	1408	39.8816125	2096	42.0537625	3120	43.9047375	4392	45.8354875	6808	47.811925	11272	49.8040375	
576	37.5173625	592	39.9614875	968	41.810775	1600	43.9061125	2584	45.7152375	4072	47.764375	7200	49.8845625	
568	37.8605375	664	39.8183625	1040	41.9467375	1816	43.95145	2648	45.741275	4264	47.817	6864	49.8069	
360	37.2350125	808	39.5442625	1280	41.7775375	1992	43.797325	3208	45.628975	5192	47.526225	9304	49.659975	
1144	37.6478625	1568	39.4586125	2328	41.9392625	3448	43.8698875	5088	45.786975	7664	47.9279875	11744	49.916325	
336	37.1537125	576	39.4539375	736	41.6743625	1312	43.6397125	2032	45.7282125	3512	47.844775	5784	49.8657	
360	37.427025	448	39.4282125	928	41.8124875	1416	43.843825	2624	45.9842625	4200	47.9259375	7368	49.8217375	
384	37.4962125	584	39.4904125	872	41.839475	1392	43.8437	2312	45.8857125	4152	47.927225	7240	49.8336	
1208	37.9852625	1624	39.861725	2456	42.07605	3600	44.0426	5296	46.0230375	7616	48.00225	11864	50.09645	
352	37.68305	672	39.7264875	832	41.819775	1408	43.8995375	2408	46.044775	3752	47.9489	6448	50.1238	
432	37.75555	552	39.7132625	1024	42.0844	1472	43.9929	2504	46.0904	4400	48.1363875	7000	50.16755	
352	37.804225	456	39.998125	680	42.28425	952	44.1032875	1656	46.1457625	2808	48.2163125	4920	50.223625	
1152	37.9937125	1728	40.3126125	2344	42.241825	3400	44.261825	5000	46.2436125	7272	48.1854	11272	50.0040125	
312	37.5588625	632	40.1636625	952	42.4786625	1176	44.1150125	2016	46.0628	3688	48.1655625	6080	49.94165	
472	37.6062125	664	39.8747	920	42.1452875	1496	44.09455	2368	45.8476375	4536	48.0857	7808	50.1090125	
440	37.038325	688	39.4240125	1056	41.8151375	1728	43.69355	3016	45.7445	4888	47.7195625	8872	49.706975	
1384	37.4608875	1984	39.8087875	2784	41.8761125	4008	43.7449125	5952	45.8241625	8576	47.83325	13224	49.8786375	
352	36.9482	424	39.61305	792	41.662325	1296	43.5503	2184	45.6200875	3456	47.69845	5680	49.6952	
624	36.842975	928	39.5917	1416	41.71465	2120	43.5012625	3640	45.6873875	5848	47.6311125	9616	49.7655375	
608	36.773975	720	39.3258125	1168	41.5652375	1880	43.43125	3272	45.4766	5328	47.4157	9216	49.726325	
1296	37.5054875	1920	39.498825	2936	41.880025	4056	43.732925	5952	45.7348375	8536	47.5213625	13280	49.4776875	
392	37.4047	608	39.3595875	1128	41.6896125	1816	43.58	3168	45.72475	5360	47.784925	8792	49.943975	
432	37.303925	840	39.8868875	1184	41.9539625	1936	44.0762625	2904	45.915975	4912	47.862325	8904	50.2201375	
368	37.269225	648	39.7508875	1016	41.885575	1832	44.0933375	2912	45.9627375	4824	47.60285	9032	49.789525	
1168	38.2220625	1736	40.4902125	2464	42.5767875	3528	44.4906125	5048	46.3874125	7376	48.247225	11568	50.442925	
344	37.982825	336	40.0298875	480	41.9102125	984	44.019575	1816	46.2201375	3096	48.1397875	5280	50.1819	
272	37.7604	440	39.8152875	816	42.031475	1256	44.154575	2192	46.1900625	3952	48.1083375	6888	50.1635875	
328	37.7222125	560	39.8048625	800	41.7935	1456	44.1807625	2088	45.9476625	3776	47.9321875	6848	50.08315	
1080	38.123275	1584	40.3579125	2344	42.310525	3408	44.4971375	4880	46.3301875	7320	48.354775	11400	50.287825	
336	37.9537875	576	40.4588	848	42.2973375	1240	44.3235875	2240	46.23715	4200	48.3626125	6552	50.051575	
352	37.40165	504	39.9693125	744	41.9332	1304	44.2118625	1984	46.0810625	3584	48.1492125	6992	50.290425	
304	37.495725	384	39.9595125	704	41.7951375	1128	44.185625	1888	46.202425	3128	48.2061125	5304	50.330925	
920	38.329925	1424	40.7723375	1920	42.6521	2960	44.7333375	4368	46.7288375	6472	48.780275	10192	50.5975125	
328	37.6894375	544	40.139725	872	42.181125	1144	44.171675	2128	46.12015	3912	48.13445	7512	50.33385	
376	37.5937	576	39.8641	928	41.9856875	1504	44.0886125	2272	45.90705	4368	48.0511125	7920	50.2739	
296	37.154075	520	39.5539	816	42.0785	1160	43.98205	1992	45.9717125	3424	47.9552	6048	50.0311625	
1056	37.3020375	1664	39.90285	2472	42.188225	3424	44.1222875	5144	46.1784625	7656	48.204025	11768	50.2989	
376	37.103625	664	39.67715	840	41.8305	1376	43.9409875	2200	45.858525	3840	47.954425	6960	50.1234625	
432	37.4051375	504	39.6842	832	41.9657625	1264	44.0348375	2128	45.8079125	3864	47.8828375	7080	50.1733375	
376	37.14615	656	39.4754875	920	41.8728625	1608	43.8416	2752	45.7703875	4776	47.881475	8176	50.1321125	
1104	37.0381875	1784	39.6744375	2544	41.892575	3640	43.9662125	5472	45.8986375	8016	47.9297125	12424	49.92025	
432	36.6303625	640	39.3856125	872	41.5719125	1288	43.4175875	2304	45.5340875	4008	47.5652375	6848	49.801325	
400	36.380175	664	39.3757625	1024	41.6496375	1672	43.499925	2520	45.6199625	4320	47.5969875	8088	49.7136125	
472	36.4323625	584	39.108125	848	41.3192125	1416	43.220025	2112	45.159325	3736	47.0931	7664	49.4026875	
1224	36.639325	1880	39.10355	2848	41.3006	4040	43.334675	6152	45.5577625	8872	47.4543	13488	49.46315	
416	36.1510125	616	38.776825	960	41.1676125	1344	43.1234375	2216	45.2955125	3976	47.2445625	6688	49.281725	
352	35.982275	552	38.7900125	872	41.0382625	1352	43.1427	2272	45.34125	3656	47.239175	6272	49.42335	
424	35.927475	544	38.6844125	872	40.913575	1416	42.9477625	2584	45.1189375	4744	47.3789375	8344	49.6381375	
1152	36.60745	1872	39.424825	2760	41.4367125	3880	43.597975	5704	45.6840875	8192	47.7270625	12304	49.607875	
328	36.612825	496	39.401325	792	41.2192375	1048	43.1699375	2240	45.3848125	4256	47.4692625	7952	49.3874	
240	36.1804625	488	39.2915875	720	41.1536875	1048	43.3093125	1712	45.4527375	2928	47.4482125	5064	49.3864125	
328	36.1758625	440	39.0226125	776	41.1670625	1304	43.3432875	2040	45.4186625	3512	47.3923375	6320	49.4720875	
1176	36.5618	1792	39.522	2592	41.3742125	3784	43.477275	5648	45.652525	8200	47.524125	12776	49.505125	
368	36.124275	496	39.3839875	776	41.0997875	1296	43.150525	2032	45.0620375	3736	47.2077875	6472	49.1629625	
384	36.0018375	536	39.132575	760	40.9307	1368	43.059525	2136	45.0419375	4064	47.2580625	7400	49.3949	
304	35.9563375	480	39.18415	864	41.2406625	1400	43.206325	2176	45.3463375	3568	47.3367	6832	49.3520875	
1144	36.26615	1760	38.97905	2696	41.359875	3776	43.32595	5768	45.4326875	8536	47.519575	12976	49.4231875	
328	36.3253	504	39.2005375	832	41.3558625	1320	43.3885125	2208	45.2781	4120	47.529025	6968	49.5470125	
376	36.88265	456	39.7076625	760	41.9152125	1336	43.8142	2440	45.7993	4536	47.9280625	7840	49.8097625	
384	36.86415	448	39.474975	832	41.789125	1160	43.7410875	2088	45.6234625	3960	47.506975	7840	49.6902	
1032	37.300625	1520	40.012325	2184	42.2487625	3104	44.4316375	4704	46.4009125	6768	48.2173875	10832	50.14465	
304	36.7252625	552	39.5114	792	41.7153875	1192	43.9124875	2216	45.8858	3552	47.786475	6216	49.7797625	
408	36.503875	616	39.1894375	984	41.3590875	1696	43.7853	2800	45.7008	4456	47.5160625	8312	49.5886375	
520	35.8760625	880	38.8585375	1280	40.8486625	2032	43.2045875	3504	45.14945	5864	47.0355375	10464	49.3566375	
1216	36.351	1976	38.960825	2840	41.100225	4096	43.1201625	6024	45.311175	9008	47.3315625	13784	49.2921375	
232	36.15915	456	38.778925	848	40.7723875	1456	42.95195	2408	44.9717125	4152	46.88645	7632	48.9681375	
416	36.209525	512	38.695775	840	40.86015	1376	42.9219625	2336	45.0009	4320	47.1045875	7424	49.2562625	
400	36.41795	576	38.7469	752	41.0453875	1280	43.1007	2016	45.031175	3648	47.0745125	6176	49.2218375	
1080	36.4006625	1784	39.171525	2656	41.2935875	3720	43.3768125	5800	45.5549375	8144	47.4782625	13056	49.439175	
376	36.4405375	552	39.125325	800	41.253525	1208	43.3432625	1944	45.3111875	3232	47.313475	5704	49.3313875	
296	36.6571875	576	39.268425	800	41.43515	1152	43.15535	2128	45.3273625	3936	47.3345625	6904	49.4562	
376	36.446875	576	38.9800625	944	41.3290875	1680	43.2480625	2880	45.2017	5416	47.116475	10168	49.147175	
1144	36.72855	1624	39.185275	2608	41.4082875	3656	43.2343125	5744	45.4007875	8608	47.4208625	13336	49.4107875	
472	36.6168125	512	38.70225	800	41.3251875	1320	43.1286125	2400	45.1308125	4408	47.1143375	8040	49.2389375	
312	36.4253125	632	38.7788875	760	41.1140875	1320	42.9940875	2464	45.1185	4368	47.1866	7408	49.1639625	
384	37.0757375	480	39.1731875	648	41.1383625	1256	43.14795	2416	45.327775	4408	47.185325	8192	49.140475	
1056	36.909125	1608	39.5689625	2288	41.607775	3632	43.96485	4912	45.5297625	7768	47.729475	12120	49.508475	
472	36.8298	512	39.0796375	832	41.129475	1328	43.5020375	2408	45.4863625	4072	47.4585875	6776	49.392375	
312	36.5977625	528	38.826225	1104	41.27955	1552	43.2167375	3048	45.3417625	5384	47.2328	9752	49.2140375	
328	36.7458	464	39.0582375	792	41.2843875	1248	43.2901875	2072	45.300375	3912	47.2024625	7248	49.2328125	
1128	36.685075	1704	39.1441875	2440	41.1473	3664	43.4307	5336	45.260125	8336	47.2547	13120	49.1519375	
272	36.0678875	488	38.8775125	824	40.8738875	1376	43.1041625	2776	45.30405	4808	47.2625875	8912	49.2564	
496	36.1717875	568	38.82345	736	40.5465	1232	42.8549875	2272	45.0468375	4184	46.932525	7472	49.0291	
264	35.9317	504	38.612675	952	40.6507	1200	42.7313875	1912	44.9878625	3712	47.027875	6248	49.05495	
1112	36.566675	1704	38.8418375	2672	41.0912625	4040	43.2669375	5840	45.3626125	8832	47.457825	13120	49.1303375	
336	36.7472875	528	38.79845	896	41.1175375	1416	43.10385	2688	45.2110625	4672	47.2288125	8200	49.0997625	
272	36.4393625	656	39.068825	944	41.160225	1544	43.10825	2824	45.3239125	5288	47.273875	9976	49.43245	
376	36.3503875	536	38.78585	720	40.94565	1192	42.99405	2008	45.0881125	3336	47.0562625	6368	49.1736125	
1152	36.2814125	1816	38.6558125	2832	40.8163625	4200	43.058625	6296	45.2002	9112	47.141725	14296	49.20865	
280	35.965125	432	38.321425	768	40.5841875	1264	42.57685	2328	44.8369	4344	46.846925	8048	48.939425	
312	35.9502	448	38.3879375	584	40.4593	1128	42.6486125	2040	44.9080125	3680	46.9561375	6120	49.0578125	
392	36.5650625	656	39.0543625	1080	41.0848875	1872	43.042125	3008	45.12685	5520	47.234775	9744	49.5213125	
1152	36.559575	1752	39.0364625	2656	40.9620875	3976	43.1356875	6048	45.19525	8904	47.1773625	13704	49.1684875	
512	36.1366	928	38.729025	1536	40.8248375	2272	42.54985	3760	44.6805375	6680	46.7946	12024	48.98925	
384	35.92505	640	38.1648	1112	40.64455	1896	42.627625	2880	44.5765875	5008	46.5986125	9496	48.949275	
464	36.035775	712	38.2496375	912	40.3979125	1408	42.3311375	2736	44.576075	4664	46.638825	8256	48.9788625	
1488	35.6593625	2360	38.54725	3424	40.2727625	4960	42.4597875	7392	44.5763375	10688	46.6277375	16504	48.745475	
480	35.7327125	520	37.8891875	880	39.7015	1568	42.0214375	3080	44.325475	5256	46.431125	9520	48.8380625	
416	35.6250375	712	37.937375	1040	39.806175	1608	42.1352	2448	44.3205375	3992	46.56105	6184	48.83285	
416	36.21245	648	38.276775	1272	40.0859875	2224	42.3771625	3768	44.62985	6728	46.929375	11456	49.18715	
1464	35.940825	2184	38.473925	3176	40.5842375	4720	42.874425	6944	44.8979125	9984	47.0387625	15440	49.0620375	
520	35.598925	688	37.89995	1160	40.1445375	1976	42.4694625	3336	44.469775	5848	46.633875	10080	48.743425	
552	35.37305	632	37.801325	928	40.2125375	1744	42.74445	2488	44.5677375	4032	46.6836375	7032	48.889375	
536	35.35545	792	37.7912875	1240	40.433175	1616	42.7958375	2792	44.7367	4520	46.8154375	7624	49.0206875	
1664	35.5247875	2664	38.405525	3592	40.516975	5264	42.672125	7560	44.6440875	10936	46.699275	16672	48.7563625	
432	35.383825	696	38.104475	1056	40.2542625	1696	42.32415	2672	44.3340625	4896	46.4103875	8608	48.6000125	
560	35.701275	808	38.288	1008	40.3604625	1792	42.5882375	2936	44.666725	4640	46.799475	7256	48.856475	
640	35.9842875	864	38.1073	1472	40.51505	2344	42.5722625	3488	44.4543	6280	46.824675	10704	48.897875	
1504	36.3393875	2280	38.646075	3304	40.8196625	4584	42.82025	7024	44.84165	10400	46.837925	16448	49.0667125	
568	36.90545	696	38.695875	1032	40.8778125	1600	42.812125	2832	45.06365	4568	47.0505	7544	49.3114625	
472	36.567775	840	38.5586375	1320	40.8554	2128	43.0271625	3160	45.164725	4856	47.151275	8456	49.4017625	
568	36.4202375	792	38.5286125	1232	40.4881	1960	42.8395875	3128	44.84215	5448	47.002	8872	49.0909875	
1608	36.1203	2416	38.47545	3352	40.813125	4816	42.7408	7016	44.81855	10472	46.9620875	16256	49.07405	
552	35.8738	920	38.31285	1496	40.884975	2336	42.910975	3400	44.905575	5496	47.1617625	8600	49.289925	
616	36.297075	816	38.7762875	1224	41.2532125	1824	43.246875	2960	45.4398125	4680	47.4225125	7760	49.416125	
592	36.7783375	816	39.0679125	1336	41.568675	2016	43.6851875	3056	45.4665125	5648	47.6170375	9840	49.8847625	
1248	37.32635	1856	40.2085875	2464	42.225025	3440	44.3437	5072	46.4351	7464	48.27815	11336	50.17215	
488	37.0535125	832	39.7895625	1328	42.018	2040	43.9173375	3304	46.0913875	5608	48.038375	10008	50.3615625	
424	37.113925	608	39.904	984	42.205775	1544	44.264575	2472	46.3439375	3904	48.2842	6680	50.4926875	
448	37.1881375	672	40.1885	1000	42.1935625	1672	44.3049125	2648	46.5304	4176	48.2895625	7896	50.4393125	
1144	38.2379375	1568	40.477825	2296	42.6940875	3144	44.6602875	4576	46.67165	6824	48.5635625	10640	50.5597125	
392	37.841975	576	40.5371625	880	42.607675	1288	44.3552375	2152	46.464725	3816	48.6397375	6632	50.5919625	
368	37.4974375	456	40.3275125	760	42.6636625	1280	44.6539875	1976	46.5031375	3256	48.532825	5592	50.5000875	
432	37.3949875	728	40.4100625	984	42.71795	1504	44.784425	2552	46.7516375	4424	48.82525	7840	50.7400375	
1016	38.8268625	1488	41.0154375	2024	43.3378	2720	45.3121375	3968	47.15575	5872	48.992575	9488	51.0814375	
552	37.9478375	752	40.6293625	1056	42.704725	1760	44.7574375	2832	46.6116	4608	48.6792125	8032	50.7643875	
448	37.365275	616	40.050125	1048	42.549125	1672	44.6216875	2624	46.564375	4288	48.541975	7168	50.5926125	
392	37.45485	544	40.3560375	480	42.4174875	880	44.5989625	1504	46.5383875	2744	48.5367125	4832	50.5803875	
1208	37.6963875	1840	40.2277375	2480	42.5010125	3312	44.527225	4728	46.618575	6888	48.56685	10704	50.44845	
496	37.01055	672	39.9896	896	42.0514	1480	44.3114	2312	46.3387875	3992	48.413975	6624	50.48395	
392	36.9492875	576	39.9005375	752	41.8761875	1160	44.138725	2168	46.3424375	3520	48.3242875	6344	50.6696875	
536	36.7988	688	39.3872125	1320	42.046725	1720	44.111075	2504	46.0785375	3936	48.1361125	6960	50.5409625	
1328	37.128575	2024	39.9383375	2608	41.7636125	3808	44.1843	5200	46.092175	7656	48.063775	12136	50.1242375	
400	36.6443625	624	39.48945	992	41.5164	1584	44.003875	2504	45.8795375	4568	47.9731625	7648	49.9300875	
488	36.578625	712	39.7567	952	41.5875875	1224	43.81685	2088	45.8145375	3976	47.9880375	6712	50.0709125	
536	36.45785	784	39.6531375	1232	41.8184875	1728	43.9833625	2776	45.850725	4456	47.8681625	7696	50.0772	
1488	37.2272625	2048	39.5084875	2792	41.9473125	3680	43.81455	5544	45.9312125	7792	47.7058	12432	49.8004375	
472	36.4829375	920	39.0866875	1328	41.5699625	2160	43.688275	3296	45.4884875	5544	47.6878875	9168	49.68745	
616	36.8453875	816	39.2181	1320	41.581375	2136	43.8590625	3352	45.6536	5464	47.777975	9136	49.8772125	
432	36.4229125	944	39.4674375	1144	41.6971375	1552	43.7311375	2744	45.789	4816	47.96845	7856	50.076225	
1448	36.961175	2136	39.436	2784	41.7418375	3656	43.738825	5480	45.9980875	8184	47.9830875	12392	49.912175	
488	36.5423125	848	39.455375	1096	41.2845	1872	43.452925	3080	45.7165875	4832	47.6225875	8632	49.826625	
416	36.06395	720	39.220925	1168	41.49315	1792	43.528475	2560	45.7207375	4360	47.8624375	6776	49.9503375	
608	36.4156	816	39.6204625	1032	41.6254	1688	43.92165	2496	45.8164125	4136	47.9535625	7112	49.9990625	
1248	36.627975	1832	39.4731625	2552	41.7791875	3672	43.8358125	5360	45.8918375	7848	47.975025	12312	50.0857125	
552	36.653775	648	38.9059	1080	41.5530375	1672	43.6148625	2720	45.7347625	4520	47.7431875	6936	49.92165	
480	36.1351875	968	39.15185	1216	41.382125	2040	43.480075	3128	45.676275	5312	47.684675	8864	49.7044875	
600	36.0676625	816	39.179875	1184	41.304775	1840	43.5317	2936	45.5600625	5008	47.55965	8544	49.6581125	
1264	37.0380875	1904	39.0816875	2560	41.3042	3864	43.555025	5704	45.524125	8648	47.5627625	13216	49.6467	
448	36.338675	736	38.75635	1048	40.8860125	1680	42.9293625	3056	45.1593625	5176	47.3760125	9336	49.3981625	
496	35.957775	768	38.4415625	1432	41.179275	1928	43.07145	3600	45.124275	5904	47.0468375	11688	49.35985	
744	36.4274375	1032	38.7899	1352	40.93015	2304	43.0907375	3472	44.99335	5768	47.1679125	10008	49.428675	
1448	36.7102375	2104	38.7682	3088	41.2255875	4296	43.207525	6408	45.358475	9560	47.3522125	14592	49.3943125	
432	35.9258	784	38.23635	1360	40.68105	2080	42.632325	3656	44.879125	6000	46.8606875	10392	48.9419	
408	35.5695125	896	38.2707125	1208	40.685625	1832	42.8002375	2736	44.793975	4800	46.844175	8352	49.0101375	
584	35.4889125	856	38.060975	1184	40.42385	1976	42.6715	3008	44.638325	5384	46.7475875	9072	48.97525	
1504	35.402475	2432	38.3555625	3576	40.4881625	5152	42.744725	7520	44.8842125	10944	46.9089	16464	48.841	
640	35.155475	864	37.8215125	1336	40.023275	2192	42.2199625	3432	44.3830125	5856	46.3604625	10512	48.624175	
664	34.967775	1064	37.769575	1600	39.85565	2888	42.36315	4496	44.2710125	7672	46.4745125	13224	48.660725	
576	35.1588375	912	37.846975	1336	40.057275	1824	42.3864875	2864	44.2779375	5104	46.57465	9120	48.75695	
1744	35.6688	2744	38.1991375	3760	40.2686	5384	42.3080125	7920	44.5066375	11560	46.5402625	17520	48.6834125	
512	35.0529375	784	37.6755875	1392	39.8446625	2312	42.066325	3728	44.3204875	6176	46.520625	9880	48.6808125	
696	34.6701375	1104	37.2958375	1768	39.5623	2912	41.8358125	4536	43.852025	7560	46.0239375	12992	48.205825	
736	34.6779875	880	37.159575	1344	39.3281375	2064	41.719625	3152	43.8122125	5032	45.8939875	9096	48.1178125	
1984	34.6895	3272	37.4204875	4496	39.4413	6784	41.5369	9984	43.826725	14344	45.776375	21848	48.0546125	
824	34.5359375	928	37.0012375	1616	39.091625	2344	41.2544125	3896	43.5168375	6256	45.5436375	10000	47.954975	
872	34.604625	1216	37.0009125	1904	39.115575	2832	41.2923125	4488	43.50915	7448	45.692075	12536	47.845475	
880	34.1719875	1336	36.5610125	1920	38.7183375	3120	40.9126125	4944	42.9442125	8224	45.172	13824	47.520775	
2520	34.0995	3944	36.588075	5784	38.666275	8296	40.79435	12040	43.01035	17384	45.0863125	26192	47.34365	
856	33.622625	1328	36.142675	2136	38.3564375	3480	40.426625	5904	42.5418875	9456	44.619425	16744	47.0807625	
880	33.6260625	1320	36.048875	1968	38.3075625	3280	40.55635	5008	42.577075	8304	44.892825	12720	47.2764375	
816	33.625575	1208	36.1444625	1760	38.3938625	3032	40.665125	5080	42.7272875	8312	45.1062	13368	47.35485	
2704	33.8604	4088	36.35845	5992	38.5420875	8768	40.67395	12800	42.9357125	18336	45.047925	27672	47.2602125	
560	33.8341375	912	36.349875	1376	38.40445	2120	40.3595625	3400	42.544325	6848	44.76675	11504	46.9780625	
608	33.996825	936	36.6646375	1576	38.785225	2496	40.8469875	4024	43.0449875	6312	45.3284375	10832	47.43495	
584	33.7874	952	36.5360875	1704	38.5590125	2784	40.704875	4736	42.780325	8176	45.0777	14080	47.3859625	
2344	34.458175	3816	37.0365875	5520	39.0894875	7968	41.26895	11440	43.403	16488	45.462425	24584	47.5899625	
800	34.5172125	1232	36.975475	1776	38.90365	2936	40.947875	5040	43.0318375	8928	45.132075	15400	47.419475	
896	34.81465	1416	37.2232875	2120	39.4244125	3304	41.4276625	5392	43.5519875	8976	45.606975	13936	47.6728625	
920	34.7815125	1496	37.342325	2080	39.2803125	3184	41.1492625	5392	43.3313875	9256	45.5130625	15696	47.7014625	
2208	34.9557375	3416	37.3254	4768	39.4033375	7000	41.4504625	10096	43.589075	14760	45.6598	22520	47.8674	
808	34.970225	1216	37.269925	1752	39.1818875	2896	41.355325	4912	43.5057375	7768	45.7967375	12224	47.963275	
824	34.7124375	1416	37.2222625	2280	39.470675	3424	41.510725	5672	43.548925	9456	45.599675	16592	47.7907	
912	34.84655	1368	37.4634	1960	39.44135	3072	41.456225	4848	43.45425	8112	45.524125	13704	47.7666875	
2200	34.8738625	3440	37.2903375	4992	39.3816375	7096	41.3953875	10176	43.4873375	14904	45.428625	23248	47.6912	
800	35.1502875	1264	37.5621125	2184	39.7466125	3280	41.689075	5424	43.7996125	8944	45.800025	15608	47.844925	
1016	35.1289	1400	37.456625	2064	39.514375	3352	41.6431875	4760	43.4581625	8304	45.6723625	14024	47.970975	
888	35.0690125	1360	37.4532625	1912	39.27465	2872	41.4953375	4688	43.4830625	7624	45.7396375	11320	47.91835	
2240	35.1160375	3336	37.851725	4656	39.873525	6784	41.874175	9672	43.8813375	14200	46.0150625	21328	47.9815875	
944	35.1271375	1536	37.63115	2232	39.61365	3424	41.407525	5624	43.4815875	9456	45.5971875	15824	47.8412875	
864	34.9067125	1568	37.6567875	2280	39.6462125	3664	41.5601625	5856	43.5917125	9608	45.7618375	15840	48.0228625	
1064	34.8998125	1424	37.3387125	2104	39.4413875	3224	41.4273625	5080	43.644975	8472	45.9032875	12288	47.9269125	
2432	35.0361625	3744	37.3895875	5264	39.6056125	7296	41.544925	10360	43.6933125	14976	45.79825	22624	48.0133625	
784	34.7474125	1264	37.1418125	2168	39.6097125	3360	41.40555	5424	43.47595	8928	45.658	15056	47.8112125	
1136	34.927875	1688	37.3266375	2248	39.422125	3288	41.3244625	5088	43.51355	7840	45.73445	12376	47.8702375	
896	34.7591625	1472	37.2421	2248	39.5341375	3584	41.5256375	5624	43.6329375	9448	45.93025	14712	47.8917125	
2472	34.826325	3616	36.9537125	5312	39.462375	7360	41.6392875	10424	43.5851	15320	45.7272125	22888	47.97965	
1152	34.6651375	1776	36.9574375	2432	39.2824875	3520	41.3276375	5840	43.523275	9080	45.7411875	14024	47.9867125	
1016	34.33695	1544	36.6623625	2576	39.0312125	3800	40.9837625	6576	43.35905	10344	45.66775	16512	47.9066625	
1032	34.5253	1480	36.9512	2408	39.2983	3352	41.366525	4896	43.4900875	7600	45.8014875	11280	48.04885	
2528	34.7535125	3824	37.1784875	5160	39.444875	7216	41.3697	10512	43.676425	15112	45.79685	22336	47.9278125	
920	34.5062875	1576	36.8377125	2624	39.247875	3928	41.36695	6040	43.44145	9560	45.6746375	14976	48.0468375	
1024	34.365025	1632	36.964075	2240	39.140475	3352	41.397575	5480	43.5342625	8168	45.739475	12440	48.1030375	
1152	34.4380875	1776	36.96645	2344	39.064925	3488	41.27485	5816	43.381525	9464	45.625375	14728	48.041575	
2608	34.1316375	3920	36.8118625	5360	38.9494125	7456	40.8790375	11032	43.1850875	15896	45.3249875	24168	47.5354875	
1096	34.1546625	1456	36.4998875	2656	38.972575	3864	40.9404125	6368	43.17615	10056	45.3474125	15256	47.7012	
1136	33.8306875	1856	36.264125	2712	38.5925	3832	40.541525	6208	42.8296	9936	45.0592	15208	47.4936125	
1240	33.4762	1936	35.7509375	2904	38.130225	4224	40.21065	6560	42.4158625	10112	44.7635125	15864	47.20735	
3064	33.109625	4688	35.6372	6648	37.5899625	9752	39.85645	14048	42.061575	20768	44.259325	31576	46.6315	
1056	32.873325	1528	35.1410375	2360	37.1816125	3608	39.3868	6280	41.5776375	10328	43.7279375	18008	46.2742125	
880	32.4477	1800	35.1133375	2736	37.18895	3944	39.3460125	6184	41.489975	10024	43.83425	15440	46.3336	
880	32.725425	1456	35.3050875	2408	37.5093125	3752	39.523425	6336	41.7346625	10136	43.985	17600	46.2860375	
2680	33.0071	4248	35.559725	6288	37.684225	9280	39.7255625	13608	42.0550875	20456	44.169	31288	46.3740375	
656	33.5163	824	35.9229875	1496	38.2519625	2168	40.2069875	3632	42.5489125	6984	44.714025	12280	46.820375	
464	33.470675	904	36.1748125	1368	38.2590125	2032	40.21885	3536	42.4493625	6040	44.5073375	10896	46.7813875	
504	33.8413375	792	36.4610625	1016	38.46635	2040	40.7098375	3448	42.9934125	5744	45.080325	10248	47.20805	
2520	33.848375	3632	36.27735	5304	38.2111375	7696	40.2997	11320	42.51255	17144	44.6191125	26792	46.8279	
544	33.9126	848	36.497875	1232	38.4369875	2152	40.5925125	3608	42.8196375	6000	44.9266	9784	47.0569875	
640	34.174525	872	36.696375	1512	38.841925	2304	40.9799875	3936	43.2575125	6736	45.29135	11312	47.26355	
536	34.7063	816	37.2009875	1168	39.229125	1824	41.235725	3248	43.2652875	6024	45.4459375	10832	47.5059375	
2440	34.617975	3464	36.920125	4912	39.180075	6712	41.1039625	10192	43.42815	14664	45.322725	22400	47.50815	
536	34.342175	928	36.9727625	1576	39.4007375	2232	41.166175	3584	43.343375	6152	45.469275	10840	47.6502125	
648	34.9946625	904	37.4666375	1104	39.6800875	1760	41.762025	2776	43.826025	4256	45.848625	7120	47.954775	
416	34.812925	744	37.374625	1104	39.5011125	1968	41.8669	3176	43.886775	5320	45.74045	9384	47.8909375	
2040	35.26485	2912	37.5635375	4168	39.7257875	6016	41.934	8576	44.0229375	12320	46.0397125	18904	48.0414125	
552	35.507525	1032	38.0652875	1376	40.033975	1568	41.9035875	2752	43.9532625	4424	45.85775	7944	47.9375125	
472	35.545525	776	37.9484375	1120	40.0892	1584	42.208025	2704	44.3749875	4480	46.367825	7128	48.3244625	
496	35.5062625	816	38.053625	1136	40.1627875	1792	42.301	2824	44.2791125	5352	46.2513	9912	48.2558375	
2048	35.687325	2880	37.9777375	4032	40.169325	5824	42.35985	8368	44.4709125	12080	46.3149375	18016	48.232275	
552	35.67225	920	38.3107	1224	40.22665	2048	42.364025	3192	44.316725	5640	46.3027375	9872	48.200125	
568	35.728875	792	38.4617625	1184	40.4376375	1752	42.57575	2960	44.6854875	4640	46.6658875	7168	48.500975	
664	35.7648375	880	38.393425	1336	40.52265	2024	42.459575	3368	44.535675	5648	46.37855	10168	48.328075	
1928	36.3088375	2720	38.5231125	3888	40.6184	5448	42.5905875	8136	44.737775	11200	46.4712	17272	48.4268125	
408	36.3433375	616	38.514975	1032	40.821225	1512	42.586375	2600	44.7479	4536	46.6623875	7424	48.560325	
424	36.1762	752	38.6953125	1024	40.8181375	1816	42.8489	2960	45.024	4752	46.870375	8272	48.6983	
416	36.449175	584	38.6638	824	41.045125	1208	42.853275	2088	45.0488	3744	46.9640375	6752	48.905425	
1648	36.6734125	2400	38.8942	3464	41.2341	4752	43.4098375	6744	45.3662625	9792	47.29445	14672	49.2992	
264	36.583275	424	38.6822625	672	40.859975	1280	43.149725	2312	45.24445	4096	47.1452625	7032	49.0267625	
360	37.2122125	536	39.2138625	936	41.5163	1360	43.6949125	2408	45.764425	4016	47.6086375	6688	49.465425	
272	37.2541875	496	39.4454375	936	41.95965	1456	44.218975	2328	46.0143125	3976	47.8338125	7728	49.8844875	
1160	38.3292875	1680	40.266675	2408	42.6394375	3328	44.513275	4936	46.7713875	7080	48.4625625	10752	50.2712625	
296	38.3782125	464	40.500075	592	42.7747375	1072	44.8105	1512	46.7924	2824	48.5788625	5504	50.60095	
408	38.71985	584	40.3947375	888	42.8784375	1376	44.6571	2256	46.8261125	3936	48.6748	7520	51.0601875	
272	38.4986625	496	40.5493	616	42.875025	1200	44.88415	1912	47.0054125	2960	48.7353875	5240	50.81075	
792	39.57865	1240	41.344125	1760	43.4454125	2560	45.483025	3784	47.5580375	5632	49.3098375	8632	51.2235375	
440	39.3141875	640	41.161725	912	43.326925	1320	45.369525	2024	47.21045	3232	48.9636875	6184	50.9866875	
320	39.07545	568	41.0013125	736	43.154975	1032	45.1288875	1808	47.4371875	3032	49.2014125	5496	51.3455875	
352	38.8929875	608	41.0549375	800	43.2893	1096	45.1120875	1720	47.3636875	3144	49.2468875	5816	51.205225	
768	39.112375	1088	41.263725	1624	43.3770875	2496	45.707075	3656	47.759725	5320	49.41475	8576	51.5136875	
296	38.6759625	488	41.1899625	688	43.379	880	45.558075	1432	47.4877	2512	49.4157	4896	51.36485	
352	38.586725	400	40.9010625	640	43.2376375	808	45.2625625	1432	47.2929625	2328	49.197875	4352	51.21775	
344	38.5709	472	40.98245	528	43.1497125	880	45.2759875	1256	47.2618125	2296	49.31495	4048	51.1772375	
760	39.0446125	1104	41.4173	1720	43.7422875	2368	45.48355	3616	47.4376625	5440	49.2541125	8720	51.2370375	
248	38.955025	336	41.3305875	456	43.418025	808	45.489275	1272	47.2215375	2152	49.15335	4368	51.0264125	
232	38.4405125	336	41.0906375	504	43.2193375	720	45.1703625	1208	47.01345	2184	48.9724625	4296	51.001275	
272	38.1910625	312	40.7537375	512	42.767	1040	44.9575125	1744	46.8217625	3128	48.80555	5608	50.9515	
744	38.4433375	1264	41.2390375	1856	43.0946875	2600	45.162425	4032	47.1899625	5968	49.137925	8888	50.883775	
424	38.6166375	400	40.745525	616	42.7695875	1080	44.7836125	1776	46.9497875	2816	48.6420625	5472	50.7196875	
272	38.0008875	480	40.5206375	736	42.6954875	952	44.4017375	1712	46.5831375	2600	48.2772625	5176	50.599775	
352	38.2018625	440	40.625975	584	42.6184	1040	44.5467125	1576	46.7227	2624	48.407075	4904	50.3526375	
856	37.9973125	1344	40.618525	1888	42.4094875	2912	44.5137875	4360	46.553025	6520	48.4443625	10176	50.336425	
408	37.9942875	496	40.4001875	800	42.59585	976	44.4128625	1624	46.44465	2928	48.2760875	5400	50.347325	
320	37.784125	544	40.3887125	720	42.692875	904	44.4589375	1552	46.5677375	2720	48.308775	5072	50.3689	
320	37.6124875	456	40.2071	576	42.4648375	1080	44.51055	1656	46.6455375	3192	48.4649625	5808	50.545175	
952	37.8195375	1440	40.6005125	2064	42.5761875	3008	44.6679125	4320	46.7111125	6416	48.4566375	10176	50.4419625	
280	37.966175	352	40.5381375	528	42.5429125	896	44.7504875	1488	46.6747375	2728	48.5537	5104	50.3714125	
320	37.873	432	40.4835625	712	42.52565	976	44.423	1752	46.46945	3248	48.2751625	6344	50.4073875	
280	37.6716875	576	40.4515	768	42.5428625	1136	44.3888375	1640	46.5473125	2696	48.304325	5072	50.50205	
912	38.5851375	1336	40.629775	2008	42.4878625	3040	44.847175	4440	46.7445125	6352	48.6523375	10064	50.5613125	
184	38.475225	376	40.6203625	600	42.587875	944	44.9022125	1440	46.667325	2320	48.5794625	4640	50.4714125	
280	38.148675	488	40.389425	800	42.75155	1040	44.62475	1768	46.5405	3088	48.4021625	5664	50.5399625	
256	38.1859	392	40.6833	576	42.82645	952	44.7268125	1392	46.5981875	2384	48.4242125	4496	50.571925	
760	38.8587625	1160	40.7277	1728	42.833325	2632	45.0077125	3752	47.104625	5560	48.85835	8952	50.6568125	
336	38.975575	464	40.80535	792	42.796825	1144	44.8157875	1832	46.6763875	3352	48.6502625	6728	50.608775	
272	39.0571875	360	41.0932875	480	43.0193	800	44.932675	1472	46.9772625	2704	48.9886875	5008	50.85935	
192	38.97665	344	41.1051	376	42.7836375	608	45.0072375	1016	46.8479625	2216	48.900925	4496	50.8411375	
824	39.041075	1144	40.86935	1648	42.996225	2384	45.00905	3416	47.09505	5168	49.2295	8272	51.1255875	
320	39.1118625	464	41.1795375	544	42.8932625	880	44.92205	1632	46.785125	2944	48.85925	5816	50.9341625	
240	39.1431	336	41.1743625	600	43.1445	736	45.162125	1464	47.038475	2488	49.012075	4968	50.870375	
184	39.2638625	264	40.9553375	448	43.1352125	744	45.217625	992	46.975125	2336	49.217975	4096	50.931225	
728	38.9336875	1000	40.7904375	1560	43.31595	2200	45.2493	3272	47.2700125	4800	49.1835875	7760	50.975725	
272	39.0335125	384	41.2880875	520	43.555575	792	45.2912	1544	47.2354375	2800	49.1640875	5424	51.231025	
248	39.3570125	264	41.5075	424	43.8894375	640	45.5970875	1264	47.6158125	2696	49.2914125	5232	51.2988625	
200	39.5210875	248	41.7862125	432	43.9387375	616	45.595825	1064	47.506525	2384	49.2671625	4272	51.296475	
696	40.0127	960	41.8694875	1216	43.6435875	1880	45.653925	2816	47.4808875	4248	49.5156125	7240	51.44105	
248	39.991475	336	41.9518625	480	43.676	784	45.500325	1536	47.579325	2744	49.581625	4984	51.4965125	
224	39.6326375	360	41.620475	592	43.6405125	1216	45.7422625	1816	47.6030625	3128	49.656925	5912	51.5741625	
256	39.0379625	520	41.3525625	728	43.4732	1120	45.5159625	1736	47.2919	2992	49.4267875	5680	51.3949625	
736	39.04185	1096	41.2576625	1672	43.344525	2336	45.3460875	3464	47.4300875	5280	49.304625	8448	51.0948	
424	38.1368625	704	40.9518375	1072	43.0339375	1504	44.812625	2440	46.75515	4296	48.7852875	7872	50.9641625	
416	37.545075	504	40.4491125	888	42.6109	1400	44.3164125	2304	46.491375	3744	48.512225	6736	50.7936	
360	37.1562375	592	40.177175	896	42.2597125	1464	44.3716875	2192	46.2919	3664	48.3224625	6480	50.4432375	
928	37.8496375	1496	40.180025	2184	42.413725	3240	44.51495	4664	46.4079375	6968	48.4302625	10520	50.3755625	
504	37.37615	752	39.9371	1040	42.1792625	1760	43.9365125	2656	46.077225	4520	48.0118	7792	49.9965125	
456	36.9519875	672	39.47955	1080	41.740925	1968	43.9465875	3080	45.8291875	5312	47.7381625	9104	49.961825	
424	36.7218	800	39.576425	952	41.7418375	1568	43.941275	2336	45.618725	4016	47.7512625	6368	49.774125	
1192	37.747025	1656	40.0150375	2408	42.06415	3480	43.89145	5144	45.920025	7904	47.8924375	12208	49.8904375	
520	37.390925	744	39.6002375	1000	41.863025	1528	43.76945	2248	45.690525	4040	47.7919875	6608	49.889375	
440	37.1867	736	39.6346875	936	41.7664875	1408	43.5771	2352	45.6515125	3816	47.7594875	6192	49.7731625	
488	37.083575	784	39.361	1104	41.7182125	1672	43.7539125	2760	45.662425	4704	47.7073625	7624	49.65655	
1208	37.2648625	1728	39.594525	2488	41.8548125	3584	43.7125125	5224	45.58595	7888	47.5645125	12504	49.4436875	
544	37.10965	616	39.5453375	1144	41.9441	1600	43.7084625	2544	45.5129875	4144	47.5607625	6856	49.58215	
568	36.9621375	792	39.438025	1416	41.827725	2080	43.7614875	3416	45.7351375	5464	47.612525	9440	49.7917375	
568	37.0743375	776	39.328875	1232	42.020575	1904	43.8542625	2840	45.623675	4808	47.6904375	7792	49.7688875	
1096	37.495875	1600	39.754475	2200	41.9246375	3104	43.9607875	4504	45.83905	6880	47.73645	11176	49.5834875	
440	37.1042125	768	39.279775	1344	41.9323375	1912	43.6661875	3072	45.607175	5560	47.60835	8864	49.5584875	
448	36.893975	648	39.113675	1016	41.7744375	1560	43.6441625	2352	45.6226125	3944	47.5451875	7016	49.6886375	
576	36.815375	744	39.1802125	1144	41.6728625	1704	43.52965	2864	45.67265	4544	47.6418125	7688	49.6401875	
1000	37.0804625	1488	39.3972125	2224	41.5158375	3112	43.5768	4840	45.6892375	7184	47.6540125	11904	49.6258375	
312	36.8747625	448	39.3321125	696	41.4653625	1208	43.656875	2016	45.7481	3296	47.6544375	5512	49.610375	
392	36.366	632	39.1050875	1104	41.2145625	1552	43.0815375	3040	45.277	5584	47.251375	11248	49.4983625	
480	36.223	584	38.90715	712	40.89165	1568	43.34155	2088	45.2492125	3856	47.3454125	6616	49.6466	
1056	36.850825	1448	39.4277	2232	41.376175	3160	43.34195	4712	45.4879125	7240	47.4528375	11864	49.4504125	
344	36.45795	512	39.472925	672	41.11095	1176	43.120975	2248	45.2977875	4080	47.09225	7736	49.1664	
328	36.8821625	376	39.4389	656	41.2857	1200	43.5509875	1856	45.708825	3792	47.60975	6568	49.521025	
352	36.8255375	544	39.460775	552	40.91905	1144	43.485025	1928	45.4454625	3936	47.31	7840	49.3650875	
904	36.603525	1368	39.0698875	1936	41.4026	2784	43.21705	4416	45.4580125	6744	47.3443875	11472	49.3641375	
376	36.3757375	448	38.6679875	792	41.138925	1360	43.112975	2400	45.4238375	4352	47.3924375	6824	49.3657625	
464	36.3900875	712	39.0844625	808	41.51025	1168	43.26255	2104	45.413175	4200	47.4307125	8016	49.2616	
408	36.2993875	512	38.7091875	864	41.210275	1344	43.10435	2216	45.0583	4144	47.0413375	7872	49.18135	
968	36.374975	1464	38.9658	1920	40.9542875	3096	43.0283375	4816	45.211075	7560	46.9483	12832	49.0649625	
256	36.1671125	504	39.0764125	848	41.05035	1384	43.280575	2192	45.3514375	3688	47.1451625	6856	49.1771125	
400	36.0516375	512	38.8271125	1128	41.1287875	1352	43.0151875	2360	45.1417375	4200	47.015025	7384	49.082475	
448	36.1134875	744	38.7984125	936	40.9794875	1440	42.803525	2384	44.9381125	4328	46.96235	7216	49.1276125	
1048	35.9592625	1544	38.5742625	2184	40.8646625	3176	42.961675	4824	45.1016875	7496	47.0202875	12800	49.07145	
376	35.81255	600	38.3407125	1056	40.70655	1648	42.8390625	2912	44.77765	5312	46.6230375	9792	48.741075	
448	35.728	776	38.6491375	960	40.689275	1512	42.8325625	2432	44.8831	4688	46.80415	8216	49.1059125	
320	35.596375	536	38.63445	896	40.796775	1496	42.9787	2200	44.87335	4072	46.9410375	6976	49.1518625	
1056	36.053275	1480	38.80905	2128	41.1967	3328	43.058375	4840	45.0567	7832	46.9690125	12968	48.9984625	
552	35.9668875	688	38.5394875	1056	40.592575	1864	42.7301375	3120	44.7639	5512	46.693775	10072	48.92085	
480	36.315275	712	38.9638875	1008	41.0496375	1808	43.20945	2920	45.1366375	5184	47.0469875	9408	49.1347375	
416	35.93345	696	38.6740125	1224	40.9720625	1608	42.677425	3064	44.888	5488	46.7884125	10120	49.0323125	
1048	36.089925	1752	38.496575	2368	40.7076375	3488	42.843775	5352	44.905675	8264	46.8394625	13944	49.0995625	
280	35.470775	712	38.1257875	1040	40.4486375	1720	42.485675	3264	44.6939375	6144	46.7720625	10120	49.1572625	
560	35.953175	712	38.28505	1040	40.7014	1552	42.787225	2496	44.9633375	4424	46.8486	8000	49.051375	
496	35.8991625	704	38.285475	1072	40.5840875	1808	42.8096	3088	44.8425	5464	46.7222125	10016	48.9219125	
1224	35.9031	1792	38.5498	2736	40.5950875	3656	42.7759	5512	44.870175	8624	46.855675	13616	48.938375	
312	35.7259125	504	38.1330375	832	40.3650625	1384	42.5619375	2200	44.554075	4248	46.4833875	7816	48.6632375	
368	35.894925	616	38.222525	1024	40.5297125	1840	42.77075	2712	44.8611	4904	46.7461625	9208	48.8460375	
432	35.8046	552	38.257725	968	40.4611	1472	42.5724375	2232	44.63415	4392	46.6403375	7864	48.6733125	
1296	36.0321875	1912	38.186125	2712	40.272025	4056	42.489375	5808	44.705625	8680	46.725025	14048	48.8989125	
336	35.797325	680	38.19635	1032	40.19985	1568	42.324775	2600	44.43035	4576	46.235375	8728	48.4328625	
544	36.063	632	38.39815	872	40.2814875	1184	42.297875	2312	44.628225	4192	46.5069875	6752	48.6318625	
384	36.1621	616	38.49925	1032	40.7752	1552	42.7149875	2568	44.958475	4448	46.8013125	8544	48.8595625	
1400	35.349175	1920	38.0482125	2864	40.4784875	4112	42.4971	6048	44.514625	9216	46.5946125	14744	48.6023875	
632	36.1381375	872	38.5245	1224	40.861275	1688	42.72085	2936	44.7381125	4696	46.5566875	8128	48.7572	
568	36.10795	768	38.3873125	1144	40.482725	1856	42.624825	3192	44.6392125	5528	46.7382625	8920	48.831375	
520	36.138525	600	38.4119	1136	40.737425	1728	42.749625	2944	44.818725	4856	46.7632	8040	48.9041625	
1288	36.1935875	1928	38.457775	2776	40.66065	4048	42.8970125	5776	44.763	8568	46.8545125	13904	48.903325	
344	36.0655	688	38.4977875	1016	40.5756	1504	42.62655	2808	44.7304375	4504	46.70325	8168	48.6925875	
624	36.2303	880	38.871375	1136	40.673075	1608	42.813575	2712	44.9368625	4504	46.848475	8152	48.979125	
488	35.850425	728	38.4620375	1088	40.365	1712	42.5355375	2952	44.6393	5136	46.557225	9016	48.6087	
1408	35.9737	1960	38.352025	2784	40.2818625	4184	42.5968	6080	44.67475	9240	46.68215	14824	48.733575	
520	35.71315	864	38.2871125	1176	40.261075	1576	42.344925	2784	44.62	4352	46.6047375	7632	48.7545875	
592	35.8876625	784	38.310425	1488	40.60245	2064	42.598275	3304	44.9416125	5664	46.8485	9664	48.9181375	
560	35.806025	672	38.268825	1032	40.352225	1552	42.4040625	2864	44.7710125	5016	46.586275	9424	48.693975	
1392	36.3475625	2000	38.2659125	2792	40.5804625	4144	42.75695	5992	44.880225	9136	46.8879	14208	48.907725	
568	35.9083125	864	38.0284125	1200	40.270375	1960	42.565425	3208	44.5153125	5440	46.504625	9656	48.628825	
552	35.7785	864	38.073125	1360	40.4235	1848	42.4463875	3008	44.4357625	5376	46.51115	8952	48.651875	
432	35.583475	704	37.8827	1144	40.187575	1640	42.336975	2912	44.3875875	5216	46.462475	8904	48.6899375	
1368	35.5997375	2064	37.8746375	3216	40.2671625	4656	42.242475	6992	44.388575	10416	46.426425	16296	48.600725	
432	35.3407625	648	37.6053625	1048	39.98585	1936	42.1052625	3160	44.275025	5408	46.3341875	9824	48.41235	
464	35.1432125	864	37.779175	1000	39.699	1584	41.924675	2904	44.2761	4784	46.314075	8536	48.3553375	
440	35.2610375	680	37.6658375	1232	39.84605	1680	41.833425	2744	44.1122625	4952	46.2371375	8560	48.33885	
1584	35.9566875	2232	38.0417375	3456	40.2550375	4952	42.2383	7496	44.343275	10904	46.4563	16928	48.40005	
376	35.6267375	680	37.9657	1120	40.3758	1800	42.2358875	2928	44.4891125	5216	46.5796	8560	48.4288375	
464	35.687475	608	38.1229625	1008	40.5235375	1640	42.35445	2848	44.6326125	4568	46.637075	7544	48.5357375	
528	36.1078625	800	38.53875	1256	41.0512125	1960	42.8209	3128	44.8080375	5664	46.9235625	9952	48.6793375	
1320	36.1733625	2088	39.1300375	2896	40.96585	4400	43.2850625	6168	45.12545	9432	47.1817625	14320	49.139025	
480	36.1282125	672	38.7631	1096	41.0212375	1848	43.1424875	3088	45.1245875	5256	47.1976375	8256	49.1011	
344	35.912575	560	38.7000125	1024	41.244675	1512	43.2548375	2600	45.2453375	4504	47.238175	7648	49.10605	
352	35.9582875	632	38.994875	968	41.3452625	1560	43.472825	2280	45.364025	4240	47.336775	7272	49.2758375	
1304	36.929275	1928	39.355125	2792	41.6484125	4008	43.5989875	5568	45.561175	8096	47.43345	13200	49.467425	
264	36.600575	440	39.13325	752	41.4327	1136	43.5034	2160	45.45585	3624	47.4730625	6144	49.4627875	
328	36.727675	472	39.05075	960	41.6421	1336	43.759275	2400	45.79435	3880	47.6308875	6896	49.503725	
312	36.676325	576	39.5813375	704	41.494175	1168	43.7932375	2072	45.820375	3744	47.79815	6816	49.6584125	
1152	37.610375	1744	40.05915	2376	42.03785	3328	44.0493	4848	45.830725	7472	47.8641875	11744	49.703575	
384	37.157825	472	39.739	800	41.737925	1392	44.0840625	2264	45.9514875	3896	47.8978625	6840	49.8549125	
296	37.1354125	496	39.9217625	816	42.0539125	1272	44.12055	2296	46.119875	4152	48.087775	6968	50.080375	
320	37.45155	392	40.183325	696	42.2600625	1008	44.3788875	1944	46.3965625	3344	48.1560625	6240	50.28315	
968	38.5133	1456	40.8963	2048	43.1257375	2712	44.597525	3872	46.458075	5928	48.2045	9432	49.9061	
312	38.35465	504	40.7683	616	42.85325	1080	44.74315	1592	46.3707	3024	48.2688625	5712	50.14075	
360	38.498775	488	40.9581375	704	43.1346875	1160	45.02305	1720	46.68225	2936	48.6167375	5256	50.429075	
568	38.517	720	41.138025	1040	43.5612875	1576	45.271525	2560	47.124925	4104	49.019725	7536	51.03055	
960	39.1227375	1240	41.3542125	1888	43.624625	2560	45.7966875	3608	47.3418125	5328	49.1349375	8576	51.0807375	
376	38.5307125	576	40.7777125	912	42.8474875	1520	45.0743875	2608	46.842675	4432	48.7776375	7792	50.7976375	
408	38.34195	560	40.63855	1048	43.0180875	1488	45.1523625	2232	46.719425	3984	48.64465	6936	50.6130125	
528	37.5650375	848	40.552975	1176	42.7592375	1736	44.719325	3200	46.6791875	5240	48.5499625	8784	50.5066875	
992	38.442575	1480	40.684625	1968	42.9119125	2792	44.9343875	4144	46.615475	6200	48.4946125	9736	50.274725	
584	38.40455	752	40.741275	992	42.570925	1576	44.7863	2648	46.5559875	4552	48.5399	7600	50.47435	
584	38.1588625	712	40.3864375	1072	42.29035	1712	44.2398375	3080	46.268275	5472	48.2809	9448	50.4175875	
520	37.597975	728	39.89155	1008	41.995525	1800	44.2306	2504	45.9313875	4128	48.0187625	7512	50.20445	
1320	37.6665875	1888	40.113775	2592	42.069125	3608	44.107925	5232	46.1111	7808	47.9461625	12184	49.876625	
576	37.169075	832	39.688625	1344	41.9342875	1920	43.8397	3360	46.03955	5464	47.9600875	8992	50.0173	
512	37.30125	688	39.8553125	984	41.9187	1432	43.73155	2416	45.996875	3992	48.02495	6888	50.077775	
496	37.0055375	688	39.52405	952	41.6204625	1576	43.8668	2416	45.7074125	3936	47.7581625	6960	49.9088375	
1384	37.2249	1984	39.5692625	2672	41.459875	4000	43.85465	5600	45.766925	8304	47.7739875	12784	49.7267	
488	37.0343	728	38.9698	1264	41.074575	1816	43.2696375	3272	45.3225875	5168	47.281775	9472	49.4219875	
520	36.7812875	936	39.0588625	1416	40.844875	2280	43.2052625	3736	45.1597125	6552	47.3733	10800	49.557	
400	36.7211375	728	39.1951125	1120	41.03455	1488	43.34105	2688	45.2841625	4168	47.4983	6880	49.784625	
1328	36.5296125	1976	39.2647125	2824	41.2610875	4008	43.4074875	5968	45.5606625	8760	47.53245	13680	49.606875	
560	36.3857875	752	38.9515	1152	40.7560625	1792	43.0335375	2880	44.7975625	5288	47.0059625	10096	49.1184125	
632	36.3324375	800	38.779175	1488	41.2208125	1992	43.00705	3376	45.0819375	5832	47.25675	9128	49.3844375	
432	35.9525125	720	38.5296	1128	40.94325	1920	42.96005	3464	45.29265	5136	47.2641125	7840	49.388675	
1632	36.1110625	2280	38.7744625	3120	40.6573125	4568	42.9106125	6576	44.953475	10120	47.0212875	15544	49.1479375	
568	35.964625	848	38.7708875	1320	40.656175	2144	42.983525	3456	44.94235	5616	47.1098875	9272	49.2509125	
752	36.167275	1104	38.617225	1936	40.91845	3216	42.93095	4952	44.88665	8224	47.2290625	12536	49.4149625	
624	36.1073125	1000	38.7270625	1496	40.8792625	2328	42.993775	3760	44.897975	6224	47.163325	9312	49.241925	
