1288	38.1034375	1616	40.0841625	2024	42.2546875	2904	44.5857375	4024	47.0732625	5936	49.172575	8904	51.4281625	
240	38.06295	464	40.1676	936	42.2152	1472	44.5177875	2240	46.8953875	4200	49.28525	6552	51.5018125	
392	37.8043	544	39.8524125	1032	42.130725	1824	44.5833125	2864	47.02405	4872	49.4053125	8104	51.65985	
296	37.72325	504	40.0507	1064	42.197275	1872	44.5388	2784	46.93675	4784	49.2543625	7864	51.67015	
672	38.3598375	904	39.737675	1520	42.05015	2304	44.3216875	3376	46.7850375	5392	49.31235	8560	51.7331625	
416	38.1181875	648	39.8705375	1248	42.404375	1832	44.3019625	2888	47.22105	4824	49.5556625	7512	51.633925	
440	37.3201625	592	39.085925	1360	42.0854375	2288	44.4024125	3384	46.892775	5440	49.337	8600	51.703225	
376	37.6586875	576	39.4870375	1032	42.4279375	1488	44.4984125	2592	46.6501125	4312	48.9884875	7256	51.309825	
720	38.13585	960	40.06215	1432	41.8823375	2392	44.495925	3832	46.8485875	5864	49.140825	8656	51.348425	
512	37.3933125	680	39.1724625	1096	41.572225	1784	43.984675	3248	46.349425	5384	49.00705	8392	51.16815	
336	37.5495375	464	38.9336625	936	41.621625	1464	44.0911875	2600	46.3220375	4216	48.794625	6904	51.166625	
400	37.6996	576	39.254875	1000	41.77785	1592	44.3772625	2912	46.6204875	4960	48.9730875	8112	51.1735125	
672	37.63755	1112	40.095425	1672	42.11315	2464	44.41645	3680	47.0811	5616	49.3308375	8944	51.3593	
304	38.8358875	600	40.9257375	1168	43.1501375	1856	45.5003625	2840	47.9082875	4504	49.908825	7152	51.9805625	
416	39.0670375	584	41.0143375	1088	43.6932125	1696	45.6879125	2464	47.73755	4328	49.968725	6672	51.9693	
576	36.925	936	38.7371	1560	41.7886875	2568	44.174475	3616	46.652875	5584	48.998725	9048	51.712475	
664	38.1606875	1008	39.96795	1584	42.43025	2392	44.4791	3448	47.0555625	5400	49.422575	8744	51.8041125	
256	39.4725125	464	41.204	976	43.755975	1472	45.60975	2336	47.9659125	3784	50.1466375	6008	52.249075	
272	37.659025	592	39.5407625	1112	42.37405	1944	44.9385375	3208	47.2674	4792	49.5452875	7696	51.6506125	
392	36.90255	728	39.0933375	1088	41.25995	2352	44.292225	3696	46.63835	5976	48.8683125	9248	51.6114	
696	37.6160875	1032	39.414975	1760	42.0319875	2760	44.435375	3936	46.5775625	6248	49.2264625	9288	51.237925	
456	37.562725	752	39.7257625	1392	42.02735	2168	44.2525125	3704	46.9087375	5544	49.1697625	8840	51.2769375	
496	37.754	800	39.7872625	1032	41.837725	1856	44.3991375	3080	46.7781	4920	48.8944	7984	51.309225	
448	37.18315	616	39.095325	1056	41.6097625	1944	44.30335	3000	46.441525	5072	48.9745	8184	51.1524125	
704	37.3530375	1120	39.783275	1672	41.6047125	2440	44.13585	3808	46.36555	6024	49.1696875	9616	51.53405	
384	37.2611875	920	40.375925	1336	43.0168125	1992	45.456525	3216	47.09755	5024	49.5449125	7864	51.7924625	
392	35.980375	832	38.9838875	1320	41.8871	2048	44.5882875	3416	46.5945	4880	49.083625	8064	51.2580625	
216	35.862625	584	39.0412375	1136	41.75155	1784	44.4329875	3240	46.7314375	5384	49.13945	8824	51.814725	
648	37.8615375	976	40.9960125	1376	43.4281	1840	45.773675	2840	47.770025	4328	49.82175	6888	51.9896125	
440	38.3146	608	41.4662	824	42.933875	1592	45.546925	2552	47.7081125	4464	49.829075	6888	51.9456	
432	37.3720125	712	41.1898875	1120	43.2435	1648	45.171075	2744	47.4067125	4528	49.5739625	7200	51.7397625	
552	36.03815	632	39.649325	1096	41.9746625	1792	44.1977625	3072	46.7828125	4984	49.3108	8144	51.76025	
648	37.8357375	928	41.1933375	1288	43.0912375	1896	45.1002375	3224	47.5833875	4824	49.8004625	7728	52.241275	
248	37.5028	512	40.9810875	776	42.9843	1344	45.1727125	2360	47.57475	4080	49.7382	6416	52.068	
384	36.36825	776	39.4294875	1328	41.9805375	2136	43.97165	3608	47.022375	5704	49.415425	8952	51.872775	
288	36.4952875	416	39.5441625	912	41.8468	1696	43.9301375	2776	46.7772	4632	49.0785875	8040	51.8288625	
784	37.6962375	1112	40.28985	1576	42.5589375	2360	44.689725	3472	47.2238875	5376	49.5930625	8504	52.08735	
440	38.884325	720	41.308225	1040	43.60015	1776	45.6257375	2816	47.904	4216	49.8150625	6840	51.89025	
352	38.1771	552	40.723375	936	43.0402625	1456	45.1056375	2448	47.41795	4112	49.6721625	6752	51.7512375	
504	36.6973875	744	38.9355375	1520	41.9517125	2368	44.24565	3600	46.635375	5696	49.2787875	8680	51.43915	
808	36.7982375	1168	40.08325	1840	41.860725	2728	44.1904375	4104	46.37335	6184	48.812125	9608	51.028425	
352	37.2759875	512	39.8824625	808	41.7959375	1592	44.4360125	2760	46.2995875	4840	48.7107625	8504	51.1562375	
336	36.642	648	39.7466625	1048	41.510125	1872	43.9563	3208	46.3785125	4936	48.5590125	7808	50.8451125	
424	36.6707	680	39.4367875	1208	41.4520125	1952	43.94095	3312	46.17665	5384	48.3901875	8520	50.6462625	
776	36.43575	1192	39.23655	1832	41.5141875	2640	43.630825	4272	46.253975	6304	48.3093625	10368	50.6721875	
512	36.4849375	920	39.847325	1384	41.728725	2128	43.925125	3632	46.123575	6024	48.5308375	9568	51.112	
456	36.2727125	784	39.9243375	1232	41.9695375	1648	44.0263	3008	46.1033	4840	48.39585	7864	50.8793375	
656	35.822425	672	38.7372875	1360	41.3828	2152	43.7466125	3416	45.90355	5736	48.3916125	9152	50.7160375	
888	36.693225	1368	39.2718625	1880	41.5332625	2688	43.7057125	4296	46.2326875	6224	48.51175	10216	50.8958	
504	37.3422375	688	39.7468375	1248	41.5432375	2024	43.981225	3160	46.2372125	5264	48.71765	8456	50.7951625	
368	36.9113875	696	39.453175	1264	41.5126	2016	44.06195	3576	46.5589375	5400	48.70145	9136	51.2705125	
504	36.32005	976	38.9241625	1760	41.6858	2392	44.0611625	3512	46.252375	5896	48.814775	8848	51.138075	
992	36.6666375	1560	39.6337375	2144	41.84885	2952	43.9662875	4384	46.2862125	6728	48.5163375	10240	50.638675	
800	36.515775	1320	39.2180625	2016	41.78335	3144	43.9181125	4488	45.8613375	7184	48.0836625	11040	50.4618125	
712	36.22785	1072	38.8836125	1640	41.429	2328	43.6144	3600	45.6789875	5632	48.042175	8408	50.0781625	
696	37.4726375	1328	39.6183875	1920	41.8382375	2792	43.9931375	4184	46.116775	6416	48.3063125	10496	50.41435	
1128	36.767175	1704	39.5326875	2384	41.4935375	3184	43.586175	4760	45.617925	7352	47.5599625	11896	49.7888125	
720	36.3966	1160	39.0386125	1672	41.1716625	2640	43.5301625	3920	45.4515	6624	47.757	10560	49.91745	
656	36.1906875	1056	38.8475625	1624	41.4411375	2128	43.5830875	3600	45.5669125	5592	47.60655	9144	50.0283625	
728	36.2893	984	39.1601875	1416	41.3537875	2176	43.7161125	3120	45.7625625	4608	47.6953875	7040	50.0684875	
1168	37.611175	1584	40.2784875	2184	42.2947375	3104	44.467825	4480	46.439675	6880	48.3172125	10744	50.3914375	
696	37.5517375	1040	40.497225	1512	42.2703625	2128	44.6307	3472	46.6060625	5656	48.6022375	9384	50.795675	
568	37.547075	728	40.5267625	1160	42.9389375	1632	44.7296875	2648	46.790275	4432	49.016675	6872	51.0212125	
432	38.1773375	672	40.551725	1240	43.2927125	1736	45.0252125	2808	47.1597125	4536	49.275575	7528	51.3039125	
968	38.363375	1360	41.3719625	1832	43.1917	2448	45.3299875	3600	47.3878	5384	49.1724875	8608	51.3879625	
424	38.6803875	552	41.4486125	864	43.5976875	1328	45.22385	2360	47.328225	3896	49.459125	6792	51.570725	
480	38.1931375	696	41.1332875	1088	43.2565125	1608	45.1051375	2680	47.6316375	4248	49.5507875	7200	51.9452875	
440	37.7355	712	40.2400625	1120	43.549725	1576	45.20375	2272	47.4735375	3840	49.3203875	6760	51.70505	
640	38.6806125	872	41.6942875	1096	44.3907375	1608	46.3403125	2352	48.1282625	3696	50.1014625	6072	51.7525875	
328	39.10315	480	41.7973375	760	44.38685	1280	46.713775	2008	48.63095	3344	50.4364125	5608	52.6816875	
456	38.8357875	656	40.9815625	1024	44.46765	1424	46.4023	2144	48.6665375	3328	50.5800125	5568	53.0432625	
512	38.7069375	584	41.1407125	960	44.3371625	1352	46.6783375	2072	48.5003	3272	51.0042625	5248	53.102975	
512	40.119675	664	42.590225	888	44.784075	1344	47.3293625	2024	49.1487	2944	51.0836125	5088	53.4421875	
168	39.3955875	344	41.9650875	688	44.5309125	1056	46.9210125	1656	48.7897125	2848	50.9277	4744	53.0551375	
232	39.20265	304	41.6139625	568	44.3175875	904	46.7013	1640	48.9073125	2640	50.8743375	5104	53.4661	
288	38.90225	456	42.7097625	552	44.4030375	920	46.6761125	1552	48.91075	2544	50.80275	4720	53.0930625	
536	40.18995	744	42.863625	1016	44.914975	1472	46.8876875	2288	48.9182875	3456	50.9555625	5568	52.8820375	
144	39.7277625	168	42.2423875	336	44.338025	616	46.305725	1096	48.525225	2312	50.453775	4160	52.542775	
136	38.8164	344	42.3417875	592	44.7494	920	46.60155	1432	48.688275	2544	50.9541875	4312	53.0647	
200	38.606025	352	42.5001125	448	44.6832	792	46.5779375	1360	48.701775	2368	50.8996125	4128	52.8715625	
600	39.4015	848	42.9193	1024	44.9087	1392	46.6274625	2320	48.860025	3576	50.764225	5776	52.7823875	
280	39.373175	376	42.804325	600	45.08765	856	47.2214875	1400	49.0142125	2496	51.166675	4208	53.0753	
224	39.4989625	352	43.2988125	600	45.1233875	984	47.495775	1632	49.324675	2600	51.3026125	4584	53.2443625	
176	39.7239375	224	43.4138875	544	45.8107375	776	47.7107375	1304	49.6212875	2104	51.5825375	4032	53.8512875	
448	40.3522875	536	43.794625	776	45.9031375	1016	47.830775	1584	49.9767375	2576	51.9728625	4488	54.35315	
128	40.0954125	256	44.2423375	304	45.402525	528	47.5322	1000	49.8744	1792	51.7836875	3624	54.05725	
80	40.2883	128	43.8148	360	45.34335	712	48.0062375	1080	50.1101875	1856	52.156525	3480	54.49605	
168	41.0493125	176	43.9483	344	45.6035	488	47.98235	1008	50.1136375	1888	52.5601625	3464	54.901675	
448	41.587475	528	44.4825375	600	46.55645	864	48.3625375	1368	51.0047625	1840	52.2987125	3704	54.7744375	
128	41.8725875	96	44.50085	160	46.40675	352	48.58455	736	50.31405	1456	52.1799875	3176	54.884475	
160	41.354175	296	45.107775	416	45.8403375	920	47.878225	1256	50.13305	2264	52.3655125	3904	54.91945	
160	40.898775	240	44.44415	352	44.9737	648	47.675575	1208	50.1565875	1920	52.0745875	3856	54.593725	
496	41.24145	544	44.36675	744	46.464525	1008	48.1991875	1440	49.904875	2368	51.9781375	4216	54.0748	
128	40.488225	320	44.252275	448	45.6411	760	47.86125	1272	49.5724875	2320	51.78805	4184	54.0540375	
184	40.30295	288	43.6498375	496	45.4987625	776	47.6922625	1280	49.486	2168	51.4426375	3944	53.7922875	
104	39.7663875	248	43.6538875	416	45.39455	656	47.4083125	1280	49.7651375	2096	51.7467375	4032	54.177025	
480	42.0530625	480	44.2058375	776	45.8197875	1096	47.861775	1816	49.9768625	2544	51.9565	4400	54.4148875	
120	41.587775	200	44.176325	360	45.5199125	672	47.171925	1368	49.32185	2456	51.514975	4448	54.0979875	
232	42.3543625	200	44.39875	336	45.624625	664	47.707275	1344	49.8047625	2184	51.3783	4368	53.9381125	
128	41.8248625	280	44.14555	560	45.7737375	720	47.28575	1240	49.163475	2296	51.3440625	4232	53.8371625	
448	41.005225	616	43.4165	848	45.1019625	1272	47.3725125	1944	49.500125	2936	51.360075	5016	53.6465	
192	41.321775	256	43.17205	384	45.26295	704	47.155825	1320	49.4237	2144	51.218925	3488	53.32115	
200	41.1665875	208	43.039375	520	45.8912375	832	47.2750125	1232	49.0424375	2192	51.0085	3992	53.217675	
160	41.1296625	264	43.8624625	400	45.35175	808	46.990725	1520	49.10005	2624	51.1099625	4728	53.53035	
472	40.955975	600	44.2649875	816	45.772175	1144	47.3016625	1624	49.0558875	3040	51.21535	5280	53.3839625	
192	41.0391125	328	43.762775	592	45.2119875	1112	47.12385	1624	48.9393	2720	50.86	4728	52.98535	
328	39.615575	496	42.898725	824	44.37775	1296	46.1520375	2272	48.3110875	3560	50.2383875	6152	52.665625	
560	38.478375	720	42.035	992	43.988925	1400	45.884225	2312	48.02665	3840	49.953175	6144	52.0103625	
560	38.1327375	856	41.86865	1152	43.5603125	1656	45.5707125	2664	47.7949625	4048	49.863925	6752	52.2041875	
456	38.419225	664	41.989325	1000	43.728275	1400	45.6970625	2168	47.9037375	3592	49.938025	5824	52.3028	
248	38.1048375	632	41.4924625	1112	44.4548875	1520	46.1106	2136	48.0087375	3520	50.2179625	5872	52.486325	
200	39.694025	392	42.0588	632	44.860325	888	46.57015	1688	48.803325	2656	50.769375	4952	53.1561125	
488	41.3969375	624	43.5029625	904	45.5903875	1280	47.5642	1784	49.0276875	2984	50.8653	5160	53.2236625	
224	40.0667875	400	42.6086125	552	45.0349625	912	46.8929125	1528	48.8066125	2608	50.701775	4592	52.849775	
232	40.0609	504	42.94345	464	44.87915	712	46.9870625	1256	48.8989125	2280	50.8105	4680	53.1507125	
168	40.0231625	280	43.451875	408	45.3167	584	47.1753	872	48.9357125	1912	50.7005375	3888	52.8080625	
464	40.8198375	752	43.2109125	944	45.2428625	1352	47.433525	1928	49.2299875	3104	51.1237875	5360	53.2331875	
136	39.9944625	224	42.3250375	536	44.99065	816	46.744275	1296	48.7191	2408	50.7272	4448	53.048425	
168	39.74225	336	42.7105625	448	45.01695	696	47.0800625	1320	49.1661125	2304	50.7313	4312	52.8302	
136	39.14945	368	42.074	576	44.2132	992	46.7792875	1504	48.4575125	2784	50.2323625	5032	52.4410875	
488	40.93205	704	42.917575	1032	45.316475	1376	46.8498625	2104	48.8919125	3136	50.62765	5336	52.5089375	
168	40.370125	312	42.2103125	504	44.2878875	1064	46.60485	1736	48.606	2712	50.2876	4992	52.358675	
152	39.916825	312	41.5896125	528	44.7671375	792	46.6132625	1496	48.44515	2656	50.52575	4616	52.4730875	
136	39.23495	456	42.1325375	624	44.8441125	928	46.45705	1568	48.4293	2968	50.587525	5240	52.8339375	
480	40.53175	776	43.66225	984	45.1736125	1528	47.369125	1864	48.877325	3112	50.878125	5240	52.8372875	
200	40.341025	280	42.24465	512	44.5833875	848	46.3103625	1568	48.390975	2928	50.4470875	5256	52.3784	
120	39.2443125	296	42.30355	504	44.483625	1048	46.74565	1448	48.380075	2504	50.3018875	4776	52.688825	
104	38.8574	304	42.3860125	472	44.5484	864	46.4362125	1568	48.358625	2712	50.2360125	5272	52.3234	
536	40.0678625	696	42.4961375	936	44.54965	1384	46.4458	2200	48.6091375	3360	50.5862	5680	52.7567875	
104	39.45675	272	42.584325	424	44.1771	864	46.4633375	1488	48.4282625	2576	50.4577125	4432	52.5422375	
272	39.7883625	264	43.11475	424	44.8683125	672	46.5658625	1200	48.4931625	2168	50.4636	4256	52.5815375	
144	39.4946375	320	42.91335	512	44.8288875	744	46.7969875	1376	48.7883625	2408	50.6063125	4856	53.13435	
504	40.0088625	752	43.0124875	1064	45.0161125	1280	46.946375	1952	48.98405	2984	51.1150125	5152	53.0157625	
96	39.89255	208	42.6210875	328	44.3991625	704	46.367575	1160	48.4370125	1920	50.316925	4104	52.6268125	
160	40.0288	208	42.1233875	440	44.70115	664	46.385675	1304	48.5487375	2232	50.489475	4032	52.62825	
152	40.2967	360	42.39735	504	44.275025	952	46.371525	1488	48.317325	2648	50.531625	4888	52.8409875	
568	40.4512375	800	42.5323125	992	44.3051	1504	46.434675	2160	48.7639125	3176	50.7261625	5624	52.865475	
200	40.3189625	272	42.3743	600	43.9567	936	46.102625	1704	48.7186375	2832	50.5809625	4888	52.6345625	
144	39.547125	376	43.134325	576	44.5775	872	46.3257	1504	48.534075	2640	50.5461125	4976	52.700875	
312	39.071475	456	42.0123	816	44.43995	968	46.0570625	1888	48.5639	2952	50.7886625	5208	53.017725	
536	40.0449625	760	43.2623125	1064	45.0083375	1360	46.6021875	1904	48.9517625	3104	50.6474375	5112	52.826325	
272	39.3073125	536	42.112325	768	44.0501125	1072	45.9757375	1952	48.4489	2976	50.4505125	5008	52.817375	
160	38.74545	384	42.119525	656	44.3692375	1128	46.3774375	1664	48.5378875	2752	50.7550875	4824	53.07305	
280	39.322175	360	42.4564625	592	44.6625125	920	46.7166125	1360	48.83635	2616	50.9587	4536	53.30735	
560	39.3536625	720	42.3968375	960	44.40335	1368	47.083825	1920	48.9627375	3128	51.210925	5240	53.550825	
312	39.330175	432	42.038975	800	43.91065	1192	46.5706125	1680	48.23335	2896	50.2540625	5080	52.869425	
232	39.27375	416	42.0778125	512	43.9425375	952	46.5618375	1448	48.3693125	2672	50.3621125	4672	53.0301375	
248	39.270325	400	42.2116625	600	44.255125	848	46.282475	1480	48.4689875	2792	50.5432625	4704	52.7845125	
536	40.221125	720	42.1173125	960	44.1066625	1400	46.4077875	2192	48.66935	3248	50.4203625	5864	52.9567	
264	39.843825	328	41.3745875	640	43.7395875	1000	46.109975	1648	48.1408875	2680	50.1737375	4720	52.510325	
248	40.258725	416	42.743375	568	44.27425	888	46.5108875	1592	48.3378375	2784	50.53805	5016	52.58295	
248	40.5449875	360	42.822625	664	44.2087375	1072	46.4190375	1688	48.43975	2680	50.455875	5160	52.821725	
512	39.6510375	648	43.4332	920	44.838025	1264	46.8520125	1912	48.9718875	3128	50.8229	5272	52.795175	
208	41.7594375	240	43.8217875	416	44.9747	600	46.7093625	1128	48.8043125	2256	50.79275	4208	53.0548625	
208	42.205025	328	43.891675	392	44.9067625	616	46.8636125	1168	48.7746	2112	50.733625	3960	53.0275875	
112	41.7277375	184	43.4270625	344	44.5164875	696	46.82315	1160	48.780125	2136	50.701675	3840	52.76225	
544	41.312725	640	43.2347	832	45.129975	1152	47.1517875	1768	49.4074875	2728	51.196625	4808	53.3921625	
192	41.179525	328	44.0942625	400	45.3175375	672	47.274625	1176	49.052325	2152	51.104125	4128	53.264175	
200	41.7534875	232	43.969325	336	44.67625	680	47.0197	1400	48.9761125	2392	51.0965125	4344	53.414	
208	41.2622875	280	43.1476125	624	45.2821125	936	47.3222625	1544	49.227875	2520	51.2821875	4488	53.490925	
488	40.866325	664	43.9408	864	45.544875	1136	47.59815	1840	49.0879125	2968	51.27285	4648	53.26895	
168	41.0287875	312	43.31715	432	44.8796875	784	47.1129875	1392	48.8342125	2536	50.9033875	4728	53.2475125	
184	40.3697	376	42.9448875	632	44.6952125	896	46.7715125	1576	48.750075	2624	50.735625	4968	53.214325	
232	40.0231625	424	43.5129125	616	45.1780125	760	47.1764375	1408	49.00455	2208	50.7298	4416	53.336125	
512	41.6917	616	44.6342	864	46.0746125	1104	47.957025	1688	49.5753375	2664	51.3636	4592	53.2407375	
112	40.9222375	208	43.374375	456	45.353075	712	47.0720125	1336	48.9837125	2368	50.8088875	4464	53.25605	
192	40.9577625	208	43.1162	280	45.133225	632	47.4374125	1064	49.204775	2048	51.1248375	4112	53.49245	
168	41.14555	256	43.0904875	384	45.4410875	520	47.5391625	1032	49.294675	1832	51.19135	3896	53.356675	
528	41.3737375	584	43.6763	736	45.428275	1072	47.70785	1672	49.4574	2568	51.4705625	4848	53.693775	
144	41.1195125	208	43.35025	312	45.4940125	624	47.2506125	1120	49.2770375	2040	51.186325	4056	53.63475	
216	41.6205625	272	43.371775	312	45.4096625	712	47.4055625	1024	49.4456375	1896	51.2364375	3680	53.5437875	
128	41.523725	168	43.1095	368	45.354625	632	46.910225	912	48.97705	2064	51.2696	3712	53.6985125	
480	40.7705375	600	44.7595125	744	46.06305	944	48.09785	1568	49.734125	2464	51.6711375	4280	53.6877375	
120	40.9490875	200	43.8908	312	45.2328875	512	47.0704875	1080	49.051975	1960	51.2451	4080	53.4285	
160	41.7145375	216	43.3499625	400	45.157925	640	47.3503	1256	49.237	2336	51.2802	4088	53.43865	
136	41.254175	264	42.7278625	592	45.4148	864	47.1765625	1576	49.166825	2760	51.1505	4744	53.4051	
480	40.04005	600	43.0275875	752	45.094825	1192	47.3994125	1608	49.3645125	2512	51.1616125	4600	53.3806875	
160	41.46905	272	43.429225	400	45.577825	704	47.2491375	1272	49.2502375	2360	51.186	4776	53.4772	
208	41.265	304	43.2017125	416	45.3364375	728	46.8854625	1128	48.83005	2592	50.776175	4632	53.2045375	
232	40.826575	336	42.747725	424	44.8232375	680	46.6894625	1320	48.737375	2456	50.796225	4832	53.2058625	
560	41.1587875	592	43.48855	800	45.3275375	1112	47.07435	1672	49.0863125	2680	50.7799875	5112	53.093225	
144	40.960025	200	42.7806125	304	44.5528	552	46.1836	1288	48.5347125	2544	50.6007	4808	52.9319625	
176	41.1249	240	43.3066125	368	45.239975	544	46.656175	1152	48.7614375	1944	50.3534125	4056	53.003125	
224	40.8521375	328	43.442675	440	45.2742	624	46.855225	1016	48.564925	2280	50.5772	4048	52.82985	
552	40.3702125	672	43.219	896	45.13535	1288	46.96705	1792	48.7196375	3096	50.8979125	5416	53.02545	
168	40.36915	224	43.4526	312	45.19885	616	47.0613375	1160	48.8700875	2064	50.7249875	4112	52.9490625	
136	40.277625	168	43.02405	376	45.2138	592	46.9820125	1064	48.71665	2048	50.875625	3696	53.20665	
136	40.1941375	240	43.0479625	400	44.9092	688	46.5813	1192	48.5198	2600	50.803075	4456	52.976925	
544	40.820875	688	43.7549625	840	45.3880625	1240	47.051375	1880	49.1987625	2864	50.832625	5200	53.3460375	
184	41.5884625	240	44.413625	328	45.8307625	680	47.3819875	1064	49.20965	2080	51.0731	4056	53.259525	
200	41.8695	152	44.390875	288	45.8441875	480	47.3663625	776	49.1430125	1800	51.1608125	3568	53.4170125	
176	42.092475	184	44.124175	392	45.7746125	664	47.6368	1048	49.4103875	1920	51.2763625	3688	53.5423625	
424	42.162225	496	44.329525	672	46.634775	952	48.219425	1408	49.8261875	2384	51.782325	4200	53.7410375	
136	43.153175	240	44.5536	336	46.7112375	504	48.0033375	824	49.4371	1840	51.5828875	3680	53.821825	
120	42.329975	120	43.3916125	312	45.6505875	704	47.9608875	1136	49.5873375	2224	51.6722875	3944	53.5452875	
136	42.204675	192	43.749	368	45.665825	752	47.8885875	1224	49.3132875	2344	51.555825	4360	53.873575	
416	41.382725	600	44.3644625	752	46.411075	1024	47.5702375	1664	49.8547875	2608	51.533175	4552	53.500225	
192	41.707925	232	44.6129125	384	45.8724875	704	47.5282875	1296	49.7984	2264	51.4765	4320	53.6122875	
176	40.3952375	408	44.590025	632	46.2313	1024	47.8569375	1472	49.73275	2344	51.649825	4360	53.645175	
248	39.7625125	320	43.9138	512	45.5541875	856	47.1773	1464	49.4551625	2416	51.408725	4368	53.3648125	
600	39.9761625	800	43.733625	1064	45.34935	1464	46.72045	2264	48.975175	3584	50.91665	5680	52.9591625	
368	38.20865	512	42.0693125	840	44.3852875	1400	46.0939125	2104	48.1443625	3448	50.140925	5928	52.4934125	
440	37.665075	704	41.896025	1024	43.800025	1464	45.8592125	2136	47.76355	3584	49.742725	6104	52.2610375	
440	37.3421375	704	41.2784	1088	43.885825	1648	45.565675	2536	47.8481625	4248	50.1726375	6896	52.449975	
680	38.692475	968	41.8550375	1368	43.81925	1840	46.1704375	2768	48.10605	4336	49.8911	6984	52.19255	
296	37.981975	656	41.940275	936	43.4675375	1408	45.870725	2360	47.9040625	3904	50.1639875	6392	52.55595	
360	38.200725	416	41.1132375	832	43.1467375	1352	45.7308125	2272	47.789425	3552	49.899925	6072	52.2366875	
320	38.765175	640	41.4744875	928	44.1382375	1488	46.6647	2144	48.600975	3368	50.779025	6040	53.2829625	
520	39.821575	680	42.66225	1024	44.9722125	1544	47.0196	2136	48.8473375	3432	50.94985	5952	53.3381375	
208	39.114625	360	41.992375	640	44.1029125	976	46.489925	1816	48.6829	2880	50.5284125	5256	52.9572	
144	38.97625	336	42.307625	616	44.5118875	1040	46.6145	1696	48.7386125	2752	50.585775	4792	52.833425	
136	39.3346	320	42.1016125	464	44.6699375	1088	47.147825	1312	48.758875	2648	50.8961	4312	52.9806375	
424	40.1725625	632	43.2025625	984	45.3006625	1240	46.8187625	1888	48.9975625	2976	51.0749	5376	53.139675	
88	40.9433125	216	43.477175	424	45.488425	808	47.49205	1400	49.2277375	2392	51.312775	4304	53.519325	
96	40.395675	264	44.1058875	432	45.4629125	856	47.26565	1568	49.4634625	2560	51.7166375	4360	54.0199625	
232	40.2602	352	44.2764	552	45.8792	752	47.3189	1408	49.4737	2456	51.7834625	4192	53.982375	
432	41.367525	520	43.667	816	45.4958375	1192	47.7979625	1728	49.742975	2696	51.6956375	4680	53.851425	
248	41.6083625	312	43.44425	544	44.8728625	904	46.915	1440	48.96345	2648	51.3543	4704	53.3837625	
136	40.7821875	320	43.181725	560	45.3326	1080	47.8059625	1528	49.520725	2632	51.6408625	4536	53.950425	
128	39.29625	328	42.738675	512	44.9441125	912	47.10935	1624	49.0386875	2632	50.9520375	4392	52.846325	
480	40.296575	760	43.095875	1000	44.9439125	1400	46.7586875	2112	49.137325	3248	51.2637625	5344	53.2810875	
168	41.091725	296	43.1844625	520	45.3051125	864	46.9742625	1312	48.8473875	2504	51.21335	4320	53.2005625	
192	40.142925	304	42.7176125	488	44.3657125	904	47.278275	1600	49.24745	2464	51.023525	4576	53.2887625	
168	39.7256	240	42.0951625	584	44.42405	856	46.655325	1440	48.9225375	2616	51.121425	4512	53.4515875	
448	41.1183	616	43.1729	816	45.5041	1184	47.2914	1720	48.988025	2888	51.3012125	5064	53.5397	
104	40.0301375	256	42.0681875	528	45.4245625	752	46.999725	1256	48.993525	2216	50.852625	4144	53.2021	
136	39.8636	256	41.971925	480	44.95245	808	46.7824375	1464	49.0337375	2472	51.1983375	4328	53.4810875	
144	39.4079375	248	41.3607375	536	44.3531875	816	46.3045875	1664	48.6436875	2816	50.8791125	4920	53.1521875	
464	40.593025	624	43.0836125	936	45.0588	1184	46.7719	1696	48.9303875	2968	50.79625	5144	52.9862125	
96	40.578975	192	43.0823125	368	44.8697875	656	46.9170625	1200	49.0891125	2200	50.9170125	4400	53.358125	
152	40.0397375	336	43.1576	560	45.5001125	920	47.0856625	1496	49.354825	2576	51.661275	4392	53.7761875	
104	39.78335	192	43.3653875	336	46.10715	584	47.8023625	1048	49.5295375	1984	51.5532125	3680	53.6641125	
432	40.75395	576	44.2535125	656	46.1046875	1080	47.81745	1608	49.57735	2584	51.5492	4696	53.883075	
104	40.334425	168	43.5385	392	45.6783875	736	47.77485	1360	49.7621	2280	51.8381625	4032	53.9319375	
200	40.2813375	328	43.5342375	552	46.3638875	744	47.9539875	1160	49.8866125	2072	52.0887875	4064	54.09945	
192	40.211875	240	43.4684375	344	45.6638	640	47.7042	1000	49.642775	1848	51.825025	3616	53.9148375	
432	42.6908875	544	45.0988625	664	46.3406	944	47.8723125	1544	49.9283125	2472	51.9656375	4216	54.063875	
112	42.16275	152	44.6779125	360	46.3021375	592	47.7658	1200	50.08195	1960	52.09875	3544	54.2655625	
144	41.637625	224	44.3276625	344	46.4437125	648	47.9765375	968	49.9090625	1840	52.1982125	3392	54.2133875	
144	40.51115	328	43.9389625	512	46.7899125	784	48.1363375	1168	50.2107375	1936	52.531525	3576	54.8091375	
408	41.357375	520	45.232675	720	46.2952	896	48.3107875	1536	50.0346375	2360	51.93745	4072	54.2401	
96	41.767025	80	45.4131	264	46.7633125	472	48.5072625	840	50.0237875	1688	51.9739375	3296	54.32025	
112	41.6344	208	45.730625	296	46.9513125	464	48.468075	912	50.5255	1736	52.4313375	3200	54.4387125	
168	41.92175	272	45.378	464	47.3640875	672	48.7548375	1016	50.3781125	1872	52.3954875	3816	55.019325	
424	42.7194	448	45.53995	560	47.4272125	880	48.7383125	1184	50.836125	1952	52.5193625	3216	54.4715625	
80	42.2185125	104	45.5740125	216	47.5491	360	48.5069375	704	50.52435	1336	52.4064	2784	54.85845	
104	42.057425	176	44.49885	456	47.27855	760	48.6382625	1088	50.286875	1952	52.38335	3960	55.1684625	
80	40.9548875	240	44.6025125	392	47.1293375	624	48.703525	992	50.5373625	1880	52.6503625	3376	55.1708875	
440	42.86345	472	45.3091875	576	47.156225	816	48.4636125	1256	50.549975	2032	52.756825	3544	55.036425	
136	41.0913625	144	44.7301625	232	46.3870125	592	47.9212625	1024	50.2427	1824	52.75455	3296	55.0279625	
160	39.99	312	44.523475	472	46.727325	680	48.173025	1032	50.3525375	1752	52.5514125	3288	54.948975	
176	39.948925	192	44.181775	312	46.2832125	512	47.9878375	800	50.2119125	1400	52.5708625	2528	54.6880875	
448	41.5129375	552	44.4265	736	45.988825	992	47.919725	1472	50.2206375	2208	51.96355	4072	54.6896125	
96	40.1765125	296	43.9243625	360	45.090025	816	47.4167125	1320	50.0373625	2144	51.9631625	3712	54.415825	
224	40.6950875	272	44.3861	512	45.871575	696	47.992925	1024	49.6099875	1968	52.0376625	3728	54.655625	
192	40.634725	216	44.3183	384	45.7409125	480	47.6809625	992	49.684175	1784	51.9057625	3424	54.4968	
432	41.6090125	528	44.82585	656	46.040025	936	48.7608375	1440	50.4508875	2296	52.6029	4080	55.127325	
104	40.8278	160	43.7071	352	45.518525	696	48.2320875	1272	50.117125	2184	51.9023875	3824	54.313875	
136	40.8472625	248	44.0879625	408	45.8432	672	48.0876	1016	50.299025	1752	52.229625	3288	54.64195	
224	40.6198875	272	43.656325	528	46.1318375	648	47.92215	1040	50.3985625	1904	52.408275	3736	55.2496625	
424	41.01345	512	44.7816	680	46.5828375	856	48.3217625	1304	50.4037875	2088	52.4967375	3584	54.7737	
168	41.27225	160	44.7033	328	46.340075	432	47.7391875	904	49.9670875	1688	52.00645	3176	54.3404	
96	41.273275	160	44.38635	272	46.0791375	544	48.0212	968	50.169325	1584	51.972025	3400	54.4020625	
168	41.736525	168	44.705475	288	46.670125	504	48.4552625	680	50.378675	1576	52.532575	3152	54.8762	
424	42.882725	464	44.6604375	592	46.85765	984	48.8155625	1200	50.3779	1952	52.5335375	3600	54.659075	
128	42.0719875	184	45.176825	216	46.7488875	480	48.4594	752	50.134975	1752	52.66435	3408	55.4062625	
168	42.8762	144	44.8235	224	46.750675	368	47.8561375	792	50.1028	1736	52.518125	3384	55.0364375	
104	43.084425	128	45.1267125	248	46.929275	400	48.1402	816	50.109025	1592	52.4865625	2960	54.62455	
408	41.967275	488	45.0111875	664	47.2290375	896	48.84065	1336	50.7970625	2072	52.6894625	3576	54.7836625	
120	41.4746125	168	45.475175	248	47.0858375	320	48.2591875	640	50.557975	1144	52.5294375	2224	54.5257875	
104	42.1811	120	44.8773625	256	46.505075	584	48.24725	1008	50.3225125	1840	52.3767125	3472	54.5881125	
80	41.7763875	144	44.7364625	344	47.0195	456	48.3704125	856	50.4287875	1432	52.4489625	2816	54.5444375	
440	41.5653	528	45.2238625	672	46.8037375	968	48.4872375	1464	50.8045	2224	52.534475	3808	54.6192	
176	41.7947125	264	44.9128625	368	46.47095	496	47.975525	992	50.29345	1768	52.1624875	3576	54.45835	
200	41.28525	280	43.803825	432	45.671525	864	47.6926375	1352	49.782575	2232	51.61385	4056	54.2534375	
208	40.7580125	288	42.9446	560	45.1209125	904	46.9463625	1528	49.155675	2480	51.1652625	4464	53.7402625	
464	39.9756	680	42.6391625	1128	44.509725	1640	46.4694375	2608	48.2822125	3960	50.092425	6840	52.53455	
280	38.3726	552	40.8708125	1144	43.07615	1944	45.047775	3072	46.8933625	5128	48.9411125	8760	51.1850875	
264	37.2899	664	40.03845	1112	41.73125	2040	43.6264625	3392	45.69405	5696	47.5817	10280	50.1677625	
368	37.05815	824	39.384875	1328	41.056025	2528	43.1281875	4400	44.9499625	7480	47.0978375	12632	49.51475	
656	36.8735375	1112	39.0899625	2112	41.1956	3408	42.88775	5648	45.033925	9152	46.9042875	14984	49.180425	
448	37.171625	784	38.8950125	1704	40.8818125	3080	42.80255	5272	44.9913625	8472	46.899975	14304	49.2319	
384	38.629025	664	41.4120125	1096	43.9859625	1840	46.595675	2632	48.5179375	3832	50.1917375	6104	52.267475	
424	38.0038	616	39.4551875	1008	41.181375	2240	43.438875	4064	45.7394125	6896	47.6608875	11608	50.0401125	
640	38.481775	832	41.2551625	1368	43.17275	1984	44.9689625	3280	47.0392375	5208	48.7590375	8768	50.967025	
688	35.8596625	1104	38.6504625	1864	40.6771875	3424	43.1411625	5152	45.2875625	8568	47.684175	13264	50.201425	
336	36.0823625	592	38.4574875	1296	40.739275	2352	43.0665125	4248	45.5207875	6992	47.9298375	10928	50.2800625	
288	36.6746125	632	39.459	1288	41.3547375	2336	43.700975	3768	45.95745	5984	48.1764875	9792	50.4994875	
528	39.9336375	736	42.532175	1040	44.87995	1512	46.6413625	2248	48.592775	3504	50.529675	5832	52.5486375	
296	40.397225	432	43.3556375	632	45.407675	944	47.2996125	1600	49.34915	2624	51.262425	4608	53.1300875	
272	39.72785	408	43.882025	424	45.579975	680	48.1929375	1248	50.1799875	2136	52.0363125	3720	53.9663125	
216	39.9433125	336	43.906425	480	45.5933625	664	47.508175	1328	49.745725	2240	51.55155	4080	54.059725	
472	41.146575	592	44.5715625	784	45.72335	1120	47.6639875	1704	49.74535	2672	51.487875	4448	53.5165875	
160	40.832625	192	44.178375	416	46.0365375	744	47.5918375	1112	49.2556375	2352	51.202775	4384	53.320025	
224	41.0818375	272	44.1916125	544	46.228475	728	47.5113875	1104	49.0653875	2320	51.23825	4408	53.6720125	
224	41.3713625	312	44.2879875	424	45.2765	856	47.5681875	1440	49.571425	2304	51.2386875	4168	53.6359875	
552	41.1367375	640	43.9605625	848	45.60165	1088	47.3744875	1768	49.4377	2760	51.386875	4568	53.4307375	
128	40.2942125	320	44.4585375	464	45.7275125	688	47.4033625	1296	49.4089875	2328	51.16885	4384	53.28975	
312	40.4270875	376	43.6989875	664	45.8749	832	47.20805	1512	49.0866	2536	51.177	4448	53.3848875	
200	40.69495	328	43.137275	456	45.1100375	712	46.6158	1520	48.7396125	2656	50.9551625	4912	53.0927375	
1200	40.656175	1304	43.6484375	1608	45.71675	1920	47.55095	2584	49.222325	3560	51.162575	5664	53.081825	
192	39.8830875	272	42.9890625	600	45.2780875	928	47.37735	1656	49.015825	2808	51.2224125	4696	53.050675	
224	39.4983625	432	43.6583375	592	45.2526625	816	47.1229125	1576	49.1712	2592	51.2774875	4360	53.3021	
232	39.8625625	256	42.8694375	496	45.111425	784	47.098725	1368	49.212	2192	51.09575	3976	53.2795625	
488	41.53325	584	43.6926375	856	45.40315	1136	47.5304625	1808	49.2826875	2760	51.3120875	4592	53.2387125	
144	40.8894375	200	43.14565	392	44.979025	608	46.9555625	1384	49.3943375	2224	50.9675	3968	53.147325	
128	40.656225	128	42.812075	264	45.0254375	456	46.863425	848	49.1279	1832	51.066775	3400	52.9167375	
128	40.4599875	176	42.7712625	288	44.7288	392	46.5524625	784	49.0068125	1536	50.92955	3072	53.2138625	
520	40.9149625	624	43.506225	840	45.274175	1104	47.0591875	1808	49.339975	2656	51.21655	4560	53.2745	
144	41.3399375	168	43.4791375	232	45.3833375	392	47.0989875	824	49.1597375	1608	51.2288625	3328	53.4833375	
104	41.4263125	120	43.5210625	200	45.6755	264	47.0117875	664	49.0836875	1368	51.115	2960	53.3937625	
80	41.0031	112	42.6338125	312	45.2689875	720	47.0040875	1192	49.38405	1904	51.271575	3968	53.58195	
496	41.1803375	568	43.81485	800	45.4712875	1040	47.5377625	1656	49.5187375	2736	51.3824125	4568	53.5011625	
152	41.4829625	232	43.5181625	360	45.174425	592	47.3315625	1008	49.096625	2032	51.171825	3648	53.35815	
88	40.7264875	200	43.1148	424	45.3576	744	47.6206625	1264	49.2100375	2176	51.1884	4096	53.4849	
112	40.75105	184	42.8370875	360	44.8763	600	46.5968375	1208	48.8037625	2448	51.2216125	4512	53.4703125	
448	41.1505875	592	43.6817125	808	45.21755	1160	47.3936	1648	49.3768	2584	51.3203	4592	53.26225	
144	41.374275	168	43.012375	256	44.607025	528	46.954725	936	48.9158375	2200	51.0944	4104	53.4170375	
128	40.5123125	192	42.73365	376	44.7046375	728	46.851875	1280	49.112075	2520	51.4700375	4200	53.6080875	
192	40.917375	168	42.8854125	320	44.267525	816	47.1760875	1304	49.2402125	1984	51.2625875	4040	53.780675	
464	40.8102875	600	44.080375	816	45.171225	960	46.9413875	1672	49.2681	2568	51.2819625	4448	53.2339	
104	41.3837875	144	43.3895	288	45.0123375	488	46.930075	856	49.1282125	1728	51.2210375	3728	53.53335	
208	41.9834625	296	43.129225	440	45.3676625	776	47.3808125	1272	49.322275	2240	51.2801	4096	53.4247375	
80	41.81605	208	43.517125	264	45.379475	488	47.218875	752	49.2017375	1632	51.2381625	3208	53.5155875	
440	41.7778125	552	44.3901125	712	46.0514875	1072	47.6137875	1544	49.2530375	2600	51.3393	4648	53.43925	
104	40.89255	136	43.039875	408	45.431075	560	47.0853	1008	49.10805	2224	51.2195625	4376	53.494575	
168	41.0406375	240	42.9237	320	44.9962375	512	46.6795	1160	49.1769	1976	51.031125	3912	53.129	
176	40.6518625	328	42.5172625	512	44.3639625	1008	47.152875	1392	48.9398625	2448	51.0398375	4328	53.39125	
416	41.097975	552	43.27665	800	45.1122875	1152	47.28255	1712	49.3552	2536	51.1382625	4728	53.2600625	
120	41.3570875	128	43.128375	304	45.3375375	504	47.236125	1008	49.3583	1800	51.1466125	3488	52.9977125	
176	40.1719	304	43.4445375	424	45.1832	616	47.1990625	1208	49.3823625	2232	51.291525	4024	53.6058375	
120	39.7021875	232	42.905775	280	44.245525	608	46.9739375	1176	49.3675375	2248	51.3457125	3976	53.668625	
424	40.97985	584	43.5736875	744	45.031175	1152	47.9735875	1624	49.7840625	2384	51.9032375	4008	54.0339	
96	41.292025	120	43.291725	264	45.13125	488	47.5725125	888	49.5599	1672	51.73785	3472	53.94525	
120	40.651675	280	42.5114875	504	45.1534625	856	47.330975	1344	49.62965	2344	51.899325	4256	54.1835125	
112	40.7980625	384	43.783525	320	45.53725	648	47.8666375	1056	49.696125	1928	51.6064	3808	53.8871375	
416	41.053675	568	43.425275	696	45.5333625	1160	47.9005125	1528	49.8248625	2328	52.008725	4168	54.0709125	
216	40.5571375	280	42.9519125	592	45.9277125	816	47.587625	1424	49.4699125	2240	51.5457	4360	53.7091625	
200	39.771475	440	42.961425	544	45.364125	792	47.099	1376	49.0970625	2392	51.181425	4520	53.447775	
224	39.96185	296	42.9214375	384	45.265125	656	46.9265125	1240	49.0754625	2208	51.0121125	4000	53.148975	
552	41.010125	704	43.5289375	880	44.9646875	1280	47.2143375	1936	49.159725	3248	51.4935375	5144	53.504675	
224	40.0480375	264	42.948325	336	44.7556375	800	47.09955	1072	48.77835	2048	50.9662375	3752	53.105875	
176	39.63545	272	42.7319875	512	45.115925	640	47.0582125	1168	48.8369625	2272	50.828875	4448	53.1835875	
240	39.6631375	288	42.5470125	456	44.852775	872	47.0499	1336	49.097575	2328	50.7455875	4008	53.08005	
560	40.1891875	704	42.9081875	1040	44.9387375	1384	46.5757	2200	48.9542875	3288	51.1001875	5488	53.2928875	
152	40.0396375	200	42.9586625	272	44.5974	584	46.6203125	1128	48.809925	2152	50.9912	3936	53.1836875	
168	40.406475	136	43.3518375	232	44.9714	448	46.8478375	576	48.652675	1392	51.1016	2928	53.4594625	
144	39.4900625	176	42.6367875	520	45.044125	664	46.8272125	1104	49.00885	2200	51.3327	3832	53.453375	
536	40.32195	672	43.4451	856	45.330925	1184	47.184975	1952	49.5966375	2800	51.3719375	5088	53.6415125	
208	40.819875	224	43.9022125	312	45.389175	608	47.3846	1040	49.557125	1936	51.4215625	3304	53.627025	
152	40.2748375	240	43.231975	424	45.60065	712	47.334725	1152	49.4914375	2136	51.64955	3704	53.8063625	
128	40.4609125	368	44.468025	392	46.230925	736	48.1729875	1168	49.977575	2000	52.019075	3696	54.1403375	
416	41.4333875	576	43.7968875	760	46.862475	944	48.2408375	1584	50.458	2384	52.3572125	4056	54.718	
96	41.3269625	184	44.0013375	352	45.9855125	736	48.3511375	1120	50.094175	1912	52.178225	3472	54.1820125	
128	41.9827625	224	44.3850625	384	45.964525	584	48.310025	992	49.69975	1904	52.1777625	3384	54.3367875	
128	41.9273375	184	44.3102	312	46.053075	544	48.30495	872	49.9336375	1608	52.2353875	2888	54.182875	
384	40.633525	576	44.3550375	688	46.444725	960	48.545875	1392	50.204425	2416	52.501925	3776	54.749925	
144	41.0423375	256	44.2810375	352	46.29575	560	47.6469625	1208	49.9932125	2176	52.352475	3736	55.1591	
120	42.4069125	144	44.5559875	216	46.8909875	456	49.007425	656	50.039575	1664	52.8751875	3120	55.1966625	
96	43.15095	120	45.6333875	200	47.224475	272	49.244825	584	50.3811875	1240	53.086375	2696	55.5487	
344	43.3088	472	45.9467625	536	47.9692875	720	49.7627375	1008	51.332025	1800	53.56315	3160	55.9915125	
120	43.4673375	112	46.2883	168	48.339675	208	49.59085	552	51.257675	1096	53.301575	2432	55.98345	
80	43.2950125	80	46.1320625	136	48.7278875	248	49.847325	408	51.3036375	888	53.5540125	1968	55.97415	
80	42.6858	128	46.3511	128	47.8092625	256	49.3657375	560	51.3134875	1128	53.483375	2416	56.2598375	
384	44.1968375	416	46.53155	560	48.043025	664	50.2393375	976	51.855825	1656	53.923	2952	56.245075	
96	43.86695	104	45.79815	208	47.5417125	328	50.4639375	504	51.5916625	1208	53.717575	2584	56.20145	
128	42.8875375	224	45.217	432	46.8887875	560	49.20275	1000	51.4627	1808	53.805625	3032	55.98625	
96	42.164125	160	45.4652875	280	46.88445	392	48.8719125	864	50.8863	1528	52.8092875	3192	55.31985	
408	42.9635125	512	45.8328625	712	47.8158875	896	49.3242125	1344	51.2842125	2144	52.9415125	3656	55.0281875	
136	41.3613875	280	44.29915	504	46.2944625	680	48.2058875	1120	50.280175	2088	52.138175	3624	54.4142875	
168	41.033925	256	43.4449	400	45.72555	744	47.8588875	1168	49.8605875	2232	51.9185	3848	54.2328125	
152	41.2299625	240	44.4202125	408	46.4578625	648	48.2646875	1128	50.5832	1888	52.304025	3432	54.2022875	
424	41.18835	648	43.90235	808	46.9390875	1080	48.3826875	1616	50.242775	2528	52.2833375	4064	54.23735	
152	41.019725	288	43.5135	392	46.1151625	632	47.7454375	1128	49.7390625	2080	52.03105	3648	54.2377375	
152	41.4377125	264	43.990325	400	46.245125	616	48.117875	1152	49.6292	2136	51.5215	3952	53.7136625	
160	41.7154875	248	43.6535375	472	45.7113125	768	47.9676125	1320	49.7646625	2384	51.9386	4168	54.2248375	
424	41.319425	552	44.2001625	752	46.226525	936	48.400425	1496	50.066125	2384	51.9797	4120	54.0269625	
104	41.36325	184	44.2280625	256	45.5358375	488	48.461675	808	49.892875	1392	51.7328	3032	53.8893	
168	41.31845	200	43.644275	368	45.5443125	472	48.2476625	736	49.8053125	1400	51.6719125	3048	53.9792375	
144	41.1925375	208	43.0805125	472	45.8972875	648	48.0911	1136	50.074325	2032	52.21185	3496	54.2747625	
352	41.7032375	520	44.26065	704	46.7273625	944	48.8261375	1312	50.6751375	2016	52.6066625	3528	54.5652375	
112	41.786275	208	43.9783625	232	46.2535875	408	48.4868625	752	50.2396	1384	52.2035375	2776	54.4347625	
152	40.8741875	296	44.64635	400	46.363825	696	48.8516875	1008	50.4373375	1592	52.4396875	3080	55.016525	
136	40.564075	120	44.2743125	304	46.216075	432	48.5707125	872	50.5406125	1664	52.3901	3096	54.90485	
384	42.4565125	496	45.544425	624	47.3103875	832	48.8778875	1232	50.817625	1968	52.832675	3320	54.98725	
80	42.1506	96	45.1666375	120	46.7209375	344	48.737175	512	50.3316375	1144	52.120975	2568	54.5252	
112	41.7356875	208	44.7429625	352	46.41145	496	48.135425	800	50.0516	1696	52.267375	3128	54.187025	
80	41.8338375	168	44.5551625	272	46.846975	480	48.4685375	760	49.903625	1800	52.236025	3616	54.551475	
456	42.1027625	520	45.0296	624	47.276075	816	49.205325	1200	50.6183375	1920	52.5579875	3560	54.5677875	
96	42.1861125	168	45.2702625	248	46.83225	352	48.7083875	936	50.5969125	1608	52.4611625	3200	54.7226	
80	41.9853	192	45.3574	288	47.020475	472	48.72455	984	50.4429875	1704	52.872375	3152	55.04285	
144	42.16795	176	45.125275	296	46.993075	424	48.5296	816	50.5496	1472	52.7966875	2608	54.6641625	
472	42.025825	536	44.91565	728	47.59185	936	49.1079125	1336	50.9703875	2184	52.9212875	3480	54.904975	
104	41.6569375	216	44.6490875	480	46.89665	648	48.732425	1104	50.8729125	1880	52.7147875	3312	54.6447	
168	41.1201375	312	45.1294375	400	46.82695	544	48.3681625	928	50.54955	1656	52.44765	3584	55.1508375	
80	39.93025	176	44.402075	176	45.4551375	472	47.925725	904	50.3649375	1504	51.86245	2912	54.3181375	
488	41.999125	544	45.204675	768	47.128525	944	48.296	1384	50.2848375	2320	52.2106875	4000	54.3780125	
104	42.0463875	112	43.5965	400	45.925825	648	47.8855625	1136	50.03925	1992	52.0909625	3600	54.0506125	
120	41.5481625	336	44.080025	384	46.5967875	384	47.6368375	720	50.0234375	1448	52.043125	3040	54.056175	
160	40.452	328	43.9876	440	46.5069875	776	48.2795	1112	50.3848875	1632	51.8778125	3680	54.3265875	
488	41.9901	584	45.79045	792	47.2011875	1000	48.7342625	1512	50.681575	2328	52.4499625	3960	54.7307375	
80	41.12585	152	44.750625	256	46.7956	416	48.2055375	736	50.230425	1488	52.01185	2432	54.3494	
200	41.0391	312	44.2056875	544	46.4572	720	47.9611625	1168	49.7124625	2128	51.9573375	3776	54.168	
232	41.2015	376	44.3086375	360	45.8601125	760	48.1297375	1256	49.9707125	1968	51.8909	3752	53.8252625	
456	42.1463875	584	44.6543625	768	46.85975	1016	48.2313625	1480	49.9168625	2416	51.87795	4112	53.5337125	
96	41.4215125	176	43.732775	344	45.3965125	776	47.7964375	1200	49.450375	2392	51.5426625	4288	53.5598125	
240	40.6970875	392	43.59935	528	46.090575	864	47.979875	1240	49.662325	2240	51.5637625	4256	53.4655375	
224	40.672975	280	43.635475	376	45.5846875	816	47.435975	1336	49.2691875	2352	51.1233	4352	53.355725	
488	41.6249875	576	44.201725	816	45.5886625	1152	47.7102625	1688	49.5876375	2624	51.5588625	4728	53.8073875	
80	41.54245	160	44.023175	288	44.9471125	928	47.92195	1280	49.481775	2376	51.6602625	4400	54.0006875	
128	41.708875	144	43.983275	264	45.2661375	544	47.9083125	952	49.453375	1984	51.7330375	3704	54.0332875	
80	40.7078375	248	43.9960875	424	45.561675	568	47.7958	1112	49.5760125	1936	51.5105375	3656	53.818475	
504	41.6690875	600	44.2627125	768	45.8264625	1176	47.6828875	1768	49.8173375	2768	51.83365	4448	53.7461625	
112	42.1478625	152	44.6405125	272	45.969325	472	47.9292	992	50.099975	1752	51.8003875	3568	54.1743125	
192	41.325375	264	44.0261	488	45.8266625	672	47.6481875	1112	49.4900875	2168	51.3463	3736	53.4172875	
192	40.8088	312	43.5575625	440	44.824325	816	46.8009875	1360	49.19285	2656	51.24805	4464	53.355025	
520	40.3695125	696	42.8593375	976	45.2027625	1424	47.237875	1928	49.332025	3160	51.19815	5320	53.1561375	
208	42.13915	376	44.4272125	504	45.603275	896	47.6422625	1336	49.387675	2312	51.5767125	4096	53.76885	
248	41.3034875	464	43.6409375	592	45.412925	928	47.5857625	1464	49.393225	2504	51.51055	4392	53.4513625	
176	40.2755	256	42.63885	440	44.983425	720	47.0208125	1232	49.0439	2408	51.332625	4360	53.5491875	
456	40.5267875	752	42.13205	960	44.6047	1448	46.905025	2176	49.01055	3224	51.0225	5544	53.4334375	
128	40.1935875	312	41.93565	584	44.79705	856	46.607525	1400	48.5154	2616	50.6784625	5120	53.1975375	
208	39.6132375	416	41.604725	664	44.523675	1072	46.402375	1672	48.5228375	2952	50.4963875	5576	53.3713625	
160	39.656125	328	41.831925	624	45.095225	968	47.1908125	1536	48.865225	2712	51.0431375	4744	53.7391625	
448	40.16395	616	42.56285	800	45.0994625	1144	46.8116625	1736	49.2756625	3032	51.247725	5000	53.346025	
96	39.3732125	224	41.9341125	552	44.5414625	1008	46.51985	1576	48.9483625	2664	50.9549	4672	53.5286125	
192	39.9404	400	43.4526625	624	45.4025	968	47.3878625	1552	49.446525	2696	51.660775	4616	53.771725	
280	39.7726875	240	42.3598125	544	44.525275	832	46.9954625	1480	49.400775	2632	51.546675	4464	53.7173	
440	39.595	680	42.4163125	896	45.7303375	1208	47.4749875	1784	49.4133625	2984	51.7370125	4824	54.153475	
104	40.11025	200	42.6154375	336	45.4902625	664	47.657275	1120	49.5403125	1936	51.6289	3624	53.8717125	
136	40.4505625	328	43.4497875	472	45.6568	736	47.770925	1120	49.331375	2112	51.4988125	3680	54.1488375	
144	40.406875	232	43.0925125	400	46.08255	752	47.6768875	1136	49.5518625	2032	51.6371625	3640	53.606525	
384	41.593275	576	44.3914875	688	46.575425	1056	48.4046375	1496	49.7482375	2408	51.6243375	4488	53.848225	
120	41.377175	208	44.6050625	320	46.331825	544	48.116725	904	49.5560625	1872	51.619575	3784	53.742925	
176	40.7975875	288	44.0904625	416	45.7289875	688	47.5820375	1152	49.366825	2224	51.4209125	4272	53.7663375	
128	40.7232375	336	43.806375	536	46.149825	680	47.6884625	1536	49.81515	2488	51.5668	4536	54.0356125	
464	41.8186125	616	43.5744625	864	46.434625	1168	48.3403625	1560	49.5855125	2648	51.894175	4720	53.93045	
120	41.550325	200	44.23755	264	46.26065	408	47.9873625	848	49.4074875	1736	51.5622125	3488	53.4567375	
176	41.2993875	200	43.7856375	240	45.6613875	608	47.703975	1088	49.56695	1800	51.23865	3640	53.357125	
176	41.6867	288	45.018825	336	46.084725	504	48.0539625	1040	49.6622	1664	51.264975	3352	53.449875	
504	42.1382125	584	44.44665	808	46.4689875	1144	47.8707125	1720	49.8041625	2736	51.5958875	4432	53.323925	
240	42.59385	232	43.593125	400	45.5226875	752	47.0864	1288	49.098375	2264	50.979675	4280	53.0810875	
200	41.7675	296	43.3895625	344	45.2394875	688	46.9416625	1208	48.9375875	2080	50.7651	4192	52.8714375	
224	41.206175	336	43.4384875	456	45.1489375	744	46.843825	1224	48.726225	2320	50.6900875	4368	52.6992	
576	41.1531875	720	43.1228125	1088	44.8869625	1544	46.77145	2296	48.6726875	3616	50.9029	5840	52.8768125	
280	39.9981	336	42.6922375	544	44.459175	888	46.4512	1512	48.3830625	2848	50.343525	4864	52.4947625	
280	39.81595	352	42.2197625	680	44.49045	1048	46.5045	1680	48.41635	2864	50.14785	5144	52.5509625	
256	39.4018125	320	42.14415	656	44.5293875	1160	46.4111875	1904	48.5507375	3336	50.433425	5704	52.7428125	
520	39.7835	744	42.73445	1056	44.78275	1648	46.6193875	2480	48.6620625	3816	50.6841625	6104	53.0118125	
264	40.4726625	320	42.7955125	600	45.0439875	944	46.9578375	1560	48.5187	2776	50.5566375	5160	52.759125	
160	40.7742375	304	42.923025	392	45.1392375	800	47.244	1432	48.8687125	2520	51.0726	4624	53.4308125	
192	40.3959375	384	43.3244875	488	45.4199	864	47.1781	1560	49.5481	2664	51.4977125	4472	53.535375	
464	42.1094875	544	43.9468875	832	45.7139375	1168	47.9050125	1760	49.686725	2760	51.69485	4848	53.960125	
160	41.2589125	232	43.5925375	392	45.553625	712	47.630775	1128	49.1840875	2216	51.2144875	4248	53.4495875	
216	41.013725	312	43.9560375	360	45.2912375	544	47.3332125	992	49.0872125	2064	51.256	4032	53.41105	
168	41.5034625	224	44.5541375	304	45.886625	480	47.70495	928	49.4743625	1752	51.2674375	3824	53.4708	
416	41.3421375	544	44.5769875	720	46.299775	1136	47.9442125	1520	49.6614	2472	51.4898125	4568	53.81475	
104	41.2069	152	43.6553125	288	45.91675	480	47.161	800	49.120075	1768	50.8724	3600	53.3952125	
80	41.1675	160	43.8426375	280	46.295175	456	47.528775	1000	49.51195	1872	51.436475	3736	53.7843	
80	40.9205875	152	43.39025	352	46.331875	504	47.5572125	848	49.3331	1832	51.414775	3656	53.4275375	
456	41.6520375	512	43.8385	760	45.6729875	1208	47.7140875	1736	49.55505	2640	51.3323625	4824	53.6069125	
88	41.02445	200	43.530675	448	45.6553125	688	47.433075	1256	49.5760875	2232	51.2914625	4272	53.5561125	
200	40.8435875	304	43.2793	552	45.9317625	784	47.7097	1080	49.2267875	2344	51.4691	4328	53.5522375	
160	40.04655	240	43.346975	424	45.8872	632	47.3745	1088	49.3732625	1968	51.1892875	3984	53.213925	
472	41.3694125	616	44.251725	776	45.8582375	1096	47.7500875	1696	49.776325	2648	51.7486375	4408	53.975525	
80	40.0944125	248	42.998075	552	46.3219625	784	48.026	1424	49.6046625	2448	51.595825	4400	53.9494	
168	39.908025	192	43.02725	336	45.8760625	672	48.050875	1192	49.4628	2048	51.554725	3856	53.60145	
248	40.1992625	408	43.4375875	632	45.9705	1008	47.954075	1520	49.794225	2400	51.6455625	4160	53.712925	
504	41.729275	600	44.3045125	696	46.5570875	1024	47.89195	1584	49.760675	2376	51.8039	4256	53.641075	
112	40.6734625	240	43.5028125	456	45.6448625	736	47.374775	1264	49.2911125	2224	51.0874625	4056	53.290925	
128	40.1635	312	43.2843625	456	45.174575	768	47.376275	1312	49.1633375	2504	51.1607375	4192	53.0792875	
208	40.3800875	256	43.71605	352	45.251675	712	47.2634375	1416	49.22805	2512	51.122825	4480	53.3675375	
528	41.356275	632	43.774775	880	45.90735	1280	47.4538375	2008	49.3333375	3080	51.215675	5192	53.338425	
128	39.5656125	384	42.6741875	512	44.515675	1032	46.2286375	1760	48.3652875	3152	50.648325	5488	53.1940625	
144	39.33885	216	42.5293875	536	44.3556625	816	46.183975	1544	48.2803375	2952	50.2737875	5296	52.6371875	
176	39.7197875	280	42.849375	256	44.4730375	768	46.653475	952	48.233975	2336	50.2181	4648	52.455225	
480	40.4997625	672	42.7394	1024	45.052325	1416	46.8894125	2192	48.6904375	3440	50.690775	5616	52.7419625	
128	39.7304125	224	42.4630375	504	44.5689375	952	46.36645	1440	48.224625	2696	50.384775	4944	52.634425	
144	39.231525	304	42.2761	488	44.423425	816	46.627075	1512	48.692275	2440	50.5673625	4552	52.917725	
160	39.7238	304	42.632475	536	44.60645	728	46.46235	1304	48.5412125	2632	50.4946375	4752	52.6539	
512	41.1903375	696	43.5119625	984	45.510925	1384	47.281075	2016	49.168075	3216	51.230525	5544	53.3527	
160	40.1611	376	43.0307125	512	45.46395	824	47.205375	1272	49.0836875	2424	50.9546625	4880	53.3999125	
192	39.883575	320	42.6773125	552	45.2007125	784	46.819875	1488	49.12365	2728	50.90285	5016	52.979225	
240	39.92085	416	42.5287375	568	44.950875	896	47.0883	1408	48.847475	2464	50.767625	4800	53.09945	
520	40.3387125	768	42.920675	1072	44.9143625	1480	47.341475	2256	49.3284125	3432	51.1287875	5512	53.0874625	
160	40.0565375	288	42.4158125	432	44.240175	760	46.50815	1552	48.7841	2736	50.7034375	4728	52.8719	
240	39.8463625	480	42.8417375	768	44.8912125	1112	46.7603875	1576	48.6638125	2832	50.56495	4968	52.77895	
384	40.3290375	496	43.0105125	656	44.69725	1232	46.8872125	2032	48.4610375	3264	50.3225625	5904	52.8789625	
704	39.8657125	1112	42.7160625	1272	45.01415	1696	46.687925	2504	48.7201125	3816	50.4680125	6216	52.419525	
272	39.6757875	480	41.7599	824	44.2895	1344	46.2277125	2128	48.26615	3448	50.0188625	6112	52.2733375	
392	38.829975	752	42.0670625	1096	44.299075	1432	46.0530875	2216	48.08265	3408	49.7943625	6008	52.1755375	
464	38.5955	648	41.513025	848	44.34875	1328	45.9123875	2208	47.91945	3784	49.8473125	6768	52.2357375	
912	38.9985	1224	41.9324625	1520	43.72895	2184	45.8798125	3168	47.6725625	4808	49.741975	7800	51.8372375	
360	37.8851625	656	41.2828875	984	43.205375	1440	45.371175	2320	47.4481	3640	49.4153125	6576	51.615425	
480	37.7476	592	40.5689375	952	42.79555	1496	44.8033875	2512	46.9035	4000	48.92765	6992	51.072525	
584	36.6029875	880	39.90285	1504	42.226025	2320	44.0221	3456	46.045425	5768	48.0723	10176	50.3378875	
1240	37.313625	1704	39.4770625	2344	41.533575	3296	43.7278125	4944	45.9026375	7632	48.1053375	11896	50.2418375	
448	36.4277375	1008	39.101775	1328	41.1091375	2240	43.2949	3600	45.570825	5856	47.5610875	9360	49.8722375	
696	36.335325	928	38.7912875	1480	40.9886625	2320	43.249575	3688	45.3704625	6000	47.3627875	10568	49.5561875	
536	35.8788875	1000	38.3707875	1664	40.953675	2488	43.06665	3840	45.2314875	6352	47.1441625	11184	49.4652125	
1344	35.9988	2056	38.4080125	3024	40.9052625	4152	43.04755	6032	45.1695375	8976	47.29375	14112	49.50395	
600	36.0898875	1120	38.630125	1472	41.1200875	2552	43.1845	3784	45.268175	6232	47.378525	10584	49.717125	
752	36.7492375	1160	39.5607	1744	41.6412125	2600	43.5854	4080	45.474625	6264	47.745825	10592	50.064325	
552	36.8531875	984	39.512775	1680	42.2366875	2312	44.1317125	3744	46.3791125	5864	48.5098125	9288	50.7317125	
1104	37.501425	1536	40.2456	2152	42.5228125	2840	44.6637875	4208	46.792875	6216	48.6955875	9672	51.073225	
328	37.7513375	672	40.5052375	960	42.4439	1696	44.694025	2960	47.114625	4464	49.0231125	7504	51.3034125	
408	37.504775	600	40.135825	1168	42.8076625	1616	45.0479375	2592	47.3094625	4104	49.343575	7000	51.769825	
176	37.06855	792	41.376625	1136	43.3865125	1408	45.500025	2360	47.7030125	3656	49.672875	6560	51.7362375	
648	38.7555	928	41.6084	1248	44.4851875	1744	46.40835	2448	48.296975	3984	50.2485625	6312	52.3010375	
176	38.231675	456	41.248225	704	43.8917125	992	46.59265	1720	48.7711625	2824	50.4089	4768	52.5233625	
184	38.56915	496	41.782075	720	44.41855	1216	46.5153625	1736	48.5430625	2912	50.5833375	5120	52.6515125	
240	39.23295	296	42.1225125	560	44.6825875	936	46.8783375	1616	48.9950625	2728	50.9206625	4712	53.122725	
472	39.8726625	624	42.370025	856	44.8256625	1064	47.695775	1624	49.4597375	2536	51.5242375	3960	53.634575	
120	39.5484125	192	41.8527875	456	44.4345875	704	47.4328125	1216	48.8026125	2128	51.1278625	3912	53.543925	
256	39.7230375	440	42.91405	552	45.1102125	872	47.5726	1328	49.2552125	2288	51.53535	3856	53.9243375	
304	40.1571	440	42.9322375	640	45.8807125	984	47.6702625	1440	49.6382625	2328	51.576425	4048	53.6365625	
480	40.971525	544	43.3940875	784	45.37485	1008	48.0563125	1552	49.8361125	2480	51.9731	3864	53.9905375	
80	41.2061375	168	43.9897875	328	45.4071375	584	47.496475	976	49.569025	1944	51.5792875	3568	53.70925	
144	40.9393125	168	43.580475	336	45.5702	600	48.0492125	1088	49.4987125	1944	51.4545875	3568	53.167175	
128	40.5474875	264	43.202975	424	44.91935	744	47.45075	1416	49.13385	2496	51.1662625	4416	53.3224625	
480	41.10285	728	43.141575	968	45.8085875	1392	47.376425	1968	49.0277	3160	51.025775	5112	52.9911625	
208	39.3797375	424	42.5010875	744	45.0609125	1184	47.234325	1856	48.8585125	2880	50.6957375	5024	52.7617625	
400	40.363175	488	42.2270125	848	44.8212	1256	46.9420875	1752	48.669725	3080	50.6411375	5424	52.667675	
240	38.9920875	544	42.1185125	872	44.827875	1112	46.6851	1792	48.418025	3304	50.438975	5344	52.274225	
536	39.5161125	840	42.6538	1056	44.8259125	1384	46.397775	2152	48.64975	3264	50.2833	5584	52.2139875	
360	38.9879	624	41.64585	1016	43.387725	1432	45.9319625	2272	48.0615	3488	50.126425	5656	52.0679375	
328	38.5687125	552	41.6423375	920	43.6212125	1480	46.0933375	2288	48.0240875	3792	50.2477875	5880	52.0954125	
304	38.5728	472	41.7111875	768	43.8011875	1288	46.1608	2096	48.3034625	3344	50.0517375	5608	51.7620625	
600	39.9288375	856	42.028175	1152	44.09475	1624	46.3402125	2480	48.3283125	3696	50.2479625	6320	52.327825	
160	38.9804875	344	41.252425	648	43.4457625	1056	45.507525	2080	48.2040625	3152	49.7770625	5440	51.924975	
184	39.2534875	360	41.49435	512	43.516325	896	45.47295	1624	47.7365	3096	49.64425	5872	51.760975	
200	38.9525625	352	41.4229125	568	43.7946375	984	45.684125	1880	47.7258875	3320	49.6197875	5872	51.759075	
584	39.2967875	896	42.4063125	1288	44.175975	1728	46.0473875	2624	48.185775	3960	49.88655	6296	51.8909125	
152	38.6159375	248	41.62605	464	43.586925	1024	45.8634	1688	47.9540625	2912	49.6769875	5456	51.966275	
312	39.3245625	344	42.2938	448	43.8010375	872	46.149025	1592	48.1297375	2848	49.9657375	5008	51.8905375	
360	39.70935	464	42.5489625	696	44.0951125	968	46.168475	1720	48.1004625	3160	50.0918625	5872	52.2609375	
664	40.1712	896	42.79655	1056	44.7009625	1520	46.3191375	2424	48.4789875	3632	50.1772875	5984	52.114525	
176	39.0364625	400	42.2845875	648	43.9328875	1272	46.11675	2112	47.9644375	3360	49.945375	5496	52.0562625	
424	39.557325	520	41.8307875	832	44.294875	1240	46.1250125	1904	47.9527875	3456	49.9702875	5832	52.1085	
368	38.625025	696	41.537375	1040	44.175575	1464	45.782925	2440	48.0874875	3712	49.91665	6312	52.0221	
696	39.9167	1016	41.978825	1240	44.2132125	1728	46.101975	2680	47.9934125	4128	50.0055	6312	51.7653375	
208	38.9931625	352	41.1869375	640	43.3640875	1232	45.7537375	2160	47.73195	3576	49.7767	5992	51.72605	
312	39.4145	496	41.553575	704	43.6085625	1040	45.9908625	1904	47.786475	3032	49.7655875	5608	51.91355	
224	39.19025	352	41.5378125	536	43.6557125	960	46.00845	1648	47.945375	3008	49.7424	5592	52.0953375	
664	39.9718	952	42.424775	1192	44.5903875	1688	46.2096	2536	48.104575	3928	50.0750625	6344	51.9576375	
216	38.9515375	504	41.8515625	776	43.783	1200	45.893525	2008	47.7751625	3128	49.8719875	5704	52.0093875	
232	39.3555375	456	42.255825	816	44.657975	1104	46.25185	1800	48.2438125	3136	50.3560125	5504	52.475925	
200	40.4394625	264	41.980275	624	45.222425	1016	47.1565875	1552	48.846325	2512	50.36675	4928	52.6047875	
480	40.818125	608	43.28775	808	45.690125	1304	47.210175	1848	49.1880875	3032	51.1094625	5248	53.0803125	
96	40.44565	176	42.498575	480	45.4847875	856	47.0811625	1328	48.8548125	2424	50.798675	4552	52.8718	
112	39.6859375	208	42.81235	472	45.27955	960	47.4778625	1320	49.0255125	2600	50.8621375	4864	52.9380125	
224	40.5735875	272	43.345175	336	44.8053375	632	46.8992375	1216	48.9176875	2472	51.048425	4416	52.9176125	
432	41.0413375	608	43.54815	744	46.0026125	1160	47.522075	1848	49.57715	2784	51.4377625	4640	53.4732	
96	40.6405875	104	43.0599875	216	45.61025	528	47.2059125	1056	49.213775	2016	50.75775	4336	53.2931625	
80	40.4844375	176	43.6712	224	45.7629875	464	47.542075	800	48.91835	1800	50.8667125	3728	53.111275	
112	40.0640875	104	42.610225	288	44.8455125	720	46.91395	1376	49.0172625	2632	51.174625	4656	53.3056125	
488	42.04325	600	44.841425	752	46.2316625	1072	47.72475	1672	49.4957	2648	51.4067	4520	52.974825	
80	40.8606375	176	43.635975	432	45.6211625	776	47.3759	1184	49.0588375	2328	51.1936625	4360	53.2551375	
208	40.6369	344	43.5223	416	45.4852625	744	46.93715	1288	48.8359375	2304	50.8354625	4600	53.2350625	
168	40.1753	320	43.1705875	440	45.5418875	792	47.1847625	1272	48.8049625	2400	50.801775	4544	52.8603375	
496	40.3631125	776	43.0325125	1064	45.460725	1504	47.1162125	2240	48.9094625	3352	50.68555	5568	52.60295	
208	39.6295625	272	42.03175	560	44.617675	928	46.423175	1672	48.6043875	2880	50.5518625	4960	52.6080125	
184	40.0390875	344	42.377125	528	45.2171375	944	46.5678125	1328	48.3238375	2912	50.4394375	5232	52.5409125	
216	40.0863875	400	42.5557375	568	44.9850875	928	47.07155	1480	48.4665	2712	50.33905	5120	52.3522625	
552	40.926825	808	43.710725	1080	45.0081625	1544	46.8675	2352	48.9284125	3544	50.655225	5832	52.6681375	
184	39.8699	336	42.49975	592	43.918075	952	46.1229875	1888	48.3560375	3000	50.04985	5432	52.272175	
328	40.460975	408	42.50045	712	44.3458625	1056	46.5567875	1728	48.5216875	2944	50.5958875	5312	52.6455125	
192	39.7968	440	42.534	672	44.2536125	984	46.4531	1640	48.44605	2952	50.385075	4936	52.3113875	
616	40.4691875	952	43.3863875	1248	45.13455	1576	46.7984375	2464	48.757275	3712	50.6381375	5928	52.682575	
152	40.3432625	224	42.7388	512	44.8405625	832	46.49865	1376	48.2871625	2768	50.5586	5232	52.699	
200	40.4289625	336	42.5072	568	44.5698625	1000	46.8520875	1792	48.70775	3056	50.7276	5216	52.612	
104	40.07065	192	42.5332	336	44.375925	696	46.839325	1224	48.5317375	2256	50.658675	4336	52.8124375	
504	40.9475625	736	43.7989	968	45.7629	1280	47.60565	1904	49.3671375	3032	51.3027625	4944	53.157725	
192	40.9572125	200	43.426825	384	45.58555	608	47.461775	1240	49.2747875	2328	51.2713125	4320	53.4253875	
176	41.3178375	184	43.5643625	352	45.561325	592	47.237625	1032	49.1434375	2144	51.0235625	4128	53.3311875	
176	41.854875	168	43.6678	344	45.5166625	496	47.1178375	1080	49.18735	1992	50.8044375	3992	53.209975	
456	41.407125	648	43.7942125	848	45.5349125	1312	47.0414375	1944	49.2621875	3144	51.13675	4816	52.6762375	
144	40.820575	208	43.3116625	328	45.1817	728	46.9843625	1376	49.140625	2464	51.0923625	4664	53.12045	
144	40.958125	256	43.470675	392	45.1592375	896	47.42765	1424	48.9559625	2512	50.8164625	4656	52.7767875	
184	40.9877875	256	43.5057	368	45.01615	680	47.1088625	1184	48.7620625	2344	50.75145	4504	52.7377875	
512	41.953175	728	44.147125	896	46.2056375	1280	47.8987625	1752	49.5105	2728	51.1175375	4712	52.8508625	
304	40.7797875	480	43.1002875	760	45.2603625	1104	46.9158375	1808	48.8843625	3008	50.9638375	4840	52.5874	
456	40.8788875	624	42.875675	864	44.9457375	1264	46.5884125	1952	48.3546875	3240	50.341825	5344	52.0638125	
456	38.5736	800	41.1940125	952	43.3885	1600	45.0830125	2608	47.0667	4304	48.99615	7480	50.886175	
608	38.3575875	944	41.0605625	1424	43.2603875	2120	44.91575	3320	46.9148375	4968	48.691225	8360	50.7141125	
280	39.636575	528	42.1841375	912	44.3671875	1488	46.541125	2024	48.3282	3392	50.248475	5560	52.00635	
352	38.521025	584	40.9602625	984	43.117375	1712	45.196825	2472	47.2868875	4280	49.407125	7312	51.508275	
384	37.105625	640	39.1088125	1256	41.822675	2184	44.3393625	3352	46.613575	5032	48.797375	8064	50.9270625	
584	37.9436625	936	40.620425	1336	43.14125	2056	44.9456375	3176	47.2397625	4736	49.2703375	7544	51.1864	
472	38.669525	648	41.0723125	904	43.3778375	1264	45.7466125	2120	47.9125	3648	49.890525	6280	52.189425	
232	39.66105	320	42.055375	592	44.9831875	912	46.8560625	1320	48.9460875	2392	50.8459375	4248	53.0913875	
136	39.85895	240	43.48085	264	45.0892625	608	47.1303	1240	49.504525	2168	51.4763375	4040	53.736875	
384	42.172825	536	45.2264125	664	46.713775	968	48.7631375	1344	50.432825	2120	51.917425	3760	53.9791125	
80	41.392925	112	44.2674375	208	46.0043375	368	47.8966125	816	49.7671625	1560	51.6771125	3360	53.6004625	
96	41.4276	80	43.7023	192	45.4472	552	47.7890625	936	49.52425	1792	51.4847625	3720	53.9696875	
144	42.0712625	176	44.1399125	248	45.9804	496	47.9837875	1088	49.84865	1984	51.6632625	3960	54.1862	
400	41.466975	560	44.7125625	688	46.4019375	1008	48.0549375	1408	49.7716875	2304	51.3999625	4184	53.37435	
96	41.25405	144	43.6138	280	45.14555	656	47.2988625	1264	49.2980625	2384	51.3269	4360	53.5939	
144	41.0918875	184	43.40885	376	45.5126375	608	47.397875	1176	49.3085	2168	51.0760875	3960	53.21185	
152	40.9591125	112	43.018175	216	45.385	496	47.20905	968	49.169375	2264	51.1735125	4120	53.3181125	
416	41.558075	616	43.6799625	896	45.8510375	1080	47.2293125	1720	49.2775875	2880	51.21455	4944	53.353025	
104	41.431775	272	44.2620125	464	45.97045	808	47.4427625	1376	49.6774625	2360	51.4703875	4160	53.302725	
184	40.954025	272	43.6863	384	45.345175	704	47.4441375	1048	49.3216875	1968	51.075425	3768	53.1788375	
112	40.588775	224	43.003025	352	44.851225	752	47.311175	1168	49.2732	2160	51.08035	4280	53.3413625	
440	41.6037	608	43.940025	856	45.6807	1160	47.6454125	1752	49.4380875	2968	51.514825	5080	53.4590125	
96	41.3841625	224	43.2304	448	45.3891375	776	47.42485	1360	49.30415	2464	51.188725	4408	53.3158125	
152	41.428675	304	43.6031	360	45.69015	544	47.2482125	1064	49.2221125	1840	51.0247375	3640	53.28675	
144	39.9824125	312	43.2753875	400	45.0849375	744	47.442725	1216	49.2686625	2160	50.984275	4248	53.414175	
496	41.493975	664	44.0766875	888	46.0090875	1104	47.6722	1704	49.52535	2824	51.4011875	4752	53.14895	
136	41.402325	192	44.00705	288	46.1259625	424	47.4602875	720	49.1397625	1816	51.190175	3368	53.1326125	
184	41.3606875	280	43.593925	440	45.4786125	688	47.038825	1224	49.3314375	2024	51.419275	3824	53.5072625	
88	41.1024625	168	43.7477125	200	45.335325	368	47.083125	904	49.480775	1768	51.4534625	3488	53.7036625	
464	41.8503	600	44.258575	744	45.655175	1064	48.3893625	1560	50.3714875	2280	51.8793625	4304	54.3501	
136	42.3467125	160	43.9662375	280	45.265325	560	47.683675	1072	49.552775	2096	51.822025	3784	54.0759375	
128	41.54475	112	43.795825	264	45.2859875	576	47.863775	1080	49.668	1856	51.682975	3560	53.96145	
128	41.764475	176	44.0466625	328	45.7152375	504	47.432875	1016	49.502	1896	51.6368625	3704	53.6955625	
456	42.4503125	528	44.8099375	704	46.3775375	1048	48.0251	1552	49.8441875	2368	51.5521625	4328	53.783575	
120	41.3739125	224	43.6323375	304	45.17715	792	47.2728	1208	48.877075	2528	51.1736625	4544	53.6066875	
112	41.485925	200	43.9804875	272	45.5668125	568	47.3545625	1024	49.3184375	2192	51.3125875	4288	53.7657625	
80	41.4466375	152	43.9458875	296	46.5216	528	47.950125	760	49.735425	1688	51.8062	3360	53.8471875	
424	41.5825	488	45.0103375	600	46.071925	944	47.82265	1472	50.1569375	2288	51.8323	4176	54.2175625	
104	42.1542875	80	44.9504375	232	45.5497	624	48.0040375	960	50.1191375	1888	51.9402	3480	54.1760875	
96	41.7319375	144	45.2220625	232	46.0282	400	47.8973375	904	50.127125	1544	51.85115	3360	54.3447625	
96	41.3104625	128	43.6943375	352	45.3376875	608	47.7968875	992	49.8278875	1776	51.7523875	3584	54.0449625	
384	42.303425	432	45.322425	664	46.7487875	880	48.0594625	1336	50.243025	2224	52.4038125	3912	54.654075	
128	42.9270625	120	45.1558125	264	46.9120375	456	48.3159	880	50.30855	1528	52.12835	3128	54.5995375	
80	40.5824125	304	44.7929	352	46.113025	592	48.136925	1000	50.085375	1848	52.36155	3536	54.5448125	
128	42.0154875	136	45.443975	120	47.3233125	192	48.02235	744	50.6244875	1528	52.6325	3136	55.0283	
376	42.679275	384	45.9970375	480	47.540875	672	48.99135	1112	50.9445375	1848	52.8827625	3440	54.8879125	
96	42.6785125	104	45.4948375	144	47.1634375	320	48.3698125	568	50.26915	1560	52.6410375	2952	54.6533375	
104	41.698325	136	44.739575	256	46.8757	696	48.7227625	1168	50.5099875	2152	52.76395	3632	54.6520125	
96	41.982175	104	45.4515	176	47.5820875	440	48.9340375	784	50.6582375	1696	53.1094375	3136	55.268175	
320	42.2553875	368	45.364025	480	48.2110875	664	49.2516	1080	51.0908375	1792	52.9051	3392	55.23285	
104	41.72755	128	45.6697	136	47.1787	320	48.9306875	672	50.9004375	1576	53.023075	2784	54.973475	
88	41.8745375	112	46.0501375	208	48.1083375	320	49.575525	624	51.11425	1528	53.2060375	2880	55.37165	
80	42.2520625	88	46.093525	96	48.08965	208	49.7015375	384	51.1914	1168	53.2062875	2320	55.3347375	
336	42.5654125	424	46.318925	472	48.302575	704	49.6898	1032	51.316725	1776	53.0547375	3432	55.4938125	
96	42.6531125	104	45.9110875	144	47.7921125	296	49.207875	592	50.776725	1496	53.0172125	3048	55.402725	
80	42.6664875	120	46.3890125	112	47.5499375	240	49.03565	512	50.796125	1216	52.8922	2384	54.896425	
96	42.882475	80	45.9564	152	47.688325	344	49.3188625	616	50.782675	1368	53.0268	2720	55.1374625	
368	44.4595	392	46.1902	464	47.7992125	752	49.1985	1008	50.9409	1840	53.1939875	3168	55.011575	
120	44.136975	112	46.5894875	152	47.44075	280	48.9309125	744	50.8606	1424	52.6837	3264	55.469075	
96	43.1145125	88	44.9972875	200	46.3910125	480	48.4284125	1000	50.278475	1680	52.236475	3376	54.5226875	
80	42.5854	112	44.3997125	256	46.4735375	568	48.6241	952	50.52615	1656	52.618875	3328	54.7623	
384	42.4708375	440	46.4455	536	47.742725	776	49.355275	1168	51.0177	1832	52.6884125	3600	55.3554375	
104	41.7202	144	45.7455375	232	46.553275	432	48.616725	736	50.097575	1624	52.3614875	3200	54.540525	
176	41.4523	216	44.1914625	408	45.7725	536	47.6389875	1136	49.6188	2128	52.18675	4168	54.7132	
128	40.5171125	240	43.5465625	488	45.6361375	664	47.5597375	1176	49.4220875	2040	51.622925	4016	53.9323	
376	41.854275	488	44.1664875	712	46.00905	1032	48.225225	1640	50.0272625	2432	51.6487875	4072	53.394175	
112	41.35425	192	43.67425	368	45.664875	552	47.5455375	992	49.478075	1816	51.3922375	3728	53.419575	
80	41.40745	208	44.1198125	392	46.1483625	592	47.7743875	1032	49.60885	2144	51.61415	4128	53.780575	
120	40.9721875	216	43.954975	320	45.7610625	544	47.8226375	896	49.2385	1760	51.301675	3840	53.9429	
424	40.79505	624	43.9570625	808	45.949075	1080	47.653525	1832	49.5433125	2808	51.6512	4704	53.617075	
104	40.8032625	312	42.9156125	576	45.5181625	888	47.18335	1296	49.2680875	2304	51.2692125	4632	53.8739625	
144	40.5686625	272	42.641575	448	44.7059875	744	46.4113875	1464	49.0162125	2512	50.952525	4504	53.2839	
192	40.8887	344	43.6047	464	45.7619375	752	46.982825	1232	48.973525	2488	51.508225	4504	53.6161375	
456	41.2313625	592	43.5962	800	45.5438625	1272	46.9948375	2008	49.336275	3216	51.361025	5064	53.4573875	
128	40.784275	248	43.3161	328	45.0256875	848	46.906375	1392	49.1653625	2440	51.101475	4696	53.450575	
120	40.5006125	184	43.0047	416	45.0687	640	46.62635	1208	49.19405	2176	50.912225	4056	52.843375	
144	40.3367375	280	42.8307625	288	44.3276125	608	46.1932	1368	48.87495	2712	51.090275	4744	53.1231875	
488	41.0696	648	43.5026625	888	45.223825	1400	46.9809625	2296	49.4971625	3464	51.1540375	5552	53.2188625	
176	40.57245	272	43.1349375	528	45.323725	872	47.0285625	1496	49.3156875	2736	51.329175	4840	53.5603375	
224	40.8042875	288	43.3444	472	45.2164375	912	47.575625	1416	49.6354	2432	51.6207375	4040	53.7837	
208	40.5775125	368	43.648725	520	45.5389	920	47.3530625	1640	49.7559375	2720	51.539125	4704	53.7969625	
520	41.357025	624	43.61855	912	45.4521375	1248	47.2163	1888	49.4595375	3096	51.45225	5304	53.647575	
176	40.55635	280	43.09125	464	44.5968875	984	47.1526875	1624	49.248275	2864	51.4674125	4744	53.433275	
216	40.5633875	408	43.2463	648	45.1356375	984	47.066275	1616	49.43825	2720	51.1417625	4720	53.2654	
224	40.3622375	376	42.85845	664	44.8986375	992	46.770575	1632	49.1010125	2960	51.050775	5336	53.3525	
512	40.5359875	728	43.2074625	1064	45.2060875	1432	46.7762	2160	49.13255	3360	51.26465	5536	53.39435	
216	40.0334125	336	42.72705	584	44.64265	1128	46.6125125	1776	49.013125	2872	51.1744625	4984	53.2853375	
200	40.3444	288	43.24295	496	45.07705	864	47.0739125	1424	49.447575	2472	51.495125	4224	53.141225	
152	40.1342375	160	42.52595	472	45.2614	784	47.2796	1384	49.486125	2328	51.52915	4432	53.4100625	
560	40.349725	760	43.4045	976	45.7872	1256	47.8041125	1976	49.7110125	2912	51.48	4904	53.6258875	
192	40.774875	184	42.7197	384	45.3520875	680	47.532675	1400	49.277225	2472	51.2641	4616	53.4494875	
144	40.3348625	248	42.687425	448	45.2863875	720	47.203875	1320	49.12355	2352	50.9636	4272	52.8032875	
208	39.9205375	368	42.5607	584	44.6275	1088	46.5977625	1744	48.7043875	3096	50.7878125	5624	53.1017875	
632	39.989075	832	43.0077125	1088	45.0708625	1464	46.8663125	2016	48.6105625	3552	50.6248625	6064	52.793475	
256	39.4091	376	43.471325	672	45.20895	872	46.664275	1456	48.5909625	2576	50.3215625	4952	52.6500125	
336	39.9672875	344	42.4938125	632	44.9283	960	46.4980125	1536	48.333675	2800	50.364575	4928	52.7265875	
232	39.0303875	392	42.3140375	744	44.7299875	1104	46.5864	1712	48.318175	3040	50.320125	5296	52.713225	
584	39.2445125	872	42.306925	1160	45.01115	1488	46.633625	2176	48.571975	3704	50.587475	5960	52.564325	
232	39.0377875	288	41.3490375	552	44.5119125	1040	46.3538125	1568	48.23245	3016	50.322425	5472	52.5630875	
296	39.3476	480	41.316025	744	44.287825	1064	46.2057	1856	48.4271625	3088	50.3431875	5392	52.6924625	
200	39.2710125	408	41.84925	632	44.6839875	928	46.507575	1688	48.6442	2816	50.842325	4816	53.0667125	
536	39.9934625	840	42.4923625	992	45.0095125	1344	46.9168	2168	49.20635	3304	50.9597	5304	52.91295	
232	39.7503125	384	42.076925	576	44.6791125	1000	46.872175	1728	49.018425	3064	50.931375	5208	53.0653625	
192	39.6795125	264	42.116525	480	44.7128875	776	46.9174125	1128	48.8985	2088	50.7819625	3968	53.064475	
192	39.6600125	304	42.32	416	44.471675	616	46.7048625	1160	48.8872875	1952	50.6647	3840	52.900075	
520	40.08815	744	42.0211	1008	44.4823875	1360	46.4473125	2072	49.130625	3296	50.9621	5360	53.1435125	
152	38.91945	424	42.1923125	648	44.302975	1016	46.5365125	1760	48.939825	3024	50.832125	5216	53.0536375	
256	39.40635	408	41.9754875	640	43.789575	1144	46.2858375	1904	48.66035	3152	50.789175	5576	53.2130125	
328	40.0616375	536	42.2169625	824	44.1419375	1216	46.398375	1808	48.9256625	2872	50.90955	5048	53.3544375	
504	39.8562	680	42.535775	960	44.4635125	1400	46.8345375	2184	49.1786375	3192	51.1345125	5456	53.6764625	
96	39.7795875	216	42.5033875	520	44.262175	800	46.8119625	1416	49.181525	2472	51.1549625	4656	53.4676875	
392	40.16475	488	42.435825	728	44.4731	992	46.9563375	1608	49.25495	2784	51.5626375	4736	53.91985	
160	39.8262375	288	42.7215625	384	44.1414	752	46.79435	1296	49.2953875	2336	51.377725	4416	53.769075	
488	40.6841125	560	42.7379625	864	45.402675	1168	47.271325	1576	49.938775	2752	52.0040125	4296	54.3359875	
144	40.3239375	232	42.8691375	336	45.3248	592	47.2448375	1112	50.0314125	1976	52.093375	3816	54.8221625	
232	40.043625	240	42.3167375	536	45.3708625	848	47.4562	1216	49.79	2200	52.0954875	3664	54.6490625	
264	40.1824125	360	42.8173625	432	45.3122875	656	47.5648875	1000	49.842575	1824	52.1656125	3336	54.5926625	
424	41.185575	568	43.5123625	800	45.6509875	952	48.14195	1504	50.3386375	2360	52.3265375	4152	54.79515	
168	40.484675	280	43.2571875	464	45.3049625	744	48.0477875	1160	50.1986875	2080	52.571975	3560	55.0481	
184	39.9487125	288	42.7531875	488	45.86385	712	48.3683875	1008	50.2362875	1704	52.6228	3104	54.904	
232	40.5628625	256	42.81485	352	45.63025	536	47.585225	984	50.415175	1688	52.6693875	2976	54.7719	
384	41.10415	536	43.489675	656	46.4748	896	48.2365625	1456	51.0485375	2176	52.9982375	3512	55.3723625	
120	41.0603375	136	43.282475	208	45.742825	440	48.4076	848	50.6606375	1616	53.233725	2952	55.4995125	
120	41.0500625	136	42.7660625	272	46.331575	264	48.217725	712	51.0604125	1304	53.2573875	2760	55.9924875	
96	40.5965875	272	43.1340375	392	46.886975	520	48.8731	728	51.2119125	1504	53.7141375	2824	55.8776125	
336	42.233025	416	43.49535	648	47.2951375	720	49.5638625	992	52.3624875	1608	54.1149375	2832	56.7540625	
96	41.433775	168	43.3686	216	46.434525	440	49.8599	648	52.4855625	1160	54.5067875	2256	57.233875	
104	41.257225	144	43.3006875	336	46.9933	360	49.4664	552	51.8728	1200	54.5175	1976	56.3198375	
176	41.164525	280	44.0269	400	47.4494875	536	49.57965	928	51.8822	1432	54.4555375	2656	57.039025	
328	41.884075	416	44.038075	568	47.3868125	696	50.00305	920	52.11495	1512	54.34715	2480	56.3655375	
80	41.8514625	80	43.7080125	136	47.1906875	176	49.6523125	360	51.9533125	544	53.9738875	1304	56.3608875	
80	41.592025	176	43.025575	288	46.8451875	472	49.7047625	824	52.2176625	1336	54.209925	2416	56.931175	
80	41.8802	80	43.176725	128	46.5341125	136	49.1398875	416	51.9942	1056	54.18865	2024	56.7431625	
320	43.0419625	416	44.8816625	504	47.558025	576	50.1701125	880	52.68875	1288	53.8511375	2600	56.1642625	
80	43.2508625	112	45.1019625	88	46.8561	288	49.5018	600	52.270975	1280	54.43305	2096	56.7060125	
80	43.2353875	80	44.9495125	88	46.8469375	200	49.6649	392	52.27945	904	54.4924875	2112	57.23245	
80	43.11045	80	44.8352375	136	47.1083	184	49.8967625	288	52.012275	776	54.4581125	1416	56.75895	
336	43.2896	368	44.21675	568	47.2236	680	49.6770625	976	51.9274625	1464	54.4324375	2624	56.630175	
80	42.6073375	104	44.081825	160	46.4672875	344	49.5003625	616	52.0225875	1176	54.5109125	2256	56.966775	
80	43.7894375	96	44.3380125	160	46.3719	304	49.8001625	664	52.32945	1128	54.6724625	2104	56.66825	
80	43.236275	152	44.4114625	224	46.6407125	208	49.380675	360	52.0895625	864	54.324875	1792	56.6792625	
352	44.2438375	400	45.8097125	488	47.21785	648	50.6963875	936	52.0975375	1368	54.5862375	2616	56.850375	
80	44.0862625	96	45.7327375	136	47.4935625	272	50.3248125	536	52.00595	944	54.1284125	2112	56.4762375	
96	43.5311	128	45.262925	184	47.1254	288	49.8858875	456	51.848525	896	53.882875	1856	56.2159	
88	43.0638875	112	45.0840875	184	46.878275	360	49.9573875	552	51.6780875	936	53.5074375	2048	56.4679125	
344	44.482	408	46.5081625	496	47.449825	656	50.1620125	880	52.1197	1400	53.9469125	2424	56.058725	
80	44.0940875	104	45.9610125	176	47.10375	272	49.9564375	464	51.96415	856	53.6834625	1784	56.0197125	
80	43.8353625	104	45.6356625	168	46.9347	248	49.467675	448	51.7913625	1104	54.025575	2280	56.2471125	
80	43.9613	80	45.58885	96	46.763925	248	49.7565	424	51.7054875	960	54.1266	1984	56.176825	
328	44.3678625	392	46.593125	504	47.08975	688	49.6374125	920	52.1135375	1472	54.0031	2640	55.694575	
80	44.603125	104	46.3583375	168	46.9422625	352	49.656375	504	51.5677375	1216	53.8851875	2360	56.030225	
80	44.637775	80	45.809075	168	47.2233	376	49.7081	568	51.642675	1416	54.0797375	2728	56.1057875	
80	44.5790125	112	45.64365	128	46.9701625	200	49.170275	320	51.013075	864	53.1537375	2288	55.6043875	
344	44.15245	392	45.942325	472	47.1881375	664	49.5335625	840	51.904375	1504	53.4400875	2928	55.6631	
104	44.8367125	120	46.058	152	47.085625	160	49.048875	472	51.427675	1176	52.9763125	2472	55.34235	
80	45.0164375	80	45.9755625	88	46.6833625	120	48.6274375	256	50.588825	888	52.6483125	2336	55.608825	
80	45.0484375	88	46.1248375	136	47.0694	112	48.6424	240	50.5592875	520	52.6134375	1152	55.33385	
352	44.919775	400	45.925675	496	47.7557875	712	49.405875	952	51.004875	1552	52.8357	3256	55.320825	
96	45.4737875	112	46.5777875	168	48.0776875	232	49.485975	536	50.984975	1064	53.105875	2120	55.2674125	
80	45.5635625	96	46.2507875	184	48.172675	296	49.55525	408	50.9111125	664	52.838575	1848	55.5779625	
80	46.0610125	96	46.7795125	120	47.8590375	376	49.811375	608	51.4609125	1256	53.61645	2232	55.7133875	
368	45.9819625	392	47.2626625	440	49.1369875	624	50.5703875	912	52.1190875	1368	53.7189625	2936	56.640075	
104	46.3066375	96	47.0989375	160	48.8926375	248	49.8916375	496	51.81955	912	53.4801375	2072	56.0083625	
80	46.16065	112	46.566775	168	48.5921625	328	49.23385	632	51.948225	1312	54.215175	2456	56.4942625	
80	46.1601	168	47.586675	144	48.5417	408	50.27355	560	51.70625	1296	54.2970875	2200	56.5851125	
328	47.484475	352	48.693625	392	49.954225	512	51.1477	760	52.3254125	1352	54.3139875	2504	57.0155375	
96	47.382775	80	48.3709	136	49.557325	248	50.997175	384	52.261975	816	53.9553875	1664	56.8408625	
80	47.4635375	112	49.0729625	160	50.3107625	264	51.4005875	536	53.1231875	1064	54.8285125	1848	57.2485	
80	48.4452375	80	48.9553125	168	51.1129125	248	52.4620875	408	53.8038375	752	54.84615	1688	57.201	
328	48.5980375	352	50.1179875	376	51.0231625	520	52.8079375	728	54.2158	1200	56.2130625	1912	57.9556375	
80	48.606725	80	50.1722	152	52.057475	216	53.51795	264	54.11825	744	56.3607625	1424	58.9231375	
80	49.4680625	104	50.1922625	176	52.3696625	184	53.6232875	360	55.119075	904	57.03025	1520	58.801425	
80	49.5039625	80	49.7610625	112	52.0804375	192	53.5589125	256	55.02425	592	56.6410625	1120	58.760225	
304	50.2934875	344	50.5822375	368	52.3400125	416	54.2011375	624	55.7188375	1056	57.5371375	1688	59.238175	
88	50.695525	96	50.595025	88	52.073125	152	54.253825	256	55.471675	464	57.164325	1016	59.1822125	
88	51.4612125	96	51.0172125	96	52.0078125	136	54.3506625	312	55.4552625	480	57.3359125	1200	59.6123875	
80	52.5218625	80	52.2121125	144	53.5416375	176	55.3042875	280	55.9103625	720	58.2418125	1384	60.3408625	
296	51.1964625	320	50.9686875	368	52.7496375	456	54.1450875	696	55.3604625	1112	57.1861125	2016	59.512175	
88	49.9065125	104	48.9995375	160	51.4011875	352	53.2052375	488	54.4410875	824	55.8324	1672	58.15705	
80	49.2054375	136	49.1708625	160	51.4255875	208	52.8918375	312	53.9175375	736	55.7145125	1712	58.78295	
80	47.9626625	80	48.1154375	144	50.2731125	232	51.5174375	488	53.1406625	1040	55.555575	1840	58.3066625	
328	47.305725	392	48.991125	400	50.121825	488	51.422375	808	52.7312625	1264	54.7688375	2392	56.84175	
88	47.5416875	80	48.6311375	112	50.0306375	176	51.181825	400	52.6742625	808	54.55755	1736	56.7463875	
80	46.979675	80	47.9789	112	48.892025	168	49.7265875	496	51.7992125	1160	54.5194875	1960	56.4410875	
80	46.791825	88	48.3408	136	49.5279125	376	51.123375	528	52.235375	1184	54.7054875	2264	57.2126125	
336	46.9233875	440	48.2144	512	49.5655875	608	51.2190375	880	52.6749	1464	54.6300125	2504	56.859325	
96	46.9766875	112	47.0358125	144	48.5015625	248	50.1190875	576	51.875125	1152	54.2653	2144	56.589475	
80	46.4144375	104	46.841025	152	48.577975	208	50.0984375	456	51.8559375	976	54.2859375	2056	56.4591875	
120	45.550375	144	46.117075	224	48.13165	352	49.5743	664	51.4014125	1200	53.3480375	2592	55.9877875	
440	43.3594875	616	45.91185	736	47.4860375	976	49.3048125	1440	51.0908	2184	52.9857625	3696	55.2863625	
224	42.5216875	336	44.4311125	448	46.2142875	872	48.423425	1216	50.0926875	2088	52.18655	4080	54.681375	
248	41.4111375	472	43.1055	648	45.8266125	976	47.654225	1520	49.5279375	2528	51.3844	4352	53.5522125	
280	40.3730125	416	42.21155	680	44.3508625	1064	46.6172125	1824	48.690075	3016	50.9617625	5152	53.4320375	
624	39.80035	864	41.75245	1240	44.24175	1792	46.66985	2616	48.42475	3848	50.4059125	6448	52.9655875	
312	38.8036875	608	41.181625	784	43.9284	1296	46.208275	2072	48.001425	3560	50.1222125	5800	52.3545875	
336	38.5908625	584	41.1870375	832	43.6108	1392	45.7752125	2400	47.877425	3864	49.7557875	6600	51.972575	
360	38.6961875	504	40.8006875	864	43.8462125	1408	45.8278625	2032	47.66475	3784	49.711	6936	52.51395	
640	38.7072125	952	41.5013875	1304	44.2839	1832	46.41725	2568	48.316125	3872	50.114	6664	52.3952375	
360	37.7596875	440	40.4949625	896	43.4739375	1392	45.8441375	2264	47.981	3816	50.2264875	6320	52.442475	
464	37.8360875	616	39.9716875	944	43.3722875	1264	45.987975	2120	48.097875	3880	50.4916625	6168	52.911675	
280	38.3891875	528	41.2986625	832	44.35935	1320	47.1694875	1928	49.009525	3064	50.9362125	5184	53.084175	
456	40.883325	576	43.8925625	744	45.7573625	1056	48.0895375	1664	49.515075	2744	51.6969	4432	53.6752375	
192	40.6716375	296	42.832425	536	45.06115	856	47.7886	1336	49.681025	2344	51.882925	4280	54.174375	
136	40.1122875	232	43.3801625	304	45.673125	584	47.8088125	1136	49.8364	2080	52.0682375	3800	54.6069375	
312	42.000925	360	44.4338375	488	46.7827875	640	48.8212625	1000	50.2225375	1840	52.5858	3472	54.7291875	
352	42.0123625	504	45.5562	544	47.2259125	752	49.227925	1224	50.8057125	2040	52.954275	3528	55.0526	
104	41.10365	280	44.8057125	376	46.2555375	560	48.2767	1088	50.5821625	2072	52.659325	3520	55.02485	
208	39.65825	344	44.5766375	408	46.5411125	616	48.68405	952	50.98245	1632	52.6110625	3240	54.8843625	
256	40.1365	208	44.4430375	368	46.418575	608	48.83685	1008	51.05605	1688	52.8163	3200	54.7858625	
368	40.832175	496	43.845475	592	46.77615	792	48.7581	1312	50.7035625	2184	52.5479	3696	54.6872375	
80	40.3169375	168	42.564625	456	46.522375	680	48.66215	1208	50.9425625	1984	53.001975	3424	55.1201875	
80	39.3633	352	43.5638875	256	45.895	456	48.6688625	848	50.685775	1800	52.8601375	3312	55.3099625	
288	39.86565	368	42.9210875	592	46.4121625	776	48.2959125	1344	50.794875	2072	52.50385	3800	54.66015	
368	41.2717375	440	43.6919	600	46.31285	896	48.7435625	1232	51.004575	2048	53.255425	3624	55.1891875	
80	40.603275	152	43.1727125	200	45.640575	568	48.610325	992	50.749	1792	52.8075	3528	55.1756375	
184	40.0954625	320	43.7285625	432	45.4738375	760	47.7359125	1272	50.1619375	2152	52.292025	3840	54.4928875	
240	39.9053625	352	43.5016125	568	45.55415	800	47.2496875	1488	50.0022625	2392	52.2578125	3848	54.3171625	
424	41.06305	568	43.9528125	696	46.809225	1048	48.2444	1464	50.615275	2432	52.452375	4120	54.97635	
112	39.6587625	360	42.90275	552	45.7169125	976	47.7731125	1648	50.0695625	2568	51.920825	4288	54.0202125	
352	40.044675	344	42.6195	512	45.02375	944	47.2250875	1712	50.0086875	2680	51.6453875	4440	53.8618625	
320	39.839925	472	42.672825	528	45.1457875	904	46.9068375	1664	49.4810625	2760	51.507125	4648	53.619775	
536	40.1632	712	43.554675	936	45.1230375	1352	47.0325625	2112	49.2971375	3240	51.403	5336	53.20565	
128	39.3602625	232	42.3750375	520	44.5563375	1064	46.2096	1816	48.9750125	3200	51.168775	4976	52.9444	
248	39.7979	280	43.108825	520	45.255975	920	46.6814875	1488	49.086875	2824	51.1274625	4904	53.146925	
264	38.8474	392	42.29495	648	44.23915	1160	46.140925	2048	48.580125	3432	50.3865625	5832	52.5899	
680	39.5646875	720	42.0613875	1104	44.5349875	1552	46.298325	2328	48.1980625	3824	50.3358875	6304	52.2991625	
184	39.0285125	360	41.8893625	664	44.3118625	1064	45.9048375	1808	47.8855625	3448	50.29635	5712	52.407925	
240	37.9586	408	41.17565	768	43.8954875	1288	45.3473125	2320	47.487725	4056	49.7887875	7016	51.8205	
416	38.235875	576	41.4370125	784	43.7212875	1328	45.486025	2376	48.0181625	3696	50.1060375	6240	52.2738875	
648	38.110625	904	42.0872625	1256	44.01915	1712	45.7215125	2672	47.902175	4264	49.9932125	6992	51.841275	
296	38.388425	416	41.8977625	928	44.839225	1384	45.8278	2344	48.4270375	3848	50.246825	6176	52.2708625	
312	37.8339875	552	41.5482125	904	43.987125	1432	45.2220125	2456	47.84125	4360	49.949925	7184	51.862725	
336	37.3342125	440	41.4574625	776	43.27995	1376	44.90375	2208	47.35205	3992	49.707325	6704	51.7697875	
744	38.1517	920	42.13105	1424	43.9853125	2032	45.588125	2968	47.7681875	4656	49.846425	7440	51.908675	
216	38.5254625	272	41.3771	592	42.8436625	1416	45.327625	2360	47.068525	4080	49.3151375	7328	51.70065	
192	38.255525	304	41.5875375	584	42.952175	1104	45.258775	2120	47.3194375	3720	49.4702125	6168	51.68045	
216	38.2676625	352	41.6074	608	42.95715	1160	45.3649375	2080	47.471125	3360	49.4328	6192	51.6071	
696	37.6825875	1000	41.889775	1416	43.7145625	1992	45.1435875	3120	47.464975	5000	49.3181875	8288	51.5478	
176	38.162	288	41.6512125	712	43.375	1360	44.931825	2408	47.124625	3960	49.1230375	7088	51.147675	
232	38.0025125	320	41.6091375	712	43.6204375	1192	45.2307625	1992	47.195625	3288	49.15435	5872	51.3765125	
232	38.2008	312	41.9005375	552	43.30415	1208	45.0750125	2200	47.3278625	4000	49.305075	6568	51.4124125	
568	37.7449875	848	42.283	1256	43.6723125	1856	45.5453	2704	47.749625	4624	49.6441375	7880	51.7061125	
192	38.5317625	360	41.329975	688	42.8331625	1584	44.7036375	2952	47.0548	4936	48.8889625	8496	51.014175	
272	39.1217125	384	41.9840375	704	43.330275	1448	45.465525	2304	47.3920125	3880	49.4221875	6512	51.357675	
208	39.1824125	280	41.53695	696	43.420625	1184	45.1944	2144	47.2672	4144	49.4741625	7168	51.5599875	
600	38.761025	848	42.235075	1264	43.77735	1808	45.2003	2824	47.897975	4392	49.7091	7168	51.497725	
184	38.56665	344	41.3590375	712	43.2041375	1384	44.769175	2256	47.2548625	3704	49.1056	7072	51.427375	
224	39.182275	352	41.6501125	656	43.2084125	1248	45.1749875	2112	47.34905	3488	49.372375	6400	51.426025	
232	38.9955	416	41.819675	728	43.1750375	1480	45.1628125	2584	47.5970125	4152	49.4662625	7272	51.6237625	
528	39.33125	728	42.1419	1160	43.708475	1712	45.354	2744	47.7176	4440	49.6725	7208	51.6815	
272	39.07585	488	41.64215	856	43.6197125	1512	45.48835	2496	47.550725	4248	49.3376	7440	51.46295	
216	39.308275	392	41.5875875	488	43.2044625	1056	45.233775	2056	47.4778875	3552	49.441925	6016	51.6055875	
176	39.4213625	272	41.4291	640	43.4062125	1248	45.500075	2032	47.7096125	3784	49.751675	6616	51.856525	
576	39.9083875	760	42.28775	1184	43.97395	1608	45.70635	2632	47.7509125	4128	49.753075	7088	52.0983375	
192	39.451925	376	42.088125	544	43.5069375	1064	45.4018125	1768	47.4688125	3232	49.802675	5280	51.775875	
144	39.1095875	248	41.5449	480	42.91435	1096	45.1969	1928	47.2230375	3552	49.5312125	6128	51.5982375	
144	38.7572125	272	41.6429125	536	43.3269625	936	45.553375	1712	47.6978625	2944	49.4524125	5392	51.6197375	
632	39.6617875	736	42.196675	1112	43.5545625	1680	45.5739125	2776	47.3585375	4416	49.2394125	7464	51.2525625	
184	39.3768125	304	41.9869625	424	43.0060375	1072	45.0135375	1992	46.9661125	3608	49.1316375	6128	51.3131375	
216	39.0213625	256	41.66605	616	43.25855	1168	45.2184	2008	47.2380625	3560	49.2379875	6176	51.1781	
264	38.962375	352	41.4506625	672	43.2054375	1136	44.9995875	2248	47.3364375	3728	49.168525	6656	51.473375	
624	39.661475	800	41.99025	1208	43.643575	1776	45.7842125	2744	47.5312875	4584	49.5321375	7312	51.5486	
224	39.431175	328	41.7332875	600	43.24395	1056	45.28045	2152	47.3638875	3568	49.2651875	6144	51.401325	
280	39.221125	408	41.17435	640	43.1334375	1152	45.517475	1920	47.5165875	3592	49.4956375	6120	51.5352875	
216	38.7863875	488	40.6703875	704	42.801675	1392	45.3717875	2112	47.1718125	3616	49.038725	6224	51.03965	
584	38.962825	920	41.0737375	1424	43.25945	2088	45.599675	3152	47.5108125	4848	49.3765375	7656	51.1944625	
192	38.791225	456	40.950825	744	42.6898625	1304	44.988725	2552	47.1017375	4168	49.07745	7080	50.908575	
312	38.4885125	576	40.56425	800	42.425025	1312	44.9221375	2432	47.1545625	4192	49.2660625	7008	51.3022375	
320	38.4065125	528	40.8188875	808	42.96295	1496	45.7022125	2384	47.5784	4088	49.7309	6736	51.6758125	
664	39.5964625	936	41.394925	1448	43.83785	2064	46.0233125	2992	47.957575	4776	49.69995	7600	51.918475	
440	39.0171625	696	41.0983	1240	43.6482375	1656	45.5902625	2616	47.380225	4336	49.261725	7144	51.198775	
512	38.3742125	688	40.1816	1168	42.881725	1864	44.939825	2912	46.8879	4664	48.8687625	7832	51.0234625	
528	38.51285	648	40.152625	992	42.839125	1808	44.7826375	2952	46.924575	4616	48.811175	7888	50.9084	
648	38.692775	1064	40.7595875	1472	43.2706	2352	45.068725	3512	47.2934375	5376	49.0418	8568	51.1661125	
328	38.394725	496	40.0799625	784	42.7673625	1528	44.629725	2504	46.9593375	4152	48.761425	6880	50.9167875	
288	38.3692125	512	40.4592	736	42.6146875	1488	44.698675	2488	46.9039125	4128	48.86165	6968	50.92775	
368	37.953925	472	39.82385	952	42.3936625	1496	44.6291625	2712	46.5153375	4776	48.7748125	7448	50.5174125	
720	38.2225625	1136	40.5077625	1664	42.413175	2472	44.8492125	3904	46.6081375	6128	48.6443125	9920	50.842275	
248	37.9428875	504	40.71045	808	42.498225	1792	44.8676	2608	46.7432125	4432	48.7060875	7472	50.777775	
272	37.7826	480	40.8230375	736	42.49785	1408	44.7544375	2632	46.8439375	4504	48.9778375	7480	50.8721625	
432	37.8966625	656	40.8716625	968	42.7629	1528	45.088075	2472	46.8674875	4240	49.0585	7456	51.2172125	
664	38.8449	952	41.5691	1408	43.072775	2152	44.95615	3344	47.167975	5248	49.1870875	8488	51.298475	
216	38.5341375	400	41.328275	752	43.191725	1328	45.034725	2216	47.14015	3784	49.0526625	7048	51.3773	
288	38.3910375	576	41.7941125	776	43.2915375	1344	45.2587	2344	47.279825	4072	49.2809875	7064	51.4713625	
232	38.62105	280	41.8813875	432	43.134475	920	45.3432625	1712	47.406075	3248	49.3484	5784	51.6500625	
592	40.258525	696	42.513475	1192	44.1389	1768	45.725075	2680	47.6312375	4456	49.5536875	7248	51.661975	
256	40.13985	376	42.0503	688	43.7925375	1136	45.69005	2032	47.3486125	3824	49.3103	6520	51.3942375	
288	39.1227375	600	41.71275	944	43.605125	1568	45.2947375	2632	47.375375	4328	49.3341875	7240	51.413625	
344	39.6494375	576	42.2462125	752	44.0785375	1304	45.9569	2200	47.894325	3720	49.761075	6336	51.93045	
592	39.393125	776	42.0870125	1248	43.99575	1712	46.1108375	2760	47.8667	4168	49.7017625	7000	51.7898125	
200	39.0283875	448	41.7172625	760	43.2564625	1280	45.3991	2344	47.742825	3640	49.5853875	6504	51.9041	
264	39.42265	464	42.0600375	656	43.64605	1208	45.830225	1848	47.8492125	3432	49.9142375	5608	51.81065	
328	39.26455	448	42.01	720	43.682475	1368	46.0037	2264	47.905975	3768	49.89155	6608	51.9147375	
608	39.985725	736	41.873825	1096	44.2574125	1760	46.6303125	2480	48.323375	3928	50.3577	6160	52.4065625	
280	39.5067125	472	42.067625	760	43.7763125	1272	46.02505	2304	48.349325	3688	50.4640875	5816	52.3313625	
176	39.959325	272	41.9552375	600	44.5503625	1104	46.3216125	1704	48.3851875	2960	50.56	5264	52.4391125	
168	40.1672375	224	42.32545	496	44.3638	1032	46.5157625	1728	48.4758	2920	50.3371625	5208	52.4986375	
520	40.59035	680	43.4037	936	44.803325	1440	46.7840125	2192	49.0576	3312	50.8419375	5432	52.714275	
160	40.1903625	272	43.385375	464	44.7071875	1040	46.795525	1712	48.8897375	2656	50.81185	4808	52.89045	
160	40.2609	336	43.4302625	584	45.2948375	808	46.9305875	1472	49.0260625	2928	51.3744375	4848	53.2838	
184	39.5919125	264	43.15685	528	44.620025	1016	46.6502	1752	48.940275	2736	50.7741	4704	52.951675	
480	40.3128	600	43.5518375	864	45.435275	1296	46.936325	1904	49.3035	3040	51.15595	5360	53.0180375	
152	39.9801375	256	43.16515	520	44.7930125	864	46.4733	1816	49.0520625	3096	50.9353875	5288	52.8200125	
208	40.202625	248	43.0712125	504	45.2580625	952	46.8317625	1560	49.16565	2920	51.09225	5264	53.2927875	
160	40.3617875	304	43.2893875	480	45.154825	792	46.9917	1376	49.356175	2472	51.27055	4528	53.4078875	
512	40.8965125	616	44.215975	808	45.8763125	1128	47.5485625	1664	49.4309125	2856	51.2427375	4776	53.2898	
184	40.591125	192	43.17855	360	45.124475	872	47.1468125	1536	49.205975	2680	51.088275	4664	53.19595	
128	39.749625	288	43.0434625	608	45.2393125	1112	46.73785	1656	48.943425	3056	51.058475	5312	53.209375	
240	40.6539375	240	43.457675	480	45.361475	832	46.9045	1272	48.762625	2552	50.8073375	4736	53.0950125	
488	40.3042625	624	43.3584	792	45.314025	1376	47.725125	1976	49.30125	3160	51.3509625	5008	53.267625	
200	39.9373875	384	43.2549125	680	44.785275	1160	46.779275	1896	48.95555	3264	50.91315	5464	53.154025	
304	40.61615	416	43.452925	632	45.1172875	1128	47.0597	1904	48.95155	3152	51.090475	5208	53.2000625	
272	40.2920125	392	43.0500375	672	45.4773375	1016	46.9278625	1744	48.7409	2952	50.9241	5152	53.250125	
496	40.2024375	624	43.098125	880	45.0816125	1424	46.775475	2120	48.8238875	3160	50.6735625	5272	52.75015	
272	40.6675875	400	43.597875	568	45.6375375	896	46.998025	1656	49.2841875	2632	50.965475	4680	53.354825	
320	40.890325	336	43.481175	568	45.5944375	928	47.2462	1456	49.278125	2560	51.21925	4640	53.502175	
248	39.5496	432	43.1309	624	45.24005	928	46.78415	1584	49.0762625	2608	51.0705875	4824	53.53735	
