5984	29.6855875	9840	32.3087	14760	34.474575	22432	36.7695	32872	39.21345	47648	41.8431	67944	44.6241875	
2264	29.519525	3416	32.0893875	5464	34.5403875	7880	36.8281875	11648	39.429775	16344	42.1066625	22344	44.8541625	
976	29.4655375	2096	32.0829625	2760	34.1710125	6448	36.4004375	13352	38.54895	27176	40.8685875	56352	43.95295	
800	29.744625	1272	32.3873375	2144	34.6148375	3080	36.99025	5320	39.318125	8928	41.772125	14808	44.6282125	
5496	29.7790625	9552	32.47265	14368	34.71675	20960	36.9538375	30496	39.221775	44144	41.525825	65688	44.0380625	
824	30.2182	1416	32.986275	2488	35.33715	4448	37.6318	7840	40.120125	12696	42.470325	18912	45.0548375	
744	29.8356875	1632	32.568325	3552	35.122525	6192	37.4973625	10608	39.9927125	17840	42.439325	27352	45.1198	
616	29.9720625	1120	32.6516125	2160	35.3629125	3024	37.7651	5024	40.240675	8288	42.7126125	12304	45.1922	
5448	29.9777875	9384	32.5281	14352	34.907625	21240	37.4110875	29976	39.706275	42544	42.0791875	60976	44.6175625	
792	30.46335	1392	33.3229	2064	35.722675	3168	38.0944875	5560	40.3804625	9712	42.6430375	16840	45.157325	
1064	30.6859125	1464	33.43825	2160	35.8072375	3656	38.3177625	5680	40.704025	8416	43.0092875	13064	45.5506125	
824	30.577325	1480	33.39645	2728	35.80545	4176	38.185075	7896	40.55895	14016	42.8382	24000	45.2744375	
5080	30.0913875	8736	32.7665375	13608	35.3228875	19576	37.5825625	28024	39.907125	40288	42.28375	58640	44.8652	
928	30.147675	2080	33.0352375	2800	35.2355875	5312	37.7597625	9384	40.211625	14200	42.6892125	20056	45.3069375	
800	30.1689375	1152	32.9718875	2744	35.3825	4328	37.939925	7288	40.30925	12144	42.763975	20728	45.3624125	
680	30.072775	1336	32.942	1664	35.1058875	3808	37.8480875	6352	40.278625	11640	42.712375	18704	45.315325	
4952	30.3873125	8336	33.06535	12920	35.4085875	18904	37.8441375	26264	40.163375	37728	42.6129125	54808	45.18925	
952	30.7915625	1360	33.32975	1856	35.3785625	3648	37.9463125	6048	40.1542875	10008	42.504675	17728	45.0644375	
832	31.0801625	1448	33.7356625	2136	35.824925	3320	38.3449625	4936	40.642475	7144	43.0597	10448	45.60135	
1024	31.7108	1880	34.2536	3328	36.25805	6256	38.5753625	11216	40.94605	18616	43.361475	29264	45.957325	
4144	32.0657875	6560	34.2212125	10128	36.5530875	14400	38.7907	20880	41.0897125	30248	43.4354875	44216	45.8662875	
1000	32.0823125	1672	34.3383375	2552	36.3454875	4792	38.709625	8456	40.963975	14512	43.2915125	24672	45.68145	
1032	32.0865125	1560	34.3237	2216	36.39685	3488	38.6476875	5816	40.8363625	10160	43.142575	17096	45.5704375	
856	32.0428125	1312	34.5421375	2312	36.7172125	4168	39.1478625	6880	41.50825	11328	43.8107	18800	46.0931	
4192	31.89075	6688	34.1907625	10168	36.357525	15488	38.6127	22064	40.7557375	33024	43.0504	49872	45.6277125	
1040	31.7965125	1704	34.154325	3000	36.38775	4656	38.64005	7888	40.9245625	12336	43.2844875	18512	45.9157	
1024	31.89225	1552	34.2587375	2672	36.625175	4264	38.9602	6608	41.21385	10016	43.58985	16568	46.02905	
872	31.7168875	1752	34.05045	3024	36.380275	5024	38.5890125	8696	40.9107875	14592	43.3225625	23072	45.790725	
4216	31.5541625	7096	34.17705	10960	36.490875	16192	38.724775	23248	41.024125	33224	43.298325	47696	45.728525	
864	31.2406875	1664	33.79565	2760	36.1337875	4272	38.2678625	7736	40.5483125	13448	42.8367	22824	45.3627375	
1264	31.3554375	2056	33.8969	3360	36.27095	5448	38.4702	9544	40.918825	14800	43.1617	24328	45.6290125	
1008	31.1683625	1632	33.73355	2824	36.074125	4176	38.131875	7072	40.4337375	12680	42.7372375	21192	45.217425	
4688	31.207525	7752	33.6924375	11656	35.6820625	17888	38.0581875	25936	40.281075	38088	42.5182875	56296	45.0945125	
1176	30.9883875	2008	33.6384625	3184	35.7514125	5176	38.16305	8224	40.5681	13352	42.90605	21760	45.3632	
1376	30.808	2416	33.3523875	4152	35.594	6464	37.842725	9968	40.111475	16552	42.553575	24944	45.0443625	
1136	30.847625	1992	33.5142125	3168	35.8625625	4968	38.1519125	7744	40.4843375	12424	42.803925	20648	45.2451375	
5080	30.7876625	8288	33.156625	13384	35.4991875	19832	37.7183875	28760	39.8659875	42176	42.1803125	63040	44.76865	
1072	30.9042	2168	33.2785375	3936	35.6893375	6656	37.8307125	11512	40.0486625	20376	42.4720625	34096	44.989875	
1240	30.8161875	2128	33.1941125	3336	35.527425	5488	37.6536	9976	39.9147875	16928	42.2388375	27024	44.8565625	
920	30.8137	1872	33.3923625	2880	35.745175	4616	37.9098125	7184	40.1994	10936	42.632275	15512	45.2638125	
4616	31.252725	7560	33.5807625	11880	35.932275	17600	38.071375	25688	40.3033875	37488	42.5762	55416	44.9859125	
1048	30.804175	1856	33.2348	3168	35.5713875	5728	37.7527875	9552	39.835825	16160	42.08855	28512	44.6003875	
1304	30.934275	2200	33.440825	3496	35.6931	5512	37.9146375	8552	40.162775	13552	42.5908125	18712	45.1017625	
1472	31.19045	2088	33.6007875	3544	35.9160875	5608	38.1562	9496	40.5590375	14848	42.9316875	24520	45.3291375	
4752	31.2212125	8008	33.689625	11936	35.8521	17512	37.9307375	25536	40.113225	38352	42.44235	57432	44.972075	
1560	30.8827375	2720	33.1936125	5248	35.587525	9304	37.90475	15344	40.256175	23688	42.7125625	34864	45.3170625	
1072	30.821525	2032	33.228575	3232	35.74145	5400	38.1131375	7944	40.506575	12528	43.008375	17616	45.575975	
1240	30.9211375	2352	33.5972625	3384	36.104825	5368	38.3529	8504	40.784625	13920	43.1697125	22120	45.5560875	
4864	31.2717125	7832	33.80995	11576	36.004225	16888	38.221475	24760	40.5462625	35368	42.737925	52544	45.27495	
1008	31.2046875	1792	33.6981625	3496	36.1696125	5608	38.4722375	9360	40.8369375	15816	43.0592375	25928	45.5182	
1256	31.1943875	2160	33.8526375	3504	36.262425	5096	38.4363	8680	40.812875	14392	43.1694875	22224	45.72885	
1176	31.220225	1864	33.9770625	2616	36.3030375	3616	38.574825	5840	41.0822	8328	43.467225	11424	45.9728875	
4224	31.73485	6704	34.266975	10136	36.668975	14600	38.8445	20896	41.1172	30264	43.4917	44320	45.914275	
1144	31.8405375	1912	34.3536	3296	36.6311625	6040	38.869925	9848	41.1384875	16416	43.3183375	27656	45.8672375	
1216	32.305225	1712	34.8667875	2520	37.1426625	3864	39.4868625	5632	41.75215	8768	43.97805	13136	46.3474125	
1088	32.4941875	1704	35.021775	2696	37.2759	4296	39.5467875	6952	41.7292	11312	43.9096875	18288	46.2713625	
3272	33.13615	5096	35.4544375	7784	37.7899375	10976	39.9008875	16080	42.1450375	23208	44.375275	34496	46.712825	
760	33.3126375	1272	35.6598625	2016	37.874725	3464	40.1037875	5808	42.2617875	9544	44.3611375	16432	46.6479875	
992	34.11545	1384	36.1865375	2152	38.58875	3272	40.5731375	5528	42.817125	9312	45.0481875	14784	47.3740375	
752	34.3863375	1024	36.47115	1592	38.88575	2376	40.928525	3320	43.0588	5280	45.3282375	7672	47.6153	
2456	34.180475	3816	36.8838125	5616	38.885525	8240	40.9363375	12088	43.153525	17424	45.1830375	26592	47.4892	
856	34.699375	1144	37.10085	1584	39.1590125	2432	41.0164625	3536	43.0614875	6968	45.4097	11640	47.55695	
728	34.771325	1008	37.2367875	1544	39.322775	2680	41.3498625	4336	43.5488625	6928	45.773075	10952	48.120675	
744	34.8912375	1112	37.41665	1768	39.5685875	2544	41.578775	3864	43.695675	6304	45.8835375	10664	48.21055	
2184	34.8842	3288	37.2617875	4944	39.4168	7368	41.358825	10456	43.5109875	15472	45.7286	23640	47.995025	
696	34.8596875	872	36.82455	1880	39.3154375	2896	41.2937625	4880	43.5102	8736	45.768675	14144	48.0099875	
568	34.520275	1096	36.766	1536	39.002275	2776	41.1045375	4616	43.357175	7808	45.664425	11880	47.8850875	
400	34.30125	760	36.6167125	992	38.6621	1904	41.0564625	3296	43.2667875	5824	45.749775	8768	48.0798375	
2288	34.4563875	3520	36.7036	5360	38.8081375	7776	40.9388625	11784	43.2509625	17072	45.46165	25848	47.862675	
432	34.255	760	36.5686125	1128	38.487175	2376	40.7282375	4120	43.05665	7344	45.33195	12464	47.77195	
480	34.0485125	864	36.47935	1312	38.6061125	1792	40.717075	3240	43.189775	5152	45.540425	8024	48.003525	
624	34.1945375	968	36.4833125	1464	38.52725	2680	40.6739875	4696	43.141975	8552	45.66445	13128	48.1341125	
2128	34.218525	3472	36.55935	5424	38.622725	8136	40.8948	12192	42.9891875	17944	45.344525	26728	47.82335	
512	34.237125	752	36.6341375	1392	38.745325	2472	41.1465	3992	43.215675	6336	45.4196875	11376	47.9210875	
504	34.1742375	640	36.6102	1144	38.705475	1864	41.0628375	3240	43.1457375	5920	45.5175625	9096	48.0081625	
560	34.39915	936	36.77	1656	38.793625	2400	41.0978125	4656	43.4010125	7832	45.7479	11912	48.3036625	
1984	34.4388	3216	36.8913125	4888	39.049075	7552	41.2635625	11080	43.447625	16264	45.7222875	24584	48.13235	
520	34.4871875	728	36.7208375	1136	38.794475	2144	41.083925	3712	43.2474	6248	45.4317875	11104	47.9812	
480	34.146825	944	36.661425	1720	38.8110375	2400	41.1502	4616	43.381025	7216	45.6243625	11536	48.120425	
488	33.907025	816	36.494475	1424	38.865225	2096	41.1360875	3536	43.5024375	5984	45.7959375	9608	48.268175	
1928	34.433475	3288	36.52315	5112	38.76175	7856	41.154175	11456	43.28255	17064	45.6270875	25616	47.924775	
616	34.5746625	936	36.6370125	1424	38.8442	2168	41.1597625	3536	43.375575	5592	45.69355	8904	48.1572125	
656	33.95075	1392	36.2328625	2152	38.5511625	3576	40.8034375	5776	42.9364	10216	45.3640375	16232	47.6486	
592	34.1321	752	36.4253125	1104	38.710525	1568	40.9736875	2760	43.23445	4392	45.4801125	7784	47.7922125	
2112	34.5436875	3456	36.663425	5408	38.80565	8320	41.0135875	12200	43.2302375	18056	45.3590625	26864	47.8118375	
424	34.6324875	792	36.7735	1280	38.9398125	2008	41.1684375	3464	43.5037625	5880	45.722375	10464	48.0992875	
408	34.4806375	744	36.6812625	1416	38.9054625	1992	40.9463375	3760	43.38755	5952	45.64055	9544	48.102325	
344	34.4976625	480	36.5832	752	38.8705125	1328	41.1114125	2272	43.5670375	3976	45.9988875	6088	48.4450875	
1864	34.957	3128	37.2458875	4776	39.3588625	7368	41.42915	10800	43.7240375	15992	46.0396	23512	48.293875	
400	35.4395	720	37.6350375	1392	39.7714	2248	41.7657625	3752	43.9606375	6264	46.1170375	10944	48.4974	
400	35.8514375	664	37.8253125	1208	40.2167375	2208	42.08015	3512	44.331175	6048	46.6329	9224	49.006225	
368	36.0770875	536	37.9647875	944	40.700575	1312	42.3504875	2472	44.780225	4240	47.098775	6512	49.351125	
1528	36.881075	2336	38.794025	3408	40.6085125	5272	42.8405625	7688	44.999175	11224	47.14175	17296	49.5247125	
280	37.3279375	440	39.4945125	720	41.311425	1072	43.1684	1648	45.26075	3032	47.1977375	5200	49.5098	
400	37.8233875	536	39.684425	760	41.5637375	1256	43.596175	2032	45.8103875	3312	47.811525	5312	50.0369	
240	37.555	472	39.6796875	560	41.4545	1128	43.56825	1728	45.715425	3480	47.886325	6080	50.1274875	
1312	37.9182625	1904	39.541525	3024	41.4501875	4552	43.52225	6768	45.6581375	9704	47.6300125	14752	50.0773625	
160	37.7435625	256	39.403575	344	41.2229625	1040	43.4781875	1856	45.7479125	3520	47.7433625	5856	50.1693875	
296	37.77135	440	39.51545	664	41.4310875	896	43.520325	1592	45.8991625	3088	47.91405	5344	50.165025	
416	37.6304125	648	39.5137625	936	41.4903375	1344	43.43955	2160	45.821775	4088	47.8140125	6600	50.130575	
1312	37.1897625	2016	39.3607125	3016	41.5503	4560	43.4605375	6664	45.7144	9928	47.893325	14744	50.1931375	
280	37.280425	472	39.4450875	752	41.621475	1192	43.61855	1736	45.8739375	2784	47.9280875	4480	50.2119875	
408	37.2579125	528	39.4237625	680	41.5165875	1256	43.7283375	1992	45.961725	3384	48.0007125	5496	50.22865	
368	37.5306	344	39.3474125	808	41.5736625	1008	43.6536375	1744	45.762225	2776	47.772425	5088	50.1747125	
1336	37.1192375	2016	39.1046375	3056	41.353925	4688	43.563675	6608	45.5130375	10008	47.8719375	14632	49.9379625	
312	37.1552375	456	39.1929875	648	41.299625	1200	43.4862625	2048	45.650525	3328	47.802775	6168	50.039675	
176	36.9800625	304	39.1220625	488	41.1813125	704	43.36155	1168	45.4166625	2320	47.73865	3808	49.8367	
272	36.999	464	39.2447	488	41.1097125	976	43.3349	1504	45.4563125	2920	47.854	4912	49.9510125	
1360	37.0220625	2192	38.9618375	3328	41.0324	4808	43.274175	7192	45.3945375	10600	47.6007	15504	49.867125	
200	37.0228	336	39.1996875	728	41.4191	720	43.2913	1304	45.441175	2424	47.680825	4192	49.98435	
304	36.9523125	416	38.8882375	720	40.8935	1408	43.000675	2728	45.27755	4808	47.5875875	8272	50.031025	
320	37.1209125	360	38.8979375	680	41.0462875	1256	43.3843375	1768	45.4222125	3096	47.7545625	5384	50.0425125	
1416	36.86285	2216	38.90915	3272	40.8460125	4848	43.062625	7304	45.4657	10752	47.736375	16072	49.8969375	
408	37.1861375	552	39.1034	856	41.09345	1256	43.22785	1808	45.5324625	3296	47.7827	5760	49.9227375	
328	36.8649625	528	38.888225	856	40.865875	1328	42.951175	2384	45.4185875	4328	47.7639	6816	49.9828	
496	36.894675	688	38.765225	1144	41.0537	1768	43.1947625	2624	45.5602375	4480	47.9214625	7456	50.06455	
1496	36.889375	2208	38.7809875	3408	41.04025	5032	43.07095	7400	45.42895	10936	47.544825	16600	49.786175	
384	36.8362875	584	38.727025	904	40.9248875	1280	42.868475	2264	45.3261125	4032	47.53605	6576	49.79535	
392	36.838225	560	38.6678125	776	40.774575	1320	42.8311375	2328	45.580175	3888	47.58015	6360	49.7812125	
320	36.55005	568	38.473375	648	40.542275	1160	42.693525	1872	45.234	3168	47.2356625	5592	49.4100375	
1544	36.597475	2344	38.2667625	3760	40.8448625	5384	42.7574875	7912	45.2030875	11480	47.12275	16920	49.46685	
280	36.6019125	456	38.2571625	536	40.7105375	1024	42.53685	1784	45.000425	3120	46.98115	5208	49.1870625	
264	36.5473125	376	38.357975	544	40.7384125	776	42.6296875	1144	45.10475	2328	47.0939125	3680	49.4487875	
208	36.19855	368	38.0522375	792	40.4936375	1464	42.5603	2408	44.8136125	4552	46.839	8288	49.466075	
1584	36.578925	2480	38.3701125	3824	40.6377	5584	42.4634125	8320	44.7545125	12424	46.837225	18696	49.060625	
336	36.43585	464	38.2157375	1056	40.67385	1496	42.5468625	2440	44.54825	4520	46.8468375	7272	49.088775	
296	36.2337625	424	38.1124125	544	40.4402125	944	42.4576125	1584	44.52355	2472	46.8458375	4272	49.0835375	
328	36.24195	648	38.3753375	808	40.578475	1056	42.5401875	2176	44.8358125	3328	46.9785	5616	49.168875	
1744	36.196025	2568	38.1805625	4024	40.447425	5920	42.6115	8872	44.7233625	13040	46.7300625	19352	48.7546625	
464	36.4099125	608	38.5259625	656	40.5609625	1200	42.6087875	1784	44.6127375	3176	46.729425	5528	48.83115	
448	36.7292625	408	38.5218125	712	40.7112625	1240	42.7839125	2088	44.9299375	3800	47.1124875	6256	49.0110125	
352	36.337975	512	38.3014875	768	40.4455875	1480	42.6536	2288	44.6534625	3968	46.7508	7176	48.820825	
1640	36.0371	2464	38.155275	3992	40.3011	6096	42.6090875	8744	44.5739125	13096	46.675125	19552	48.6830875	
272	35.868175	584	38.35755	744	40.3616875	1296	42.5311625	2200	44.552275	3536	46.7648125	5456	48.7872375	
608	36.2417875	680	38.4395875	936	40.5108375	1504	42.5449375	2568	44.7160875	4032	46.7892	7064	48.959825	
352	36.005675	656	38.3184	872	40.2140125	1520	42.2368125	2376	44.3153875	4792	46.6519375	8312	48.68065	
1752	35.890925	2832	38.3193	4112	40.269525	6224	42.4352875	9304	44.3463375	13872	46.46865	20960	48.665975	
504	36.0681375	544	38.195625	776	40.1643375	1192	42.3207375	2088	44.3111125	3768	46.557675	6520	48.763725	
312	36.09275	416	38.0982	728	40.1289875	1064	42.34675	2232	44.5216	3464	46.6466125	5896	48.774575	
344	36.0923625	480	38.2189875	600	40.1764875	1000	42.313975	1576	44.5646	2432	46.621925	4432	48.724725	
1704	35.8237375	2800	38.2856875	4432	40.372125	6560	42.4657125	9656	44.6802625	14120	46.5472	20688	48.7334625	
392	36.11345	568	38.5139	768	40.4042375	1408	42.799125	1600	44.5293375	3424	46.609225	5816	48.6498	
256	36.0952875	488	38.5486875	560	40.3158375	952	42.7595625	1944	44.6859875	2976	46.7169	4808	48.85275	
416	36.3129875	360	38.2957125	856	40.37225	1600	42.9144875	2288	44.7654375	3936	46.8382875	6896	48.8900125	
1760	36.6820625	2680	38.3556875	4000	40.2092	6184	42.3801375	9328	44.421775	14168	46.6896625	21064	48.762675	
360	36.9666375	552	38.533	816	40.4598375	1192	42.45635	1992	44.6080125	3120	46.801175	5000	48.8630875	
392	37.0026875	528	38.428725	1032	40.464475	1640	42.4189	2848	44.8277375	4616	47.006475	7432	49.0648625	
280	36.9692375	360	38.3265375	688	40.63205	1176	42.57625	1776	44.841325	3168	47.1464625	5744	49.1413	
1640	36.21845	2712	38.339175	4080	40.398775	6360	42.4466625	9520	44.7211625	13944	46.627725	20624	48.8837	
464	36.5271	640	38.2553625	1176	40.320975	1640	42.363675	3064	44.6035875	5536	46.7770625	8616	48.965225	
464	36.651375	760	38.6015875	1096	40.4672625	2072	42.6067125	3816	44.9393875	6240	46.9382375	10904	49.079075	
456	36.081375	792	38.3493625	1248	40.2544125	2168	42.553875	3880	44.6153875	6616	46.6563	11352	48.8265375	
1736	36.2796625	2632	38.1971	4200	40.2436625	6232	42.553025	9312	44.70365	13664	46.7721	20024	48.6748875	
544	35.9200125	992	38.0055	1376	39.8752	2456	42.1939125	3688	44.1785875	6024	46.1968125	11096	48.3334	
592	35.28505	1080	37.7327	1640	39.591825	2600	41.925475	3888	44.0091	6704	46.15675	10336	48.364	
648	35.3211	888	37.576775	1280	39.5568	1888	41.8189375	2864	44.0614375	4520	46.1571	6672	48.2885875	
2144	35.103375	3360	37.64655	5176	39.6939625	7744	41.7335875	11344	43.819875	16280	45.8628375	24200	48.052925	
688	34.8388375	888	36.9556	1656	39.150625	3152	41.2575125	5488	43.4101	9400	45.630025	15176	47.7357875	
536	34.70895	872	36.965825	1224	39.1810375	2152	41.379525	3168	43.3826875	5216	45.721625	8696	47.92995	
720	34.8883875	1064	37.1338625	1568	39.29645	2288	41.3974375	3784	43.52405	5680	45.957875	8176	48.0627	
2176	34.9238	3472	37.2187875	5248	39.3863625	8040	41.4904	11744	43.7682	17488	45.8882375	25272	47.9977375	
376	34.568225	808	37.08465	1232	39.1257625	2056	41.1932375	3640	43.5047625	6552	45.6656875	10944	47.7535	
552	33.9938625	1088	36.469375	2176	38.4188	4360	40.5258875	7776	42.5935875	14392	44.641	26752	47.3201375	
448	33.84905	920	36.5457625	1248	38.360675	2016	40.58795	2952	42.708175	4720	44.942725	6656	47.4476	
2336	34.4367125	3936	36.86145	5920	38.868	9080	40.8583625	13496	43.1900625	19656	45.1857625	28968	47.5030625	
544	34.2999125	720	36.522725	1248	38.457075	2352	40.5698125	3952	42.7192	7056	44.788875	13264	47.228	
592	34.1129	1160	36.48535	1936	38.7068125	3032	40.7629	4696	42.9068125	7320	45.00845	11072	47.4261375	
928	34.26725	1480	36.6219	2240	38.855025	3376	40.8194875	5616	42.9763625	9720	45.169875	16400	47.3272875	
2296	34.358975	3904	36.537125	6008	38.6089125	9120	40.7754625	13616	42.9492875	19760	45.0801625	29400	47.34805	
616	34.323925	1088	36.5067	1536	38.4751875	2816	40.7751375	4624	42.9312	7760	45.1108625	12224	47.4097	
736	34.1318625	1336	36.5150125	2184	38.5909375	3376	40.9641625	5336	43.180975	8352	45.2676875	13504	47.3958	
816	33.900725	1160	36.1352375	1920	38.405425	2800	40.54515	4792	42.7775375	7928	44.9359125	13064	47.104675	
2808	33.9445	4376	36.230825	6632	38.225825	10008	40.4043125	14560	42.6551625	21088	44.8613875	30768	46.9861375	
752	33.3354625	1336	35.73665	1992	37.64905	3576	39.9076125	5824	42.2549875	9592	44.348875	16680	46.6995	
680	33.1608	1192	35.7242375	1880	37.6229875	2680	39.9050625	4136	42.2975125	6968	44.6280125	9744	46.8421375	
864	32.7271625	1384	35.0421375	3008	37.2517	4992	39.5029375	8720	42.0281	13896	44.4364	21296	46.8293375	
3128	33.2998875	5032	35.387425	7936	37.4649125	11872	39.759475	17432	42.1314625	24848	44.2434	36208	46.5783375	
584	33.1128125	984	35.2263	1752	37.314775	3000	39.5609375	4768	41.76315	8944	43.935	15152	46.2778875	
760	33.165875	1328	35.2816375	1960	37.4415875	2816	39.7006875	4296	41.9074125	7200	44.180275	10992	46.6184125	
680	33.0612375	1304	35.274	1992	37.4061625	3096	39.6106125	5728	42.057525	8616	44.3716875	12480	46.7249875	
3024	32.972375	5152	35.377725	8248	37.491375	12328	39.691675	17704	41.88205	26352	44.122725	38160	46.3510875	
664	32.802325	1216	35.2674625	1864	37.3192375	2992	39.5247875	5224	41.73805	8512	43.8793875	14496	46.1230125	
888	32.762275	1504	35.1162125	2576	37.3295625	3712	39.4482625	6240	41.7787	9632	44.0713125	14080	46.3924375	
1096	32.7274375	1880	35.088775	2936	37.2682	5056	39.497125	8144	41.738	13144	43.9496875	21768	46.191825	
3400	32.8870125	5496	35.01515	8648	37.2749625	12816	39.3488625	18856	41.592325	27512	43.786	40336	46.1104	
928	32.9754875	1560	35.310425	2248	37.421875	4144	39.69015	6824	41.880225	11128	44.1207	18728	46.3312875	
984	32.7549125	1528	35.1142	2632	37.290075	4496	39.4789	7208	41.6058	12688	43.951725	20088	46.2794375	
832	32.6453375	1496	35.161275	2312	37.235375	3784	39.5144	6248	41.8312875	9120	44.0971	13344	46.4378375	
3280	32.9509625	5256	35.1526875	8216	37.3010375	11912	39.348225	17640	41.5969875	26008	43.872125	38872	46.1704375	
920	32.8938125	1616	35.3232625	2392	37.249375	4192	39.6042625	7104	41.8854875	11664	44.1172875	19168	46.300525	
1136	32.9118	1608	35.142575	2632	37.1231875	4288	39.408225	7088	41.5303	11392	43.7730125	19256	46.1121375	
1136	32.9158	1536	34.9784625	2560	37.1400625	3728	39.3697875	6240	41.636425	9608	43.8979	14672	46.2477125	
3560	32.800525	5608	34.96115	8352	37.2464125	12120	39.5170625	17512	41.670175	25688	43.8737375	38688	46.19215	
1184	32.3506375	2120	34.7271	3464	36.87005	5136	39.0342	8688	41.2791	14496	43.54775	23152	45.8267	
928	32.2882625	1584	34.671125	2824	36.932825	4360	39.1972	7504	41.555225	11896	43.866	19360	46.1217625	
1160	31.9326125	1936	34.260675	3440	36.6036	6016	38.958225	9360	41.09915	15624	43.4895625	25384	45.883	
3832	32.4429875	5904	34.6940375	8744	36.7612875	13232	39.0755125	19400	41.2202875	28664	43.5004	42920	45.8890125	
808	32.3380375	1208	34.6548625	2168	36.7274875	3080	38.8359625	5592	40.94435	10048	43.2795625	17624	45.5929625	
808	32.270025	1464	34.7692875	2248	36.7494	3920	39.019425	6768	41.2546375	10792	43.6882875	16696	46.0522625	
728	32.0781	1256	34.6862125	2240	36.7921	3352	38.936	5944	41.3222625	9744	43.8668375	14976	46.234075	
3800	32.2780875	6032	34.7751125	8544	36.865675	12608	38.884475	18896	41.1643375	28224	43.470075	42608	45.8968875	
760	32.14175	1504	34.7158375	2568	36.5796875	4520	38.798625	7632	41.056525	13448	43.640725	20432	46.021625	
920	32.2183375	1288	34.6707875	2136	36.6632875	3208	38.89145	5296	41.24255	8560	43.82295	12664	46.182725	
856	32.17585	1288	34.5089	2224	36.7191125	3608	38.9631875	6312	41.4535875	9696	43.8716	14752	46.305925	
3528	32.353125	5504	34.7648625	8312	36.9100125	12136	39.15255	18088	41.395575	26656	43.6919	39448	46.0625875	
824	32.6383375	1320	34.8827625	2264	36.9985875	3680	39.1626625	6416	41.3154875	11272	43.6852	19408	46.0479875	
800	32.7000875	1224	35.0606875	1760	37.2900875	3048	39.46565	4864	41.77925	8400	44.1981625	14120	46.460975	
600	32.543775	1048	34.9384375	1664	37.2262625	2528	39.361825	4400	41.551725	7728	43.9186	13664	46.18915	
3376	32.8866375	5312	35.2822125	7488	37.390775	10928	39.4427625	16408	41.8237625	23992	44.047425	35824	46.3437125	
672	33.1804375	1472	35.9309875	1904	37.7644	3176	39.8489625	5744	42.1650125	10040	44.4583375	16192	46.8526375	
784	33.3721875	1064	35.9517375	1576	37.948375	3040	40.246675	4840	42.41995	8024	44.7328375	12480	47.084175	
704	32.9594	1328	35.7934625	2000	37.997925	2992	40.10645	5264	42.5233125	8648	44.8208125	12912	47.0820125	
3304	32.880725	4896	35.387125	7184	37.55585	10280	39.7378625	14984	42.1157375	22096	44.3640125	33104	46.6789125	
752	33.1088	1064	35.5277375	1680	37.8835	2648	40.0651625	4000	42.3431375	6120	44.6374625	9384	46.960325	
816	32.6113125	1456	35.0674125	2464	37.4722625	4512	39.6357	7840	41.992325	13176	44.4722375	20808	46.8531	
464	32.49835	1040	35.182875	1424	37.5201	2656	39.70195	4264	41.9762375	8016	44.5122	12456	46.846325	
3184	32.9466625	4704	35.2444625	6960	37.448325	10016	39.7040625	15016	41.89485	22480	44.12425	33984	46.5383	
464	33.05375	768	35.4097125	1280	37.660825	2152	39.997675	3480	42.1457125	6080	44.4385375	9208	46.8004375	
608	33.1474375	904	35.4391	1488	37.6856	2552	39.958825	4592	42.2178	8000	44.5940625	12248	46.9350875	
456	32.9958375	1008	35.5757625	1528	37.679575	2816	40.1309	4864	42.174775	8672	44.4442375	15864	46.7760875	
2928	33.0885875	4480	35.5163125	6552	37.5890125	9872	39.8852875	14520	42.1554875	21376	44.401375	32112	46.7331125	
480	33.4007875	888	36.06515	1384	38.2220625	2320	40.448925	3944	42.5914375	7000	44.8340875	11112	47.169525	
544	33.1838	952	35.83565	1512	37.9622375	2672	40.076775	5008	42.3481125	9056	44.6791375	15152	47.1108125	
424	33.03595	680	35.776	1296	38.081875	2008	40.056725	3360	42.326275	5864	44.6359375	9464	47.092375	
2632	33.03215	4352	35.5643	6456	37.6143125	9664	39.821725	14216	42.1114	21464	44.378675	32776	46.8204375	
376	33.6656625	592	36.3560125	1096	38.45405	1768	40.6366375	2976	42.755575	6032	45.0806375	10952	47.3480375	
464	33.85975	512	36.30685	1048	38.5790125	1472	40.6177875	2696	42.8051	5056	44.9759	9240	47.3172875	
592	34.334125	904	36.7856625	1320	38.9776	2312	40.9666625	4040	43.08085	7872	45.4746875	13768	47.7038625	
2400	34.09585	3728	36.5342	5384	38.8071125	7760	41.0288375	11008	43.3576	16032	45.5922875	24192	47.8521125	
504	34.61655	776	37.3153125	1144	39.2683625	1928	41.5115875	3384	43.756875	6104	45.8626125	11016	48.0066125	
536	34.736575	664	37.2821375	1152	39.4475875	1880	41.71915	2856	43.6583	5656	45.9362375	9992	48.1341125	
464	34.753575	816	37.4355625	1256	39.73075	1968	41.7990375	3424	43.8764375	6024	45.9096875	11296	48.0194875	
2136	34.6352	3224	37.0669875	4424	39.3057625	6640	41.4272375	9664	43.7203875	14232	45.9063	21672	48.1436	
400	35.0278875	672	37.410175	664	39.41775	1376	41.803675	2000	43.942875	3384	46.0689375	5600	48.312475	
392	34.948525	864	37.6319625	1168	39.7383375	1896	41.9429125	3288	44.0634875	5752	46.285875	10016	48.4946625	
608	34.7237875	1032	37.3073625	1472	39.3357875	2336	41.6259625	4168	43.7638625	7232	45.8795125	12920	48.247325	
1912	34.8911625	2984	37.2078875	4256	39.3626625	6224	41.5150125	9392	43.57965	14064	45.797175	20768	47.889425	
280	34.8632375	496	37.1421125	808	39.356175	1512	41.5302375	2640	43.6093	4600	45.795375	8344	48.037575	
464	34.82565	600	36.9943	1120	39.2310125	1936	41.32295	3456	43.4918625	6240	45.6099875	11856	47.8327125	
272	34.6928	496	37.028	608	39.203975	880	41.269625	1296	43.3128875	2864	45.57815	5768	47.8391375	
1936	34.8569125	3000	37.109775	4288	39.141	6624	41.25385	10104	43.4572625	15208	45.59035	23312	47.8321	
312	35.2094625	440	37.4140375	656	39.4481	984	41.4061625	1888	43.74885	3352	45.8147625	6520	48.092275	
240	35.476725	448	38.0477375	856	40.3657375	1488	42.3271875	2520	44.6252875	4432	46.5992375	8104	48.789125	
344	35.2435625	696	38.1326125	808	40.0825625	1376	42.147975	2408	44.3955625	4416	46.366725	8440	48.6537125	
1664	35.6677125	2696	38.0947625	3816	39.9373875	5536	42.1343375	8192	44.4177	12184	46.559175	18024	48.7211625	
368	36.070925	512	38.074475	736	40.015	1320	42.0204375	2184	44.3008	4248	46.409825	7776	48.5287	
272	35.6960625	552	38.1140125	1048	40.381425	1472	42.312275	2512	44.453125	4408	46.66725	7184	48.7339125	
560	36.2161125	696	38.5103	1008	40.5026625	1544	42.4671375	2504	44.49315	4936	46.7546875	8680	48.95465	
1592	35.95045	2512	38.25945	3488	40.34165	5304	42.4349625	7880	44.6022625	11408	46.6935875	17400	48.7864125	
416	35.931825	680	38.380925	848	40.3323875	1408	42.4830125	2432	44.714075	3744	46.664475	6664	48.8725	
376	35.582375	720	38.4399125	1144	40.4836375	1576	42.5466875	2776	44.7633375	4760	46.8641375	8008	48.9298125	
576	35.8301	656	38.2498	904	40.2169875	1632	42.5161	2640	44.7797125	4376	46.8534875	7624	48.982475	
1768	35.97785	2632	38.3143875	3688	40.1134	5392	42.2171625	8128	44.6670875	11616	46.757675	17472	48.8070125	
336	35.40115	568	37.7333625	1184	39.8649875	1968	41.9533875	3448	44.22855	5968	46.439175	10680	48.5736	
264	35.3464	544	38.0471	792	40.0373125	1184	42.2507125	1824	44.460325	3352	46.641675	5912	48.7888875	
416	35.7165625	520	38.3356375	896	40.6104375	1040	42.5585875	2000	44.7252875	3608	46.9744	6648	48.9104625	
1488	35.8065625	2288	38.0191125	3448	40.0947	5096	42.14225	7944	44.6093875	11320	46.5501875	17768	48.7620125	
320	36.1964625	440	38.497275	624	40.5211375	936	42.5270375	1480	44.87925	2320	46.7965875	4568	49.0476625	
344	37.0191625	432	39.3843125	640	41.4819125	952	43.3373	1760	45.358425	3312	47.4374375	5976	49.4467875	
224	36.6648625	464	39.0679875	608	41.3549125	1072	43.3495125	1872	45.4679875	2848	47.442875	5392	49.404375	
1336	36.384825	2096	38.752325	3096	40.8804875	4576	43.0486875	6776	45.2356125	10032	47.33485	14480	49.314325	
296	36.8418375	464	39.2380875	528	41.2382875	992	43.3662375	1400	45.3984375	2288	47.1474625	4168	49.095425	
208	36.9862	240	39.4504	384	41.440775	528	43.5981875	984	45.7289125	1840	47.599975	3440	49.5209125	
208	37.0774	320	39.4817875	520	41.60395	592	43.4291375	1312	45.6686125	2136	47.4040625	4256	49.3595125	
1376	37.2588875	1936	39.4967375	2752	41.2985125	4144	43.447375	5808	45.420975	9112	47.565325	13264	49.428	
312	37.12925	536	39.551875	760	41.4044875	1096	43.5223625	1696	45.5370125	2928	47.4817875	5160	49.3284	
368	37.108875	520	39.5993	632	41.45375	1128	43.7212125	1640	45.7570375	3280	47.722225	6288	49.7499	
368	37.093425	464	39.584125	672	41.552675	880	43.774075	1432	45.6914625	2440	47.6865875	4248	49.6619875	
1496	37.4542625	2080	39.344325	3064	41.6451875	4216	43.5916875	6048	45.6491375	9112	47.6705875	13384	49.6331	
392	36.876725	584	39.0433625	816	41.3483625	1128	43.375225	1792	45.3235375	3072	47.3423375	5544	49.226075	
360	36.4132375	720	39.0684875	864	41.1718625	1576	43.4760125	2288	45.3392875	3848	47.2666	6384	49.358975	
488	36.4412625	504	38.776	832	41.061025	1144	43.541	1728	45.3255125	2856	47.2598875	5304	49.2766625	
1760	36.3451625	2616	38.4966625	3640	40.7170375	5152	42.7671	7320	44.9235375	10544	46.94505	15832	48.95025	
376	36.0007125	544	38.2356875	872	40.48795	1496	42.7259125	2208	44.5821625	4312	46.7337125	7552	48.8315625	
440	36.0538625	544	37.965225	888	40.42735	1056	42.5180875	1976	44.7042875	3200	46.728525	5664	48.705525	
200	35.8647	376	37.9994125	488	40.4110875	800	42.5822875	1112	44.661875	2072	46.8624	3520	48.77815	
1808	35.8326125	2800	38.150375	3840	40.173075	5576	42.481675	7960	44.656325	11376	46.71555	17160	48.7329	
216	35.856475	296	38.3206375	544	40.435775	840	42.6993125	1616	44.8587375	2904	46.9565125	5536	48.984625	
256	35.603725	320	37.998175	632	40.1994875	848	42.5153625	1704	44.688375	2840	46.706025	5496	48.7486875	
328	35.2173375	424	37.5881625	1000	40.128275	1584	42.575075	2352	44.6381	4272	46.6760625	7128	48.6483125	
2040	35.4396	2936	37.8097875	4176	39.9725	5864	42.0608875	8520	44.3659625	12376	46.4969875	18184	48.519775	
200	35.1922625	440	37.9221125	680	40.117275	1392	42.3979375	1904	44.4556875	3144	46.5416125	6424	48.621025	
312	35.0285125	456	37.6910875	688	40.0041875	1008	42.246625	1808	44.4100125	3256	46.585525	5464	48.46535	
432	35.0958875	848	37.8892875	1040	40.0597625	1672	42.278275	2480	44.4074	3912	46.4666125	6720	48.4565375	
2032	35.2122875	3016	37.44865	4416	39.96175	6256	42.0816125	8784	44.294175	12928	46.4562875	18864	48.4010375	
640	35.2802875	1120	37.5038	1320	39.8944125	1816	41.7714375	3112	43.8486625	5384	45.989525	9216	47.889525	
712	34.9000875	1024	37.43385	1392	39.8133375	2120	41.7994125	3248	43.8947875	5000	45.9724625	8312	47.9291	
808	34.6042	1096	37.2468375	1584	39.7339	2352	41.7833375	3568	43.7466375	6032	45.8374125	10744	47.9228375	
2384	34.44435	3736	36.7269625	5464	39.18375	7568	41.18525	10792	43.3495875	15848	45.5813	23312	47.6098625	
496	34.2997375	912	36.7894875	1136	39.096875	2048	41.1348875	3360	43.1856	5392	45.6097875	9256	47.71215	
536	34.262	888	36.9103	1192	38.98225	2296	41.322875	3528	43.433275	5872	45.58225	10488	47.6069625	
504	34.34775	608	36.7981125	904	38.964775	1512	41.388475	2296	43.397625	4208	45.5599875	7568	47.5879	
2640	33.9235625	4024	36.6186	5656	38.71045	8144	40.8415	11688	43.1006125	16760	45.2231875	24912	47.3433625	
512	34.3140125	672	36.7852125	952	38.867025	1360	41.039525	2624	43.3697875	4080	45.4771	7376	47.65465	
392	34.1528125	552	36.526975	1112	38.773175	2080	40.96695	3432	43.328675	5560	45.287325	9416	47.5377875	
424	34.158275	576	36.5805375	952	38.82295	1416	40.965875	2320	43.28735	3712	45.2846375	6552	47.6133875	
2448	34.075275	3912	36.5491875	5872	38.7572875	8288	40.8748875	11928	43.1013125	16840	45.1575125	25320	47.4335125	
456	34.0382125	816	36.5466375	1352	38.8278875	2312	41.078575	3832	43.144325	6520	45.21375	11088	47.3538625	
560	34.0145	912	36.7255125	1104	38.7831875	1544	40.9345	2960	43.1349	5024	45.2485375	8616	47.499075	
544	34.0492375	624	36.4383	1264	38.7503625	1984	40.8868625	3248	43.1298875	5568	45.341875	8832	47.5986625	
3096	34.2046	4296	36.3444375	6312	38.8247	8608	40.838375	12328	43.1477	17368	45.2136	26120	47.44025	
408	34.30355	648	36.40215	824	38.73825	1488	40.8020875	2512	42.9634875	4312	44.957775	7872	47.1405625	
376	34.2219875	752	36.6352	1136	39.0132875	1896	41.015275	3264	43.2373625	5000	45.331575	8480	47.545275	
544	34.516925	776	36.703625	1176	39.0415125	2024	41.1801	3184	43.367975	5504	45.5448625	9320	47.845	
2192	34.407875	3608	37.0608375	5152	39.044125	7264	41.246175	10720	43.3797875	15856	45.5135625	23648	47.6244125	
552	35.1957875	704	37.5284	1408	39.7833125	2208	41.7702125	3560	43.724475	6272	45.881525	10584	48.1164625	
688	34.8661625	1208	37.5638	1744	39.6236375	2928	41.8737875	4528	43.7368125	7704	45.8830375	13440	48.030725	
736	34.5766	1160	37.257975	1768	39.284925	2840	41.6218875	4624	43.5552875	7496	45.7599875	11600	47.884325	
2200	34.6477	3504	36.9315625	5088	39.13035	7440	41.132625	11080	43.3432	16040	45.4731125	23872	47.642925	
624	34.429375	1240	36.896475	1912	39.2082625	2872	41.2334	4728	43.6049875	7264	45.7036625	11096	47.9005625	
760	34.3412875	1224	36.671775	2008	38.905075	3544	41.1356625	5552	43.3977375	8496	45.5418875	14128	47.662125	
544	34.2602875	864	36.50435	1696	38.9369875	2472	40.9712125	4288	43.401425	6808	45.489725	11424	47.6397875	
1936	34.5080375	3264	36.5851625	5136	38.7046625	8088	41.00805	11488	43.2034625	17144	45.3236875	25208	47.4960125	
392	34.1612875	872	36.4404125	1608	38.4758375	2400	40.5507875	4416	43.0175125	7392	45.305825	11496	47.6182	
456	33.9358	744	36.185775	1528	38.321925	2616	40.5863125	4224	43.1021375	6136	45.3745875	9096	47.655825	
704	33.797175	1176	36.1003125	1976	38.1724375	3208	40.5250625	5064	42.8759625	8584	45.2700375	13008	47.636275	
2200	34.025325	3640	36.2789625	5944	38.49675	9000	40.6499375	12968	42.991725	18984	45.27665	27456	47.454275	
416	33.819875	904	36.1633875	1440	38.2893625	2464	40.4622	3840	42.6943	6416	44.8631625	11104	47.1283375	
696	33.750775	1216	36.2309625	2056	38.3230375	3320	40.6431375	5576	42.9982625	9136	45.2009	14216	47.5641125	
696	33.622975	1152	36.31755	1944	38.4018	2872	40.74585	4640	43.21605	6904	45.3513875	10336	47.6622125	
2144	34.316	3512	36.585975	5504	38.824825	8200	41.0565625	12104	43.2369625	17656	45.4539875	25816	47.61385	
672	34.362075	1136	36.8549125	1544	38.8700125	2536	40.920975	4376	43.147325	7544	45.238375	13080	47.5351125	
664	34.28775	1344	37.08915	2104	39.1178	3504	41.1794875	6112	43.124175	10888	45.328325	20432	47.7702875	
672	34.3601375	1080	37.0368875	1704	39.2968625	2632	41.313125	4224	43.5450625	6184	45.63055	9720	48.018425	
2024	34.6609875	3408	37.2157875	4992	39.30925	7368	41.4622875	10832	43.665775	15688	45.6653375	23520	47.8851125	
712	34.5689125	1168	37.145875	1688	39.2360625	2736	41.319625	4800	43.6766125	7576	45.893325	11376	48.0465	
760	34.26155	1320	36.949225	2184	39.128375	3352	41.1915375	5648	43.4772375	9216	45.589875	15280	47.754975	
856	34.8861375	960	37.0254875	1416	39.246975	2232	41.4519875	3192	43.636025	5480	45.741225	8992	47.928325	
2056	34.931675	3240	37.2084	4816	39.228075	7264	41.6174375	10568	43.762	15416	45.8330375	23064	47.95295	
440	34.9868875	608	37.3350125	1208	39.52795	1560	41.6268875	3024	43.9995	4960	46.0665	8408	48.2929625	
464	35.0754625	584	37.2388	1128	39.53625	1656	41.6382	3112	43.9825375	5408	46.1951875	8832	48.498975	
456	34.9963625	640	37.0311375	1200	39.297425	2256	41.6235875	4016	43.9124625	6792	46.1698125	10752	48.5840125	
1760	35.2611625	2848	37.424375	4224	39.67795	6592	42.0639	9760	44.126375	13968	46.2275125	20600	48.496075	
320	35.5343125	576	37.763625	808	40.0270625	1264	42.1439125	2408	44.5238875	3760	46.6338875	6448	48.86465	
400	35.63545	520	37.8443875	688	39.94115	1176	42.24845	2032	44.5257625	3288	46.6427625	5136	48.8787	
352	35.4861375	608	37.909825	888	39.9721375	1416	42.3808125	2584	44.702675	3952	46.660975	6880	49.0358875	
1776	35.3831	2800	37.8128875	4176	39.6966	6376	42.00035	9328	44.1387	13784	46.3519125	20616	48.6130875	
440	35.669525	512	38.0259	904	40.0158	1520	42.4974375	2344	44.5489875	3448	46.5361375	5648	48.82245	
440	35.6886375	592	38.01795	760	39.8272125	1432	42.2706625	2440	44.423125	4440	46.5108	7208	48.8138	
392	35.6346875	648	38.2207375	992	40.01905	1744	42.428275	2528	44.486875	4744	46.66905	8048	48.8081125	
1624	35.8019375	2480	37.6068125	3976	39.9773125	5792	42.0359875	8600	44.218825	13032	46.4829125	19120	48.6214	
456	36.047975	680	38.0043375	1072	40.203375	1448	42.29435	2296	44.3337375	3632	46.6341	5664	48.8127875	
392	36.1926875	648	38.40995	960	40.37305	1584	42.646525	2552	44.6648	4160	46.9145625	7240	49.057175	
512	36.2552625	936	38.3783875	1232	40.48905	1896	42.6375625	3096	44.6338125	5040	46.8968875	8888	49.0271875	
1512	36.3313875	2336	38.7470125	3392	40.8723125	4808	42.8337625	7384	45.0971	10560	47.223425	16176	49.4971125	
520	36.113375	696	38.9092875	1176	40.99805	2024	43.0854125	2824	45.274825	4720	47.31915	7648	49.3444	
624	35.6501875	832	38.3909	1256	40.4945125	2080	42.6814125	3280	44.9404	5328	46.982875	8600	49.1940125	
624	35.417125	936	38.1917375	1400	40.0994375	2048	42.402375	3488	44.80635	5472	46.8151625	8528	49.0359125	
1680	35.6468375	2688	37.824125	4064	40.1704	5960	42.206825	8576	44.4011625	12408	46.5063875	18696	48.7186625	
536	35.235575	1032	37.471375	1768	39.9080875	2592	41.8320375	4520	44.1488	7384	46.3461375	11976	48.531	
632	35.22235	864	37.3756625	1288	39.7698	1992	41.8573375	2864	44.013425	4832	46.179725	7864	48.3799625	
672	35.050075	1104	37.1037375	1512	39.30605	2576	41.4122625	4392	43.8043875	7200	46.0076875	12240	48.248775	
2128	34.2952375	3432	36.778875	5192	39.0361375	7816	41.327675	11224	43.4040625	16192	45.7493375	24064	48.0721875	
448	34.409325	616	36.5899375	1136	38.9865125	1704	41.181675	3288	43.429175	5168	45.8739375	7408	48.16945	
680	34.39595	1160	36.6145125	1640	38.963425	2600	41.1782375	4184	43.40165	6800	45.9678	9456	48.174225	
672	34.3070875	1128	36.637025	1824	38.982675	2464	41.1343	4320	43.35515	6872	45.794	11440	48.0035875	
2392	34.3965375	3816	36.5302	5664	38.6947375	8520	41.0598375	11848	43.0736125	17472	45.4664125	25728	47.70475	
560	34.4055875	1024	36.793825	1848	39.044425	2960	41.1091375	5064	43.3653625	8256	45.64255	13576	48.110725	
872	34.531575	1024	36.852125	1648	39.2679	2576	41.371125	3944	43.623375	5936	45.87755	9312	48.111875	
640	34.437975	960	36.8160625	1520	39.0326875	2712	41.3052625	4320	43.4664375	7192	45.6388625	11784	47.946475	
2088	34.7561375	3224	37.2141125	5000	39.2202625	7320	41.44585	10600	43.5023875	15480	45.810575	23248	48.142975	
808	34.8649	1008	37.1971875	1720	39.3852875	2648	41.5622125	4008	43.679525	6064	46.0513375	9400	48.321875	
808	34.729725	1272	37.2196875	1744	39.3924625	2968	41.7453875	4568	43.9905	6712	46.3196875	10416	48.489625	
1032	34.5899125	1600	37.1086875	2560	39.152375	3568	41.1825875	5744	43.62205	9072	45.87895	14032	48.0663625	
2944	34.2776875	4272	36.5734875	6112	38.6865625	8824	41.1842625	12224	43.0707625	17920	45.390975	26696	47.8577	
856	34.0875	1168	36.3300125	2288	38.5395375	3536	40.8922625	6000	42.8765625	9608	45.1655375	15976	47.6651625	
712	34.0571625	1088	36.3029875	1816	38.7461	2872	41.1583625	4296	43.1944875	6232	45.538675	8656	47.95205	
992	33.60715	1728	36.09685	2592	38.5373625	4080	41.018875	6296	43.1061625	9648	45.65095	13496	48.00175	
2984	33.5415875	4576	36.174725	6872	38.2101125	10096	40.555675	13992	42.6901625	20120	45.038675	30032	47.613875	
872	33.433025	1440	36.154975	2176	38.2319	3416	40.668425	5056	42.9513875	7888	45.3524375	11392	47.8995875	
1128	33.0499125	1976	35.91895	3112	38.0137	5104	40.584475	7392	42.87105	11520	45.3575625	16712	47.8592625	
1056	33.355275	1480	35.93705	2528	38.105475	3648	40.5435875	5408	42.980975	8160	45.37325	12424	47.7512875	
3128	33.19865	4864	35.70545	7136	37.9923875	10320	40.3412875	14528	42.4540875	21168	44.8878125	31520	47.4266625	
928	33.0572875	1376	35.715025	2496	38.1287625	3768	40.40775	6024	42.6887125	9144	45.1851625	13760	47.7031	
936	33.02395	1584	35.80965	2544	38.23385	3792	40.5769	5824	42.8498125	8776	45.22125	14016	47.5616625	
1184	33.1836625	1952	35.8292125	3368	38.3157375	4944	40.4745375	8016	42.7981125	12448	45.094875	19480	47.5836875	
2720	33.4883	4272	35.9416625	6304	38.1552875	9280	40.40475	13128	42.6264	19704	45.0561625	29528	47.4694	
1088	33.5597	1616	36.180675	2640	38.4913875	3816	40.6195625	6224	42.9953625	9256	45.321975	14040	47.70835	
1032	33.7960125	1744	36.4402875	2712	38.7142	4120	40.9396375	6744	43.2175625	10288	45.4270125	16992	47.60445	
864	33.8459875	1176	36.317825	2048	38.6668375	3088	40.7966375	4728	42.905675	8120	45.2848875	13616	47.4901	
2592	33.9830875	3944	36.3077	5920	38.5173625	8792	40.7723875	12480	42.8428625	18584	45.026825	27544	47.3305375	
680	34.065475	1264	36.5463375	2072	38.72895	3160	40.95695	5280	43.0023625	8512	45.3535125	13248	47.6259625	
592	34.061075	1072	36.6103625	1648	38.7390625	2680	41.0401625	4080	43.09015	6200	45.3665	9696	47.65315	
648	33.930975	1216	36.6527125	1912	38.7166	3128	40.899225	5568	43.11095	9312	45.329525	15264	47.6487625	
1768	34.4004125	3096	36.6377375	5040	38.8353	7664	40.9226	11568	43.2637375	16824	45.34665	25024	47.446575	
600	34.382825	1136	36.7447625	1528	38.7381125	2496	40.7929625	3840	43.1089375	6200	45.1673375	11248	47.4488	
584	34.26855	960	36.743175	1432	38.727025	2496	40.88435	3488	43.180575	6056	45.3075125	10456	47.7616	
544	34.2782125	816	36.609975	1344	38.5939375	2184	40.7984375	3472	43.2108375	5904	45.4287125	8304	47.8034	
1768	34.43595	3248	36.828525	5256	38.7158625	7840	40.869575	11888	43.3076875	17392	45.542875	25720	47.622875	
544	34.231275	792	36.767725	1448	38.7321	2008	40.8383	3264	43.1733125	5096	45.2774875	8608	47.3535875	
520	34.36455	648	36.7715	1224	38.796225	1920	40.9446	3648	43.3448625	5800	45.460925	10464	47.7144125	
296	34.5709	632	37.1554125	1064	39.193975	1648	41.276125	2504	43.5360375	4752	45.7762375	7960	47.935525	
1520	34.6326875	3040	37.0255875	5048	39.168775	7368	41.220425	11016	43.32665	16384	45.5186625	24448	47.5105625	
248	34.7806875	504	37.23635	1048	39.5751125	1696	41.728225	2896	43.866875	4800	45.9005	8096	47.8524	
312	34.737025	672	37.21745	1088	39.5405625	1632	41.6165	2848	43.7182375	4992	45.7876625	8456	47.8257	
416	34.9030125	552	37.2441875	896	39.4575	1504	41.68235	2352	43.72045	3864	45.962775	6232	47.986675	
1536	35.279975	2800	37.3072125	4528	39.49365	6872	41.6473625	10224	43.712225	15144	45.819275	22736	47.92555	
456	35.2840375	760	37.485525	1168	39.747875	1720	41.9009875	2904	43.8486375	4752	45.9540375	7456	48.0529625	
584	35.468625	704	37.7654375	1216	39.97535	1856	42.18985	3248	44.226825	5128	46.3135375	8392	48.3394	
536	35.4642125	752	37.668425	1208	39.9503625	1816	41.9841625	2736	43.9309375	5032	46.0823375	8800	48.11355	
1480	35.3280875	2720	37.6428625	4288	39.637375	6656	41.7807625	9776	43.873475	14544	45.9591875	21928	48.0742125	
552	34.9753375	848	37.52885	1376	39.6405375	2344	41.8923	3376	43.847025	6016	45.9888375	10336	48.1935	
656	35.2036625	872	37.3929625	1480	39.661625	2024	41.8959875	3616	44.075025	5584	46.2001125	8672	48.3685125	
400	34.9706875	776	37.3085625	1192	39.6121	1912	41.843025	2896	44.0142625	4768	46.1632	7552	48.32835	
1832	35.32785	2976	37.635125	4624	40.027125	6872	41.9715625	9968	44.0739625	14328	46.2380125	21296	48.3557625	
328	34.9668625	488	37.3245875	832	39.588475	1456	41.6286125	2448	43.5889125	4712	45.8572875	8640	47.9624125	
440	34.90795	656	37.1775	1032	39.67865	1656	41.853725	2800	43.969925	4848	46.1813125	8272	48.283525	
360	34.6535625	560	36.989875	912	39.469325	1416	41.6793875	2200	43.7271625	4072	45.9738875	6800	48.0559875	
1864	34.9569	3128	37.4171375	4784	39.6008875	7072	41.55025	10696	43.7599875	15432	45.9046125	22696	48.0550875	
320	34.7850125	648	37.13665	1000	39.2006875	1936	41.300525	3832	43.5752	6840	45.8516	11584	48.18105	
352	34.7758125	560	37.1608875	1040	39.3092875	1720	41.4763625	3080	43.7973125	5024	46.0573375	8520	48.2317625	
448	34.3948875	696	36.7836375	1256	39.1396	2048	41.2014125	3368	43.5361125	5456	45.769425	9064	48.00025	
1896	34.673675	3248	36.8670625	5248	39.0489375	7704	41.453125	11520	43.795375	16200	45.8432625	23504	47.9904625	
408	34.5836	808	37.00215	1208	39.0747625	1712	41.176625	2952	43.5494125	4920	45.7235125	8624	47.7499375	
528	34.5891625	824	36.9524	1216	38.9996	2136	41.2033125	3952	43.7471625	6136	45.847775	10832	47.9788625	
456	34.450625	912	36.872325	1480	38.962325	2296	41.0390125	3656	43.574075	6008	45.65435	10016	47.868	
1960	34.2791375	3408	36.83445	5096	38.947625	7800	41.172075	11656	43.5890625	16768	45.60935	25136	47.8544	
600	34.39325	1008	36.8859875	1456	39.198325	2664	41.319375	4592	43.6468	7616	45.765675	12464	48.0988125	
672	34.4176625	1056	37.032425	1640	39.353	2672	41.4078625	4352	43.700525	7400	45.916725	12312	48.0385125	
752	34.217675	1328	37.0418875	1664	39.1268875	2840	41.3100625	4496	43.4999375	6896	45.6584875	11624	47.826975	
2152	34.4756375	3520	36.830575	5264	38.9908625	7744	41.2780875	11400	43.5190375	16560	45.6100875	24384	47.69295	
784	34.41345	1144	36.9984125	1616	39.0929	2128	41.13695	3576	43.2773125	6312	45.427875	10248	47.4432375	
792	34.308975	1184	36.849075	1928	38.98105	3264	41.009275	5272	43.3412625	8792	45.5033375	14592	47.765625	
704	34.1966625	1000	36.7002375	1408	38.8707625	2280	41.0276375	3656	43.3616	5640	45.513025	8960	47.7087375	
2496	33.9926	3912	36.597275	5952	38.8302125	8472	41.151	12080	43.4019875	17096	45.5758	24928	47.663825	
520	33.8047	832	36.219775	1504	38.6403	2352	40.836875	3776	43.0264625	6200	45.05485	11056	47.2964125	
696	33.4548	1288	36.1473375	1752	38.33425	3112	40.73585	4560	42.959425	8040	45.2955	11856	47.4915875	
720	33.1391	896	35.651425	1880	38.221275	2992	40.5801875	4912	42.8213375	8240	45.1230625	14152	47.343475	
2808	33.25855	4432	35.8821125	6600	38.170475	9232	40.3127	13456	42.6597625	19728	44.967575	29616	47.3075875	
576	33.1941125	960	35.8686125	1512	38.197725	2600	40.4184125	4152	42.680075	7344	45.13305	12104	47.3286125	
472	32.9277125	992	35.783425	1528	37.9550875	2376	40.25515	4640	42.7150875	7160	44.9059875	11776	47.27945	
552	32.9116	736	35.727175	1248	37.995775	1824	40.293	2856	42.847175	4392	45.12365	6488	47.48285	
2848	33.345025	4536	35.96865	6552	38.2458375	9392	40.278125	13640	42.6217375	19808	44.923925	28944	47.134125	
752	33.5553125	1392	36.2110875	2200	38.3375375	3424	40.301875	5632	42.5115625	9928	44.779975	16536	46.9771625	
616	33.538425	1008	36.1986875	1496	38.320925	2208	40.310125	3680	42.74355	5896	45.0878625	9464	47.3459625	
512	33.4129875	1032	36.221625	1992	38.608175	3376	40.84775	5240	42.93075	8640	45.30705	14224	47.6493	
2536	33.829725	4016	36.3068125	5920	38.447375	8464	40.72225	12088	42.914275	17984	45.0668875	26376	47.2530125	
824	34.0775375	1392	36.54215	2088	38.6954375	3488	40.9439125	5608	42.98675	9304	45.1325125	15832	47.284	
576	33.9947625	1176	36.9287125	1600	39.0600375	2208	41.082575	3528	43.1776875	6336	45.436975	10240	47.5512125	
736	33.9126875	1008	36.745075	1680	39.0020125	2832	41.171325	4624	43.3570375	7104	45.667025	10848	47.8186875	
2320	34.08565	3544	36.848825	5448	39.107175	7672	41.2835625	10976	43.3698125	15880	45.5040125	23624	47.6066	
456	34.112325	784	37.045625	1160	39.086325	1896	41.3475	2872	43.2141375	5120	45.366075	9512	47.539675	
504	34.2533125	712	36.8413125	1104	38.9442625	1952	41.3625875	3184	43.4032875	5352	45.666775	8520	47.94565	
552	33.997525	1088	36.661825	1744	38.94205	2736	41.2667875	4496	43.453775	7544	45.5731625	12408	47.7016375	
2016	34.2606625	3280	36.838775	5096	39.135875	7224	41.3998375	10568	43.51185	15560	45.648825	23128	47.8678625	
520	34.3491	888	37.045375	1232	39.0451	2000	41.5682125	3128	43.688325	5064	45.886025	8640	48.1050125	
472	34.030525	688	36.7365625	1432	39.0608625	2376	41.4952125	3712	43.5898625	6264	45.8461875	10048	48.164625	
592	34.2347875	960	36.8876625	1352	39.0088	2328	41.575325	3856	43.7561125	5848	45.952475	8984	48.319475	
1904	34.7269375	3024	37.051125	4840	39.340625	7296	41.594075	10432	43.81445	14976	45.7894125	22680	48.03975	
528	34.5636875	864	36.8667375	1312	39.196425	2168	41.580575	3512	43.9216875	5144	45.8945875	8640	48.1603625	
600	34.3937	1000	36.7712	1584	39.071225	2600	41.2898125	4160	43.47265	7480	45.845625	11680	48.056625	
616	34.704925	744	36.888975	1248	39.2991	2048	41.52415	3448	43.7087375	5992	46.0075125	9816	48.08715	
2032	34.8624875	3168	37.05985	4784	39.2894375	7184	41.373425	10400	43.5582125	15376	45.815725	22776	47.939175	
688	34.9873875	1040	37.3868375	1472	39.4637875	2512	41.5533	4144	43.90265	6744	46.063925	11368	48.08025	
632	34.917375	1040	37.353	1520	39.23785	2400	41.232325	3720	43.5236375	6080	45.5700125	11048	47.8436875	
512	34.534175	1104	37.249475	1712	39.299875	3000	41.4582	4528	43.6694	7472	45.667525	12696	47.886325	
1944	34.7218	3104	37.1425625	4888	39.420475	6928	41.483675	10320	43.642975	14760	45.716125	22960	47.9719125	
584	34.7425	1024	37.399925	1224	39.4427625	2072	41.751975	3120	43.859075	4632	45.9229375	7464	48.2035	
528	35.0514875	664	37.389425	1320	39.7061125	1968	41.9204625	3448	44.1333125	5528	46.312525	8624	48.43095	
496	35.1598875	712	37.4543625	1144	39.755525	1992	42.157875	3240	44.1689875	5496	46.3254375	9808	48.3994875	
1448	35.397525	2416	37.588375	3984	39.993425	5776	42.1396875	8232	44.3134375	12224	46.4010125	18592	48.490075	
456	35.3096125	664	37.4434875	1128	39.8391625	1608	41.985425	3008	44.253025	5336	46.477975	9184	48.567375	
264	34.854775	560	37.1091375	1080	39.573625	1896	41.9727875	2728	44.138575	4552	46.360275	7584	48.5473625	
424	34.7135125	776	37.0517	1120	39.461225	1600	41.6592125	2904	44.0412625	5072	46.2636375	8328	48.422625	
1792	34.85245	2888	37.1199	4512	39.45125	6672	41.7708625	9808	43.9458875	13936	46.1365875	20616	48.1372125	
336	34.3314	760	36.6749	1080	38.8728125	2120	41.2125125	3680	43.560475	6320	46.0004625	10024	48.165325	
328	34.139725	560	36.4646	1048	38.67885	1960	41.221325	3264	43.5877125	5376	45.9309625	9272	48.07275	
488	34.1732625	744	36.5351875	1000	38.754075	1376	41.1117625	2232	43.448475	4112	45.841325	6984	47.944925	
2016	34.1271375	3408	36.779375	5336	39.00035	7752	41.28745	11000	43.5967	15728	45.7820875	23328	48.0389	
400	34.036025	456	36.4845	904	38.8938625	1512	41.064675	2576	43.3941625	4392	45.5065125	8104	47.7121125	
448	34.0394375	832	36.6466375	1064	38.951225	1688	41.2408875	2736	43.5835625	4392	45.8482875	7288	48.027475	
544	34.181325	784	36.60625	1104	38.7300125	1952	41.18285	3160	43.3486	5200	45.527	9232	47.89495	
2104	34.2705875	3504	36.6750625	5184	38.7499875	7976	41.2615875	11328	43.366225	16432	45.5362875	24376	47.74795	
440	34.0499125	776	36.4651625	1328	38.7355375	1904	40.84895	3192	42.9907	5704	45.217975	10000	47.4952625	
536	34.3107	800	36.562675	1504	38.98695	2456	41.0304	4488	43.288225	7584	45.4987	12144	47.7753625	
560	34.208575	936	36.7219	1360	39.248975	2216	41.39105	3496	43.6287	5904	45.5694625	10024	47.82835	
2328	34.4498375	3664	36.69485	5528	39.0010625	8032	41.0162875	11520	43.141275	16904	45.284775	25432	47.5005875	
568	34.471075	904	36.7346	1288	38.98635	1920	41.042725	2832	43.1345	4880	45.37925	7976	47.6987125	
536	34.380825	832	36.663325	1256	38.939225	2064	41.0122875	3448	43.2849625	5440	45.583825	8504	47.8896875	
544	34.2841125	880	36.6996875	1336	38.8943	2496	41.297525	3888	43.49835	6408	45.668825	11192	47.8324875	
2040	34.8133375	3232	37.22175	4688	39.1821	7112	41.584275	10072	43.7008375	14616	45.8160375	22176	48.1674625	
424	35.3722125	496	37.5370875	872	39.7755375	1424	41.997225	2064	44.104925	3920	46.2648625	6216	48.633175	
296	35.4164	696	37.88995	1088	40.0080625	1864	42.071975	3440	44.1649125	6528	46.3036	12768	48.519425	
240	35.9138375	296	38.389225	664	40.8449125	920	42.7168375	1576	44.943875	2504	47.033625	4296	49.2599625	
1272	36.5579	1944	38.685375	3040	41.1345	4200	43.193775	6488	45.5469625	9200	47.51955	13880	49.4826	
280	36.542175	464	39.052475	640	41.21215	968	43.254825	1776	45.739325	2984	47.5738625	5648	49.752875	
192	36.3185125	376	38.962425	704	41.5631875	816	43.3727875	1272	45.6090875	2328	47.7041125	3792	49.794325	
272	36.0993	472	38.84535	696	41.1882625	1208	43.419525	1920	45.6482	3520	47.7049125	6200	49.809175	
1192	36.8606	1864	39.5903375	2792	41.7407625	3936	43.6985875	5736	45.8789875	8296	47.854975	12592	49.8418375	
256	36.7961125	296	39.480225	616	41.7609875	760	43.4089875	1120	45.390225	2328	47.5364125	4280	49.44945	
184	36.6842875	272	39.4529875	400	41.596	720	43.470925	1168	45.60465	1888	47.711175	2992	49.5880625	
256	36.6297	568	39.8295875	680	41.77995	1048	43.7450375	1616	45.7621375	2536	47.70885	4608	49.5894	
1184	37.13675	1840	39.37935	2608	41.4568125	3840	43.625925	5616	45.7425125	8392	47.7843	12616	49.814325	
272	36.775575	608	39.7115	840	41.8420125	1008	43.8142875	1600	45.929175	2608	47.8292375	4568	49.8367	
384	36.6723625	664	39.8074	760	41.908	1056	43.80975	1624	45.9816375	2872	47.857	4504	49.9784125	
320	36.47145	600	39.867075	696	41.78765	1232	43.95875	1656	45.957075	3024	47.8847	5096	49.89135	
1288	37.0346625	1928	39.5845875	2736	41.6363625	3864	43.788625	5536	46.09055	8032	48.104675	12096	50.020425	
352	36.8089	520	39.6397625	640	41.712575	936	43.8657625	1536	46.0370375	2392	48.04695	4384	50.061425	
336	36.7498375	440	39.7496625	560	41.569625	936	44.05155	1496	46.0941625	2512	48.1786375	4376	50.0922125	
280	36.686575	448	39.8272125	576	41.5944	832	43.8072125	1368	45.96785	2536	47.9920875	4776	49.8015125	
1408	37.0142125	2096	39.695225	2856	41.796725	3928	43.9009625	5640	45.9601125	8024	47.9874	12688	50.077175	
376	37.116375	576	39.79825	704	41.921175	1112	44.0578125	1552	46.0546125	2448	48.002125	4176	50.0274125	
400	37.3926375	384	39.9265875	640	41.8769	976	44.1104	1712	46.0941625	2896	48.1135375	5040	50.1090375	
288	37.401525	456	40.0930125	576	42.1275375	688	44.019575	1224	46.1661625	1984	48.1705	4032	50.313925	
1336	37.5666375	2032	40.0299	2856	42.2687	3584	44.2501375	5456	46.4102	7720	48.3696375	11744	50.31485	
256	38.0614	416	40.2656625	520	42.665775	720	44.5334875	1104	46.5264875	2032	48.40235	4000	50.3718625	
312	37.835975	496	40.5202375	560	42.562725	824	44.5663375	1248	46.522825	2192	48.4699	3800	50.4499625	
360	38.015475	384	40.57145	624	42.7252125	824	44.650175	1304	46.66085	2376	48.47815	4792	50.6009875	
1240	38.108775	1704	40.3172375	2440	42.5977875	3272	44.5525	4768	46.762975	6792	48.6393625	10480	50.664375	
280	38.3576125	440	40.529325	512	42.6626125	792	44.6287	1224	46.6667875	2000	48.5956875	3792	50.62175	
264	38.154875	344	40.7274125	560	42.992825	856	44.7646125	1304	46.7372125	2680	48.78165	4848	50.7846375	
288	38.4488875	384	40.7383875	472	42.8908875	920	44.861625	1472	46.89145	2368	48.809625	4128	50.8391125	
968	38.6727375	1488	41.2019	2080	43.10205	2752	44.8653125	4000	47.1871375	5984	49.0382	9384	50.9925375	
304	38.4043875	456	41.547775	568	43.1215	800	44.83265	1520	46.9219375	3032	49.0539625	5656	51.1802375	
328	38.9680875	424	41.4237625	560	43.322475	832	45.261975	1464	47.3265375	2416	49.0859375	5184	51.330575	
248	38.696175	392	41.057325	544	43.0546125	880	45.0900375	1544	47.065525	2928	48.924375	5592	50.9389375	
872	38.621425	1280	41.4912875	1776	43.4726875	2488	45.4074375	3736	47.40225	5560	49.345825	8888	51.2547	
280	38.7125875	392	41.4478625	440	43.274475	752	45.1144375	1272	47.2232125	2376	49.1126875	4680	51.2637	
232	38.8117875	272	41.2617	448	43.457325	736	45.343125	1280	47.4791375	2168	49.2162375	3896	51.0266	
184	38.617025	216	41.0373125	400	43.6059125	544	45.3845875	888	47.5371375	1416	49.1235	3472	51.204	
808	39.6426625	1208	42.158275	1624	44.04515	2336	46.0439125	3376	47.9945625	4840	49.8259125	8112	51.77935	
144	39.34555	256	42.0645875	368	43.9290125	592	45.7693125	928	47.810325	1744	49.6753875	3208	51.4784875	
168	39.01975	224	41.758925	400	43.793075	640	45.621625	864	47.6409	1648	49.4605875	3536	51.5451125	
224	38.8073875	336	41.41965	560	43.37605	808	45.365475	1288	47.5643625	2208	49.263675	4680	51.4774125	
960	39.23965	1320	41.6022625	1720	43.570025	2696	45.6654875	3808	47.666475	5544	49.5871625	8488	51.4215625	
312	38.536075	480	41.0664875	656	42.8576375	944	44.8018625	1696	46.9487625	3104	48.8829875	5976	51.046425	
272	37.6440375	448	40.0875625	968	42.72205	1384	44.529175	2176	46.6542875	3752	48.6249375	6640	50.8236875	
384	37.929475	504	40.17945	528	42.4460375	976	44.6694125	1544	46.7209875	2352	48.5753625	4608	50.7400875	
1224	37.936075	1808	40.723975	2376	42.45015	3416	44.7007875	5056	46.71845	7064	48.766875	10736	50.6614	
344	37.688025	480	40.2604625	792	42.2788	1128	44.3433125	1792	46.297175	3064	48.381075	5312	50.4866625	
472	37.6219375	704	40.0849625	976	42.17345	1336	44.0970375	2064	46.0630375	3816	48.2682625	6328	50.3068625	
376	37.0681125	752	39.9874125	888	41.652	1584	43.8892875	2360	45.7416375	3768	47.77325	6896	50.0142625	
1544	36.8988	2416	39.4639	3288	41.669975	4528	43.725075	6144	45.5165	9264	47.622175	14344	49.7909625	
488	36.3909125	872	38.81425	1192	41.0702875	1904	43.0585625	3160	45.0807875	5096	47.1898375	9048	49.5398125	
664	36.25315	952	38.73985	1240	40.750725	2072	42.9952375	3120	45.007075	4832	46.9262625	8224	49.16395	
592	35.558275	944	38.033775	1256	40.316475	2000	42.5345875	3392	44.5633375	5408	46.58065	9784	48.9015125	
2240	35.4256625	3392	37.8861375	4544	40.091975	6120	42.1924	8760	44.2784125	12728	46.39045	19616	48.6006125	
600	35.012075	896	37.597175	1184	39.6541125	2216	41.8771125	3536	44.0794	5696	46.2130375	9112	48.537175	
656	34.74075	968	37.2876875	1344	39.351975	2192	41.624975	3656	44.0309875	5928	46.2472125	8656	48.4502125	
608	34.4168	984	37.1414	1456	39.2395	2488	41.73225	3656	43.9557375	6040	46.134225	10096	48.4676	
2440	34.8517875	3568	37.345625	4976	39.5342625	7040	41.7874	9896	43.9790375	14080	45.9580625	21664	48.206575	
520	34.6811125	736	37.1429375	1336	39.462975	2160	41.6392	3232	43.551875	5632	45.5254375	10672	47.8843875	
592	34.920175	888	37.4304125	1208	39.7355125	1768	41.771975	3096	43.9591375	4824	45.92115	7992	48.283625	
536	35.110075	816	37.7314625	984	39.8017375	1568	41.926125	2648	44.1498875	4672	46.1571625	8120	48.4780125	
2168	35.3842375	3216	37.8725625	4480	40.0418125	6384	42.1221125	8904	44.2780875	12920	46.4572625	19016	48.4601625	
488	35.801325	664	38.2722125	936	40.4491125	1160	42.2784625	1800	44.3106625	3304	46.4254375	6432	48.4528125	
416	36.15915	560	38.6047125	824	40.739325	1424	42.752075	2376	44.7530375	3984	46.8941625	6584	48.9654125	
408	36.3459125	768	39.1192125	952	41.152625	1464	43.1879375	2504	45.2594625	3968	47.2196625	7152	49.1298875	
1600	36.5175375	2520	38.8222625	3440	41.025025	4856	43.1202	6936	45.1375	9864	47.02135	14984	49.1340875	
472	36.4755875	624	38.8565	864	40.9769	1384	43.040725	2360	45.0925375	3832	46.9956875	6920	49.1733	
464	36.614975	656	38.9139125	1008	41.1514875	1368	42.9719875	2472	45.3321625	4152	47.2964125	6944	49.2825125	
448	36.1184375	760	38.51465	1024	40.65705	1912	42.91295	3000	45.0675625	4592	46.8833875	8312	48.9869625	
1656	36.0132375	2528	38.7732875	3616	40.8772125	4960	42.93045	7328	44.91705	10608	47.026075	15960	49.083775	
664	35.886625	936	38.684	1344	40.672825	1912	42.7025125	3120	44.69725	5360	46.85235	9080	49.081575	
592	35.5042125	928	38.16345	1520	40.67465	2256	42.7032875	3848	44.910725	6160	46.974125	10368	48.9890375	
512	35.7837875	880	38.0455375	1240	40.2686125	2392	42.6063125	3784	44.7046	6184	46.6756625	10968	48.906475	
1544	35.977175	2528	38.4082375	3864	40.6743	5464	42.670125	7928	44.9504375	11280	46.8865375	16920	48.9155625	
352	35.6090625	584	37.9434125	864	39.984975	1688	42.2651875	2872	44.4365875	4992	46.4430875	8520	48.509775	
416	35.3859125	584	37.694775	976	39.9472875	1520	42.17155	2296	44.239275	4456	46.5540125	7592	48.6015125	
416	35.2007	784	37.50525	1152	39.83675	1992	42.070975	3248	44.2038	5304	46.4325875	8544	48.54265	
1880	35.4855125	2968	37.653775	4504	39.8843625	6184	41.8302875	9400	44.0851375	13432	46.1356625	20384	48.217625	
344	35.2226875	496	37.3652375	1024	39.778775	1768	41.6695	2712	44.0334	4552	46.2056625	7168	48.29715	
344	34.800675	784	37.4006625	1088	39.5293625	1896	41.5946125	3496	44.124075	5496	46.131475	9264	48.3114	
464	34.55545	736	37.037975	1488	39.4939875	2400	41.4422875	3800	43.7313125	7112	46.009875	12208	48.075975	
1968	34.650775	3272	37.414075	4720	39.434575	7064	41.649025	10400	43.76825	15024	45.9037625	22152	48.0537125	
352	34.1885625	808	37.04065	1432	39.2251125	2272	41.3779125	4384	43.65915	7280	45.9323125	11448	48.1608875	
616	34.4492625	784	37.10515	1440	39.4857625	2608	41.695	3864	43.8866875	6752	46.1153125	10552	47.94245	
736	34.351825	1240	36.998325	1984	39.2358375	3056	41.1530875	4984	43.2858	8632	45.520775	14920	47.65755	
2256	34.6560375	3544	37.0208625	5408	39.076875	7752	41.2523375	11136	43.23025	16416	45.2822125	24848	47.4969125	
664	34.250375	928	36.745375	1600	38.7306375	2720	41.1050375	4568	43.2594625	6888	45.3231	10624	47.484	
824	34.122125	1320	36.7236125	2128	38.813925	3424	41.14465	5896	43.33895	9496	45.3161625	15664	47.27835	
840	34.04115	1144	36.381025	2032	38.667325	2880	40.7238875	4928	42.8871875	8232	44.840025	14416	47.047425	
2512	34.1405125	4064	36.5753125	5992	38.4868375	8648	40.762625	12912	43.001275	18344	44.9634625	27656	47.05925	
864	33.9043	1280	36.382125	2304	38.5461375	3776	40.8313875	5704	42.8948375	9624	45.1653	15752	47.194425	
760	33.3622125	1496	36.0400875	2376	38.2463625	3664	40.3843375	6072	42.57405	9624	44.705575	15968	46.9788375	
1048	33.236375	1648	35.9049875	2560	38.025475	4224	40.3334375	6352	42.6010125	9816	44.74945	15056	47.1204	
2912	33.4519	4736	35.9245125	6952	38.163125	10144	40.344575	14736	42.607675	20848	44.6516625	30920	46.7585	
856	33.0016125	1656	35.6021125	2840	37.8549	4608	40.0335375	6880	42.1230625	11344	44.240275	18624	46.3779875	
1096	32.60395	1976	35.181575	3240	37.5035	5488	39.6934	9048	41.9962625	14968	44.385425	23064	46.6289625	
1000	32.3948375	1904	35.159125	2800	37.3430375	4264	39.53235	6720	41.9420625	10544	44.2979375	16016	46.636875	
3272	32.7723	5328	35.356125	8024	37.5109875	11976	39.7612875	17064	41.9472875	24720	44.1123625	36568	46.330425	
1144	32.5271	1832	35.12725	3032	37.31505	4800	39.3689625	7600	41.5108	13240	43.752575	21384	46.0212375	
1120	32.4920375	1992	35.1254375	3072	37.240775	5096	39.47995	7656	41.700725	12056	44.01365	17600	46.2979875	
1440	32.6442375	2192	35.127425	3592	37.3531875	5792	39.593475	9416	41.7520375	14776	44.0738	22224	46.4236125	
3248	32.869925	5288	35.250075	8088	37.3469375	11784	39.5162625	17032	41.6168625	25056	43.6886875	38256	45.948025	
1096	32.706925	2152	35.413225	3200	37.5512375	5456	39.7544125	9128	42.0128625	14576	44.119325	24520	46.318575	
1232	32.7614	1896	35.3765625	2936	37.4117625	4912	39.6231	7432	41.5863	12760	43.7331375	21696	46.1111875	
816	32.62385	1552	35.3480125	2848	37.6585625	4304	39.7713125	6792	41.8439375	10912	44.0739375	15952	46.3859625	
3024	32.878325	5120	35.34995	7632	37.6714875	11176	39.71745	16656	41.8304375	24336	43.9251375	36920	46.0998	
992	32.93315	1768	35.4163	2912	37.5687125	4704	39.8048125	7632	41.901775	12360	44.121	18744	46.3467125	
904	32.9810125	1592	35.4749875	2640	37.7534625	3856	39.827075	6272	42.0693375	9688	44.30435	14040	46.5349	
1096	32.9601125	1720	35.385375	3080	37.6662375	5040	39.7776625	8112	42.0805625	13424	44.3532375	20432	46.673325	
2936	33.0640375	4856	35.7429625	7264	37.9132125	10552	40.1379125	15080	42.17155	22168	44.342275	32640	46.5331375	
1064	32.9047375	1728	35.53975	2792	37.6712625	4504	39.8101125	7352	41.9031	11744	43.9242625	20040	46.3011	
1032	32.9998375	1880	35.8270125	2544	37.752875	3976	39.9614	6176	42.0420875	10136	44.233125	15272	46.611525	
792	32.991525	1304	35.8028125	2376	37.8906	3784	40.146525	6208	42.3466125	9976	44.5310625	15408	46.8962875	
2840	33.489725	4592	35.9328	6824	38.084475	10232	40.3251125	14312	42.3757125	20920	44.4745375	31256	46.6694375	
976	33.7637	1360	36.0402875	1864	38.1407875	2848	40.3636125	4576	42.3680875	7456	44.3928625	13216	46.653925	
632	33.6025125	1072	35.9839375	1944	38.437825	2824	40.636	4472	42.7726	7536	44.93915	12192	47.0933875	
632	33.5034625	1112	36.0728875	1544	38.180375	2752	40.423825	4768	42.5010875	7880	44.6539125	13304	46.871225	
2696	33.83315	4104	36.0833625	6480	38.4000875	9192	40.4613375	13192	42.5759625	19712	44.6178875	29872	46.8227375	
480	33.9808125	656	36.1740625	1208	38.47045	2048	40.633525	3648	42.7909	6056	44.876525	9720	47.0836875	
520	34.19945	648	36.3523	1256	38.7414375	2112	40.9859625	3144	43.184425	5744	45.328225	10040	47.461025	
520	34.33055	704	36.5562625	1064	38.7158375	1560	40.9653625	2784	43.058025	5224	45.120025	9208	47.2582125	
2208	33.6868	3648	36.2987625	5720	38.557425	8384	40.721725	12296	42.882	17672	44.900525	27096	47.1027375	
544	34.275975	792	36.6005625	1032	38.5842375	2000	40.94495	3088	42.9548875	5040	45.0920375	8280	47.3275875	
392	34.3104125	744	36.7986625	1384	38.960175	2168	41.3115625	3328	43.284375	6120	45.555025	9344	47.6020875	
584	34.2306875	888	36.7075125	1320	38.83455	2104	40.96425	3800	42.9552	6472	45.0774375	11976	47.3810625	
2088	34.2992	3312	36.8328625	5208	39.2388625	7304	41.213025	10960	43.4349375	15832	45.4996125	23880	47.6528	
568	34.74325	584	36.6645	920	39.0141875	1800	41.0872875	2896	43.0408625	5944	45.146125	10496	47.2504625	
352	34.55925	640	36.8126125	880	39.1110125	1384	41.096125	2768	43.3409375	4648	45.3776375	7808	47.5112125	
448	34.39895	904	37.0561375	1320	39.3368125	2224	41.5939	3304	43.7515	5160	45.73485	8784	47.7691625	
2128	34.4087125	3296	36.7695625	5040	38.981575	7712	41.0395625	11168	43.2809625	16088	45.29355	24608	47.5290625	
392	34.5034375	680	36.9348	1144	39.203125	1944	41.2365375	3320	43.4205	5464	45.381775	10064	47.7437	
312	34.4732625	432	36.834175	848	39.325525	1464	41.2827875	2144	43.3893375	4032	45.5081375	6984	47.83555	
392	34.5995	624	36.8575625	1160	39.381675	1672	41.286075	3192	43.4420125	6176	45.7505375	10776	47.8728625	
1976	34.2739125	3264	36.808025	4784	38.8654125	7320	40.9364	10648	43.3115	15520	45.3978375	23616	47.49255	
440	34.4506	616	36.8034	1160	38.970675	1824	40.7505	4088	43.234875	7208	45.42455	12784	47.6882625	
288	34.4267375	488	36.7936875	768	38.8481875	1640	40.929525	2880	43.3943125	4944	45.55745	8168	47.72015	
224	34.5656875	520	37.007475	840	39.087075	1552	41.197725	2416	43.67995	4368	45.7664125	7536	47.993275	
1904	34.411175	3024	36.8347875	4768	39.030475	7296	41.1739875	10536	43.4878375	15640	45.6153875	23408	47.642325	
320	34.594675	520	36.9803	984	39.1196375	1664	41.1915125	3088	43.548275	5384	45.6831375	8904	47.758825	
328	34.6257125	400	36.8168375	792	38.9413375	1800	41.3265375	2880	43.49225	4752	45.684575	8248	47.8507375	
256	34.53765	552	36.9141125	696	39.013575	1032	41.3484375	1752	43.5127125	3112	45.78835	4912	47.8705125	
1824	34.591075	2984	37.0110875	4536	39.1441125	6832	41.5090125	10048	43.59895	15032	45.7060875	22440	47.8045875	
264	34.7263125	568	37.3459	1032	39.6132875	1616	41.77735	2664	43.666175	5384	45.9628625	9600	47.959425	
272	34.543675	424	37.1607125	712	39.4392	1192	41.6327375	2264	43.6820375	4176	45.9959125	7080	48.0472	
496	34.61065	712	37.3382125	1024	39.4616	1592	41.692725	2744	43.6441375	4568	45.893775	8048	47.9933125	
2016	34.8107875	3032	37.1016625	4656	39.3025375	6624	41.38925	10344	43.875725	14784	45.806475	21952	47.8893125	
352	34.9232625	368	36.9858375	704	39.2734375	1304	41.2044625	2144	43.5518875	4200	45.5406375	7656	47.6539375	
304	34.644075	744	37.0380875	1240	39.4225	2248	41.4459125	4160	43.591775	7592	45.6692375	13784	47.8889	
360	34.439175	600	36.999725	968	39.452075	1552	41.4357	2712	43.6550125	4808	45.6923	8360	47.8883125	
2144	35.062675	3224	37.131275	4648	39.3712	6864	41.5419875	9904	43.7665625	14416	45.8650625	21384	47.77135	
472	34.9102125	704	37.0138	968	39.1250125	1608	41.2939	2720	43.5227125	4688	45.595725	8608	47.5981125	
376	34.5044625	792	36.8165875	1264	39.1802875	1952	41.2362625	3176	43.5131	5456	45.676175	8792	47.758575	
472	34.416125	688	36.6048	1072	38.9444875	1960	41.116025	3408	43.426525	5920	45.588525	10424	47.609725	
2128	34.30225	3520	36.922975	4920	39.0204125	7176	41.155075	10776	43.436275	15616	45.458775	23160	47.5444375	
304	34.246425	552	36.9112375	888	38.937275	1336	41.0214	2432	43.34725	4736	45.582525	7536	47.6374125	
360	34.2166375	464	36.67395	936	38.8214	1696	41.0310625	2896	43.49045	5032	45.650575	9000	47.7822	
264	34.0150625	544	36.672175	936	38.8197125	1432	40.9843375	2264	43.276	4280	45.4378375	7408	47.5175	
2144	34.1498875	3392	36.4829	5312	38.8492	7664	40.96115	11376	43.269425	16624	45.5435375	24608	47.6315375	
280	34.0497125	608	36.7251625	824	38.7814875	1664	40.9494375	2520	43.109325	4696	45.2899125	8480	47.3697	
416	33.923575	536	36.1915875	1048	38.2449	2000	40.302625	4304	42.538925	8360	44.7574125	16656	46.947675	
424	33.8245875	776	36.047075	1424	38.271675	1936	40.2520875	3312	42.6016625	6120	44.96065	10248	47.143175	
2416	33.8219	3848	36.216675	5672	38.2990625	8536	40.595725	12528	42.8521375	17952	45.071225	27264	47.12945	
416	33.8731125	720	36.3870125	1072	38.3016125	2192	40.67055	3280	42.7389625	6248	45.1023625	10880	47.2312	
312	33.58965	528	36.1571	912	38.1846	1464	40.53645	2600	42.7957625	4568	44.9720375	7776	47.1382375	
480	33.6057375	768	36.14435	1192	38.1949125	1816	40.4428125	3160	42.7509875	5384	44.9920375	9160	47.231875	
2528	33.7787375	4008	36.1458125	6040	38.463725	8664	40.6471	12608	42.858225	18216	44.97795	27368	47.198525	
544	33.8030875	728	36.06575	1184	38.2729875	1880	40.3263875	3120	42.49065	6016	44.7106	10448	46.8361375	
600	33.8532375	872	36.187775	1424	38.420075	2424	40.6248875	4136	42.7856625	7264	44.9922125	11816	47.0558625	
576	33.3864875	1080	35.980625	1592	38.1891625	2392	40.3181375	4216	42.4751875	6888	44.6253375	12048	46.7941	
2664	33.4313	4248	35.933625	6312	38.173975	9296	40.3124375	13448	42.57015	19368	44.611775	29304	46.792325	
512	33.64265	768	36.0196875	1344	38.3319625	1944	40.470675	3288	42.6668875	6184	44.8889625	9648	47.0713125	
504	33.4693625	1064	36.04205	1600	38.3051	2656	40.5996625	4448	42.7234125	7464	44.8470375	13280	47.0127	
392	33.5122875	688	36.161775	1040	38.5138625	1408	40.679075	2368	42.81105	4120	44.8880625	7592	47.1368875	
2192	33.86665	3880	36.6010125	5464	38.5995125	7968	40.7308625	11816	42.9223375	17408	45.0302125	25832	47.1256375	
560	34.1323875	760	36.60435	1200	38.7072	1776	40.7471375	3256	43.0239375	5256	45.0912625	9624	47.357425	
472	33.8976	960	36.836075	1464	38.9275375	2320	41.0853625	4064	43.3796	6568	45.353675	11288	47.4462625	
520	33.856075	784	36.6456875	1032	38.707325	1768	40.983225	2896	43.0949625	5616	45.212825	9688	47.2683125	
2280	33.885925	3736	36.66355	5616	38.8254	8200	41.0346625	11816	43.26605	17160	45.3107125	25424	47.3956875	
440	33.8979625	696	36.7571125	928	38.7429625	1584	40.84585	2640	42.879175	5168	45.0781625	9408	47.1172875	
216	34.0241625	448	36.8399875	816	39.025725	1048	41.0359125	1960	43.138675	3464	45.295625	6056	47.33835	
360	34.1329125	560	36.8939	832	38.9162	1560	40.9050875	2864	43.205325	5056	45.4077625	8248	47.50535	
2312	34.4914	3544	36.9071125	5120	38.970475	7568	41.0716875	11120	43.3135375	16064	45.37375	24256	47.4217	
416	34.8237	592	37.1075375	824	39.1961625	1392	41.2363875	2128	43.1579	3872	45.1756375	7296	47.2913875	
232	35.01715	448	37.4613125	664	39.4793	1360	41.5913875	2120	43.5558625	3648	45.5994625	6392	47.692575	
296	35.1095375	488	37.597275	520	39.2878125	936	41.3926125	1936	43.43335	3968	45.5196625	7832	47.60835	
2048	35.0394625	2936	37.1787125	4536	39.536925	6640	41.6500125	9824	43.753125	14120	45.82415	21560	47.9214	
304	35.30445	520	37.552175	608	39.3808125	1216	41.415875	2088	43.3024	5080	45.521175	9624	47.5963375	
184	35.3571625	360	37.763975	656	39.6347625	1024	41.6549125	2176	43.8230375	3920	45.962725	6704	47.9441875	
248	35.0358375	512	37.6501375	640	39.30675	1248	41.433225	2192	43.5492375	3864	45.4766125	8168	47.6832625	
1896	35.1774	2920	37.4430375	4272	39.3828125	6352	41.5158125	9544	43.6539375	14240	45.8063	21656	47.835125	
256	35.50905	480	37.81905	704	39.642025	1328	41.5949125	2616	43.806475	4704	45.9018375	8344	47.9655875	
456	35.967675	600	38.1742875	888	39.976425	1496	41.9902875	2560	43.8798875	5184	45.9035	10216	47.9351125	
264	35.615	424	37.9596	776	39.890425	1416	41.7780125	2496	43.8337875	5184	45.904225	9536	48.023775	
1720	35.4087875	2736	37.709125	4096	39.97375	5960	41.8778875	8728	43.9489375	12800	45.900375	19672	48.0088375	
168	35.144825	360	37.54965	752	39.9363625	1368	41.6845625	2816	43.8453875	5152	45.805075	10200	47.8968125	
296	35.3059375	392	37.658925	504	39.7577375	1000	41.7079875	1712	43.8078625	3808	45.953675	7192	48.040025	
328	35.1261625	592	37.80615	832	39.975875	1352	41.9267875	2168	43.9428	4296	46.018425	8128	48.2225125	
1680	35.598275	2584	38.118525	3704	40.18395	5552	42.4180625	8120	44.4423	11824	46.485475	18000	48.468975	
168	35.3704375	328	38.0152875	592	40.027675	1120	42.1529875	1968	44.250325	3760	46.200575	7672	48.2653875	
304	35.367575	552	38.042075	960	40.281875	1624	42.346725	2856	44.4109375	5456	46.44635	10176	48.6380625	
344	35.5034875	576	38.2193875	824	40.4756125	1240	42.67875	2120	44.6590375	3560	46.5334875	7472	48.9153125	
1560	35.9491875	2432	38.490875	3416	40.4679	5136	42.7063	7416	44.7304875	10864	46.823175	16408	48.66945	
192	36.019375	232	38.2555375	512	40.3259125	856	42.6421375	1688	44.5373375	3272	46.6200375	6072	48.556775	
152	35.6453125	440	38.446075	720	40.3928	1104	42.6661125	1808	44.7162875	3416	46.7767625	5760	48.805325	
224	35.5599625	416	38.3463125	632	40.487875	984	42.6996625	1848	44.846675	3440	46.8719375	6216	48.8268125	
1560	35.854825	2408	38.33055	3496	40.407	5040	42.5297125	7616	44.628225	11032	46.7451125	16824	48.74485	
320	35.875725	488	38.513775	888	40.444475	1400	42.6406	2528	44.73285	4248	46.7178	7536	48.8667875	
416	35.8339625	616	38.5659875	1016	40.606675	1592	42.5205	3048	44.7154125	5728	46.88715	9792	48.8732625	
272	36.148675	328	38.38865	584	40.628825	960	42.65375	1528	44.731275	2728	46.8888	5136	48.98045	
1488	36.35305	2192	38.68275	3160	40.726425	4728	42.7472	7056	44.7377125	10600	46.935325	15904	48.8216625	
288	36.261325	584	38.6898875	912	40.7287	1512	42.816775	2600	44.832725	4512	46.9713625	7616	48.937725	
360	35.9930875	512	38.3742	864	40.6608	1248	42.693675	2088	44.6957	3704	46.9060875	6472	48.986	
544	36.015	760	38.5100125	1104	40.7595375	1680	42.6163375	2880	44.78435	5136	46.9384625	9240	49.1504625	
1544	36.046425	2400	38.5933875	3408	40.6948375	5016	42.8022	7280	45.0675875	10680	47.07785	15952	49.081525	
448	35.6282625	640	38.2177	960	40.348425	1720	42.6584	3056	44.90575	5320	46.9021875	9616	49.043075	
400	35.4610625	720	38.36495	976	40.5199375	1472	42.602875	2264	44.9553125	3872	46.9569875	7128	49.133675	
400	35.2867	584	38.1397625	944	40.5115375	1472	42.5317625	2112	44.8122875	4008	46.9805	7072	49.1515375	
1688	36.2974125	2616	38.40785	3504	40.3724375	5280	42.643275	7752	44.937525	10848	46.979275	16368	49.055425	
272	35.922225	464	38.149525	704	40.1738625	1240	42.43055	2088	44.712775	3584	46.584475	6864	48.7758125	
384	36.001125	544	38.2762875	824	40.3053375	1008	42.4246375	1936	44.7370875	3512	46.8607625	5992	48.9575375	
344	35.9570375	488	38.3133	904	40.406475	1544	42.8268125	2184	44.805675	4152	47.0598625	7344	48.941525	
1776	35.7542875	2744	38.5813	3640	40.635675	5248	42.7419375	7656	44.9188	10704	46.780525	16920	49.094125	
312	35.8731375	416	38.774075	720	40.6983875	1104	42.7728625	1888	44.99625	3784	47.0393	7136	49.0967625	
184	35.9223625	312	38.787425	416	40.59315	824	42.8246125	1232	44.9870375	2280	46.9896625	4128	49.164575	
200	35.7670875	392	38.9955	672	40.9287625	968	43.3261125	1416	45.3299125	2440	47.3659	4880	49.51895	
1664	36.05745	2496	38.55405	3472	40.6643875	5184	43.0278875	7352	45.1108	10840	47.221825	16288	49.4021375	
288	36.1322	432	38.6588	624	40.7426375	1104	43.09665	1656	45.0042875	3232	47.1925375	5576	49.367925	
328	36.12945	592	38.729875	880	40.964475	1160	43.13695	2048	45.055775	3800	47.290725	6504	49.257775	
240	35.970125	480	38.6073125	552	40.877325	824	42.9620875	1288	45.0179375	2592	47.1601	4672	49.2234875	
1672	36.3369375	2512	38.439625	3400	40.73125	5048	42.8621625	7296	45.1048625	10472	47.1708875	15888	49.293	
248	36.1237875	488	38.4197875	736	40.7953125	1128	42.9892125	1960	45.1813375	3400	47.2534	6072	49.3436875	
408	36.04405	592	38.5845125	736	40.755125	1240	43.141625	1880	45.2674375	2984	47.277225	5312	49.3480625	
512	35.8243	600	38.2422375	936	40.595075	1432	42.819475	1960	44.7938375	3840	46.944275	6960	48.9545125	
1992	36.18385	2888	38.0846125	4104	40.3982375	5600	42.5718125	7936	44.68275	11736	46.7766625	17112	48.7619125	
328	35.88885	568	37.93635	824	40.427225	1064	42.3447	1848	44.5393875	2632	46.4693375	5632	48.59435	
552	36.0162875	656	38.15105	872	40.5401375	1312	42.5721	1912	44.734625	3488	46.7339875	5712	48.8339125	
440	35.9730875	496	37.9003375	784	40.2927125	1304	42.417975	2256	44.630275	3896	46.5945875	6720	48.6216375	
2144	35.2525	3152	37.5600625	4368	39.90495	6184	42.1575125	8864	44.393725	12736	46.3720375	18832	48.514175	
488	35.4228	688	37.7351625	920	40.1831625	1368	42.20195	2232	44.2301	4696	46.4380375	8536	48.6672875	
416	35.392425	504	37.6004	728	40.1495	1464	42.43285	2464	44.535825	3720	46.5894625	6584	48.592125	
432	35.315525	776	37.569675	1064	40.063925	1616	42.090725	2560	44.274425	4528	46.2506875	8176	48.3097625	
2312	34.9093375	3464	37.357725	4896	39.6246375	6544	41.7176125	9512	43.91195	13896	46.082225	20640	48.2370875	
480	35.0863375	728	37.5914625	1040	39.634	1504	41.806575	2456	43.961775	4208	46.15595	7088	48.2245625	
376	35.1280125	632	37.6964625	976	39.8791875	1552	41.9887875	2272	44.1570125	3896	46.2570125	6776	48.3507375	
408	34.914725	512	37.3423375	768	39.5103	1328	41.6878875	2240	43.7914	3744	45.8730625	7104	48.045625	
2664	34.5577125	3832	37.0676875	5168	39.23015	7192	41.4684625	10184	43.670375	14760	45.8472375	22088	48.0360875	
576	34.82875	808	37.2310875	1456	39.55175	1728	41.474675	3240	43.538075	5576	45.602825	10312	47.8043125	
672	34.8428625	984	37.4090875	1176	39.6234375	1952	41.672725	3168	44.04575	4760	45.978325	7816	47.966725	
464	34.3281625	904	37.205625	1280	39.502075	1888	41.4784375	2928	43.5887875	5224	45.587925	9752	47.6444625	
2976	34.2742875	4144	36.587325	5912	38.9361375	8064	41.18805	11296	43.2683875	15816	45.3457875	24104	47.5736875	
608	34.3899625	880	36.7780625	1056	39.06005	1624	41.0484	2576	43.1390875	4656	45.1878875	8928	47.382275	
528	34.24715	984	36.8906	1320	39.18395	2360	41.17295	3920	43.2640375	7144	45.402875	12328	47.6437875	
736	34.3604875	1040	36.766875	1552	39.307025	2248	41.3852875	3464	43.3759125	5824	45.5059	10192	47.593875	
3088	33.7418625	4440	36.235425	6168	38.3521125	8528	40.7007625	12128	42.96205	17208	45.0895375	25896	47.2391375	
536	33.9000375	960	36.390425	1552	38.6776125	2376	41.0801875	3920	43.3347125	5880	45.3627375	10200	47.463275	
584	33.7043	872	36.3678625	1528	38.69435	2072	40.954375	3448	43.0722875	5800	45.189075	10112	47.4463125	
736	33.8122875	1136	36.4488375	1616	38.7016375	2512	41.018025	4104	43.1993375	6784	45.4275625	11200	47.4941625	
3176	33.8911875	4512	36.259	6096	38.5001	8504	40.72395	12024	42.9754	16856	45.027275	25536	47.2551375	
552	34.0083	760	36.3644	1344	38.658025	2120	40.903675	3696	43.3163875	6080	45.403325	10832	47.4958125	
592	34.0675375	904	36.414875	1416	38.710075	2144	40.9803875	3512	43.283925	5800	45.3859	9944	47.6182625	
384	33.8823	864	36.6614875	1056	38.8266625	1304	41.0908375	2472	43.6610375	3688	45.68685	6072	47.9215125	
3056	33.3186625	4624	35.9657125	6304	38.460725	8576	40.74495	12168	42.8947375	17168	45.02595	25592	47.2552375	
832	33.7649625	1104	36.1705625	1392	38.5039625	2120	40.7405875	3632	43.04985	6400	45.2175875	11056	47.36315	
672	33.8656875	936	36.38015	1216	38.582425	1864	40.912725	2864	43.0398875	4896	45.2584875	7920	47.40775	
488	33.6599375	752	36.0877	1296	38.6252375	2016	40.7494375	3280	42.96425	5688	45.3633625	9824	47.5868375	
3104	33.2414875	4400	36.0467625	6224	38.287975	8536	40.6358	12096	42.8542375	17464	45.0796125	25392	47.321775	
936	33.8004125	1136	36.166925	1608	38.5174375	2568	40.6373375	4008	42.8487	6600	44.80655	11664	47.0667125	
736	33.7797375	1144	36.1928375	1728	38.742575	2712	40.8556	4040	42.9620875	6808	45.1808	10528	47.4341875	
656	33.6750375	1024	36.2341875	1408	38.7504625	2456	40.985025	3744	43.3007	5864	45.37005	9312	47.5989875	
2896	32.8757	4528	35.692175	6256	38.0230625	9016	40.21465	13056	42.6065625	18200	44.70985	27208	47.0367875	
760	33.1610625	1104	36.11305	1648	38.421075	2568	40.7463375	3632	42.935675	5736	45.104275	9024	47.4861875	
704	33.2386125	1016	36.082725	1696	38.621325	2304	40.8399875	4264	43.1479625	6384	45.371	10080	47.632525	
728	33.4178125	1144	36.22135	1512	38.59835	2432	40.9399625	3944	43.2358625	6464	45.4931	11272	47.7462375	
2760	33.6156375	4200	35.9946	5960	38.492475	8448	40.7215625	12104	43.0666375	17200	45.1414375	25408	47.6092	
752	33.7970625	1224	36.289	1792	38.7528	2784	40.9346625	4552	43.1296875	7672	45.4631	12568	47.8047625	
792	33.9677875	1176	36.6051125	1552	38.8718125	2312	41.0204875	3864	43.2861875	5744	45.4454	9320	47.799675	
520	34.2767875	808	36.7906375	1272	39.1191625	1808	41.2801	2832	43.5907875	4496	45.897425	6648	48.1367125	
2744	33.8889625	4016	36.2574125	5728	38.704175	8016	41.0255	11440	43.3494	15920	45.52115	23648	47.845975	
600	34.090575	840	36.5256125	1416	39.1911	1880	41.2983	3160	43.7527625	5096	45.942425	8384	48.1547375	
800	34.5166125	1112	36.8630875	1544	39.283325	2632	41.4336375	4104	43.9418375	6072	45.95145	10648	48.3789375	
768	34.4782375	1064	36.98895	1576	39.3065625	2320	41.4912125	3512	43.799575	5808	46.15355	8952	48.487475	
2200	34.2805625	3312	36.9173	4792	39.378825	6904	41.6845625	9704	43.782425	13824	46.0954125	19992	48.3540875	
888	34.65325	1152	37.156075	1624	39.3220875	2648	41.8328875	4328	43.8381875	6920	46.038625	11928	48.37025	
512	34.417425	1016	37.1582125	1424	39.3242375	2040	41.7364	3624	44.02415	5968	46.19055	9952	48.4662	
696	34.497775	888	37.1730125	1280	39.32345	1840	41.8883875	2952	43.926625	5096	46.1562875	8672	48.3479625	
1888	34.37945	3088	36.861775	4448	39.3376625	6240	41.623275	9112	43.8771125	12992	46.060125	19976	48.3371125	
744	34.3093375	1144	37.081725	1480	39.09525	2624	41.6149	3968	43.6562125	6264	45.7663125	10640	48.13235	
1016	34.70065	1248	37.0988875	1960	39.2933	2832	41.7770375	4440	43.9557125	7072	45.9816625	11808	48.2748625	
624	34.4303625	1104	37.1507125	1608	39.055475	2888	41.753525	4248	43.8187875	6816	45.8837875	11344	48.1428	
2000	34.4328125	3216	37.028075	4872	39.1555625	6896	41.3044625	10184	43.5509375	14896	45.676725	22680	48.0733	
984	34.3377125	1456	36.7205	2232	38.9144	3688	41.1505125	5896	43.35245	9408	45.5546125	14488	47.9334125	
1128	33.846825	1720	36.2936625	2560	38.60125	3664	40.6386625	6240	42.9233875	10408	45.253175	16608	47.60375	
1248	33.87065	1808	36.403375	2728	38.6380625	4080	40.4577875	6856	42.913	11232	45.1425625	18520	47.5754625	
2224	33.9482875	3472	36.4154375	5112	38.7371875	7448	40.9922375	11136	43.2344625	16336	45.3016375	25448	47.6933	
936	34.6793875	1280	36.7198	1936	39.2717375	2840	41.2268625	4800	43.608375	7736	45.7488625	12632	48.153725	
744	34.9286875	1224	37.0899125	1880	39.6684625	3072	41.6756	4792	43.937325	8104	46.0592625	14040	48.1719875	
640	34.888075	1112	37.2753	1488	39.693875	2264	41.874675	3296	43.840525	5880	46.1765	10744	48.4183625	
1992	35.231575	2952	37.5164875	4384	39.7077875	6416	42.032475	9024	44.1139125	13320	46.266875	20056	48.483075	
648	35.107425	960	37.5968875	1544	39.9642	2208	41.9312375	3912	44.1140875	6640	46.290275	11632	48.49075	
432	35.074575	760	37.4803	1200	40.0241	1872	42.17315	3208	44.447575	5016	46.7072875	7616	48.8311375	
504	35.1977125	584	37.486275	1000	40.0169625	1664	42.223975	2496	44.4036125	4376	46.7419375	6888	48.89195	
1832	35.4664	2880	38.1620375	3936	40.113625	5664	42.273775	8232	44.5895	11792	46.6856875	17672	48.9385	
200	35.14855	464	38.0806375	880	40.1317	1432	42.270025	1976	44.335625	3792	46.479325	6704	48.5630125	
528	35.1590625	952	38.0212875	1104	39.7332375	2168	42.0074625	3632	44.187075	6480	46.4131125	11552	48.8951125	
568	35.3122	568	37.7042625	976	39.54915	1744	42.0755875	2560	44.18355	4464	46.485225	6800	48.81735	
1984	34.9413	3032	37.4575	4576	39.794425	6416	41.9407	9552	44.238625	13576	46.3257125	20376	48.55335	
368	35.139575	552	37.6912	832	39.78895	1432	41.8863125	2640	44.3612375	4648	46.5309875	6904	48.7212	
408	35.0281375	768	37.7248625	1288	39.823225	2040	42.08115	3072	44.2907875	5128	46.5569375	8376	48.8288	
488	34.875425	688	37.59105	1200	39.7444625	1992	42.0233125	3056	44.1492625	5120	46.4461	8680	48.7390125	
1944	35.03795	3144	37.464725	4592	39.851025	6488	41.849225	9440	44.059825	13712	46.194275	21088	48.4488375	
344	34.9925375	488	37.42275	840	39.6356875	1640	41.9209375	2776	44.0296625	5000	46.3598375	8136	48.5033625	
536	35.0223875	808	37.463575	1184	39.5581625	1968	41.8844125	3376	44.0014875	5792	46.3234625	9624	48.6225375	
456	35.018	792	37.6078375	1288	39.7817	1824	41.9199875	3024	43.9766	5080	46.33885	8464	48.6655125	
2120	35.36885	3080	37.596325	4464	39.7289	6488	41.9476375	9296	43.9561375	13744	46.0515625	20816	48.284375	
408	35.0287	888	37.697075	1216	39.535425	2264	41.8284125	3744	43.794825	6864	46.0744625	11304	48.324475	
512	34.8449875	600	37.206975	1184	39.331675	1832	41.7483375	3048	43.85165	4928	46.0947	7944	48.351225	
560	34.8749375	808	37.1970875	1336	39.345325	2352	41.746375	3848	43.8411	6472	46.0978875	10816	48.4054875	
2120	34.960725	3184	37.428125	4784	39.6107625	6800	41.75425	9904	43.8425	14528	45.932375	21560	48.104725	
384	35.077675	504	37.3537375	824	39.535025	1720	41.84335	3048	43.9534375	5096	46.1378375	7976	48.2497625	
416	34.81665	752	37.067	1216	39.104575	2368	41.31025	4664	43.3693625	9640	45.6196125	18072	47.8227	
544	34.7895	832	37.15045	1272	39.1588	1880	41.387375	2976	43.481	4984	45.8477125	8368	47.97425	
2088	34.659775	3336	37.2103125	4904	39.3879	7232	41.760525	10208	43.8086	15032	46.019525	21816	48.1868125	
288	34.521825	544	37.01575	1120	39.2956625	1672	41.49835	3000	43.558975	5224	45.669075	9272	47.740775	
360	34.5787375	808	37.214625	1360	39.6162	2336	41.938525	3688	44.0464875	5824	46.08925	9640	48.2045375	
528	34.580825	784	36.99375	1272	39.303175	2024	41.57445	3416	43.5522625	5664	45.613075	10184	47.8541125	
2232	34.6518375	3368	37.0663875	5104	39.209625	7296	41.472225	10576	43.4957	15624	45.663925	23528	47.7757875	
448	34.3325	968	37.1683625	1408	39.1749125	2328	41.4332625	3888	43.5439	6600	45.7339625	10448	47.922025	
736	34.3685875	1008	37.026225	1808	39.2725375	2864	41.4541	4968	43.6691625	8464	45.78655	14448	47.8900625	
600	34.4129375	1024	37.029125	1504	39.1804875	2192	41.3909375	3432	43.3790125	6200	45.586225	10616	47.8048375	
2168	34.6536375	3456	36.9887875	5064	39.1465875	7488	41.347775	10696	43.4782625	15664	45.6205625	23632	47.8279875	
488	34.7468125	760	37.3181125	1248	39.488875	2008	41.658875	3608	43.7681	6184	45.9689125	10488	48.089725	
440	34.5357125	632	36.8915375	1240	39.2304375	2136	41.4322625	3688	43.5599375	6064	45.6989	10824	47.86395	
528	34.5126	760	36.8552875	1200	39.2719625	1784	41.34485	3248	43.5974125	5560	45.8058125	8696	48.0296875	
2160	34.594625	3312	37.267625	4920	39.433525	7096	41.772225	10192	43.9342375	14784	45.9225875	22016	48.01685	
536	34.700975	752	37.066925	1408	39.39435	2304	41.4812375	3976	43.580925	7024	45.6136125	12216	47.6834875	
552	34.643375	1048	37.310625	1320	39.3276375	2440	41.633625	3888	43.698875	6216	45.70735	10648	47.913475	
672	34.439525	1088	37.1528625	1744	39.4905625	2456	41.5556875	3944	43.6912875	6784	45.933275	10248	47.9890625	
2024	34.488	3424	37.181775	4992	39.3088625	7360	41.648425	10136	43.68	14776	45.796125	21888	47.8487875	
624	34.5294375	944	37.0935875	1368	39.2234625	2048	41.30925	3568	43.34315	6160	45.411525	11456	47.5071625	
600	34.4268	1104	37.19265	1488	39.3550875	2568	41.6109375	3728	43.5549	6000	45.7020875	9528	47.7782	
688	34.2900625	1048	36.945525	1848	39.2562375	2736	41.31125	4632	43.3610375	7808	45.4139125	13320	47.609475	
2272	34.6302625	3608	37.1736875	5136	39.2113125	7664	41.364175	10840	43.50925	15824	45.5318625	23672	47.66065	
592	34.21685	1040	36.7289625	1960	38.952175	3176	41.0096875	5904	43.2761375	9608	45.276875	16432	47.69235	
616	34.1262625	1016	36.841425	1560	38.963975	2272	41.1024625	3824	43.456625	6416	45.50055	10256	47.6625625	
544	33.9861	1080	36.9149125	1504	38.8482875	2312	41.0473875	3912	43.179375	6920	45.38605	11912	47.5227375	
2392	34.30405	3944	36.849775	5680	39.1276625	8152	41.3031125	11592	43.35	16584	45.507425	24320	47.585075	
536	34.0291	912	36.5820625	1216	38.7023375	2248	40.88485	4040	43.1309875	6792	45.2014	11416	47.3474875	
696	33.9329125	1192	36.7288625	1936	39.005	2800	40.96745	4464	43.296225	7696	45.525875	12704	47.60135	
736	33.982075	920	36.476525	1456	38.889125	2424	40.8029375	3960	43.11405	6464	45.29285	11032	47.429875	
2512	34.1998375	3936	36.9139875	5664	38.8790125	8344	41.134375	12032	43.4152	17152	45.555025	24960	47.61685	
504	33.853775	1008	36.8002	1456	38.6708	2416	40.820775	3880	43.0152375	6688	45.1262125	12040	47.2483625	
704	33.769225	1040	36.6314125	1624	38.7505375	2640	40.889325	4264	43.15725	6512	45.3510375	10144	47.470575	
784	33.76795	1208	36.6342	1832	38.731375	3008	41.054275	4752	43.3443125	7720	45.6052375	12432	47.5771625	
2656	33.95765	4176	36.3457375	6184	38.8469	8944	41.02875	12408	43.1307625	18128	45.3593	26800	47.5325	
776	33.814775	1408	36.3859375	1872	38.6362375	3144	40.7811625	5168	43.0972875	8496	45.3973875	13224	47.5918375	
856	33.61475	1368	36.2631875	2152	38.377725	3656	40.6992875	5792	42.9505625	9328	45.1816875	15104	47.4869	
1128	33.5020875	1712	36.134375	2552	38.46435	3736	40.623025	5552	42.800575	9040	45.19435	14184	47.498375	
2816	33.3516125	4560	36.019425	6728	38.329475	9632	40.665425	13704	42.8026	19320	44.80585	28960	46.9834125	
664	33.0952625	1088	35.7597375	1848	38.24165	2688	40.2940375	4648	42.6113375	7664	44.655	12576	46.7288875	
1136	33.1408	1712	35.897975	2168	38.2550625	3360	40.4999625	5176	42.72345	8080	44.8816875	13648	46.9659875	
1032	33.0475625	1712	35.7240125	2224	37.78355	3664	39.99265	6552	42.4292375	10560	44.566525	17856	46.908375	
3064	33.3393375	4928	35.816625	6968	37.9922875	10080	40.1644875	14416	42.38245	21088	44.5677	31232	46.833125	
712	32.8973625	1448	35.682825	2040	37.8209125	3344	40.0046875	5472	42.2443125	8936	44.6095375	13608	46.9343625	
776	32.8248125	1264	35.481625	2296	37.9178625	3368	40.05405	5424	42.4146	8688	44.79485	14216	47.0558875	
824	32.7326375	1312	35.3883375	2096	37.9393875	3016	39.8678125	4944	42.24565	7912	44.551275	13216	46.8611625	
3000	32.9185125	4928	35.770525	7088	37.9812875	10208	40.1215375	14616	42.3653	21176	44.638275	31408	46.8522625	
784	32.994625	1176	35.8295	1752	37.798025	3024	39.9558125	5048	42.1532125	8592	44.4648625	14112	46.6236625	
808	32.9839625	1208	35.7563	1744	37.771225	3024	40.058925	4896	42.2537375	8136	44.6264625	12936	46.93255	
768	33.1218	1312	35.8214375	1976	37.8101	3488	40.09605	5536	42.250875	9736	44.7051125	15592	47.139625	
2880	33.3055375	4496	35.8269375	6472	37.874775	9608	40.1978875	13808	42.382025	20632	44.5755	30912	46.7659625	
744	33.3938125	1128	35.7293375	2112	38.00015	3312	40.0097125	5720	42.331325	10192	44.5001625	17552	46.6977125	
608	33.3466625	1024	35.7723375	1496	37.9999875	2352	40.0137625	4016	42.368725	6936	44.583325	12096	46.9575	
784	33.4446875	1168	35.9200875	1952	38.3224875	3360	40.4687125	5216	42.6097125	8768	44.844425	15360	47.05105	
2712	33.2845	4088	35.833025	6136	38.1869	8976	40.2517875	13192	42.5727	19504	44.68905	30000	47.0320875	
736	33.6032	920	35.924925	1624	38.247625	2904	40.57845	4672	42.7745375	8096	45.0096875	12408	47.2635875	
616	33.7948875	1144	36.285475	1544	38.584525	2456	40.7328	4144	42.93895	7104	45.2044	11448	47.470225	
808	34.2813	1160	36.6825125	1752	38.8336375	2888	41.12115	4952	43.211625	8192	45.241775	14280	47.4034375	
2456	34.3527125	3664	36.741225	5232	38.930425	7728	41.0404375	11104	43.2102875	16376	45.3308625	24824	47.66435	
688	34.4305375	1088	37.1266375	1512	39.0359375	2440	41.07435	4056	43.2106375	7544	45.440325	12896	47.8098375	
552	34.2739125	640	36.776125	1504	39.197975	2304	41.0051875	3952	43.2125	7008	45.4749125	11792	47.7087125	
320	34.2025375	680	36.9156125	880	39.1039625	1384	41.0042875	2512	43.20955	4520	45.4840625	8296	47.7193375	
2216	34.1522125	3448	36.6091625	5104	38.9224	7368	40.93545	11048	43.3202875	16056	45.3408875	24864	47.5506875	
304	34.6633125	376	36.799975	616	38.9206875	944	40.896625	1896	43.17395	3920	45.4251	6152	47.6486125	
176	34.4223	520	36.893325	984	39.037475	1472	40.8915625	2960	43.3657	4768	45.4534	8360	47.7242375	
320	34.465825	376	36.824975	672	38.9862	1240	40.89915	2024	43.171825	3840	45.3417375	6832	47.5997375	
2368	34.1484625	3600	36.5735625	5184	38.7708125	7632	40.978	11216	43.2259375	16520	45.3712625	24928	47.5767	
296	34.48705	496	37.1482625	976	39.25475	1544	41.30105	2656	43.440225	4768	45.4623	8496	47.80205	
232	34.384575	544	37.083025	688	38.960225	1488	41.188425	2936	43.4510125	5328	45.5245625	9352	47.82975	
280	34.3614625	464	36.9699	808	38.8375875	1416	41.1171125	2448	43.341625	4904	45.605425	8352	47.9135125	
2192	34.1795625	3368	36.7987875	4968	38.937475	7064	40.93615	10640	43.3847625	15592	45.54165	23968	47.791875	
272	34.6845125	376	36.9259875	768	39.1872375	1264	41.1951625	2120	43.337825	3552	45.4189875	6408	47.611725	
448	34.60715	728	36.863175	960	39.0971	1968	41.3189625	3120	43.5608875	4840	45.658875	8176	47.90995	
504	34.5020875	760	36.9591125	1256	39.088875	1872	41.272925	3512	43.50925	6280	45.779	10040	47.9510125	
2312	34.358	3456	36.568725	5120	38.8877	7688	41.08165	11000	43.4000875	16232	45.4366125	24176	47.681875	
688	34.5043875	1216	37.0914375	1600	39.08905	2776	41.1158	4792	43.3225375	8408	45.4234875	14808	47.8266375	
496	34.5884875	640	36.9781	1152	39.015475	1944	41.12965	3096	43.325725	5664	45.615825	9048	47.8347	
408	34.4031	752	36.9289875	1256	38.9732125	2008	41.1653	3504	43.32995	6416	45.6362375	10856	47.9128375	
2288	34.521525	3304	36.826625	5080	39.114575	7432	41.2358625	10840	43.4172875	15952	45.53505	23464	47.6465625	
288	34.4829625	800	37.3859875	1024	39.2011875	1880	41.4220875	2952	43.453025	5224	45.7649375	8408	47.8813125	
464	34.6364375	672	37.2169125	1256	39.2509125	2024	41.3217375	3792	43.5989375	6528	45.86855	10488	48.09145	
440	34.7103	712	37.3112125	976	39.2990875	1720	41.4593875	2544	43.5919375	4984	45.9390375	8032	48.160775	
2256	34.6677375	3248	37.1175375	4920	39.2650125	7192	41.3770875	10424	43.6214	15112	45.6766375	22728	47.819675	
488	35.052075	672	37.2934875	1280	39.37125	2096	41.2885	3792	43.6016375	6640	45.786	11232	48.035125	
392	35.0424	480	37.285275	752	39.28765	1400	41.3144375	2672	43.677075	4256	45.83565	7392	48.0753625	
320	34.74575	696	37.2510125	1128	39.2577375	1856	41.3189	3056	43.6894375	5016	45.863125	8320	48.1792625	
2160	34.7109625	3256	37.0391125	4872	39.3821625	7136	41.47615	10264	43.6608125	14856	45.9429125	22296	48.105425	
432	35.1207375	664	37.389075	728	39.3072125	1440	41.38505	2688	43.4934625	4568	45.6683	8448	47.776	
336	34.7227375	616	37.0891625	1168	39.2514625	2288	41.360025	4048	43.511975	7248	45.63445	13000	47.966025	
336	34.7233875	464	36.986475	520	39.07155	1072	41.332425	1832	43.4485875	3600	45.733075	6120	48.11395	
2152	34.9289375	3160	37.228175	4832	39.3687125	7000	41.344225	10080	43.794	14784	45.875425	22088	48.0057375	
408	35.0537	504	37.028875	1008	39.36905	1784	41.4454625	2456	43.4383375	4976	45.6410375	8256	47.6858875	
352	34.97205	576	37.0641	1008	39.344125	1728	41.5416875	2928	43.6365875	4960	45.8389625	8776	47.99775	
248	34.8325125	520	37.00515	952	39.3042625	1472	41.3408375	2832	43.6022875	5312	45.9168875	8696	48.080875	
2032	34.5466	3080	37.07215	4632	39.1719125	7136	41.36045	10280	43.5471125	14992	45.7810625	22448	47.960925	
288	35.162675	504	37.6606875	696	39.5505125	1168	41.7155125	2312	43.838675	4160	45.994575	6968	48.1045375	
328	35.1587375	624	37.6078875	792	39.3983625	1592	41.626325	2880	43.8493125	4936	46.072075	8432	48.2750375	
256	35.025575	344	37.2348875	928	39.4179	1424	41.5815375	2248	43.8272625	3880	46.0996	6616	48.3857125	
