3352	32.8611	5208	35.257475	8208	37.59455	12112	39.785975	17424	41.8789625	25840	44.4022375	37336	46.6985125	
328	32.812025	472	35.2177125	864	37.5893	1392	39.7239125	2520	42.0029	3688	44.5881	5496	46.9031375	
456	32.36735	816	34.664925	1520	36.9943375	3104	39.0503875	6600	41.1857125	13416	43.6104125	27128	46.151025	
480	32.3101125	872	34.7110375	1584	37.1439125	2728	39.19345	4888	41.5202125	8624	43.985075	14896	46.391875	
2920	32.2837	5472	34.645975	8704	36.939925	13448	39.1362375	19992	41.2878625	29280	43.544775	44008	45.9932625	
408	32.4773375	840	34.9670625	1432	37.3647125	2344	39.612375	3408	41.810125	5664	44.18485	9216	46.6644	
504	32.3147125	1040	34.9295375	1688	37.2602375	2512	39.2968625	4832	41.50795	10184	43.9253375	18504	46.4983	
584	32.431075	680	34.9446125	1040	37.4355375	1440	39.513225	2608	41.798775	4464	44.2590125	7376	46.621725	
3192	31.9572	5656	34.466325	9224	36.6457	13848	38.8611875	20968	41.2988375	30472	43.5800375	44344	45.927925	
424	32.46595	512	35.0688	880	37.3748	1464	39.532425	2376	41.88735	4672	44.1076875	8448	46.4274125	
312	32.3761375	592	35.10455	1072	37.4812625	1560	39.6865875	2352	42.046625	3464	44.3056	5072	46.6304875	
488	32.33125	760	35.00555	1288	37.42485	2360	39.60795	3688	41.8484	7168	44.0442875	13360	46.2901375	
3568	31.56795	6112	34.1039125	9608	36.227375	14872	38.5480125	22080	40.8761625	32272	43.1935625	47592	45.6296375	
656	32.144225	1216	34.7097625	2056	36.732725	3544	38.8885375	6472	41.2071375	10608	43.4836625	16104	45.97125	
680	32.6439875	1248	35.3292	2176	37.2692625	4144	39.51795	7528	41.70385	13248	43.839775	21144	46.0123875	
696	32.5728875	1232	34.9799625	2520	36.9563375	4200	38.9999	7808	40.9361125	14368	43.0748375	26872	45.5564375	
3392	32.365575	5600	34.6887	8800	36.8726125	12928	38.9623	19304	41.1385	28552	43.2652625	42728	45.6027375	
912	32.17465	1496	34.316325	2728	36.559475	4432	38.5179625	7632	40.6242375	13400	42.826525	22024	45.1195125	
440	32.071125	736	34.359875	1280	36.6145875	2416	38.7052875	4480	40.9821125	7040	43.2227125	11304	45.5408375	
632	31.119075	1536	33.5024375	3232	35.8332625	6536	38.154675	11544	40.3923	19704	42.7246	31576	45.1764875	
4280	31.260025	7336	33.5194125	11488	35.900325	16552	38.075	24656	40.3992375	35656	42.5341875	53680	45.0780625	
672	31.373575	1184	33.551925	2080	35.7656125	3720	37.9214125	7448	40.2572125	13000	42.3597	23296	44.87475	
712	31.18525	1096	33.3372375	1744	35.6042375	3184	37.8688875	4656	40.0289375	8592	42.1826625	14288	44.5574375	
632	31.460425	1312	33.7257	2248	36.0783125	3552	38.26395	6312	40.55925	10472	42.87055	17832	45.21045	
3864	31.1942375	6696	33.4884875	10424	35.58745	16016	37.6991625	24448	40.0108125	36232	42.0178125	57128	44.4943	
1000	31.454925	1680	33.8913125	2928	35.89325	4608	37.9591625	7392	40.0446	13288	42.33355	19968	44.826225	
768	31.6578375	1464	34.2458125	2384	36.29545	4096	38.325475	7152	40.5651375	12856	42.855125	21648	45.082175	
768	31.3729625	1240	33.9084	2064	35.9198625	3648	37.8440125	6664	40.0248625	11592	42.1386	21160	44.4476875	
4616	30.98545	7432	33.362925	11608	35.4752625	17720	37.8158	25736	39.955925	37776	42.15965	56752	44.474575	
736	30.9508375	1208	33.262875	2520	35.625825	3056	37.5472625	5328	39.7112875	8688	41.821825	16040	44.1565125	
888	31.146875	1448	33.5272375	2144	35.868275	3872	38.0093125	6088	40.3121875	10352	42.5818875	17352	44.9462	
824	31.0222625	1304	33.3284875	1912	35.538	3248	37.5992	5944	39.8297375	10752	42.0401875	18032	44.4056375	
4912	30.46105	8360	32.8254625	12840	35.0897625	19584	37.3396875	28600	39.652075	41512	41.803575	61904	44.213875	
872	30.5969875	1352	32.905525	2664	35.3180125	4352	37.5805875	7336	39.978775	11288	42.2981375	17432	44.629325	
856	30.719375	1560	33.085275	2936	35.318975	5272	37.4997	9736	39.7585375	17128	42.135525	26944	44.5267625	
936	30.7552375	1488	33.2562375	2304	35.4963375	3336	37.6458125	6016	40.03525	9736	42.4239125	14968	44.812475	
5456	29.9438	9296	32.3467	14488	34.648525	22128	36.8607875	32400	39.1665625	47512	41.5272125	70536	44.0340375	
1168	30.9682875	2424	33.26315	4576	35.3697	9104	37.591225	16656	39.8597125	27616	42.003725	46048	44.4141375	
1232	31.0245375	2040	33.28895	3472	35.3718125	5512	37.54845	9240	39.6947625	15328	41.8359875	26352	44.293125	
1280	30.97155	2040	33.3705125	2952	35.397175	5112	37.6494625	8048	39.8501	12848	42.22205	18760	44.6254	
4832	30.986775	7560	33.1494375	11512	35.4636125	17456	37.6929125	25392	39.8991875	37616	42.0898	56920	44.5266375	
944	30.972675	1304	33.038875	2400	35.3760375	3808	37.4845875	6216	39.6441875	10592	41.824025	18128	44.222625	
1480	30.6472	2488	32.8762375	4352	35.2298	7504	37.4167625	12648	39.7601875	20440	42.0968125	30256	44.5097375	
1304	30.659775	2040	32.8141	3856	35.3719625	5952	37.5993875	9784	39.9560125	15704	42.23905	26088	44.622275	
5296	30.3653375	8840	32.87075	13272	35.0968125	19512	37.2670625	28728	39.4415125	42312	41.653875	63960	44.1374875	
1368	30.5868	2072	32.7907875	4392	35.06925	8384	37.2387625	15112	39.627075	25880	42.042325	40800	44.59645	
1224	30.5443375	2048	32.9607875	2960	35.143175	4872	37.361	7384	39.7316375	12152	42.266125	18392	44.870725	
1288	30.6218625	2072	33.1079375	3544	35.2953625	5976	37.578925	9672	39.8540375	16560	42.2358125	28136	44.6948625	
5432	30.3106125	9040	32.749475	13872	35.096475	20088	37.16235	29448	39.4369125	43216	41.694275	64512	44.15575	
1152	30.4403875	2016	33.013975	2864	35.1250125	4984	37.417575	8376	39.8236	13912	42.1100375	23632	44.557375	
1056	30.2260625	2048	32.8672125	3240	34.955575	5200	37.0883125	8784	39.4343625	15120	41.8149	24104	44.31535	
1312	30.2544125	2096	32.7709625	3464	34.989475	6008	37.2185125	9688	39.599975	14488	42.0261625	20992	44.608675	
5456	30.0467125	9184	32.5929375	13968	34.882025	20376	37.1623375	29448	39.44035	42864	41.76615	63584	44.1995125	
1872	29.50425	3352	32.081725	5672	34.359525	10016	36.7759375	16448	38.95575	26880	41.40875	42640	43.8452125	
1216	29.5117125	2240	32.1951	3208	34.376975	5376	36.9012	8424	39.248425	12608	41.7805125	17056	44.2151625	
2000	30.1746375	3680	32.5860875	6552	34.7314875	11472	36.8523625	19720	39.1880625	31976	41.5133875	50320	44.1087125	
6584	29.7996125	10168	32.08565	15696	34.4328875	22456	36.5590125	33024	38.9811375	47848	41.2373625	71584	43.7328875	
1408	29.4903875	2584	31.943225	4440	34.29795	7088	36.3861375	11384	38.6470125	19464	40.8804	33752	43.465475	
1312	29.412875	2480	31.974425	3800	34.2241625	6552	36.472475	11456	38.9308875	18592	41.2825375	27480	43.9074	
1360	29.4227375	2000	31.9676	3440	34.2644375	5352	36.5799375	8664	39.0796375	13928	41.522	20376	44.1863875	
6288	29.7549625	10152	32.2661	15304	34.524075	22432	36.8415	32456	39.0633375	47104	41.3726875	69816	43.88145	
1408	29.569175	2576	32.1021625	3832	34.1419125	6624	36.4517375	11440	38.637325	20536	40.949125	35032	43.5233	
1472	29.6358875	2640	32.156025	4448	34.2218125	7632	36.5514	13048	38.961175	20232	41.3479	30296	44.0225125	
1824	29.6377625	3104	32.109525	5008	34.2750125	8664	36.6263375	14136	39.0639	23200	41.376725	39680	43.942925	
6552	29.4008125	10384	31.7756	16184	34.065275	23672	36.314875	34864	38.5940375	51560	40.922175	77264	43.55355	
880	29.3596625	2096	31.9806625	3648	34.41565	5640	36.6841	9224	39.0750625	15616	41.4771375	26792	44.0383875	
1608	29.321125	2744	31.929025	4472	34.320075	6928	36.5273	11128	38.8327875	18696	41.3667	28336	43.9678625	
1272	29.1687	3016	31.9900875	4936	34.2824125	8560	36.5272625	14440	38.91015	23136	41.551625	33872	44.1676875	
6208	29.5884	10160	32.0941	15448	34.24325	22504	36.5474375	33072	38.8532375	48520	41.27475	71544	43.7210875	
1520	29.15315	2824	31.7594625	4856	33.9519625	8424	36.239825	14456	38.602325	24096	41.0339375	39072	43.61855	
1552	29.1721	2568	31.8931	3712	34.017675	6328	36.3561625	10560	38.9175375	16136	41.5056875	22808	44.0566	
1800	29.8926625	2536	32.128325	5552	34.4491875	9968	36.5805875	18592	39.075625	32040	41.7522625	47264	44.3289	
6216	29.7339375	9936	32.33415	15024	34.6387375	21832	36.7723875	31864	38.94485	46720	41.251425	69800	43.7488125	
1264	29.673375	2184	32.2804125	3648	34.659275	6352	37.01505	11240	39.416075	17624	41.7492375	27320	44.1892375	
1040	29.9421375	1912	32.55585	3248	34.8264625	5608	37.0668375	10104	39.3121	16816	41.6733	26104	44.2363875	
1392	29.8223375	2040	32.3550625	3760	34.7888625	5832	37.059425	10584	39.504575	17696	42.027575	25592	44.574875	
6128	29.5938	10192	32.1133	15472	34.542625	22416	36.8901375	32256	39.26415	46432	41.6310875	67848	44.094425	
976	29.638525	1512	32.1322875	2424	34.4917375	3552	36.6953	7088	39.1010875	12760	41.46485	22856	43.9016875	
1016	29.4003	1696	31.7537375	3472	34.2876875	6256	36.8188	10592	39.316425	17112	41.8935125	25008	44.4227875	
936	29.213125	1992	31.785	3080	34.2372375	4840	36.8336375	8712	39.5276875	12960	42.1103375	18400	44.695825	
5936	29.4727	10488	32.0264875	16016	34.4937875	23296	36.828975	33640	39.270925	47520	41.540325	69448	44.1244	
808	29.612775	1808	32.2660375	2504	34.575925	4384	37.029675	7312	39.53625	11728	42.036875	16432	44.591525	
1144	29.543725	2416	32.203425	4544	34.5770875	7968	36.871875	13616	39.28215	23864	41.6978	40376	44.2164875	
1088	29.615275	1704	32.1906125	2696	34.5643625	4216	36.8944875	8000	39.4590875	13192	41.8303375	21328	44.34105	
4968	30.3192875	8176	32.6360375	12968	34.9634875	19200	37.1810375	27720	39.334275	41808	41.674475	63296	44.243475	
912	30.5190875	1544	32.92295	2672	35.2615375	4728	37.6701375	8704	40.0382375	14904	42.35245	26320	44.7983	
976	30.14515	2112	32.6983625	3408	34.9309875	5848	37.3384625	10336	39.7190625	17200	42.0609125	26968	44.6323625	
896	30.2265875	1608	32.8761375	2680	35.0732125	4416	37.579375	6800	39.948875	10520	42.4065625	15624	44.965175	
4408	30.5813125	7400	33.0718625	11944	35.494425	17376	37.6259125	25576	39.9179875	37344	42.22375	55352	44.6596125	
1416	29.527525	3744	32.2424125	6464	34.5858625	11400	37.0584	18496	39.5253	29016	42.0151	43736	44.57515	
976	29.9428375	1304	32.346425	2784	34.8030125	5232	37.2983375	9544	39.8448625	15624	42.431275	23464	44.99395	
976	30.3634125	2008	33.0818625	3880	35.4308	6712	37.667975	12200	40.0720875	21248	42.61555	32312	45.205025	
4352	30.65485	7168	33.10375	11408	35.527875	16656	37.8004625	24352	40.0513875	35632	42.4134875	53008	44.86225	
1256	29.924975	2816	32.461075	5008	34.8433875	8576	37.2177375	14304	39.5113	23008	41.9627125	36912	44.5062125	
712	29.7723375	1904	32.438575	3136	34.8591375	4960	37.3496375	8352	39.6265	13904	42.2894	20608	44.8111	
1480	30.0999875	2544	32.7190125	4032	35.07105	7008	37.3139375	12520	39.7212125	21928	42.0579625	37752	44.5423125	
4832	30.0806125	8216	32.560575	12744	34.9827	19032	37.236225	27680	39.5185125	40496	41.850925	60608	44.42805	
1304	30.0699625	2104	32.6034	3448	34.9587	5696	37.2362875	9976	39.7271375	15760	42.19115	24056	44.7860375	
1784	30.0907	2872	32.54915	4688	35.03255	7688	37.22385	12864	39.7009	21304	42.0581625	35984	44.5846125	
1008	30.064825	1648	32.5110625	2568	34.9159375	4712	37.210075	7736	39.5195875	13656	41.8661	23648	44.4287	
5016	29.9604625	8568	32.5427125	13296	34.8844	19520	37.2943375	28240	39.5695375	41152	41.9120125	60200	44.41925	
1048	30.176	1824	32.7701	2664	35.1646	4184	37.587325	6272	39.8571375	9456	42.2858125	14472	44.8377875	
1456	30.7349	2064	33.3124	3144	35.77915	5344	38.0502875	8592	40.3292375	14768	42.663	24696	45.0344375	
1856	30.5579125	2808	33.14165	4728	35.73255	6592	37.806025	11384	40.14965	18520	42.41335	29888	44.8847375	
4656	30.466225	7520	33.036125	11728	35.4229875	17168	37.727075	24744	39.9957375	36112	42.3225375	53096	44.7793875	
1448	30.8489	2256	33.4127375	3200	35.934375	4536	38.144525	7624	40.52875	12120	42.859125	18656	45.2609125	
1888	30.795025	2792	33.4301625	4120	35.8087375	6528	38.0782875	10672	40.4150625	17336	42.8405	26088	45.2695875	
1536	31.332025	2256	33.9641875	3264	36.20795	5464	38.428675	9848	40.7239875	16200	42.9563375	26808	45.28985	
4280	31.362025	7016	33.7953875	10016	35.8918375	15112	38.2221875	22088	40.5041875	31976	42.7111125	48264	45.2170875	
1464	31.4855875	2536	34.0456	4488	36.2862625	6328	38.4871375	10344	40.899175	16144	43.2807375	23344	45.7306625	
1288	31.2196625	2288	33.6339	3872	35.9466125	6552	38.2060375	11848	40.64855	19032	43.0840625	29024	45.6810375	
1152	31.4064125	2040	34.057925	2968	36.355775	4584	38.6761375	6496	41.03325	9904	43.4521625	15312	45.9976	
4080	31.4232375	6472	33.917425	9504	36.1659	13960	38.410875	20512	40.6274875	30072	42.9521	44784	45.4507625	
1288	31.5169875	2376	34.0189	3296	36.17385	5640	38.571	8920	40.9734625	14216	43.2457625	23000	45.714275	
1272	31.36865	2096	33.8866875	3624	36.1747	5336	38.2360375	8888	40.6890625	14496	43.030025	23544	45.604675	
1608	31.82605	2416	34.267225	3584	36.5657625	5664	38.7184375	9336	41.103025	15032	43.5277375	23928	45.863025	
3936	31.1401875	6728	33.7671875	10184	36.0601875	14648	38.276825	21352	40.4782375	31672	42.90895	46984	45.4276625	
1240	30.9391125	2024	33.60395	3448	35.97715	5728	38.1903375	9728	40.6550125	14472	43.08025	21496	45.5572	
1288	31.0705375	2160	33.8192375	3472	36.2012375	5720	38.4820875	8888	40.7964	14632	43.1330125	23264	45.4556625	
1496	31.2466125	2096	33.8525375	3216	36.0581875	5136	38.324075	8560	40.5799625	13952	42.9628125	22720	45.3291625	
4024	31.0993375	6560	33.6733	9632	36.035475	14064	38.1960625	20856	40.5569375	30936	42.87325	46328	45.342275	
1480	30.7276375	2576	33.2763125	4224	35.6251125	7064	37.8791875	11280	40.094275	19200	42.5075375	30176	44.9218	
1168	30.7027875	2088	33.272875	3488	35.697875	5024	37.913075	7976	40.244575	12120	42.7643375	17600	45.2432	
1520	30.558775	2816	33.1073125	4528	35.4278125	8328	37.867275	13144	40.231575	20952	42.7729625	30664	45.303275	
4264	30.281175	7192	32.917025	10944	35.2658375	16480	37.46905	24208	39.85455	35888	42.282525	54408	44.7853375	
1208	30.1204875	2072	32.857775	3464	35.2119625	5728	37.4547	9624	39.8842125	16136	42.5135875	23992	45.0375	
1088	30.345125	1840	33.0552625	2752	35.4082375	4040	37.6608375	6040	40.12075	9520	42.726975	13872	45.276	
1184	30.4610625	1832	33.3016375	2872	35.7505875	4392	38.0099875	7200	40.40775	12392	42.9112125	21384	45.2995625	
4184	30.755275	6928	33.179625	10568	35.460775	15888	37.7004625	23184	40.0106	34696	42.298775	53056	44.81115	
576	30.782175	888	33.2889125	1672	35.6694875	2616	37.9700125	4152	40.2810375	7320	42.630475	10488	45.1696625	
600	31.0607125	1240	33.7401625	1880	36.1842	2824	38.457825	4992	40.7875	8344	43.1302125	16008	45.6695	
464	31.103625	704	33.672375	1080	35.96325	2328	38.2723125	4832	40.6544875	8904	42.9403125	16408	45.4728625	
3472	31.437775	5856	33.883975	9088	36.1441625	13528	38.4043	20064	40.5953625	29824	42.888425	45008	45.2901125	
704	31.599525	1000	33.9684375	1528	36.2176625	3008	38.63965	4968	40.8639875	8568	43.2206375	13592	45.67435	
608	31.8215375	1176	34.3426375	1632	36.6775125	2752	39.212825	4600	41.5054125	7088	43.6959	12176	46.186525	
624	31.79585	968	34.227325	1944	36.696725	2584	38.9283125	5160	41.275975	9032	43.5374625	15048	45.95025	
3400	31.9716125	5392	34.4178	8200	36.6658375	12096	38.8273	18024	41.14165	26464	43.4028	40800	45.8989875	
672	32.0838125	1152	34.690375	1800	36.983575	2800	39.0769	3984	41.307925	6912	43.649925	10768	46.1186375	
816	32.3654625	1240	34.9423125	1992	37.1939375	3352	39.3216375	6080	41.84055	10120	44.0390625	17824	46.374375	
632	32.276575	936	34.7751375	1664	37.1483	2984	39.2589625	4832	41.5640625	8648	43.811775	14704	46.1773125	
2904	32.55045	4672	34.92335	6840	37.2519875	10568	39.4460875	15936	41.7365625	23600	44.0317875	35032	46.2983	
680	32.6244375	1088	34.9499	2024	37.3399375	2816	39.31975	4928	41.4222375	8640	43.7285875	15464	46.0252625	
776	32.737225	1208	35.1362125	1848	37.598825	3072	39.632025	4792	41.8656375	7560	44.23425	10712	46.5629	
552	32.81615	960	35.2757875	1448	37.7870625	2320	39.88645	4104	42.27115	6608	44.674975	11104	46.883325	
2552	32.9228625	4032	35.4827	6168	37.6921625	9440	39.88745	14072	42.0333375	20736	44.1953125	32264	46.5080125	
632	33.166075	992	35.797	1312	37.8591875	2392	40.0502125	4360	42.3848625	6984	44.5856625	10824	46.8972625	
672	33.1360875	1000	35.856175	1736	38.1706875	2400	40.1863875	4120	42.4837875	6848	44.8384875	10176	47.1154125	
512	33.29465	720	35.8241125	1360	38.313475	2440	40.4680375	4048	42.7005	7176	45.1239125	11976	47.3088875	
2248	33.7127875	3840	36.4255375	5600	38.2922875	8544	40.5412875	12552	42.5864875	18832	44.868425	28432	47.0789	
456	33.737675	544	36.3224875	1136	38.42385	1736	40.46145	3592	42.825425	6248	45.0786875	10672	47.4419	
384	34.1355625	800	36.7834	1600	39.1886375	3216	41.222925	5392	43.2619625	9744	45.3706125	17696	47.437625	
440	34.63705	672	37.5124	808	39.8056	1088	41.4285	2624	43.703775	4840	45.675225	9352	47.9083875	
1592	34.9260125	2648	37.868325	3976	39.9817375	5864	42.1872	8544	44.394275	12880	46.4460625	18944	48.50235	
384	35.5151875	400	38.2169	544	40.321025	744	42.2807	1536	44.4505125	2672	46.3376125	5736	48.4900375	
320	35.30175	480	37.9558	936	40.2068875	1808	42.4716375	2832	44.6243125	4984	46.79485	7776	48.8696875	
328	35.6429	376	38.2376375	440	40.285825	840	42.691	1536	44.8381375	2496	47.0862	4416	49.2747125	
1368	36.226225	2160	38.9386625	3080	40.925675	4776	43.0776625	7184	45.1864625	10336	47.2281125	15672	49.40695	
320	36.990475	344	39.1847875	592	41.3298875	856	43.323075	1840	45.435475	3496	47.4668375	6384	49.45115	
192	37.4552875	392	40.01275	384	42.0469	600	43.9328875	960	45.8763	1792	47.9422625	3600	49.916125	
232	38.1202375	360	40.5776625	384	42.62485	640	44.6645125	1296	46.7920625	1936	48.7699625	3504	50.631675	
744	38.6522125	944	40.6732875	1592	43.3360625	2496	45.636825	3720	47.4239125	5816	49.5103	8680	51.095225	
224	38.7834	304	40.88155	392	43.0469125	576	44.9430875	1088	47.0829125	2128	49.00805	3864	50.7133	
184	38.1973125	264	40.188025	528	42.4207	984	44.243075	2024	46.6298125	4104	48.69915	8664	50.95975	
200	38.3891125	368	40.3948625	360	42.47945	664	44.410325	976	46.6799875	1840	48.725125	3208	50.998625	
728	38.1015125	1104	40.685775	1728	42.886725	2768	44.8322125	4184	47.0856875	6240	48.9102375	9728	50.7723625	
264	37.903775	376	40.534025	528	42.65815	744	44.27045	1696	46.7182375	2936	48.6251875	5392	50.6678	
296	38.018875	288	40.4127	368	42.601425	728	44.596025	1192	46.9368125	2024	48.8052875	3336	50.851875	
192	38.0467	336	40.37275	640	42.80895	928	44.9610125	1536	47.1839125	2696	48.8948125	5000	50.898425	
784	38.771225	1176	41.3627625	1760	43.33275	2576	45.01365	3992	47.42465	5888	49.24195	9112	51.120425	
264	38.4807875	408	41.341275	432	43.261	712	45.174025	1128	47.394375	2096	49.29785	3864	51.19035	
272	38.392175	368	41.300475	448	43.2483125	704	45.20035	1080	47.52275	1984	49.3527875	3600	51.147075	
264	38.494075	272	41.2274375	344	43.2889125	608	45.1128	1040	47.3821375	1752	49.372675	3328	51.0937375	
760	39.57185	1048	41.7957375	1472	43.3825	2240	45.1992625	3448	47.714425	5072	49.4739625	8264	51.42445	
176	38.8469375	288	41.2359625	448	43.285675	880	45.238775	1008	47.4003	2080	49.360075	3576	51.1275	
240	39.0924625	288	41.569625	424	43.4516875	568	45.4788	960	47.64985	1616	49.4840125	3040	51.4439125	
232	38.73695	216	41.0497	512	42.9679375	896	45.60465	1608	47.580375	3208	49.908225	5872	52.046425	
592	38.801325	912	41.91005	1384	43.83035	1872	45.710425	2960	47.925275	4728	50.00465	7296	51.6158125	
264	38.925175	360	42.0895125	456	43.8573375	832	45.95945	1192	48.0511875	2016	49.84715	3872	51.6825375	
304	39.026275	280	42.1692625	336	43.7968	632	45.7414375	1144	48.2018875	2072	50.0429125	3752	51.9459	
192	38.8799875	352	42.1049625	360	43.897475	632	45.96215	1088	48.26005	2208	50.1542625	4128	52.090475	
592	39.3186875	888	41.86705	1376	44.308325	1896	45.8080375	2904	48.3664125	4472	50.2516	6944	51.9637	
192	38.7760125	416	41.9580625	368	43.5894625	608	45.2925125	1144	47.8800375	1824	49.6891875	3896	51.79315	
160	38.4195625	216	41.876625	416	43.602575	536	45.17245	960	47.7218	1952	49.6291375	3456	51.5628125	
168	39.2531375	296	41.7126	432	43.6163125	944	45.61975	1432	47.9269375	2552	49.926525	4744	51.603525	
560	39.216125	928	41.5990375	1280	43.7367375	1960	45.7745125	2976	48.1237125	4672	50.091825	7352	51.9794	
200	39.35305	352	41.8904625	400	43.7706125	528	45.64485	928	48.18005	1864	50.0374625	3736	51.871675	
176	39.5309625	296	42.022425	376	43.6057	592	45.4968375	1072	48.07255	1864	49.907875	4008	52.15725	
176	39.5294375	232	42.0216375	384	43.898325	608	45.91865	856	48.1382	1696	50.2157875	3344	52.4233375	
536	40.94205	712	42.534575	1104	44.7286	1688	46.6391875	2528	48.904725	3800	50.527975	6336	52.7344125	
248	40.55325	368	42.479	344	44.2837	672	46.20145	1064	48.4236625	2064	50.585225	3976	52.5222875	
328	40.2410125	440	42.3467625	544	44.2526875	792	46.1307	1272	48.40995	2280	50.3951125	4024	52.35345	
232	39.5737	392	42.112925	528	43.9639625	760	46.0954	1224	48.2089375	2256	50.1794625	4048	52.3429625	
680	40.4201	864	42.7857875	1192	44.7145875	1816	46.8311	2496	48.6435875	3768	50.5016125	6288	52.375075	
208	39.5224625	256	42.1410125	480	44.217525	848	46.2695	1512	48.3203375	2632	50.3594875	4864	52.3200375	
264	38.9648125	368	41.5350375	568	44.0687625	1056	46.10685	1712	48.2783	2712	49.9025125	5432	52.100775	
464	39.3952375	520	41.2119125	856	44.1852375	1208	45.5838	2112	47.914125	3696	49.8623375	6304	52.2346	
744	39.7593625	1104	42.419075	1432	44.6498	1968	46.1184375	2984	48.3875875	4296	49.9909125	7080	52.0625875	
552	40.8137375	720	42.437425	1096	44.779225	1648	46.78595	2352	48.61655	3584	50.4702625	5920	52.37815	
472	40.076325	800	42.4906875	1040	44.6399875	1480	46.6705625	2304	48.67435	3480	50.3426625	6240	52.384075	
608	39.9715875	848	41.7989875	1248	44.0338	1712	45.8307375	2576	47.64815	4272	49.65575	7240	51.60795	
1192	39.0121375	1640	41.252425	2160	43.5126125	3008	45.2538625	4200	46.9929125	6064	48.7451375	9640	50.6026	
896	37.7153625	1192	40.4465	1776	42.241675	2872	44.3375375	4232	46.034925	6624	47.8252	10584	49.667475	
944	36.613225	1440	39.4008	2112	41.5613625	3072	43.509725	4416	45.126	6792	47.09495	10152	48.948975	
1176	36.400075	1728	38.9861125	2280	40.8657125	3432	42.77195	5576	44.7781625	8648	46.656425	13024	48.5868	
2200	35.6833875	3232	38.2420875	4520	40.4262375	6192	42.4363875	8488	44.3270875	12360	46.123925	18824	48.1851375	
1640	34.41905	2648	37.0058	3744	39.2600125	5816	41.468025	8504	43.477475	12704	45.5261625	19088	47.6798625	
1720	34.2505	2432	36.7943375	3584	39.0256125	5048	41.2483	7776	43.415	11888	45.5560625	17656	47.64515	
1496	35.230325	2248	37.6819125	3280	39.7817125	4784	41.7855125	7616	43.7745125	11760	45.87665	18704	48.206675	
2184	35.2485375	3176	37.506475	4656	39.6793375	6656	41.7899125	9616	43.8478125	14304	45.9100375	21600	47.958475	
1696	33.6145125	2792	35.9686125	4664	38.379025	7152	40.7278375	10552	42.9810625	16312	45.348425	23624	47.6840125	
568	33.3159625	1048	35.750725	1640	38.121625	2920	40.6862	4512	43.020475	7328	45.49705	10944	47.864575	
704	33.3211625	960	35.6519625	1448	38.0439125	2272	40.4339375	3864	42.93065	6504	45.5051875	9632	47.8370625	
2752	33.347075	4496	35.8325	6616	38.018875	9696	40.2796125	14088	42.50785	20600	44.76195	30752	47.074175	
648	33.033475	928	35.420025	1624	37.6316375	2600	40.081675	4232	42.324975	6368	44.68795	9784	47.0801375	
816	32.89325	1456	35.3273375	2176	37.4798625	3784	39.837675	6512	42.0640875	11528	44.447975	18632	46.9265875	
840	32.7662125	1176	35.1278375	1720	37.1708875	3112	39.660325	5296	41.9688625	8464	44.3415375	13320	46.7625375	
3080	32.354775	5064	34.8675	7936	37.1095875	11664	39.44865	16920	41.6695875	24728	43.8331	37256	46.203875	
800	32.0282875	1576	34.77415	2200	36.9089625	2904	39.1769625	4728	41.4748	7048	43.7306125	10464	46.151325	
1144	31.9798875	1640	34.4539	2864	36.6821875	4864	38.9372375	8008	41.2908875	13248	43.6605375	20672	46.0760875	
1128	31.4186125	2048	34.0863375	3072	36.23555	4944	38.37805	8208	40.685575	13752	43.0735	23848	45.4027125	
4056	31.4120625	6952	34.0448625	10136	36.1919875	14568	38.34435	21440	40.617275	31632	42.859475	47328	45.29545	
952	31.0259	1480	33.705575	2488	35.988675	3912	38.1648375	6424	40.515475	10856	42.9422125	16448	45.4013125	
1040	30.9019375	1704	33.7051875	2664	35.9670375	4168	38.073	7392	40.4951625	12432	43.001925	19976	45.5420375	
1184	31.0056375	1936	33.72235	2840	35.8178625	4576	37.9432875	8224	40.4636375	13664	42.927875	21552	45.5034	
4704	30.976325	7680	33.5307875	11208	35.6009875	16400	37.8521	24240	40.153275	35288	42.3839	53240	44.8537	
1448	30.5597	2392	33.187275	3832	35.3172875	6048	37.5213875	10160	39.8631375	16912	42.251675	29376	44.6933	
1016	30.3379875	1776	33.0858625	2432	35.139775	3936	37.4468375	6120	39.79365	10576	42.262425	16928	44.669625	
1112	30.0874875	1840	32.8127125	3088	34.8985875	5192	37.1599625	9576	39.55995	16672	42.1713	27408	44.7495625	
5632	30.1995	9320	32.6061625	14000	34.86595	20368	37.117125	29664	39.4414375	42768	41.7749625	63216	44.16535	
1112	30.0889375	1720	32.407125	3024	34.9480125	4720	37.18375	8240	39.6862375	13304	42.01305	23472	44.4415625	
1128	29.8049375	2080	32.22205	3016	34.6727375	4568	36.9605	7440	39.3840125	12496	41.774175	21040	44.2752	
784	29.7859	1696	32.376675	2760	34.7649625	4432	36.996975	8576	39.4939	15048	41.7424125	27264	44.1875875	
6080	29.7673875	10000	32.3236875	15064	34.5121375	22128	36.9274	31760	39.235775	45608	41.4947375	67944	43.998375	
1480	29.453175	2784	32.2145625	4152	34.2809125	6592	36.7405875	11384	39.2946625	17776	41.7214125	25176	44.25465	
1376	29.566375	2160	32.2929125	3208	34.3692875	5144	36.7898125	8472	39.3254625	14936	41.930175	23176	44.4818	
1352	29.6406375	2080	32.30725	3440	34.4182875	5504	36.7256625	9920	39.256425	17408	41.9574375	27392	44.4861	
6128	29.546825	10160	32.1130375	15400	34.405175	22080	36.618325	32336	39.0130375	47016	41.3778625	69552	43.8714375	
1208	29.586175	2192	32.1659625	3624	34.485825	6144	36.7016125	10088	39.0501125	18080	41.514625	28648	44.098425	
1344	29.70715	2104	32.296525	3352	34.5352125	6072	36.817625	10080	39.0645	18040	41.540775	31968	44.0218375	
1232	29.5551125	2048	32.2319375	3008	34.4636375	4520	36.732775	7104	38.9990625	12288	41.4972	21072	43.9330625	
6368	29.5760125	10208	32.0388875	15704	34.3385875	22408	36.5346375	32984	38.8980125	48040	41.177475	72160	43.717525	
1256	29.7692875	2144	32.26625	3616	34.5993	6416	36.8071125	10600	39.0915875	18792	41.5290375	29072	44.0903	
1488	30.0790625	2000	32.4649	2856	34.8184375	5224	37.24165	7984	39.564375	12848	41.99925	21344	44.4817	
1368	29.64635	2120	32.152275	3336	34.462475	5552	36.7945125	9624	39.1009125	16336	41.463425	27784	43.9296875	
6344	29.9160875	10000	32.3954875	14920	34.7377125	21736	36.9714	31096	39.35	44584	41.699575	65072	44.123775	
1024	30.2861	2176	32.807	3592	34.86375	6960	36.9326125	12472	39.2051625	21968	41.4637125	37792	43.9905875	
1024	30.40855	1384	32.963275	2200	35.1999375	3808	37.2224625	6896	39.6238125	11336	41.9782375	16592	44.5397	
1168	30.19525	1984	32.7213875	3400	35.023875	5736	37.203275	9632	39.51975	16792	42.065025	25624	44.6202375	
5848	30.064825	9784	32.5655125	14504	35.0223875	20848	37.2592125	29624	39.46445	42584	41.731	62896	44.15615	
1024	30.2573875	1360	32.651275	1912	35.052875	3048	37.2833625	4704	39.6251125	8192	42.071925	11752	44.4707375	
1568	29.8205125	2824	32.2276	5008	34.6125	8512	36.807725	14968	39.4551375	23856	41.955775	35280	44.444225	
792	29.559	1672	32.0375	2816	34.4218375	5384	36.8184375	8640	39.4549375	14120	42.0691	20848	44.55995	
5968	29.818375	9568	32.2025875	14680	34.6382125	21832	36.8541125	31312	39.2470625	45728	41.645775	66608	44.1147125	
1080	30.0348375	1824	32.39865	2784	34.66465	5408	37.0183	9544	39.4207625	17648	41.9466125	28096	44.5088625	
1248	30.1657375	2008	32.6843625	2712	34.804025	4648	37.2632375	7616	39.5663875	12016	42.191725	18096	44.8451125	
1192	30.2609125	1944	32.8299125	3376	34.9714	5424	37.2864125	9792	39.6643625	17336	42.01115	30816	44.5466625	
5480	30.164025	8760	32.4976875	13328	34.81945	19696	37.0850625	28848	39.4720625	41728	41.8175625	61840	44.298775	
984	30.2763375	2040	32.79925	2840	35.0557375	4600	37.3120125	7640	39.7576625	12600	42.1500375	19344	44.693425	
1128	30.7079125	1800	33.049075	3368	35.2525875	6696	37.6316125	11872	39.94845	20560	42.229025	35216	44.639875	
744	30.67225	1112	32.9566625	1768	35.2742125	3080	37.5602375	5928	39.8671375	11264	42.2012375	19504	44.6811375	
4968	30.7255875	8096	33.16865	11872	35.4521625	17360	37.8660125	24776	40.155175	35272	42.4639	52160	44.8564375	
944	30.8398375	1712	33.2816	2648	35.4174875	4712	37.67155	8352	39.8906375	14696	42.1506125	25632	44.6066125	
1016	31.224675	1424	33.5539625	2192	35.81295	3440	38.1982375	5968	40.6922875	9664	43.0167625	15832	45.358225	
904	30.9470375	1440	33.317775	2680	35.51565	4016	37.88375	7032	40.3136125	12056	42.54785	21192	44.974825	
4504	30.988425	7232	33.515675	11080	35.80485	15664	38.0575875	22928	40.4943875	32272	42.682775	47808	45.0418625	
760	31.5971875	1256	33.9875	2376	36.1662	4816	38.3972375	8976	40.551075	16336	42.768	28096	45.18935	
920	31.8678625	1608	34.3100875	2104	36.5057	3928	38.62295	6344	40.8171375	11576	43.2161625	19256	45.679475	
912	31.8490875	1240	34.125275	2336	36.469525	4152	38.7035125	7120	40.952775	12512	43.477375	18968	45.9699375	
3920	31.4497875	6304	33.8587875	9736	36.3091125	13864	38.57285	19904	40.9195125	28960	43.122325	42976	45.4947625	
760	31.743075	1336	34.26	1784	36.4832375	2984	38.675975	4576	40.886325	8064	43.0737375	13976	45.4214375	
616	31.1582875	1176	33.691175	2680	36.0861625	4976	38.4974625	8776	40.8898125	13872	43.252	20736	45.7221875	
640	31.34475	1096	34.012025	1520	36.384225	2536	38.8551	4632	41.290475	7776	43.6034125	13096	45.969825	
3576	31.314625	6008	33.8350375	9152	36.143625	13352	38.4812625	19840	40.787	28528	43.063625	43032	45.5424875	
944	31.8687375	1288	34.5208	2112	36.8469375	3832	39.201175	6480	41.3737875	11744	43.671525	20360	45.8958625	
856	31.9428625	1504	34.635325	2392	36.9601125	3576	39.2017375	6112	41.2639625	10584	43.5342375	18632	45.9551875	
544	31.8063	1224	34.628425	1608	36.9524375	2744	39.39395	4296	41.4488375	7208	43.8023375	11480	46.223425	
3224	31.6784125	5448	34.2009375	8088	36.5793125	11664	38.67675	16936	41.0704125	25448	43.340125	38536	45.7361625	
832	31.8381875	1472	34.3584625	2368	36.8964125	3744	38.8315	6272	41.2452375	10888	43.5773125	19152	45.97275	
760	31.849175	1168	34.3213	1968	36.8367875	3416	38.969475	5008	41.1688875	8600	43.5676	14384	46.0404375	
768	31.8231625	1496	34.3509875	2216	36.9323125	3752	39.15835	6080	41.3359	10720	43.7289125	17040	46.248325	
2952	31.85205	4912	34.2685875	7416	36.644125	10840	38.966625	15848	41.2862375	23904	43.502425	36344	45.886975	
1024	32.145225	1712	34.7816875	2464	37.1839125	3640	39.308475	5760	41.64875	9312	43.862475	14672	46.2668125	
1160	32.513025	1920	34.977225	2984	37.2366625	4976	39.43955	7944	41.711775	13008	44.0408	21256	46.518475	
648	31.829975	1488	34.586775	2536	36.9381375	3944	39.30205	6776	41.616675	11216	44.0322125	17512	46.450025	
2880	32.3973125	4664	34.72745	7112	37.086525	10624	39.3361125	16080	41.621075	23576	43.90665	34984	46.2314625	
976	31.581225	1816	34.1871375	3176	36.58625	4712	38.8595625	8192	41.2485625	13464	43.502625	22648	45.915975	
720	31.636925	1152	34.24265	1728	36.735275	2680	39.011025	4288	41.4651375	7488	43.861825	11328	46.2835	
616	31.76555	1096	34.39685	1568	36.91475	2728	39.264525	4488	41.84175	7816	44.2317125	12664	46.4353375	
2960	31.66985	4928	34.1094375	7480	36.5802375	11272	38.976525	16400	41.40805	24384	43.759125	36744	46.1013	
808	33.0838375	1128	35.2736125	1960	37.6172375	3528	39.8085125	5888	41.934475	10368	44.2956	16464	46.6862	
616	33.4619875	1176	35.8947	1760	38.108525	2744	40.31695	4776	42.536875	8248	44.800075	13440	47.006075	
440	33.2349875	904	35.7909875	1480	38.07835	2176	40.1637625	4008	42.2758125	6760	44.442825	11816	46.7159	
2824	33.035825	4392	35.2652375	6552	37.841825	9352	39.9011625	13992	42.2469625	20120	44.3977875	30656	46.7521875	
712	33.5720125	1224	35.94215	1656	37.9232875	2928	40.19695	5128	42.577075	8800	44.988625	13704	47.09965	
640	33.6295	1088	36.2589875	1656	38.1412	2904	40.4133375	4648	42.612	7392	44.7679	12000	47.0390875	
608	33.4409875	1024	36.1381375	1568	38.18535	2456	40.451325	3728	42.5417125	6512	44.8451625	10176	47.14105	
2480	33.453275	3864	35.9186625	5744	38.20385	8416	40.327975	12144	42.4199	18160	44.5949875	27640	46.7637125	
912	33.533625	1280	35.8484375	2032	38.3520125	3024	40.3054	5256	42.5902375	8368	44.5728125	14664	46.841325	
560	33.4707375	1192	35.9377625	1448	38.216	2360	40.321075	3920	42.581575	6456	44.6074375	11352	46.9251	
496	33.4851125	824	35.9674625	1400	38.377175	2128	40.398025	3384	42.655925	6248	44.7766	10080	47.1273	
3008	34.0346875	4312	36.3435125	5944	38.461075	8400	40.6384125	11968	42.7768	17184	44.851525	26128	47.072725	
560	33.543375	1080	36.0051375	1888	38.1666125	3224	40.5212375	5256	42.660975	8752	44.5935125	15976	46.8968375	
488	34.2809	672	36.6801125	1304	38.830875	2280	40.8918625	4232	43.12035	7696	45.188875	12776	47.496925	
776	35.1702375	1144	37.2500875	1952	39.4344	3232	41.5028125	5272	43.65375	9224	45.8558375	15392	48.1965875	
1856	34.924625	2936	37.473525	4176	39.7434375	5624	41.80045	8464	44.057725	12296	45.8651375	18800	47.961275	
736	35.209075	1048	37.608525	1792	39.942275	2528	41.78585	4032	43.82845	7544	46.0010375	12648	48.146325	
536	35.262775	728	37.447725	1152	39.921975	1824	41.802	3064	43.8535375	5280	45.9605875	9464	47.969325	
408	35.3741375	600	37.4844625	992	40.12755	1544	41.9537875	2768	43.9839	4392	46.1633375	7224	48.1767375	
2072	34.8022625	2848	37.48305	4072	39.523075	5648	41.4937875	8616	43.69725	12736	45.9051375	19536	47.985625	
528	35.697575	768	38.07055	1232	40.2345875	1856	41.9661	3144	44.144025	5200	46.2727375	8640	48.252275	
376	35.8857875	496	38.072925	888	40.4408625	1496	42.3442125	2744	44.494875	4504	46.465875	7640	48.502125	
376	35.87125	736	38.1874625	1128	40.4761125	1616	42.2998625	2808	44.2436625	5352	46.4320875	9296	48.486275	
1448	36.037375	2160	38.4263625	3096	40.43525	4344	42.3267625	6744	44.481575	10272	46.552225	16376	48.8700625	
440	36.229525	752	38.571975	1024	40.7591625	1776	42.6526875	2920	44.73225	5216	46.8874	8232	48.9821125	
392	36.5172	544	38.9100625	888	41.0708625	1376	42.84195	2328	44.98715	3816	47.118275	5960	49.232575	
512	36.4752125	832	38.73435	1256	41.0489625	2168	42.8521	3280	44.923225	5704	47.1738625	9520	49.2712625	
1408	37.053925	2080	39.0384375	2696	41.1326	4152	43.0973375	6224	45.1760875	9184	47.116675	14072	49.1242125	
536	37.184175	712	39.0897875	1152	41.2444	1736	42.9649	2312	44.8511625	4592	46.9129375	8144	49.083625	
712	37.3843625	960	39.3162875	1376	41.4427625	2208	43.276475	3960	45.6301375	6464	47.660525	10464	49.8295875	
496	37.7008625	760	39.707425	1112	41.6824625	1736	43.6139	2528	45.7519125	4208	47.786825	6848	49.8391375	
1200	37.3796125	1664	39.382125	2400	41.4221125	3712	43.7614125	5584	45.8093375	8304	47.8259375	12408	49.7501625	
360	37.7675	568	39.7387875	880	41.6102375	1440	43.723325	2168	45.6593875	4240	47.7982875	7160	49.74905	
392	37.65075	680	39.8897375	984	41.5098875	1552	43.44195	2568	45.4169125	5168	47.69355	9656	49.8971375	
456	36.396275	768	38.74855	1280	40.6391625	2120	42.85055	3504	45.050375	5680	47.25165	8360	49.31155	
1128	36.945675	1664	39.0011	2464	40.9647875	3952	43.0760625	6200	45.3567625	9424	47.3925	14376	49.3379625	
440	36.6918625	616	38.576275	888	40.7059125	1568	42.8419375	2496	45.208875	4040	47.249275	6704	49.2045375	
504	36.6189875	920	38.9481875	1048	40.7203625	1776	42.9761875	2824	45.1792	4768	47.244375	8000	49.088375	
496	36.99835	592	39.016	880	40.78215	1384	43.07595	2144	45.2814625	3704	47.263525	6512	49.2358	
1352	36.751925	1976	38.54685	3112	40.729775	4808	42.7909625	7072	44.9438125	10568	47.105275	15816	49.036825	
560	36.72395	688	38.481375	1040	40.8001125	1560	42.82885	2472	44.9618875	4296	47.050225	7952	49.1614625	
448	36.0972625	944	38.5873125	1136	40.501475	1680	42.4507125	2856	44.6491125	4856	46.7300375	8120	48.938475	
648	35.772475	912	38.0154375	1632	40.1858875	2232	42.0151	3928	44.501925	6608	46.61565	10960	48.93425	
1648	35.485425	2576	37.7560625	3920	40.1669375	5624	42.22255	8240	44.441825	11824	46.529775	18104	48.6442125	
608	35.408975	936	37.985725	1296	40.145975	2232	42.46065	3072	44.3735875	5008	46.457575	8328	48.7195875	
608	35.228025	752	37.7933375	1432	40.1496625	2088	42.2246875	3464	44.2975375	5664	46.4408625	9240	48.6763625	
576	35.159275	880	37.937975	1280	40.1941375	1976	42.2579625	3040	44.3515625	5200	46.4962	8904	48.607625	
1848	35.2642125	3008	37.753375	4296	39.8768375	6152	42.0171875	9048	44.2766875	13000	46.2994875	19784	48.5084875	
792	35.4559875	1000	37.5589375	1336	39.752475	2360	42.02405	3640	44.230575	5448	46.4078375	9072	48.5328875	
608	34.992325	1024	37.3939375	1592	39.5588	2480	41.7815875	3832	44.0249125	6112	46.2024125	10264	48.4565875	
544	34.6527375	1032	37.153175	1488	39.270425	2592	41.5632875	3968	43.8677125	6504	45.899125	11552	48.192725	
2128	34.6668125	3344	37.2095625	5000	39.4974625	7192	41.529975	10152	43.7331625	14624	45.788975	22208	48.10385	
480	34.651375	776	37.2840875	1320	39.482125	1896	41.4901125	3184	43.7432375	5232	45.7893875	7864	48.1909125	
656	34.7734	992	37.5038375	1392	39.6045125	2456	41.7737375	3880	43.9007875	6120	46.020975	10912	48.2950875	
544	34.694325	824	37.3183375	1320	39.526	1976	41.53755	3376	43.6717625	5560	45.859925	9488	48.1024875	
2176	34.4809125	3504	37.1267625	4936	39.2228125	6992	41.388525	10400	43.54465	15304	45.8215625	22768	48.058725	
464	34.7307875	736	37.40235	1128	39.5162375	1760	41.664675	3040	43.941125	5208	46.2757	8776	48.33375	
560	34.7355	776	37.4908875	1344	39.7307125	1912	41.7146625	3240	43.9890625	4896	45.97855	8880	48.2767625	
416	34.582475	664	37.2846375	984	39.5744875	1800	41.7045875	2816	44.1051375	4600	46.24175	7104	48.482375	
2128	35.0044625	3184	37.3343	4576	39.356475	6712	41.649625	9792	43.8452875	14456	45.94315	21712	48.16715	
512	35.3658375	744	37.7293	1264	39.840075	1616	41.920175	2984	44.1950625	5216	46.3486375	8392	48.4452875	
440	35.32435	680	37.822875	1008	39.7539	1704	41.974275	2768	44.1558125	4544	46.2317875	7496	48.5700875	
528	35.482025	872	38.085225	1352	40.0382875	2024	42.3369	3440	44.5013625	6152	46.6932	9760	48.7993375	
1936	35.4381125	3008	38.2032125	4200	39.9902125	5872	42.0521125	8528	44.2739375	12664	46.5354	19544	48.8600625	
344	35.4199	656	38.41145	1144	40.3193375	1872	42.517375	2504	44.524775	3936	46.7977375	5936	49.12835	
424	35.250325	784	38.445225	1160	40.417175	1744	42.590875	2888	44.8079875	4608	46.964375	7920	49.3676125	
544	35.509275	784	38.6769375	1160	40.667675	1784	42.6652375	3064	44.7509	5200	46.8471	8528	49.1886375	
1848	35.9235	2968	38.1630125	4184	40.3814	5688	42.5246	8104	44.6062375	11872	46.699225	18112	49.0416125	
584	36.387175	1064	39.0332625	1752	41.0902125	2568	43.0253125	4752	45.2269625	7448	47.1585125	13056	49.764875	
592	36.3181875	904	38.7703375	1456	40.852575	2496	42.9757125	3912	45.08295	6368	47.295025	10008	49.7139875	
528	36.6784625	792	39.1594	1144	41.173575	1728	43.0454375	3048	45.01745	5176	47.2268375	8840	49.6207	
1528	36.993775	2120	39.5978625	2992	41.4714375	4264	43.70375	6248	45.666275	8984	47.5200875	14264	49.9456625	
528	36.39345	888	38.765175	1520	40.7184	2832	43.4936	4440	45.6572125	6592	47.7222375	10344	50.1168625	
312	36.2706375	576	38.764875	856	40.5854875	1384	43.364625	2504	45.7243625	4040	47.8843625	6872	50.1756	
400	36.3973375	600	38.8553375	792	40.7151875	1200	43.2686625	2128	45.5172875	3728	47.7305125	6632	50.1895875	
1232	36.65895	1880	39.346825	2792	41.4854125	4112	43.3762625	5960	45.6445625	8888	47.8221625	13872	50.0966	
384	36.620275	496	39.0803125	744	41.1668625	1312	43.4778375	1912	45.4192625	3608	47.6053375	6320	49.878275	
440	36.8592375	576	39.2016625	896	41.369425	1144	43.54245	1936	45.727	3040	47.873875	5304	50.1913625	
336	36.6849125	464	39.0310125	968	41.3271125	1496	43.4052875	2560	45.6811375	4472	47.978125	6912	50.1720125	
1064	36.214225	1880	38.96165	2848	41.355375	4352	43.5052875	6376	45.47725	9848	47.75685	14736	50.0138625	
320	36.0845375	552	38.908975	648	41.021925	1240	43.2564125	2080	45.2947	3712	47.604875	6608	50.094075	
256	35.889225	472	38.8487	776	40.903875	1200	43.036125	2360	45.173675	4768	47.6089375	7984	50.0106375	
376	36.1595375	400	38.7891875	632	41.0383375	1168	43.234375	1936	45.442175	3584	47.7645875	6432	49.9135125	
1184	36.599925	1776	38.4615	3048	41.1612375	4680	42.9643	6936	45.3309625	10320	47.529525	15440	49.7668375	
280	36.42685	504	38.3395	576	40.91195	1056	42.900275	1848	45.204925	3568	47.602975	5904	49.9294625	
272	36.5028625	480	38.6603125	768	41.1186375	1200	43.09535	1800	45.375375	2888	47.7593875	4728	49.8824125	
384	36.9224375	560	38.9313875	896	41.28235	1248	42.8248625	3152	45.4508	5744	47.5559375	9160	49.7759875	
1256	36.549725	1920	38.7289625	2976	41.0031875	4648	43.0764125	6824	45.17205	10224	47.3105375	15600	49.5014375	
304	35.7238375	560	37.8988	1240	40.5585875	2352	42.730325	3744	44.96495	6240	47.2116625	9360	49.512475	
280	35.9137875	432	38.1105125	760	40.8616875	1328	43.08635	2040	45.3171875	3720	47.61555	6360	49.62625	
456	36.7012875	616	38.9284375	1120	41.6074125	1704	43.2721375	3560	45.440925	6464	47.62815	11168	49.8140375	
1184	36.83235	1864	38.9167625	2936	41.1001125	4536	43.2636	6632	45.2705625	9960	47.36825	15032	49.5978	
360	36.5267375	544	38.6753125	712	41.037675	1104	42.9942625	1912	45.1431625	3288	47.2751125	5576	49.3599625	
336	36.4091125	456	38.561125	624	41.0088875	1040	43.01375	1528	44.97335	3040	47.214525	4872	49.2268625	
440	35.8703	688	38.1209125	1160	40.4687875	2008	42.51855	3720	44.8271375	6440	46.9698125	11336	49.2528375	
1432	36.0274875	2280	38.4611875	3504	40.5385375	5168	42.9281375	7688	45.021825	11240	46.9561625	16576	48.9819125	
232	35.7491375	384	38.140125	512	40.1800875	1136	42.6125	1744	44.66725	3192	46.6936125	5592	48.554175	
432	35.9305625	464	38.03825	920	40.1358375	1304	42.48905	2280	44.5377	4216	46.7109125	7544	48.6869625	
344	35.751825	552	37.96935	952	40.2259875	1336	42.3263625	2280	44.4995375	3816	46.7332125	6264	48.7711375	
1528	35.9363	2280	37.9576375	3624	40.4449875	5184	42.4642	7760	44.7346125	11280	46.8042375	17032	48.786525	
320	35.2517625	632	37.957475	864	39.9622125	1504	42.2828	2672	44.275225	4432	46.3060625	8144	48.4376	
376	35.3029625	720	38.049325	1096	40.080075	1720	42.4085125	2800	44.2975	5168	46.4239125	8816	48.564775	
496	35.463425	632	38.031325	888	40.1453125	1432	42.4970875	2512	44.4568125	3952	46.374725	7112	48.5108625	
1576	35.1959	2512	37.841125	3776	40.1247625	5352	42.07215	8104	44.3714375	11880	46.3575875	17976	48.3683125	
344	35.3337	680	37.9413625	1072	40.2208625	1680	42.285375	2664	44.5093125	4848	46.5157	8744	48.59475	
504	35.366525	824	37.8801375	1168	40.17175	1704	42.28275	2856	44.5967875	4464	46.5742125	7792	48.5750625	
408	35.2988625	712	38.0663875	960	40.403125	1272	42.38805	1896	44.6081125	3224	46.6398375	5200	48.6054375	
1648	35.4331375	2528	38.0260125	3792	40.2768375	5192	42.5688625	7440	44.61615	11080	46.7151625	16656	48.7787125	
352	35.3540625	656	38.1785875	1128	40.36045	1416	42.51115	2488	44.6103	4200	46.7521875	7248	48.804675	
408	35.4242125	648	38.345575	1000	40.5697	1520	42.7924625	2448	44.9626875	3600	47.012775	6432	49.0366625	
480	35.3316625	808	38.2017625	1128	40.4636875	1832	42.67045	2592	44.7160875	4400	46.6839375	7376	48.780025	
1712	35.5524125	2528	37.9423625	3544	40.3622875	4840	42.38945	7488	44.6469375	10512	46.54495	16480	48.5969375	
456	35.3213	712	37.76905	1000	40.0013625	1720	42.2921875	2736	44.40925	4624	46.360525	7920	48.4279125	
464	34.9483125	832	37.8699125	1304	39.9961625	1752	42.2424125	2800	44.337525	4928	46.39	8224	48.4572875	
712	35.2208375	1048	37.7742625	1280	39.757825	1832	42.06295	2952	44.01675	4856	46.2187625	8216	48.18455	
1920	34.7294875	2936	37.6334	3968	39.8276	5664	41.8780875	8120	43.89755	11960	46.0482875	18432	47.9378875	
688	34.61515	1072	37.4588625	1560	39.4830625	2328	41.71385	3704	43.6999125	6176	45.7829375	11232	47.8821375	
656	34.6912875	1160	37.6785125	1480	39.5638625	2288	41.757175	3792	44.0019625	6352	46.0357625	10664	47.940225	
616	34.7252875	880	37.32835	1392	39.3442125	2112	41.6905625	3224	43.738775	5320	45.7533625	9736	47.8209375	
2128	34.738475	3272	37.1596125	4440	39.2063625	6184	41.526575	9032	43.6943875	12984	45.7838625	20024	47.8006375	
608	34.70965	1144	37.3294125	1688	39.4197625	2424	41.314225	4320	43.6966375	7712	45.9643625	12648	47.9134625	
744	35.0073875	816	37.398	1272	39.4684	2360	41.6362375	3904	43.8539625	6608	46.0180625	11280	47.9750125	
408	34.84885	736	37.2797125	1184	39.4385375	1672	41.5177375	2840	43.7819875	4784	45.9324625	8272	47.9960375	
2096	35.0806	3096	37.482375	4280	39.6999875	5864	41.8441875	8496	44.12335	12232	46.0938	18832	48.1448	
424	34.7248	960	37.297975	1448	39.518125	2384	41.7709	4192	43.9101625	6600	45.8140125	12032	47.9034	
584	34.658675	944	37.1480125	1640	39.6806625	2528	41.939125	4304	44.1182875	7416	46.1571625	12680	48.1300375	
792	35.1591125	936	37.27315	1336	39.5254375	2168	41.7586875	3600	43.7855375	6440	45.822975	12248	48.01165	
1928	34.8871625	3128	37.3562125	4272	39.5237375	6096	41.6277875	8896	43.831375	12648	45.913	19416	47.9209875	
464	35.9140125	712	38.3205625	1120	40.3861125	1984	42.2237	4104	44.3328125	7448	46.4608125	13288	48.5939125	
496	35.712275	856	38.613075	1288	40.8471875	2048	42.7204875	3304	44.563625	6008	46.4859	10768	48.415375	
216	35.3926375	512	38.58555	736	40.7938625	1336	42.84745	1880	44.554975	3424	46.5307	6536	48.505725	
1600	36.016725	2576	38.45275	3528	40.807075	4960	42.726775	7192	44.7960125	10320	46.736175	16040	48.7393	
304	36.13705	352	38.2737375	520	40.3206375	1176	42.653825	1832	44.4271375	3720	46.391775	7008	48.41235	
312	35.4459	704	38.0979125	1192	40.275625	1848	42.500775	3176	44.4197375	6144	46.6145125	10520	48.60365	
576	35.7858625	688	38.036075	1016	40.2283875	1848	42.560675	2536	44.4079375	4800	46.4914125	8696	48.5849625	
1584	36.230675	2576	38.352675	3528	40.6635	4920	42.7716875	6920	44.9023625	10080	46.9027375	15248	48.745625	
328	35.7286625	592	37.76815	1072	40.4394	1712	42.4017	2992	44.5846	5176	46.5106625	9840	48.5381	
544	35.4069625	936	38.1131125	1296	40.7042875	1856	42.5564625	2760	44.6952125	4928	46.6719875	9032	48.7890625	
656	35.538075	1032	38.1907375	1296	40.565125	1928	42.7456	2960	44.84735	5512	46.769775	9872	48.5839625	
1424	35.8035625	2216	38.2429125	3216	40.33455	4592	42.8893125	6640	44.9430875	9720	46.940275	15192	48.969925	
352	35.75955	600	38.2017	792	40.2214125	1336	42.724625	2528	44.925125	4424	46.91025	7728	48.757125	
400	35.572275	520	37.871625	992	40.2228	1568	42.6929	2424	44.7928625	4344	46.8244375	7408	48.7536375	
352	35.4166375	600	37.7814	952	40.2696375	1312	42.5866625	1864	44.746525	3112	46.7851	5264	48.73185	
1472	36.3242875	2192	38.504525	3128	40.632125	4448	43.0715375	6456	45.1808875	9240	47.1371625	14016	48.93325	
352	36.0215125	496	37.96645	704	40.0745625	1184	42.5625375	2088	44.640125	4240	46.663725	7808	48.6095	
408	35.9472375	560	37.8640125	744	40.028475	1296	42.6557375	1856	44.7226125	3256	46.6857125	6216	48.74355	
456	36.255275	488	38.3282125	1064	40.8108375	1424	42.92755	2800	44.8733875	5160	46.8584375	10096	49.0388125	
1568	35.97095	2352	38.460875	3144	40.572375	4304	42.9825375	6440	45.012325	9552	46.981675	14584	48.8287	
352	35.7404375	560	38.0805	856	40.221575	1544	42.7981	2352	44.78975	4208	46.7072	7744	48.61305	
432	35.8938125	648	38.3077	856	40.4339	1152	42.7334875	2016	44.8222875	3504	46.660325	6472	48.616425	
480	35.7802	728	38.2537375	800	40.176775	1360	42.6071875	2056	44.763625	3632	46.7786375	6064	48.704775	
1672	36.1952625	2488	38.0658125	3496	40.44105	4680	42.661625	6840	44.9626875	9504	46.72255	14896	48.689575	
392	35.8301875	776	38.2206625	992	40.4241	1592	42.306	2208	44.43565	4296	46.292125	7920	48.2311375	
496	35.656575	616	37.9658375	968	40.405675	1648	42.4095625	2704	44.5960625	4368	46.4459875	7640	48.366825	
544	35.6523125	944	38.0277125	1168	40.2927625	1792	42.4047125	2904	44.4283125	4984	46.5262375	8552	48.3508875	
1760	35.9725375	2536	37.8404125	3656	40.0661875	5264	42.1992	7472	44.2663	10848	46.22145	17200	48.2799	
376	35.50415	720	37.8578125	1016	39.924325	1600	42.1109375	2624	44.1189625	4296	46.0422125	7520	48.1304875	
600	35.364125	800	37.6622125	1312	39.7649375	2032	41.915875	3280	43.9627375	6112	46.0180375	10528	48.1853375	
520	35.6452875	720	37.8072875	1056	39.8557	2000	42.0736625	3448	44.169575	5592	46.2259	9568	48.44195	
1672	35.8269125	2520	37.8270625	3496	40.2226625	4800	42.433625	6896	44.3227	10472	46.5092	16376	48.4649875	
456	35.883775	640	37.8550125	1240	40.411925	1440	42.2896375	2960	44.5544875	4624	46.430125	8664	48.5837375	
448	36.0440125	760	38.2159125	1136	40.5993	2016	42.5919375	2912	44.479925	5768	46.5919	9576	48.7962625	
624	36.3353875	976	38.723725	1288	40.88015	2032	42.9456	3584	45.0931375	5472	46.9876875	10208	49.0952	
1448	36.519825	2152	38.6097875	2848	40.9996125	4080	43.182525	5784	45.1251125	8872	47.2517125	13544	49.272925	
480	35.2855875	1104	38.3729	1416	40.4511625	2160	42.704675	3384	44.8529375	5728	46.8938375	9688	48.89605	
480	36.5080375	816	39.1711625	984	40.867425	1808	43.08515	2736	45.0880125	4712	47.101925	8448	49.2073	
416	36.6789	616	39.0844625	984	41.276025	1448	43.3096375	2496	45.191825	4488	47.2945375	7880	49.053575	
1416	36.295125	2032	38.8661	2808	40.851725	4032	43.0627	5872	45.300975	8720	47.144975	13656	49.2286125	
352	36.5100375	552	39.1285125	840	41.161675	1200	43.20875	1984	45.277725	3568	47.2378375	6032	49.256125	
384	36.895875	576	39.374175	832	41.3196375	1320	43.39465	2008	45.4873875	3392	47.30675	5688	49.293725	
280	36.7535	496	39.1737875	872	41.406975	1240	43.226475	2288	45.412925	4040	47.3566625	7344	49.258425	
1192	36.497375	2080	39.5246375	2752	41.3915875	3904	43.3509125	5792	45.318925	8472	47.2654375	13472	49.3017125	
504	36.8418875	576	39.4154625	800	41.3709375	1160	43.19085	2072	45.1431375	3808	47.111075	6984	49.35435	
536	37.0282125	656	39.4512625	936	41.4285875	1512	43.2969625	2184	45.0800875	3976	47.246475	6392	49.3254625	
568	37.2276	760	39.67205	1224	41.8072	1712	43.6536875	2776	45.5063875	4344	47.551925	7688	49.4706875	
1440	36.8269625	2008	39.337475	2792	41.3727	4000	43.5063125	5648	45.3577875	8400	47.408325	13296	49.4949625	
480	36.910925	648	39.4902	1240	41.6838125	1768	43.5885625	2888	45.4096625	4936	47.546975	8168	49.61995	
584	37.118675	872	39.3823375	1296	41.68615	1872	43.6025625	3328	45.611125	5400	47.5360875	8504	49.4986	
400	36.6416625	800	39.2037625	1136	41.3464125	1864	43.561875	2816	45.4042125	4632	47.3367	8024	49.4229875	
1368	36.590175	2096	39.32015	2928	41.11415	4312	43.5201625	6320	45.4944	9040	47.380875	13920	49.4646625	
600	35.9805375	1016	38.860975	1440	40.7708	2480	43.251225	3632	45.180425	5584	47.0787375	9600	49.321675	
720	36.3990375	928	38.5043625	1440	40.5702	2176	43.0439125	3320	45.148525	5496	47.2875125	8072	49.245825	
920	35.5316	1472	37.95045	2264	40.040725	3344	42.3412625	5080	44.5268125	7920	46.682325	12904	48.967975	
2120	35.0104	3168	37.7732875	4544	40.000525	6592	42.3152375	8984	44.3530375	12960	46.51225	19352	48.690875	
856	34.6554	1344	37.2747375	1896	39.45495	2800	41.5666625	4496	43.7159	7544	45.8735625	12880	48.1793125	
1064	34.2571	1680	36.7341625	2304	38.78265	3752	40.9784375	6248	43.4788625	9752	45.827075	15032	48.2594875	
800	34.1985625	1288	36.83045	1816	38.8724375	2720	41.1253875	4440	43.6183125	6816	45.8236125	10984	48.051975	
2504	33.9120125	4000	36.48645	5904	38.8298875	8416	41.0022375	12408	43.0688125	17848	45.316675	26696	47.6885625	
800	33.88315	1304	36.5011375	1896	38.738225	2992	40.786325	4816	42.991975	7472	45.2784375	11752	47.7852125	
824	33.8450125	1480	36.46025	2320	38.7622625	3384	40.6608375	5552	43.0479375	8536	45.3173375	12488	47.7671125	
1000	33.9503375	1432	36.426125	2392	38.7558875	3928	40.8101375	5992	42.97535	9784	45.22505	16048	47.5057125	
2840	33.6730375	4384	36.17065	6448	38.36065	9256	40.33465	13776	42.767625	20208	44.8949375	30216	47.289875	
648	33.39545	1200	36.01615	1912	38.3147875	3080	40.409025	5072	42.763325	7752	44.97415	11504	47.3420375	
904	33.3040625	1696	36.2331625	2640	38.362975	4224	40.3450625	7216	42.4118875	13296	44.4066125	25264	46.9500625	
888	33.1575625	1648	36.0236	2560	38.2644	3920	40.4536875	5720	42.506225	8304	44.612875	11936	47.0551375	
3120	33.27825	4984	35.6858375	7144	37.8120375	10168	39.87305	15120	42.2989625	21792	44.4665125	32520	46.7398	
912	32.88825	1536	35.3278	2640	37.6602875	4096	39.8548	6584	42.282025	10408	44.58675	15456	46.9097375	
840	32.8992	1600	35.406675	2192	37.6402	3520	39.9795125	5152	42.29585	7888	44.63615	11416	46.946075	
920	32.903825	1760	35.4861125	2736	37.675625	4432	39.9722375	7248	42.20725	11408	44.5550875	17392	46.933775	
3056	33.20315	4480	35.58555	6960	37.807575	10472	40.0405375	14768	42.258575	21592	44.497975	31984	46.7588625	
920	33.0458625	1648	35.5266125	2640	37.69465	4184	39.699075	6648	41.91375	11344	44.157725	18992	46.5582625	
1016	32.8431625	1632	35.3201	2680	37.5796125	4504	39.891825	6928	42.15015	10592	44.4650125	15232	46.75035	
1152	32.655075	1880	35.263325	2944	37.4154625	4448	39.6720375	7264	42.0651	10920	44.4764875	15664	46.73265	
3008	33.1100375	4904	35.7348125	7128	37.6497625	10336	39.9030375	14832	42.0748	21400	44.2467375	33040	46.649925	
864	33.1650375	1288	35.607075	2088	37.7821375	3176	40.0382625	5024	42.24685	7664	44.5727125	11520	46.953	
1024	32.8531125	1872	35.5940375	3008	37.8062625	4496	39.9663875	7056	42.278575	10656	44.5188625	15808	46.9682	
1176	32.83345	1760	35.4448875	3032	37.6911375	4992	39.9982	8392	42.3048625	13312	44.425575	21976	46.6637125	
3224	33.33505	4784	35.4346	7240	37.714725	10368	39.9757875	14640	42.1270375	21440	44.3667375	32032	46.6781125	
992	33.144275	1688	35.4745625	2624	37.7756875	3920	40.048375	5928	42.1864125	9400	44.520475	13640	46.78645	
1136	33.178025	1792	35.6520625	2648	37.8333125	4224	40.1459625	6816	42.4484125	10320	44.7633125	16192	46.8711625	
816	33.1967	1264	35.5458375	2264	37.8655	3216	40.165325	5336	42.43535	8392	44.7853125	13320	46.937125	
3016	33.296325	4464	35.8622375	6648	37.8015875	9768	40.10345	14128	42.4756375	20168	44.5987375	30312	46.881775	
816	33.220175	1280	35.9459125	2304	37.9969625	3376	40.2464625	5144	42.558725	8464	44.9110125	12528	47.0688	
1064	33.4152625	1640	36.0760125	2488	38.1944375	4008	40.4453	6128	42.7502625	9472	45.103	14704	47.2464	
1064	33.6248	1608	36.1716875	2464	38.3282875	3600	40.584	5576	42.91835	8464	45.1881875	12760	47.3919375	
2744	33.6074125	4216	36.077675	6224	38.385325	8840	40.545725	12648	42.6819875	18440	44.8428875	27832	47.0471375	
768	33.627875	1448	36.41425	2024	38.65675	3176	40.99835	5000	43.1915375	7408	45.3315125	12120	47.46695	
896	33.7861375	1248	36.496425	2232	38.9791125	3280	41.1452	4928	43.2556375	7728	45.3658625	12160	47.5445625	
680	33.800025	1400	36.843575	2032	38.974425	3512	41.21595	5368	43.30045	8544	45.4211	14592	47.511875	
2200	34.3848125	3504	36.8314125	5024	39.103325	7104	41.2379625	10320	43.473875	15096	45.6282875	22736	47.79325	
664	34.6643625	1000	37.1743375	1496	39.5320625	2312	41.7097625	3088	43.8160875	4984	46.0082875	7456	48.1988375	
688	34.7625625	912	37.298725	1280	39.440025	2464	41.77915	3760	43.945825	6264	46.071375	10336	48.34625	
400	34.9248	576	37.392075	1088	39.76365	1896	42.110075	3096	44.19235	5520	46.255325	9224	48.4294625	
1800	35.4661875	2656	37.9645125	4016	40.0706125	5520	42.134	8152	44.197525	11992	46.160925	18960	48.302625	
584	35.49335	864	37.9443375	1392	40.0741625	2456	42.1186625	3920	44.1394125	6760	46.1330625	11592	48.5128375	
400	35.4870875	584	38.0770625	880	40.2137	1568	42.329975	2584	44.2599875	4808	46.2419	8552	48.5312625	
568	35.37055	664	37.6570125	1360	40.324375	1816	42.2649625	3000	44.2831	5568	46.3431	9464	48.4773125	
1920	35.231775	2848	37.514325	4168	39.789875	5808	41.9979875	8464	44.0589125	12256	45.991975	18856	48.155	
392	35.056475	704	37.5720125	1072	39.8781875	1784	41.98205	2744	44.004025	4584	46.0104625	7912	48.15745	
608	35.0961625	1008	37.8939625	1384	40.06575	2088	42.2011375	3552	44.2859875	5944	46.2656375	10464	48.1832	
592	34.7059625	904	37.5949	1336	39.8068375	2120	41.9221875	3320	43.87555	5720	45.777375	10648	47.8648375	
2224	34.2807125	3264	37.0232125	4688	39.198325	6584	41.2805	9440	43.717025	13864	45.63985	21176	47.7693625	
816	34.043075	1208	36.9381	1840	39.2119	2792	41.433475	4672	43.7857375	7280	45.790975	11920	47.8430875	
1136	34.1433125	1384	36.6172875	2104	38.933425	3112	41.1853125	5120	43.3559	7888	45.4435	12656	47.569625	
720	33.6988	1464	36.5788875	2000	38.8485375	2976	41.140125	4728	43.26695	7472	45.424975	11968	47.5292875	
2488	33.656425	3688	36.5435875	5368	38.9869	7432	41.0839625	10544	43.2467	15192	45.456525	22944	47.567375	
832	33.7498125	928	36.2396875	1600	38.832325	2616	40.8488125	4536	42.8736125	7472	45.03305	13128	47.1787375	
848	33.8235625	1312	36.4651625	1992	38.8340125	2944	40.8786125	5296	43.0345875	8576	45.18805	14328	47.404275	
824	33.9472625	1208	36.5449125	1920	39.03475	3024	41.232675	4888	43.5153125	7712	45.51405	12688	47.5912	
2552	33.6385625	3736	36.39725	5512	38.8934	7728	40.8331625	11232	43.0984375	16504	45.2865	24872	47.542825	
856	34.12405	1104	36.546525	1680	38.8836	2376	40.9435375	3984	43.19475	6200	45.447825	9584	47.722275	
600	34.17475	1152	36.8533	1472	39.052475	2264	41.207	3936	43.46695	6000	45.7697625	9568	47.9030875	
664	34.6694125	1080	37.3998125	1784	39.4196	3104	41.53715	4752	43.6673875	8296	45.98225	13136	48.1347	
2456	34.8031625	3528	37.346475	4760	39.3855625	6656	41.5713875	9384	43.7340375	13976	45.866025	20984	47.8913375	
792	35.02705	1024	37.4497625	1608	39.583925	2616	42.0070375	3552	43.861575	5560	46.0456375	9208	48.1005625	
664	35.33455	1120	37.7908125	1696	40.049325	2088	42.0365125	3584	44.2355	5680	46.179875	9688	48.2319125	
656	35.30345	984	37.69645	1464	39.9660625	2256	42.0118875	3344	44.1395625	5888	46.144475	9792	48.20175	
2384	35.244275	3304	37.6576875	4456	39.7681625	6344	42.0144375	8992	44.01935	13176	46.0667125	19944	48.23845	
584	35.2699375	1088	37.833575	1576	39.9924875	2328	42.077975	3608	44.025425	5744	46.2545375	9280	48.4566625	
816	35.3635125	1240	37.904575	1672	40.0460875	2544	42.116125	3784	44.2407875	5736	46.3466	8872	48.6212125	
768	35.0677125	1288	37.6210375	1928	40.0184	2640	41.9469	4256	44.03605	6952	46.1699875	11760	48.5211125	
2264	35.0368875	3208	37.3384625	4712	39.5454125	6568	41.7330625	9352	43.98	13624	46.14595	20088	48.274925	
744	34.56495	1096	36.9056375	1768	39.3274625	2616	41.3649125	4000	43.53815	6768	45.83125	11440	47.921925	
1016	34.5511375	1608	37.07835	2048	39.2309125	3104	41.45285	4304	43.499375	6352	45.7315125	9896	47.9248375	
976	34.1787125	1608	36.663175	2152	38.7668125	3232	41.12165	4816	43.1987625	7192	45.3899375	11696	47.6689125	
2848	34.113525	4232	36.3636625	5832	38.6278875	8368	40.8577875	12048	42.9861875	17400	45.1862	25744	47.4183125	
992	33.8962375	1440	36.202575	1960	38.3341625	3064	40.5133	4648	42.57345	7592	44.8325625	12296	46.9729125	
800	33.8851375	1504	36.2030375	2368	38.31985	3752	40.45745	5744	42.5071	9336	44.80505	14648	47.051875	
1000	33.5632375	1608	35.8257625	2520	38.0927625	3904	40.2960625	6472	42.460225	10360	44.6588875	17536	46.9130375	
3144	33.0052625	4848	35.4957375	7096	37.7695875	10256	39.880475	14504	42.04365	20928	44.19525	32680	46.5360625	
1000	33.0031375	1560	35.3830375	2288	37.655475	3200	39.7365625	5120	41.9801625	7744	44.2515625	11624	46.6146125	
1208	33.26075	1968	35.9335875	3120	38.0763125	4720	39.997975	8472	42.36965	13288	44.3448	22096	46.518825	
1216	33.416325	1544	35.867975	2176	38.116075	3328	39.932075	5448	42.1197125	9312	44.130325	15816	46.357225	
3432	33.306875	5040	35.6074	7384	37.89525	10312	40.0294625	14432	41.990575	21024	44.0150875	32504	46.2521625	
968	33.01045	1544	35.3356875	2352	37.7182375	3488	39.8343	5504	41.923175	8368	44.085675	12872	46.344475	
1288	32.816375	2200	35.3340125	3120	37.52155	5072	39.7948375	8328	42.0337625	13160	44.1573	21296	46.3571375	
1272	32.7324375	1768	35.0223125	3064	37.251075	4872	39.49225	7960	41.5332125	13880	43.761675	23080	46.0987875	
3768	32.796325	5760	35.4256625	8088	37.61495	11312	39.781075	15776	41.9460125	22032	43.987275	33424	46.1598125	
1136	32.4275875	1912	34.9984625	3120	37.306275	4896	39.3781	7776	41.3579875	12952	43.509	22608	45.7460625	
1568	32.730775	2056	35.0227125	2944	37.24395	4416	39.3654875	6840	41.4778125	10760	43.775325	16480	46.0388875	
1200	32.5336625	1984	34.8866875	3312	37.31615	4528	39.3531125	7064	41.6235625	10888	43.8841	16960	46.221075	
3880	32.549325	6008	35.102075	8264	37.3070625	11688	39.5281625	16552	41.5729	23992	43.720675	36112	45.903575	
1320	32.4673125	2112	35.1821375	3016	37.2719875	4904	39.618375	7176	41.73595	10752	43.954225	16536	46.1891375	
1472	32.8401375	1920	35.136875	3344	37.4600125	5400	39.7782375	8408	41.9968875	12976	44.2359875	20096	46.57975	
1376	32.923375	2160	35.3066	3616	37.75755	5264	39.819675	8888	42.0437375	13896	44.1742875	23520	46.47815	
3592	32.9546875	5384	35.4467	7576	37.4674375	10640	39.7674875	15368	42.0477625	21640	44.1536375	32960	46.5541875	
1120	33.25215	1832	35.674775	2872	37.7008875	4656	39.85805	7880	42.2571125	12568	44.4744375	19272	46.815775	
1288	33.6386875	1984	36.1692	2976	38.2263375	4728	40.3154	7240	42.6602875	11280	44.741175	17696	46.8577375	
1008	33.2904875	1808	35.9616125	2568	37.9848	4568	40.2066875	6656	42.3302875	11656	44.5633125	19264	46.793275	
3304	33.4788125	5104	36.0639125	6936	38.1603125	9824	40.2566	13840	42.5037375	19592	44.5565625	30304	46.809625	
1040	33.5907	1488	36.2478875	2344	38.4681375	3472	40.5383375	5312	42.7119125	7960	44.8349875	12584	47.09945	
1080	33.6431875	1744	36.3165375	2464	38.528625	3776	40.69445	5872	42.7950875	9912	44.972275	16080	47.1407125	
776	33.706825	1104	36.2280875	1992	38.6578125	2608	40.6917	4168	42.8849625	6960	44.9767875	11904	47.2410625	
3000	33.8391875	4408	36.3231375	6128	38.6852875	8432	40.662	12232	42.8321375	17600	44.925175	26776	47.10265	
848	34.353875	1264	36.68905	2056	39.2164875	2936	40.9471125	4496	43.1864625	7856	45.4047125	12848	47.4392125	
736	34.0042125	1448	36.7831	2016	39.0066125	3104	40.9762125	4872	43.25105	7152	45.1994625	12056	47.40695	
808	33.8936	1280	36.475825	1968	38.74635	2920	40.8824375	4400	43.19635	6912	45.3126375	10880	47.5829625	
2792	34.0245625	4120	36.432125	5928	38.78725	8360	41.1635875	11656	43.304	16520	45.4476125	24688	47.6710375	
768	33.885525	1224	36.381325	1728	38.61165	2560	40.78605	4192	42.8314125	7216	45.05565	12856	47.3176875	
792	34.1491125	1192	36.5536125	1848	38.710325	2960	40.8747625	5168	43.1191375	8904	45.3908875	14856	47.792075	
784	34.39115	1136	36.6977125	1648	38.9367	2512	41.1411625	3840	43.3676	5952	45.5031375	9544	47.9121875	
2552	34.5588625	3752	36.8448625	5576	39.214	7624	41.4358125	10304	43.4983	15232	45.6514625	22952	47.827225	
920	34.46685	1288	36.86435	1800	38.9738375	2944	41.05225	4544	43.13485	7992	45.3517625	13984	47.5530125	
728	34.360125	1176	37.020025	1848	39.06615	2824	41.1999	4648	43.48285	7192	45.57495	12600	47.786525	
680	34.1000125	1192	36.9353	1832	39.2218375	2760	41.1664375	4096	43.3452	6672	45.569225	10736	47.8455125	
2304	34.163875	3712	36.9422625	5424	39.112375	7400	41.3103	10704	43.4219	15520	45.49	23624	47.7633625	
784	34.7579125	1184	37.2735875	2160	39.546275	3160	41.7410125	5256	43.6667	8928	45.741125	15592	47.8742375	
800	34.6651875	1128	37.015525	1680	39.3628375	2496	41.3722375	4304	43.5729125	7368	45.7270375	12520	47.8819875	
664	34.4472875	1184	37.09635	1616	39.3752375	2768	41.5571125	4064	43.743725	6088	45.8298125	9488	48.013125	
2424	34.7648375	3608	37.1832	5120	39.2619875	7272	41.5501	10328	43.5499625	14832	45.495425	22848	47.7009375	
640	34.4326125	1256	37.0716125	1720	39.2722375	2920	41.48515	4560	43.5775125	7368	45.592475	11736	47.8222	
816	34.4765375	1128	37.2398	1568	39.4507375	2080	41.499	3064	43.5524125	5008	45.6746625	7680	47.92575	
576	33.9791625	1080	36.9611625	1728	39.079	2776	41.3772875	4672	43.5248375	7720	45.6446	12704	47.95605	
2520	34.4400875	3736	36.950125	5384	39.284625	7688	41.4661125	10728	43.7877625	15064	45.83825	22384	47.8530375	
552	34.31575	960	36.79515	1544	39.191575	2408	41.2365625	3872	43.4245	6464	45.4257375	11352	47.6165	
792	34.172575	1136	36.5400125	1800	38.9918375	2864	41.1159	4432	43.286375	7168	45.5292	11376	47.761175	
880	34.0568125	1424	36.480525	2120	38.8590625	3080	40.9686	4680	43.0636	7672	45.3776625	11720	47.601375	
2776	34.113175	4168	36.5159125	5968	38.4931625	8488	40.8125	12352	43.0805375	17576	45.047175	26184	47.12445	
640	33.711625	1176	36.4161375	1688	38.434775	2544	40.6011375	3960	42.7292875	6464	44.789675	11232	46.92485	
952	34.0427875	1064	36.354375	1944	38.6721125	2784	40.7576	4384	43.0328875	6608	45.1035	10912	47.2303125	
704	33.830825	1152	36.2492	1904	38.641675	2840	40.6756	4456	42.76245	7864	44.86375	13472	47.0764375	
2824	33.9923875	4128	36.048725	6152	38.5130375	8632	40.6053125	12440	42.712025	17912	44.780875	27608	46.9422625	
760	34.0558375	1168	36.2082625	1872	38.5693875	2904	40.624225	4512	42.7634875	7504	44.9487875	12104	47.1821875	
944	34.0602625	1528	36.482725	2056	38.6091875	3344	40.7257	5240	42.9841	8640	45.148375	14088	47.2432625	
728	34.16535	1120	36.523925	1848	38.676025	2720	40.6690375	4576	43.0126625	7224	45.0506	11984	47.1389125	
2624	33.9528	4176	36.2237	6080	38.48785	8416	40.6780375	12408	42.89075	17904	45.0197375	26536	47.216	
768	34.0570875	1152	36.161575	1864	38.566325	2728	40.7772375	4864	43.06965	7640	45.1696625	11336	47.3805125	
720	34.3572625	1200	36.489475	1792	38.7817125	2888	41.0448	4704	43.4119625	6896	45.4399625	11000	47.5836125	
712	34.1157375	1128	36.374175	1880	38.6170125	2800	40.8123375	4216	43.021175	7112	45.1761625	11488	47.3385625	
2776	33.9801875	4000	36.2669375	5704	38.4562875	8176	40.7239875	12184	42.9743625	17376	45.1914125	25512	47.345875	
776	33.9887125	1384	36.4028	2424	38.61525	3536	40.665825	5632	42.6541	9576	44.949075	15264	47.1344125	
904	34.10795	1256	36.4218875	1816	38.603325	2784	40.6070875	4432	42.657225	7296	45.026325	11128	47.2913625	
672	33.6940125	1056	36.099875	1920	38.3985	3048	40.465475	5400	42.77065	8128	45.1287375	12920	47.278725	
2792	33.7232	4296	36.24735	6248	38.4023375	8928	40.4418125	12696	42.570025	18880	44.7910375	28264	46.9895125	
656	33.697475	1064	36.3441375	1536	38.353625	2560	40.505075	3992	42.6697875	6464	44.933875	9448	47.1404125	
768	33.6544875	1152	36.23695	1976	38.3859125	2704	40.488525	4440	42.7011	6928	45.017575	10464	47.2129375	
888	33.2481625	1544	35.9557125	2392	38.03865	4088	40.2369625	6568	42.391525	10520	44.6865125	17312	46.8610375	
3016	33.1929875	4792	35.7092375	6960	37.9299375	9896	40.044725	14608	42.36185	20728	44.471325	31120	46.88325	
768	33.11915	1216	35.509425	2136	37.7117875	3312	39.8433375	5744	42.2385	9728	44.387975	16104	46.9163	
936	33.408825	1504	35.6102875	2368	37.7588625	3704	39.921925	5904	42.2094375	9672	44.3514	15560	46.8945125	
880	33.3849625	1368	35.573875	2168	37.865	3376	40.0839875	5520	42.4051	9216	44.633775	14120	46.8288375	
3232	32.8713375	5104	35.3725625	7472	37.606175	10896	39.7545625	15608	41.9155125	22968	44.145125	34464	46.451325	
720	32.9955625	1160	35.493	1816	37.6758625	2976	39.8725125	4776	42.054975	7976	44.30925	12424	46.6804375	
992	33.010475	1456	35.520925	1960	37.50815	3120	39.7306125	5296	42.0543375	8240	44.3653875	13128	46.67225	
672	32.9137875	976	35.4448875	1880	37.68425	2536	39.8152625	4000	42.2031875	6248	44.4516375	9632	46.8379125	
3416	32.832825	5232	35.2515875	7672	37.6403625	11152	39.7720125	15952	42.1014125	22816	44.1531375	34600	46.4725375	
752	32.962875	1200	35.5503	1944	37.9630875	3168	40.00405	5648	42.2394125	9432	44.295425	16560	46.5717	
832	33.0022875	1008	35.430675	1488	37.8526375	2456	39.9234875	4080	42.201375	7104	44.3013	11920	46.7138125	
768	32.9411625	1256	35.43435	1928	37.8441625	3072	40.0210625	4632	42.24085	7984	44.54565	12032	46.9196875	
3408	32.7577	5144	35.3696375	7752	37.6331125	11048	39.8359875	15848	42.04585	23128	44.262025	33768	46.5385875	
728	32.987025	1208	35.540225	1880	37.72855	3024	39.78155	5464	41.9693625	9568	44.1043875	15832	46.4341375	
840	33.3265125	1232	35.747025	2208	37.8439625	4240	40.10195	6848	42.266975	11856	44.4822625	19712	46.911525	
728	33.182025	1304	35.633125	1792	37.837725	3272	40.125225	5440	42.3260375	9216	44.634775	14624	47.0789	
3152	33.02175	4968	35.725475	7032	37.7164	10552	40.0191	15176	42.2535875	21616	44.383425	31976	46.6354625	
600	33.1668125	856	35.7109625	1544	37.7736625	2384	39.944175	4024	42.02545	7064	44.192275	12624	46.447275	
576	32.935025	1112	35.6842625	2176	37.8749	3480	40.0716625	6232	42.3089875	9864	44.48665	14728	46.7734125	
856	32.9607625	1288	35.536425	2256	37.8128375	3304	39.9155	5608	42.167125	10400	44.430275	17752	46.6119375	
3232	32.616725	4952	35.3530375	7176	37.34165	10704	39.570325	15720	41.8607375	22656	43.9361375	34760	46.3862375	
760	32.708725	1160	35.2197875	1872	37.373225	3080	39.552075	5024	41.8154625	8400	44.1638	12424	46.6280625	
808	32.7746625	1520	35.4599625	2408	37.604325	3744	39.8053875	5952	42.0435375	9928	44.4506	15744	46.66345	
752	32.6189625	1360	35.27935	2160	37.4631	3240	39.5925	5392	41.8222875	9032	44.1512625	15584	46.50025	
2992	32.85345	4824	35.10785	7288	37.5808125	10680	39.902725	15392	42.0537125	21976	44.251125	32512	46.4434125	
800	32.573275	1464	35.0305625	2328	37.339275	3832	39.570775	6944	41.7761	11552	43.9562625	19008	46.2327375	
984	32.6532	1536	34.8635375	2552	37.2341375	4536	39.205075	8480	41.405575	16448	43.7938625	30040	46.277975	
872	32.6457625	1496	35.0118125	2512	37.428225	3568	39.44365	5736	41.6892	9688	44.1068125	14792	46.5706	
3128	32.490775	4808	35.0266875	7232	37.2879375	10552	39.57005	15384	41.8313125	22840	44.0653125	34376	46.321575	
872	32.82015	1592	35.430125	2536	37.584775	4160	40.02725	6424	42.088125	11600	44.3888375	19200	46.6032875	
808	32.6065875	1448	35.335125	2416	37.5298375	3536	39.8445	5936	41.948025	9728	44.1837125	16296	46.514	
1192	32.75845	1776	35.431825	2632	37.6191875	4144	39.91045	6600	42.1518	9928	44.4639625	15432	46.7017375	
3024	32.920375	4520	35.4263875	6896	37.7308625	9920	40.0195375	14000	42.123975	20608	44.4477375	30648	46.663975	
1024	33.189625	1512	35.5152	2352	37.8002375	3440	39.926825	5840	42.0618875	9600	44.246025	17016	46.57175	
1144	34.058575	1856	36.377625	2816	38.409775	4864	40.567875	8200	42.6582	13016	44.672025	21480	46.8382875	
920	33.761775	1440	36.297125	2296	38.3869	3536	40.4554125	6048	42.44325	10136	44.5333375	17776	46.8484125	
2760	33.5659	4168	35.9765	6096	38.14175	8960	40.2638375	13088	42.2647375	19216	44.4219375	29832	46.752225	
800	33.552175	1336	36.1097	2160	38.163875	3560	40.431175	5712	42.4235875	9176	44.6588	13920	46.8873375	
960	33.7795125	1440	36.3734	2256	38.40715	3280	40.4125625	5800	42.4969375	10256	44.7316	17152	46.804475	
912	33.6552375	1240	36.357275	1848	38.5064375	2864	40.4782	4608	42.54535	7544	44.651975	13584	46.8533	
2552	33.6134	3752	35.982925	5832	38.2178875	8608	40.5408	12256	42.5223	18472	44.6388625	28536	46.9174375	
776	33.774475	1320	36.337	1952	38.3109	2904	40.415075	5112	42.6553125	7792	44.7604125	13336	47.0864375	
744	33.9496125	1256	36.58595	1976	38.7158375	3288	40.800925	5160	43.0091875	8072	45.1036875	13712	47.218525	
752	33.935025	1104	36.4300125	1600	38.604175	2552	40.7062375	3888	42.76455	6864	44.941375	11536	47.1058875	
2336	34.050275	3352	36.0591625	5248	38.44155	7976	40.6808625	11440	42.927725	16968	45.079375	25264	47.264775	
568	34.139575	1032	36.2309	1472	38.5418875	2224	40.6253	4104	42.7452125	7296	44.86755	12944	47.0734375	
672	34.6510375	1024	36.719775	1696	38.9986625	2520	40.9698	4264	43.1121375	6832	45.2770125	10688	47.4537875	
568	34.7511875	1008	37.020425	1480	39.3050375	2168	41.1472125	3792	43.3098875	6664	45.4687375	10280	47.600175	
1976	34.3882375	3224	36.8632125	4736	39.0974375	6944	41.2952875	10232	43.4566	14832	45.5850375	22032	47.5358875	
720	34.6317125	1072	36.90815	1520	38.906175	2544	41.0912125	4032	43.1509	6872	45.196	12688	47.3543	
696	34.5588	1160	37.088675	1672	39.004875	2640	41.3455125	4200	43.4683125	6792	45.536975	11848	47.6305875	
560	34.243625	1072	36.886825	1680	38.8157125	2664	41.0632625	4256	43.0348875	7944	45.2629375	13360	47.41	
2264	34.1255625	3432	36.778575	5064	38.7595875	7560	41.16595	10928	43.2828625	15960	45.4634875	23832	47.6417875	
584	34.23915	1000	36.6550875	1608	38.5291875	2688	40.682625	5104	42.8701375	8472	45.0187125	15328	47.3782	
752	34.40225	1288	37.026575	1984	38.927325	3360	41.286075	4832	43.4001	8304	45.5756625	13088	47.7134	
544	34.0805375	1112	36.7225625	1568	38.616725	2792	41.0363625	5272	43.2226	9024	45.3999125	15336	47.6533375	
2192	34.1689875	3512	36.4124625	5392	38.7746375	7968	40.9918	11400	43.1424	16800	45.4213375	25032	47.6471375	
504	34.1281875	880	36.537275	1320	38.822875	2432	41.0553125	4032	43.204175	6752	45.4581625	10784	47.756825	
440	34.20985	888	36.6605375	1512	39.163525	2480	41.179225	4480	43.3753875	7696	45.6418125	13840	47.767	
712	34.30035	1088	36.637575	1576	38.9276	2600	40.9553875	4816	43.2795375	8376	45.5369875	14280	47.7494375	
2184	34.340525	3480	36.6081125	5384	39.0966875	7784	41.1965125	10984	43.2700125	16336	45.5392625	24544	47.68915	
496	34.0965375	1056	36.5024	1744	38.836425	2800	41.001825	5456	43.2898875	9152	45.4783375	15384	47.6093125	
584	33.9616625	968	36.497825	1512	38.7942125	2632	41.0377	4048	43.179175	7320	45.48715	12416	47.744225	
512	33.9001875	912	36.3895125	1592	38.8254875	2488	41.00285	4272	43.1742125	7360	45.6220625	11656	47.901525	
2104	34.1441875	3520	36.594225	5392	38.9602875	7944	41.2888125	11360	43.4589625	16704	45.6513875	24352	47.8314875	
520	34.076275	992	36.631425	1384	38.953975	1912	41.056375	3376	43.1589625	6288	45.4686625	10688	47.649525	
560	33.8067625	768	36.1420125	1544	38.4386375	2888	40.807475	5344	43.1662875	9032	45.443225	14704	47.7880375	
768	34.214	1240	36.764975	1888	39.078875	3016	41.1298625	4888	43.473925	8160	45.7902625	12784	47.9699875	
2112	34.3444875	3384	36.7194375	5200	38.988775	7936	41.2277125	11568	43.4504875	16656	45.69275	24784	47.875125	
760	34.1173875	1256	36.495275	1848	38.6382875	3224	41.0464875	4976	43.2219875	7848	45.409025	13024	47.687525	
696	34.209525	1232	36.459	2008	38.6041375	2984	40.9953625	4856	43.260525	7472	45.506425	12128	47.7953375	
664	34.02525	1304	36.3837	2032	38.6163	3304	41.0183875	4872	43.0896125	8448	45.3933125	12976	47.584	
2360	33.9465125	3656	36.1531375	5944	38.5801125	8928	40.605125	13088	42.9834375	19288	45.2413625	28376	47.486125	
736	33.754475	1352	36.4284875	2024	38.5605	3112	40.7412	4784	42.890125	8072	45.276325	12984	47.630775	
968	33.9132125	1520	36.44095	2192	38.41595	3936	40.619	6680	42.7546125	11968	45.1976875	19968	47.6811125	
704	33.825375	1040	36.448075	1464	38.4313125	2328	40.74015	3432	42.8255	5328	45.2069875	8480	47.6702125	
2408	33.602375	3920	35.935475	6264	38.1427875	9632	40.3315375	13640	42.75195	20152	44.9024625	29904	47.2682125	
648	33.549725	1024	35.91775	1568	38.0963875	2688	40.3931875	4200	42.7288875	7512	44.9172125	12408	47.2693625	
832	33.8900125	920	35.9832375	1616	38.251575	2600	40.4651	4048	42.8170375	6936	45.0096625	10752	47.383275	
600	33.548625	1248	36.171975	1816	38.2437875	3032	40.4565625	4968	42.8065375	8680	45.071175	14528	47.460075	
2544	33.575025	4352	36.086325	6616	38.1929625	9368	40.3941875	13920	42.7571	20128	44.8783125	30272	47.1462875	
648	33.5922625	992	35.969225	1784	38.1581	2800	40.3065625	4744	42.6853625	8096	44.91475	13376	47.239125	
760	33.3035625	1160	35.6592375	1976	37.90505	3168	40.1314125	5400	42.5699375	8368	44.922	13648	47.3391625	
760	33.26545	1232	35.6369	1704	37.7732125	2944	40.0423	4896	42.4463875	8160	44.82535	12912	47.1972625	
2832	33.0012625	4760	35.6421875	7120	37.8651625	10352	40.145225	15048	42.4745375	21816	44.6709125	32128	46.94135	
624	33.0036125	1008	35.6396625	1688	37.8514	2464	40.12065	4088	42.298375	7176	44.5734125	12176	46.7594875	
624	32.9906875	1144	35.6105125	1720	37.8708875	2760	40.1909875	4880	42.5140375	7752	44.672475	12968	47.0003625	
736	33.0168875	1240	35.70765	1592	37.7425125	3096	40.1170375	5344	42.3790125	9416	44.6472125	15976	46.76275	
2712	33.1734	4392	35.5184875	6864	37.8139375	10192	40.1586875	14984	42.140625	22232	44.477375	33104	46.7380875	
568	33.2430875	1056	35.9303625	1664	38.1223125	2616	40.257525	4944	42.526075	8168	44.8039	13776	47.007025	
768	33.5048375	1096	36.0828	1728	38.115275	3208	40.2331875	5896	42.5457	10192	44.7236875	16552	46.9876875	
784	33.803175	1184	36.3169625	1792	38.4648625	2808	40.7119375	4536	42.9265375	7416	45.098425	11808	47.2553125	
2504	33.29815	4224	35.62235	6424	37.825425	9704	40.0941625	14272	42.276625	21088	44.537525	31856	46.8773	
704	33.283925	1048	35.6243625	1672	37.90055	2504	40.1421875	4400	42.448825	7472	44.6853125	11960	47.099625	
648	33.442125	1080	35.939325	1640	38.185325	2712	40.61755	4792	42.875	7904	44.98865	13416	47.15075	
704	33.719775	1128	36.0579875	2024	38.458325	3472	40.566325	5776	42.7187875	9808	44.8565625	16992	47.240975	
2560	33.7674	3992	36.055275	5928	38.1139625	8920	40.2399	13096	42.4884125	19312	44.624725	29808	46.9476375	
792	33.40865	1232	36.109625	2072	38.114275	3408	40.2454375	5384	42.53345	8840	44.8951625	13288	47.1635625	
696	33.7529	840	36.340975	1192	38.244575	2024	40.6118875	3080	42.868	4952	45.2611125	8024	47.389	
544	33.6824375	896	36.2600875	1432	38.23885	2096	40.5108875	3760	42.80935	5968	45.0871125	10712	47.331225	
2552	33.8255125	3872	36.0546125	5760	38.2061625	8560	40.5316	12328	42.6771	18016	44.9211625	27496	47.253825	
672	33.8847125	1104	36.3102375	1544	38.374475	2264	40.4956375	3656	42.6576625	6296	44.9481	10904	47.1821875	
608	34.0090625	1056	36.545725	1680	38.7976625	2264	40.9285875	4032	43.18785	6488	45.45215	10392	47.5643375	
728	34.34645	960	36.52195	1480	38.7552625	2424	40.8797625	4232	43.119025	7008	45.3486625	11376	47.453375	
2048	34.045125	3280	36.4791	5240	38.5772125	7744	40.7186625	11536	43.0411375	16880	45.1846125	25752	47.4341625	
592	34.154725	1096	36.50405	1768	38.6858875	2952	41.0171875	4640	43.2763625	7736	45.4908875	11720	47.7113625	
568	34.29255	1128	36.7817	1664	39.1641125	2672	41.34435	3640	43.5151125	6568	45.9142625	10264	48.0595875	
720	34.566025	1008	36.9296	1432	39.0580125	2296	41.21375	4160	43.351475	7032	45.5892875	12328	47.7554625	
1784	34.6292125	3048	36.8407875	4616	39.2149	6936	41.26955	10160	43.516875	15104	45.5994375	22984	47.947775	
544	34.7174	976	37.145375	1328	39.3439	2224	41.5023625	3368	43.65045	5816	45.9400875	8984	48.308525	
560	34.880525	1040	37.3872375	1464	39.46175	2520	41.7385375	4296	43.931475	6976	46.1588125	11328	48.3910375	
608	34.9442875	920	37.3048625	1624	39.5790625	2288	41.624125	4104	43.979875	6344	46.1461625	10488	48.393675	
1864	35.0358125	2832	37.5992625	4520	39.7924625	6296	41.7176125	9352	44.12555	13304	46.20935	20160	48.4581875	
680	35.1853875	1064	37.635775	1408	39.7070375	2272	41.606575	3800	43.765	6520	46.012575	11328	48.2592625	
456	35.2641875	888	37.855925	1320	40.07755	2280	42.1205125	3888	44.3965625	5920	46.568775	9496	48.7882125	
488	35.067675	768	37.6333	1264	39.9354625	2040	41.9107	3520	44.0938625	5744	46.1998875	9936	48.537725	
1888	35.7211125	2936	38.1365625	4224	40.103475	6184	42.2897625	9056	44.517	12912	46.57755	19384	48.6563	
536	36.0066	704	37.953775	1040	40.075175	1696	42.12035	2752	44.485775	4920	46.64125	8608	48.825175	
424	36.4828	712	38.5168875	1048	40.3827875	1944	42.4734375	3336	44.7523375	6432	47.0141625	11160	49.2187	
336	36.65255	488	38.7882125	736	40.79125	1168	43.0164125	1728	45.3435125	3288	47.7306	5816	49.7153375	
1456	36.474275	2320	39.1539625	3360	40.959075	4928	42.9345625	6928	45.207825	10304	47.2375	15768	49.5312	
272	36.5700125	416	39.2279125	544	40.8579625	1072	43.1065375	1872	45.42905	3520	47.5255375	6200	49.7326875	
232	36.474375	368	39.1143375	648	40.89625	1024	43.1281125	1736	45.2786875	3312	47.50995	5760	49.835075	
304	36.509275	440	39.0885625	816	40.989875	1368	43.1571625	2376	45.6203375	3760	47.6648375	5960	49.8303625	
1384	36.959525	2208	39.4263875	3120	40.9822	4672	43.2389125	6768	45.21895	10112	47.5289	15504	49.7486	
304	37.5178875	504	39.9425125	784	41.487	1368	43.78225	2016	45.6782125	3816	47.9329	6752	50.0208375	
336	37.3215375	544	39.7865625	824	41.4082875	1248	43.82305	2088	45.6845625	3752	48.0433875	5912	49.9798625	
384	37.619325	456	39.8463875	672	41.5969875	1168	44.16195	1704	46.1871	2712	48.346975	4792	50.368275	
1200	37.6468	1728	39.7804875	2592	41.7134	3968	44.0001875	6000	46.0904875	8584	48.0477125	12928	50.132975	
352	37.8137125	544	40.3058375	896	42.1189625	1056	43.883325	2128	46.17735	3920	48.29035	7040	50.3965125	
272	38.029425	408	40.3588	648	42.4236125	1064	44.253775	1472	46.283675	2712	48.5405625	4624	50.6930625	
320	38.9951	408	41.150825	760	43.063225	1336	44.8821375	2368	46.65615	4384	48.7176375	7624	51.1595625	
928	39.3224	1304	41.2872125	1952	43.346075	2904	45.782825	4088	47.565075	6040	49.4787875	9240	51.4303625	
368	39.4824625	536	41.2431875	800	43.467	1040	45.330375	2120	47.4942375	3480	49.248375	6232	51.4506625	
416	39.4955	464	41.16145	656	43.250625	1168	45.4562375	1664	47.2300625	3152	49.5895375	5088	51.688875	
232	39.692075	464	41.747875	640	43.7319375	920	45.7801625	1728	47.78325	2840	49.845875	4688	51.6990125	
848	40.1346625	1208	41.7653875	1728	43.4170875	2584	45.3805625	4024	47.5138375	5936	49.5497625	9368	51.7832375	
288	39.396675	480	41.5044125	904	43.7224625	1240	45.289425	2160	47.4925375	3648	49.554275	5904	51.8213625	
368	39.7358875	616	41.6956625	832	43.597225	1344	45.533275	2000	47.491275	3392	49.4790625	5952	51.845375	
296	39.3191125	552	41.448575	832	43.0536	1392	45.1221375	2128	47.10265	3640	49.2298	6336	51.56155	
792	39.1985375	1184	40.9008875	1880	43.1435375	2936	45.0588375	4328	47.3155625	6632	49.461175	9920	51.586	
328	38.5950625	592	40.6191375	808	43.1152125	1352	44.864975	2264	47.1499375	3720	49.2059875	6352	51.1483625	
320	38.1591875	576	40.23785	784	42.340425	1608	44.492775	2800	46.8937375	4368	48.8643375	7200	51.0665625	
264	38.223425	424	40.273275	664	42.37495	1136	44.517275	1696	46.6349	3328	48.906325	5440	51.164475	
792	37.66775	1208	40.497025	2080	42.4666875	3360	44.5936	4976	46.776925	7408	48.97645	11112	51.200725	
376	37.089075	576	39.76725	960	41.7951125	1584	43.885225	2768	46.248	4520	48.216275	8368	50.6420625	
320	36.9749	552	39.8329875	832	41.760175	1216	43.832025	2056	46.2335	3432	48.3586	6096	50.5772375	
208	36.3575375	560	39.4238625	808	41.45175	1312	43.5476	1880	45.8793125	3648	48.3088625	5920	50.5865625	
1048	36.6420875	1592	38.808175	2584	41.61315	4080	43.37945	6136	45.96035	9104	48.231875	13808	50.4606375	
360	36.4464625	616	38.6076875	880	41.1997	1456	43.2542875	2552	45.427475	4376	47.666475	7792	50.10745	
392	36.3089125	576	38.455425	1120	41.1988875	1552	43.1453125	2504	45.30915	4536	47.6808375	7672	49.8037	
464	36.0802	784	38.5443625	1064	40.9041125	1568	42.967825	2320	45.0262375	3824	47.20185	7152	49.6570375	
1304	36.2098875	1984	38.532325	3216	40.5872125	5024	42.909375	7264	45.1566	10776	47.481225	15928	49.5422875	
296	35.7367375	520	37.8146125	1048	40.2253	1672	42.4399625	2800	44.7664625	4528	46.851	8320	49.065575	
448	35.78915	688	37.767275	1176	40.1363625	1776	42.3756	3056	44.661175	5568	46.8757625	9464	49.1518875	
320	35.2355875	648	37.3703125	1032	39.738875	1680	42.0489125	2752	44.2441625	4936	46.5927625	8048	48.7578	
1416	35.3630875	2464	37.6522875	4056	39.7692	6088	41.9639625	9264	44.200825	13736	46.4139125	20480	48.7736875	
344	34.6805375	616	37.0412375	1120	39.1262125	2456	41.56135	4296	43.7533875	7288	46.1084625	12296	48.617425	
384	35.199175	640	37.6115375	1088	39.5849	1968	41.8370875	3800	44.090675	6216	46.2531125	10760	48.52445	
408	34.8506625	616	37.123225	1032	39.3277625	1400	41.4158125	2744	43.76865	5128	45.8216875	9264	48.177025	
1624	34.95865	2688	36.7654375	4536	39.16285	7008	41.4000125	10552	43.615975	15624	45.765125	23512	48.194775	
408	34.74225	832	37.0757625	1120	39.097625	1616	41.1926125	2920	43.4591625	5288	45.7884875	8560	48.191475	
448	34.4929875	680	36.716525	1320	38.9271625	2304	41.1406625	3592	43.4172875	5960	45.63975	10528	47.8844	
432	34.4057875	696	36.533675	1000	38.789675	1512	40.9379875	2432	43.24275	4496	45.488875	7632	47.8498125	
1888	34.2924125	3184	36.4159375	5104	38.6411375	8072	40.9945	11936	43.3110875	17576	45.492	25768	47.8245	
296	33.6312625	744	36.0453875	1480	38.3906375	2288	40.4764875	3688	42.7534625	6864	45.10875	11760	47.3308875	
496	33.53815	728	35.897425	1120	38.2023	2104	40.4852625	3264	42.8339625	5584	45.1197	9560	47.478275	
680	33.6870625	992	35.9160875	1544	38.239125	2456	40.3268	4280	42.72565	7192	44.9470875	12392	47.3516125	
2312	33.741225	3968	36.1047125	6136	38.4330375	9120	40.725475	13104	42.8975	19232	45.1319375	28136	47.3782875	
664	33.328325	920	35.700275	1240	37.92855	2040	40.1783625	3696	42.40295	5792	44.5143875	10424	46.752475	
688	32.910175	1192	35.4271125	1784	37.6340625	3112	39.914	5424	42.2528875	9680	44.5431375	16648	46.894225	
664	32.8666375	1016	35.3998875	1560	37.676975	2096	39.8431875	3640	42.329675	5904	44.60235	9320	46.961175	
2840	33.02105	4848	35.448625	7392	37.7494375	10896	40.13035	15648	42.33765	22416	44.483425	32952	46.744925	
536	32.84725	1008	35.399	1552	37.6145375	2744	39.993175	4720	42.2252	8168	44.510025	13304	46.891875	
720	32.686125	1168	35.28535	1728	37.5625	2576	39.800425	4224	42.0737625	7192	44.4266875	11240	46.7629	
608	32.60985	1152	35.4336875	1960	37.7130375	2848	39.805875	4856	42.087375	8056	44.531	12568	46.77135	
3056	32.9230125	4976	35.3903	7392	37.49485	10720	39.7053875	16096	42.0652875	22960	44.164575	33936	46.3018875	
456	32.2129	1288	35.175625	2240	37.3732125	3728	39.63375	6104	42.0435375	9592	44.20845	15032	46.4574625	
832	31.9911875	1456	34.881475	2512	37.0362125	4384	39.3556625	7280	41.9151625	11152	44.10435	17280	46.4891625	
696	32.7827	904	35.5173125	1672	37.6274375	3000	39.7033125	5720	42.0419875	10264	44.2551625	17200	46.7608	
3224	33.0005875	5096	35.34615	7568	37.5972125	10888	39.8492375	15504	41.9295625	22720	44.0802375	33928	46.28015	
592	32.092175	1512	34.771075	2808	37.112775	4984	39.3036	8568	41.7182	14128	44.0624875	21568	46.379175	
640	32.170925	696	34.678325	1240	37.0733375	2384	39.392725	3664	41.7641625	6424	44.1953	9808	46.5856	
816	32.271725	1272	34.76625	1896	37.0814	3080	39.2487375	5848	41.60405	10040	44.16715	15608	46.5467	
3400	32.4015375	5600	34.9890375	8328	37.194	12408	39.4503875	17968	41.7344625	25304	43.8199625	37904	46.086075	
584	32.4039625	920	35.0928875	1464	37.2698	2360	39.526425	3712	41.756425	6136	44.059725	9016	46.348975	
672	32.149125	1072	34.818875	1704	36.8051875	3744	39.01885	7640	41.095	14824	43.1472875	29256	45.6671625	
576	32.1462625	992	34.799875	1624	36.8616625	2512	39.143325	4264	41.380975	6888	43.5777375	10480	46.10465	
3472	32.5442875	5368	34.9254625	8032	36.9880125	12216	39.3970625	17528	41.6706625	25408	43.87755	37536	46.1777875	
576	32.5724875	912	34.9778625	1568	37.1184875	2104	39.2168125	3456	41.387075	6808	43.5886	12800	45.9115875	
464	32.4491	752	34.966575	1288	37.140125	2328	39.366425	4416	41.74965	7560	44.1003875	12888	46.38555	
552	32.3276375	824	34.8308375	1432	37.03025	2464	39.2766875	4272	41.544675	7808	43.8879625	13904	46.163725	
3336	32.6623875	5288	35.0029875	8152	37.209225	11928	39.3715625	17312	41.6222375	25368	43.7832375	37616	46.166	
520	32.5995875	920	35.114325	1520	37.272875	2440	39.298125	4352	41.6967125	7768	44.0558625	11992	46.4215875	
664	32.5181125	912	34.9454125	1504	37.1323	3088	39.33345	5568	41.7332375	9696	44.0103375	16952	46.2458625	
456	32.46365	896	35.0060625	1176	37.1654875	2184	39.4137	3280	41.72795	6000	43.9278375	11168	46.21095	
3120	32.882875	5048	35.2625125	7400	37.276725	11208	39.5425375	16424	41.7412875	24040	43.8623	36416	46.1992125	
696	32.784675	1232	35.3868	1944	37.5247125	2808	39.66345	5016	42.0311125	8664	44.3427625	14184	46.5494875	
928	32.9011	1240	35.2304125	1976	37.264025	3368	39.539325	5240	41.6902375	9736	44.0961	16120	46.3445875	
480	32.907225	920	35.379925	1440	37.36355	2336	39.6596125	4336	41.910075	7328	44.3092	12448	46.64705	
3048	33.2096	4680	35.524	6968	37.6222125	10520	40.005025	15224	42.189275	21752	44.4012	32016	46.6578375	
528	33.1554375	1040	35.5784625	1688	37.7305875	2736	40.0544375	4480	42.12595	7512	44.1860125	14072	46.4820625	
600	33.3827875	880	35.795	1296	37.9119625	2064	40.089	3720	42.3348875	6880	44.6272125	11008	46.837275	
512	33.5506875	856	35.930125	1256	38.1498	2168	40.3873	3320	42.5492	5376	44.8396375	8536	47.0879375	
2664	33.493125	4328	35.873675	6512	38.1663875	9592	40.3578125	13704	42.580525	19552	44.7857875	28872	46.997	
592	33.745775	880	36.1757125	1392	38.1752	2256	40.475375	3704	42.62525	5904	44.64335	10600	46.87615	
504	33.884375	912	36.47795	1336	38.490625	2064	40.8156875	3240	42.9650875	5544	45.1425	9040	47.3777375	
520	33.855875	848	36.3950375	1432	38.46595	2376	40.733525	3736	42.83505	6600	45.1156625	11128	47.3411875	
2232	34.088825	3736	36.4691	5632	38.651125	8168	40.7629375	11960	42.9482375	17592	45.1096875	26840	47.4158875	
464	34.0020875	1104	36.7522625	1512	38.6755375	2792	40.8566625	5184	42.8741	9312	45.2789	15864	47.63925	
648	34.4803125	920	37.016125	1440	39.023575	2120	41.1639375	3280	43.3092	5616	45.6258875	9344	47.708225	
568	34.368025	896	36.7745	1384	38.845225	2288	41.044525	3696	43.1211625	6576	45.36135	11240	47.5153125	
2256	34.6014875	3528	36.6921125	5176	38.8946125	7568	41.143275	11264	43.5106875	16072	45.453775	24064	47.6031375	
552	34.2793375	880	36.6815875	1648	39.1333	2328	41.1700375	3248	43.2481	5920	45.365575	9848	47.4828125	
600	34.373125	984	36.9786875	1424	39.33705	2344	41.57305	3648	43.639075	5944	45.7520875	10360	47.88645	
680	34.6725875	1008	37.0737625	1464	39.326625	2272	41.551475	3488	43.6419125	5848	45.8021375	9864	47.8114375	
1904	34.966925	2960	37.229225	4584	39.429075	6704	41.7252	9680	43.8557375	13960	45.9668	20656	48.1511625	
720	34.9177	1136	37.1305375	1856	39.4985	2768	41.5867375	4192	43.6233125	7120	45.6816875	12520	47.849225	
528	34.6455375	1056	37.1830625	1400	39.51915	2088	41.62895	3328	43.835625	5384	45.9698375	8440	48.1566375	
400	34.3034625	872	37.0050875	1552	39.3986875	2424	41.6489875	3816	43.7088375	6464	46.018825	10384	47.9345625	
2136	34.8921375	3216	37.2660875	4736	39.405325	6840	41.3377	10176	43.62495	14768	45.8516	22568	48.0822	
504	35.18535	1024	37.6003125	1464	39.7086875	2288	41.7357375	3640	43.908725	5680	46.05495	10072	48.34595	
360	34.852125	848	37.458975	1144	39.5359875	2280	41.6262375	3808	43.8402625	6896	46.1246375	11272	48.3693875	
496	35.081325	712	37.508025	968	39.590925	1640	41.802675	2608	43.946375	4520	46.2732625	7480	48.453375	
1768	35.5314125	2656	37.5248125	4088	39.9305875	5984	41.9596	8568	44.083725	12488	46.2176375	19072	48.3144625	
424	35.65695	688	37.9429125	704	39.9374875	1192	41.9028625	1848	43.8965625	3336	45.996525	6344	48.0320125	
432	35.4625625	584	37.8295875	1024	40.03175	1512	41.936875	2416	44.0978	4224	46.2661875	7480	48.3165875	
400	35.274475	736	37.6217375	1176	39.8101125	1872	41.866975	2840	43.9889125	5016	46.185525	8656	48.2359125	
1720	35.2071375	2768	37.807175	3952	39.8986875	5864	41.911575	8360	44.038425	12592	46.2897	19032	48.2832125	
472	35.343025	624	37.7915625	1000	39.9724125	1576	42.0744125	2712	44.134425	4552	46.3537125	7840	48.4584875	
504	35.09645	888	37.849975	1368	39.904175	2176	42.1989625	3712	44.3517375	5792	46.3636875	9720	48.3310375	
368	34.956425	528	37.6070375	1016	39.9116625	1400	42.06035	2088	44.052925	3944	46.1972625	7456	48.301075	
1872	35.239075	2944	37.627425	4248	39.7696625	6208	42.08745	8896	44.2333875	12976	46.3031125	19128	48.4020625	
536	35.022525	824	37.49115	1400	39.735375	1928	41.8209375	3128	44.0438875	5376	46.1662375	8976	48.177975	
440	34.8063375	832	37.3636375	1016	39.402625	1600	41.5186875	2904	43.9094625	4968	45.9703125	8952	48.2619	
576	35.1799625	840	37.5799	1336	39.7242	2208	41.800325	3160	43.9396875	5576	46.103975	10320	48.51805	
1800	35.1935	2808	37.7911625	4008	39.859025	6112	42.053175	8504	44.162725	12272	46.196175	18744	48.23605	
448	35.0243125	616	37.540425	1144	39.8206625	2032	42.0895875	3408	44.3400125	5808	46.278525	9944	48.2522	
496	34.9429625	872	37.60885	1208	39.771575	1496	41.8090625	2600	44.103125	4904	46.2285	8680	48.2897875	
664	34.986525	720	37.433675	1232	39.7401875	2248	42.0372	3544	44.2447	5640	46.3368875	9856	48.46365	
1952	34.8844	3000	37.526825	4216	39.62205	6328	42.113775	9048	44.224625	13088	46.43355	19504	48.447325	
384	34.8119625	696	37.3048125	1152	39.416025	1776	41.8962625	3160	43.9985875	5320	46.2913	9216	48.4655875	
664	35.1389375	848	37.7492875	1248	39.6475875	1664	41.866425	2808	44.1427375	4584	46.4263	7608	48.632625	
536	35.2254625	680	37.615375	1304	39.7165375	2112	41.996575	3352	44.186375	5600	46.416575	9536	48.4692625	
1928	35.41455	2936	37.6998375	4168	39.8881875	6080	42.1265875	8928	44.3149	13000	46.4200875	19072	48.5453875	
360	35.300525	624	37.6487875	1176	40.094375	1864	42.204225	3288	44.4414125	5480	46.61545	8976	48.6343	
424	35.4031125	816	37.9446375	1128	40.179275	1752	42.2448125	3200	44.6344875	5560	46.8280875	8808	48.7264125	
424	35.37875	640	37.9417	1112	40.3039125	1720	42.364175	2744	44.5173	4952	46.602475	8424	48.70095	
1856	36.0135375	2680	38.0454625	3928	40.250675	5520	42.414975	8088	44.62635	11368	46.573	17616	48.74745	
656	35.8939625	872	38.0262875	1416	40.1204375	2144	42.3308625	3360	44.5407625	5592	46.6191125	9640	48.7709	
592	35.9716375	1016	38.2902625	1480	40.4851875	2048	42.677275	3600	44.7546	6136	46.8417	10264	48.9735375	
440	35.898125	760	38.3048125	992	40.4818125	1608	42.554975	2664	44.6742375	4784	46.7350375	8912	48.9674125	
1672	35.6450125	2616	38.4602125	3752	40.773575	5056	42.6629375	7528	44.851925	10824	46.7456125	16832	48.9314	
672	35.894825	856	38.3429625	1368	40.9115375	2048	42.5894625	3296	44.645875	5680	46.7956375	9832	48.9972875	
520	35.7180625	800	38.2332125	1192	40.80435	2032	42.553075	3512	44.7243125	5424	46.7516	8968	48.982475	
560	36.29265	880	38.701375	1128	40.770975	1912	42.6730125	3160	44.8808375	5360	46.9496125	8744	49.1882	
1728	36.370575	2464	38.5491625	3440	40.94235	4912	43.0184	6944	45.128375	10112	47.115175	15144	49.1305625	
472	36.3439875	800	38.9512875	1144	40.9048125	1824	42.8389	3048	44.9862125	5136	46.939925	9352	49.1696	
480	36.4105	704	38.7518625	1008	40.943875	1752	43.27345	2872	45.240175	4688	47.3522	7560	49.5690125	
432	35.4608125	904	38.5837125	1568	40.7188625	2320	42.887225	3720	45.09645	5920	47.316175	9216	49.4765375	
1672	36.8642375	2368	39.1423125	3328	41.232675	4528	43.1801875	6576	45.24975	9688	47.2941625	14896	49.396675	
352	36.7464375	840	39.622475	1376	41.6796125	2160	43.7076125	3512	45.529275	6368	47.880425	10472	49.9340125	
392	36.1048625	760	39.172025	1120	41.1616	2192	43.5443125	3432	45.533525	5880	47.8520875	9456	49.9496375	
504	36.694875	544	39.3660125	768	41.45495	1216	43.7223375	2192	45.70795	3880	47.817925	6872	50.0565375	
1344	37.34675	2016	39.657275	2768	41.8636125	3832	43.9783	5424	45.9807375	7824	47.948075	12328	50.004825	
408	37.4416375	512	39.6801375	744	41.8641125	1312	43.840125	2232	46.1534	3632	48.214225	6264	50.3837875	
304	37.066525	528	39.5086	808	41.75095	1320	43.7068125	2184	45.9064875	4096	48.26295	7064	50.48905	
264	36.593375	584	39.4304125	832	41.659225	1376	43.81675	2040	45.833675	3328	48.1612875	5656	50.3462	
1432	37.4451125	2000	39.7039375	2744	41.710375	3816	43.856975	5616	45.9845375	8336	48.00115	12720	49.988	
376	37.2930625	600	39.585175	968	41.534075	1544	43.661675	2648	45.676775	4528	47.968575	8192	50.221325	
424	37.22845	664	39.70525	896	41.49285	1536	43.742925	2400	45.6892	4000	47.9305625	6680	50.0862875	
456	36.9301625	696	39.26265	1016	41.3099	1536	43.5255	2536	45.5152125	4256	47.78335	7072	50.0044375	
1528	37.1118125	2288	39.4125375	3104	41.341	4480	43.6997875	6384	45.72225	9296	47.7732	13896	49.78905	
336	36.9022375	544	39.31705	968	41.2942	1416	43.4534125	2224	45.425425	3920	47.48895	7232	49.58085	
424	36.5248125	624	38.76295	1024	41.0707625	1872	43.374125	2960	45.31285	5288	47.6585125	8864	49.7977875	
400	36.615375	600	38.928825	680	40.8801	1296	43.4733625	2120	45.419375	3608	47.7539875	6056	50.0172875	
1544	36.7942	2344	39.4114375	3160	41.426325	4760	43.7575625	6456	45.761125	9472	47.7415375	14456	49.970525	
472	36.6304	624	39.0193625	984	41.1363	1464	43.42185	2416	45.37995	4144	47.35095	7640	49.6824	
416	36.357175	720	39.1617875	1096	41.190925	1480	43.3148875	2328	45.3389	4032	47.555775	6800	49.9289625	
368	36.1853375	504	39.02935	728	40.8556625	1360	43.24975	2280	45.5146	3944	47.768375	6520	50.02625	
1544	36.862125	2360	39.281925	3272	41.2109	4800	43.2334	6896	45.46825	10104	47.5594	15624	49.960875	
248	36.7315	456	39.2202	752	41.285575	1280	43.3006875	2112	45.5697875	3936	47.927875	6024	50.345725	
232	37.28595	440	39.818625	680	41.7969	1592	43.7636	2728	45.8431875	5096	48.12435	9048	50.520075	
248	37.2536	320	39.741925	600	41.8310875	1008	43.76145	1704	45.814625	3104	48.2022	5360	50.65345	
