2496	4000	6472	9848	14600	21136	31104	
304	640	1064	1800	2936	4864	7608	
344	824	1528	3024	5968	12112	23328	
480	864	1360	2192	3648	5888	10360	
1848	3416	5784	8960	13528	20000	29592	
376	728	968	1872	2592	4336	6944	
360	688	1448	2072	3768	7312	12376	
416	608	944	1624	2560	4112	7448	
1824	3112	5528	8528	12944	18728	28888	
520	832	1392	2088	3296	5256	10104	
368	776	1328	1912	3128	5008	8624	
472	760	1304	2072	3456	6568	11896	
1760	3120	5224	8312	12696	19056	28712	
336	800	1352	2112	3528	5664	9368	
416	768	1216	1984	3264	5312	8528	
480	752	1136	1800	3400	5912	10440	
1768	3184	5192	8288	12184	17904	26592	
464	712	1528	2528	3568	6120	9896	
368	688	1248	1952	3448	5296	8480	
408	912	1528	2648	4528	8968	14616	
1784	3248	5224	8248	12712	18256	27632	
456	752	1248	1768	3152	5632	10568	
360	552	944	1712	2600	4296	7408	
344	744	1224	2008	3496	5792	9920	
1736	3032	5120	7840	11800	17128	26488	
416	712	1264	2176	3600	5544	8832	
464	752	1232	1816	2688	4672	7320	
456	576	1104	1792	3360	6144	10328	
1768	2992	4840	7528	11216	16520	24136	
576	872	1576	2360	3960	6416	11280	
464	712	1432	2440	3888	6592	10976	
312	520	824	1464	2616	4536	8224	
1840	3152	5288	8208	12240	17824	26432	
544	1024	1704	2616	4336	7432	12296	
576	1016	1608	2616	4464	7256	11992	
328	544	1072	1664	2648	4808	8096	
1792	3304	5480	8504	12280	18000	27176	
368	808	1096	2024	3648	6168	11152	
632	1040	1640	2256	3840	7296	11984	
392	776	1232	2072	3384	5176	8496	
1792	2896	4832	7400	10672	16072	24088	
488	864	1400	1736	2968	5016	8912	
576	880	1240	2296	3352	5456	8456	
544	768	1280	1720	2848	4920	8816	
1800	3016	4848	7368	10984	16128	24560	
560	712	1504	2400	4752	8856	14816	
424	696	1048	1992	3024	4504	7592	
400	864	1120	1864	3152	5664	8776	
1800	2984	5104	7704	11608	17288	25560	
680	1144	1784	2872	4344	7240	12888	
640	1040	1808	3056	5744	9280	14720	
704	888	1680	2456	3992	6920	10456	
1976	3440	5592	8920	12880	18864	28032	
464	960	1392	2424	4032	7448	12896	
512	816	1384	1904	3424	5864	10048	
496	832	1136	1944	3424	6368	10784	
2024	3544	5896	9072	13688	20168	30040	
472	896	1408	2248	3568	6120	10416	
424	896	1224	2376	4952	8712	14064	
456	696	1208	1944	3016	4992	7592	
2008	3288	5408	8392	12368	18256	27504	
696	1128	1632	2544	4264	7432	12992	
704	1144	1816	2872	4720	7920	12144	
752	1088	1600	2792	4720	7512	12368	
1888	3088	5320	8200	11864	17320	26160	
728	1256	2008	3104	5328	8744	14432	
808	1376	2064	3560	5984	10304	16240	
608	1032	1920	3208	4992	8320	12120	
2040	3688	5960	9176	13312	19480	29448	
600	1192	1888	3256	5008	8704	15136	
536	848	1256	2152	3896	6160	9920	
600	920	1608	2800	5304	9536	15360	
2112	3712	6168	9208	14080	20416	30352	
456	1064	1536	2552	4592	7560	13328	
456	704	1152	1984	3656	6360	10104	
440	760	1416	2728	5120	8592	13736	
2040	3904	6440	9632	14712	21784	32128	
320	640	1216	1992	3576	5968	10736	
624	856	1496	2584	4328	7568	11944	
672	1048	1592	2576	4616	8232	13112	
2152	3808	6296	10280	15664	22880	33880	
584	904	1464	2280	3576	6560	9832	
504	904	1192	2064	4208	6984	12320	
472	848	1272	2152	3192	5832	9488	
2160	3720	6056	8864	13368	20048	29632	
536	1112	1512	2848	4224	7168	12424	
624	896	1560	2400	4328	7376	12800	
560	824	1312	2136	3664	5560	8608	
2192	3800	6128	9232	13576	19552	28768	
544	952	1376	2352	3664	6312	10776	
640	848	1528	2472	4152	7536	11960	
696	1208	1680	2512	4048	6744	10280	
2400	4112	6360	10176	14288	21048	30616	
592	816	1360	2056	3704	5680	9952	
536	936	1616	2496	4232	7024	11088	
424	840	1480	2200	3752	6104	11032	
2448	4368	7000	10328	14912	21560	31712	
768	1056	1952	2720	4888	8024	12880	
416	904	1288	2688	4088	7024	12320	
576	976	1592	2488	4520	8000	13064	
2600	4408	7048	10352	15312	22296	32744	
584	1152	1592	2776	4496	7288	10832	
528	944	1728	2912	4696	8016	12608	
520	912	1384	2304	3856	6472	10888	
2696	4320	7120	10616	15576	22408	33384	
544	1168	1864	3176	5256	9232	15032	
592	968	1744	2960	4760	8104	12504	
760	1312	2200	3384	5992	9816	16744	
2952	5112	7880	11944	17480	25608	37912	
880	1384	2440	3656	5368	8736	13072	
880	1624	2488	4520	7752	13216	21904	
776	1144	1776	2856	4696	7224	10984	
3064	5488	8568	12816	18936	27624	40848	
880	1432	2288	3208	5240	8336	14392	
872	1200	2128	3832	6392	10920	18312	
704	1424	2248	3520	5816	9584	15008	
3320	5704	9080	13784	20056	29032	42448	
728	1504	2336	3656	6184	10760	16232	
808	1448	2176	3688	6088	9880	16472	
768	1232	1856	3440	5584	8824	15168	
3272	5584	8672	13184	19496	28384	41968	
872	1352	2320	3536	5800	10384	17048	
744	960	1688	2776	4520	6640	10344	
696	1280	2024	3568	6688	11976	19224	
2888	5096	8200	12512	18656	27160	40288	
592	1040	1840	3472	5872	9328	14912	
504	808	1512	2184	3944	6696	10376	
416	1024	1648	2600	4568	7296	12232	
2656	4672	7752	11872	17520	26368	39008	
520	880	1568	2400	3984	6752	10000	
528	992	1496	2800	4520	7928	12792	
520	824	1584	2504	4552	8128	13544	
2600	4488	7480	11528	17320	25192	37176	
392	960	1528	2552	4416	7408	12168	
536	824	1368	2384	4144	6808	11560	
608	912	1512	2592	4848	8136	14160	
2600	4384	7216	11192	16928	24864	36448	
536	1064	1720	2792	4584	7360	11664	
656	1160	1768	2704	4496	7528	12512	
768	1240	1856	3160	5072	8248	13752	
2632	4208	7176	11048	16312	23880	35264	
728	1280	2208	3216	5440	9024	15368	
600	872	1576	2464	3872	6272	9664	
800	1304	1768	2984	4752	8280	13808	
2760	4584	7544	11504	16808	24760	36592	
608	1120	1760	3072	4368	6856	10840	
704	1384	1904	3240	5544	9392	14904	
776	1184	2064	3424	5608	9320	15768	
2616	4648	7400	11248	16688	24056	36320	
632	1384	2104	3880	6904	12264	19272	
824	1272	2000	3560	6304	10256	17648	
800	1360	2048	3200	5464	9720	15712	
2872	4688	7344	11400	16784	24000	35504	
680	1016	1760	3000	4992	8520	14336	
608	1008	1752	3016	5304	8512	13456	
640	1024	1576	2440	3656	6152	9504	
2968	5064	7896	11952	17672	25744	38080	
680	1088	1904	3272	5048	9016	15224	
648	1160	1512	2600	4504	7352	12352	
800	1320	1944	2928	5096	8088	11624	
2952	4968	7512	11616	16952	24864	36464	
528	1040	1784	2704	4440	7328	13056	
704	1080	1880	3712	8464	16648	32528	
624	1024	1696	2552	3920	6576	9656	
2792	4704	6968	10936	16184	24000	35056	
672	1120	1960	3064	5048	9152	15856	
552	896	1448	2656	4696	7992	12712	
608	976	1584	2560	4448	7824	13616	
2512	4416	6728	10416	15504	23000	35016	
544	1016	1768	2816	4936	8400	13912	
536	936	1456	2640	4560	7672	13848	
504	624	1176	1776	3584	6728	10792	
2504	4208	6624	10416	15336	22768	33944	
488	776	1384	2376	4200	7736	13296	
400	912	1440	2312	3824	6336	9424	
712	1272	1768	3032	5624	10176	16816	
2456	3944	6248	9944	14848	21432	31904	
736	1192	1672	2544	4632	7064	13464	
536	888	1472	2392	3752	6672	10320	
408	848	1248	2128	3672	6408	10712	
2224	3688	5952	9016	13968	20328	29792	
496	872	1240	2048	3304	6080	10160	
408	728	1288	2160	3504	6408	10672	
360	736	1160	1944	3376	6112	10616	
2240	3608	5968	9200	14024	20520	30624	
472	840	1440	2560	4096	7304	11904	
304	784	1216	2200	3888	6672	10792	
536	704	1304	1832	3000	5128	8664	
2376	4072	6472	9984	14784	21496	32200	
608	728	1424	2288	3984	6672	11192	
448	704	1432	2200	3840	6864	11176	
440	912	1208	2048	3248	5048	8136	
2504	4120	6888	10416	15816	22632	33632	
544	1064	1736	2808	4328	7376	12648	
512	808	1488	2448	4184	7040	12000	
664	888	1352	2672	4816	8576	14368	
2608	4320	6952	10648	16104	23256	34296	
672	992	1616	2528	3848	6640	11280	
608	816	1400	2216	3920	6712	11160	
536	864	1464	2176	3680	6480	10744	
2728	4328	6896	10456	15824	23416	34240	
464	928	1648	2776	5304	10120	16624	
496	832	1336	2152	3416	6000	9568	
576	864	1320	2344	4224	7176	11408	
2464	4272	6776	10712	15672	22416	33464	
608	1048	1776	2600	4592	7896	13608	
568	888	1496	2664	4256	7720	12560	
608	1088	1784	2880	4848	7984	13728	
2544	4408	7008	11040	16272	23840	36368	
496	888	1552	3224	4744	9072	14280	
480	816	1424	2584	4936	8392	13568	
344	752	1488	2176	3616	6728	10456	
2632	4000	7288	11304	16800	24296	36640	
472	888	1352	2152	3440	5528	8672	
784	1120	1840	3168	5744	9936	16808	
616	1032	1504	3032	4480	7624	13176	
2408	4000	6400	9680	14880	21584	32080	
560	928	1384	2320	3720	5872	9344	
608	1008	1968	3088	5448	9672	15744	
624	1024	1800	2928	4960	8648	14520	
2488	4184	6760	10448	15512	22680	33968	
488	920	1584	2832	4600	8592	14304	
688	1104	1712	2984	5168	8776	13888	
488	992	1528	2376	4208	7248	11584	
2480	3856	6848	10584	15880	23128	34888	
424	976	1808	2936	4976	8992	14728	
384	792	1240	2040	3504	6312	11424	
616	1272	1760	2968	5872	10704	18528	
2424	4200	6904	10888	15968	23440	35080	
456	1080	1592	2776	4312	7384	12328	
520	864	1544	2136	3512	6744	11640	
536	928	1448	2392	4360	7552	12760	
2512	4464	7192	11416	16576	24728	37400	
488	832	1352	2136	3624	6632	10496	
504	1104	1912	2752	4936	8576	13992	
728	1152	1688	3040	5360	8992	15000	
2656	4480	7120	11176	16408	24384	36048	
544	1120	1888	2720	5152	8784	13856	
776	1320	1952	2952	4880	8728	14792	
544	896	1288	2152	3912	6312	10360	
2920	4560	7480	11496	17056	25520	38400	
696	1080	1664	2792	4456	8336	12888	
624	1216	1784	2800	4760	7320	12936	
568	936	1336	2224	4192	7232	12712	
2856	4656	7384	11496	16848	24816	36696	
672	1160	1960	2968	4448	8256	13520	
608	928	1360	2560	4104	6368	9880	
456	968	1624	2760	4792	8360	13208	
3032	4968	7880	12176	17944	26128	38272	
448	784	1144	2048	3800	6120	9552	
416	872	1264	2312	4008	7384	12336	
584	816	1464	2344	4424	7952	13176	
2848	4888	7696	12072	17696	25832	38184	
536	1080	1664	2640	5152	10352	17976	
496	760	1256	2192	3800	6312	10040	
592	1120	1536	2712	4696	8416	15232	
2576	4384	7120	10640	15920	23296	34656	
408	624	1096	1848	3240	5928	9296	
416	736	1184	1992	3760	6672	11344	
336	584	1000	1768	2656	5712	9920	
2416	4080	6552	10136	14720	21128	31016	
464	768	1432	2064	3560	6008	10168	
408	808	1168	1968	3040	5480	9872	
224	416	688	1504	3104	5344	8896	
2280	3960	6424	9528	14144	20712	30264	
304	480	920	1392	2592	4768	9000	
336	520	968	1872	3728	7208	12280	
360	568	840	1568	2992	5536	9416	
2160	3888	6504	9784	14304	20856	30520	
352	512	712	1176	2008	3640	6504	
224	544	912	1936	3360	6680	11544	
144	464	656	1160	2488	4208	8136	
2104	3712	5960	9336	13840	20392	30288	
336	400	792	1624	2432	4672	8232	
256	656	1072	1456	2744	5048	9120	
296	592	816	1496	2520	4304	7240	
2208	3928	5920	9312	13680	19928	29424	
432	680	1208	1896	3216	5616	9304	
416	528	896	1400	2728	5056	8416	
488	912	1360	2224	4120	7696	12976	
2280	4064	6456	10272	14864	21664	31912	
552	856	1624	2616	4344	7032	12256	
344	752	1248	2016	3688	6568	11184	
672	904	1488	2648	4136	7096	11936	
2584	4360	7160	11032	16208	23496	34528	
464	896	1616	2576	4368	7136	13144	
376	984	1536	2528	4160	7712	11992	
408	864	1280	2040	3328	5920	10376	
2552	4840	7744	12224	17512	26120	38664	
624	1016	1544	2800	5080	8696	13936	
552	1016	1464	2336	4152	7352	13112	
456	744	1200	1936	3424	6032	10728	
2544	4432	6968	11360	16544	24104	36048	
448	752	1416	2000	3296	5576	9264	
280	472	896	1664	3128	5648	9592	
296	456	896	1400	2688	4472	7872	
2504	4200	6528	10656	15592	22600	33592	
464	872	1464	2296	3936	6536	11048	
584	760	1232	1848	3488	6368	11408	
720	1096	1712	2968	5104	8376	14552	
3192	5240	8008	11872	17240	24816	36704	
560	992	1832	2888	4688	7696	13032	
768	1240	1872	3312	5792	9960	16256	
536	1160	1832	3200	5320	9752	15288	
2608	4472	7160	11152	16568	24248	36160	
488	1000	1872	3264	6200	10920	18176	
456	1040	1712	2984	5160	8624	14944	
400	792	1400	2328	4328	7872	13040	
2496	4368	6880	11072	16712	24696	36072	
424	760	1424	2184	3944	6680	11664	
536	960	1480	2416	3800	6816	11432	
400	736	1080	1752	3456	6320	11032	
2344	4200	6792	10296	15432	22272	33488	
480	736	1288	2128	3472	6296	10520	
472	728	1152	1728	3256	5232	7928	
568	1000	1432	2688	4384	7864	13448	
2112	3680	5720	9104	13328	19472	28680	
560	848	1312	1864	2976	5016	8928	
648	1048	1464	2688	4464	8248	13464	
640	976	1520	2504	3856	6520	10120	
2448	4040	6432	9640	13992	20096	30120	
672	1096	1624	2424	3824	6440	11424	
656	1032	1968	3128	6872	13264	24288	
632	1032	1464	2416	3872	5728	8768	
2856	4568	7000	10784	15992	23224	33688	
648	1032	1736	2528	4344	6904	10992	
640	944	1672	2592	4896	7536	12784	
456	992	1560	2328	3296	6120	10440	
2792	4464	7008	10560	15248	22432	33360	
472	912	1320	2096	3440	5760	9472	
424	696	1080	2168	3584	5960	10048	
664	880	1352	2408	4208	8136	13904	
2520	4024	6176	9448	13968	20056	29888	
424	792	1248	1896	2960	5200	8704	
464	768	1120	1976	3160	5304	8504	
688	936	1464	2232	3448	6016	11048	
2512	4056	6120	9368	13368	19808	29680	
504	1040	1432	1824	3344	6016	10000	
496	816	1176	1880	4080	7136	12512	
488	584	1232	1928	3560	6192	10808	
2328	3864	5872	9184	13496	19576	29272	
344	680	1032	1720	3024	5912	9960	
456	816	1312	2416	4200	6960	12136	
448	688	1192	2024	3376	5928	9584	
2088	3672	6032	9288	13584	20232	29656	
352	752	992	1752	3040	6024	10712	
272	464	784	1496	2968	5632	9800	
256	488	808	1104	2232	3864	6448	
2024	3528	5576	8872	13440	19544	28880	
304	656	1136	1624	3008	5424	9008	
264	440	720	1456	2440	4640	7408	
496	704	1208	1800	3240	5200	9160	
1856	3104	4920	7856	11832	17448	25688	
344	544	1112	1600	2584	4304	7016	
344	744	1064	1808	3368	6312	10792	
552	784	1120	1936	3344	5296	9408	
1880	3136	5256	8160	12304	17936	26336	
384	888	1368	2312	4736	8640	14984	
392	656	1000	1800	3016	4952	8368	
368	472	1008	1680	2808	5072	9288	
1928	3120	5160	7968	11920	17512	26088	
344	504	1080	1848	3248	5544	10032	
336	720	992	1576	3008	5528	9360	
384	392	776	1288	2104	3952	6440	
1952	3096	5168	8368	11944	17504	25800	
320	584	816	1448	2376	4344	7920	
264	328	688	1032	1720	3112	5920	
280	464	664	1280	2328	4048	7032	
1976	3248	5072	8216	11880	17512	26016	
264	496	872	1312	1888	3504	6376	
304	456	952	1392	3224	6968	11848	
272	408	712	1216	1944	3776	6408	
2008	3304	5072	8224	12032	17304	25680	
272	512	704	1344	2264	3864	6464	
280	392	704	1232	1928	3504	6768	
360	488	840	1440	2728	5640	9472	
1800	2960	5032	7672	11584	16592	24232	
336	592	904	1560	2608	5280	8592	
352	464	768	1360	2888	5528	10128	
216	440	720	1488	2584	4912	8504	
1800	2896	4936	7520	11400	16544	24408	
352	512	760	1304	2368	4296	7656	
168	384	496	968	1768	3352	5408	
432	560	864	1328	3120	6360	11440	
1632	2776	4416	7312	11128	15672	23144	
216	328	592	1120	1840	3096	5680	
216	368	664	1064	2072	3856	7424	
360	424	440	848	1624	3368	6168	
1664	2832	4424	7144	10488	15304	22232	
200	456	608	824	1312	2768	5152	
208	296	448	880	2064	4248	8448	
152	280	400	752	1248	2392	4888	
1512	2664	4384	7096	10360	15160	22424	
280	528	752	1184	2120	3840	7440	
320	424	744	1216	2192	4440	7944	
240	360	560	936	1824	3264	5016	
1720	2888	4680	7208	10592	15672	22808	
376	616	912	1528	2680	5248	8520	
320	560	824	1312	2400	4280	7680	
384	496	888	1856	3624	6360	10784	
1832	2896	4864	7448	11344	16288	24192	
216	472	1000	1352	2664	5320	8736	
392	640	976	1424	3080	5624	9248	
368	728	1048	1992	2864	5504	9192	
1960	3160	5096	7712	11576	16752	24568	
320	560	920	1568	2912	5056	9168	
408	560	896	1528	2688	5392	9432	
248	656	1032	1688	3528	5904	9760	
2104	3416	5256	8040	11792	17400	25664	
192	464	864	1752	3144	6480	11704	
392	528	832	1352	2624	4152	7400	
296	320	896	1512	2592	5360	8976	
2200	3280	5264	8064	11816	17008	25112	
336	672	1152	1680	2728	5120	8992	
360	640	1080	1600	2800	4840	8712	
152	360	712	1248	2072	4216	7816	
2376	3656	5648	8440	12256	18104	26640	
312	408	664	1288	2696	5000	8424	
256	472	728	1384	2328	3944	6936	
488	552	960	1504	2928	5416	9560	
2536	3824	5776	8560	12424	18304	27032	
328	504	744	1144	1880	3040	5576	
216	528	800	1728	3280	6760	12512	
344	448	848	1560	2784	4752	7640	
2656	3984	5992	9032	12848	18560	27296	
248	464	656	1168	1784	3512	5816	
432	656	1008	1552	2760	4968	8648	
296	512	824	1232	2560	4624	7704	
2688	3992	6200	8920	13208	19216	27888	
472	728	1128	1816	2824	5216	9120	
368	632	832	1280	2472	4512	7648	
416	560	768	1216	2168	3608	6216	
2744	4176	6096	8976	13256	19232	27808	
392	600	1216	1816	3248	5576	10088	
384	600	984	1696	3112	5056	8616	
472	816	1504	2744	5040	9664	16064	
2752	4072	6200	9568	13896	20400	29872	
472	864	1584	2264	3688	6168	10352	
480	632	912	1536	2576	4568	7760	
424	832	1352	2376	3784	6312	10192	
2776	4200	6400	9536	14008	20456	29992	
488	808	1264	2008	3176	5504	8952	
488	664	920	1696	3048	5352	8744	
392	560	944	1616	2568	4696	8168	
2736	4224	6328	9464	13928	20432	30336	
464	816	1432	2088	3536	6280	10072	
528	776	1152	2008	3544	6448	10224	
464	704	1144	2016	2904	5432	8624	
2792	4400	6408	9688	14088	20936	31264	
640	744	1256	1952	3672	5648	9760	
424	896	1320	2232	3744	7520	12600	
400	640	1104	1672	2968	4928	8360	
2688	4088	6512	9888	14000	20544	30712	
472	952	1496	2144	4136	6904	11448	
344	584	1096	1712	2696	4848	8376	
560	816	1544	2240	3664	6728	11248	
2720	4152	6416	9792	14288	21192	31656	
416	624	976	1744	2576	4544	7328	
280	592	1048	1864	3200	5872	9600	
416	704	1200	1984	3184	5792	9664	
2568	4104	6512	9944	14880	21952	32768	
416	768	1576	2632	4528	8928	14880	
456	592	1128	1856	3208	5352	9624	
384	648	1032	1776	2984	5056	8512	
2528	3928	6392	9656	14536	21104	31368	
504	952	1272	2344	3992	7296	12328	
320	608	896	1680	3104	5528	9624	
328	576	872	1512	2512	4576	8040	
2504	3856	6048	8928	13512	19632	29128	
400	672	856	1536	2608	4272	7864	
360	544	920	1408	2400	4312	7032	
200	376	720	1440	2552	4904	8608	
2504	3600	5880	8848	13000	19016	28208	
304	528	1160	1728	2704	4944	8320	
288	712	912	1904	3896	6640	12032	
320	488	800	1488	2528	4400	7688	
2624	3664	6048	9136	13792	19848	29808	
304	608	856	1424	2472	3760	5752	
416	392	696	1272	2456	4344	6792	
200	432	896	1392	2408	4048	6896	
2480	3784	5720	9152	13440	19712	29072	
400	592	864	1608	2408	4008	6640	
440	792	1296	2160	4912	10496	21032	
424	592	712	1408	2280	3752	5936	
2536	3968	6008	9224	13504	19808	29624	
328	624	1136	1784	2936	5296	8416	
208	424	664	1256	1864	3400	5464	
288	592	1112	1920	3424	6184	10768	
2720	3976	5928	9000	13104	19424	28472	
368	712	1216	1832	3184	5176	9176	
344	656	1024	1536	2664	4248	6704	
488	872	1240	2552	4144	7168	11264	
2736	4008	6440	9392	14152	20320	29936	
512	792	1400	2352	3616	6328	9792	
536	808	1496	2448	4392	7312	11872	
512	848	1504	2616	4720	8008	13736	
2608	4024	6480	9816	14312	20808	31256	
608	808	1392	2472	4504	8176	13368	
560	1024	1672	2872	4648	7936	13144	
704	1040	1896	2944	5064	8128	13360	
2392	3728	5752	8744	13104	19648	29136	
816	1400	2032	3312	5264	8800	14944	
888	1384	2032	3384	5664	9440	16168	
696	1168	1704	2736	4360	7448	12568	
2944	4288	6216	9160	13208	19032	27968	
888	1568	2184	3416	5600	8968	14240	
936	1360	2288	3056	5184	8360	12824	
944	1504	2176	3280	5200	8072	12592	
3024	4576	6736	9776	14544	20776	30616	
568	832	1488	2384	4032	6048	9168	
584	1096	1936	2952	5280	8728	13496	
688	1168	1512	2824	4616	7728	12104	
2968	4480	6848	9880	14392	20760	30008	
648	1288	2080	3536	5976	9296	15032	
576	920	1448	2560	4416	7224	11784	
728	944	1768	2992	4560	7792	12800	
2984	4456	6704	10040	14408	20920	30808	
752	1224	1808	3128	5304	8760	13056	
856	1472	2096	3248	5360	8544	13904	
768	1216	1920	3208	5080	8976	14888	
2696	4024	6160	9120	13152	19416	28816	
736	1160	2016	2992	4232	7328	11800	
712	1136	1560	2416	4128	7000	11216	
528	1016	1528	2656	4120	6688	10872	
2536	3968	5840	8440	12360	17616	26208	
600	992	1384	2240	3840	6368	10224	
608	880	1472	2536	4192	7816	12808	
640	944	1424	2328	3960	6064	10232	
2784	4096	6232	9120	13352	19240	28768	
736	1112	1544	2728	4104	6392	9984	
856	1152	1816	3120	4880	8072	13448	
688	1112	1848	2808	4656	8232	13128	
2888	4168	6408	9384	13616	19944	29664	
752	1080	1712	2400	3968	6696	11176	
584	928	1592	2344	3912	6160	10360	
768	976	1408	2408	4312	7024	11568	
2816	4208	6200	9336	13720	20080	29656	
880	1576	2608	3752	6264	10240	15944	
1104	1408	2384	3808	5840	9128	14248	
1024	1720	2416	3888	6584	10560	17896	
2544	3904	5712	8432	12296	17920	26496	
800	1392	1984	3112	4952	8272	14096	
712	1128	1672	2704	4304	6792	11592	
608	856	1448	2432	4304	6704	11592	
2352	3600	5320	7848	11728	17208	25872	
480	872	1384	2224	3472	5736	9184	
608	880	1376	2352	3736	6200	11048	
472	880	1224	1920	3136	5824	10008	
2288	3616	5296	7688	11720	16952	25752	
480	840	1096	1872	3112	5592	8952	
496	768	1192	1928	3408	5344	9184	
512	656	1160	1848	3216	5272	9296	
2320	3480	5336	8008	12024	17296	26640	
440	720	1248	2088	3320	5904	9952	
488	808	1248	2040	3744	6256	10952	
392	656	1312	2328	3696	6904	11448	
2184	3288	4976	7416	11168	16304	23992	
456	728	1352	1848	3704	6368	11232	
328	496	816	1512	2800	4800	8768	
360	656	1184	1656	3288	5976	9848	
2056	3144	4904	7520	11248	16688	25048	
688	872	1320	1984	3048	4760	7880	
664	992	1544	2528	4136	6960	11472	
856	1216	1928	2784	4504	7328	12280	
2648	3896	5864	9064	13240	19584	28848	
1000	1624	2344	3688	6032	10200	16056	
1000	1424	2152	3072	5104	7920	12472	
1040	1624	2392	3880	6064	9856	15456	
2472	3880	5936	9088	13480	19640	28832	
872	1448	2408	3624	5776	9032	14560	
1072	1888	2640	4160	7008	11192	18008	
944	1176	2088	3336	5440	8744	14280	
2552	3776	5936	8984	13544	19704	29384	
968	1488	2384	3560	5632	9344	14384	
832	1192	1952	3000	5192	8456	13856	
880	1256	1888	2928	4720	7576	11888	
2256	3344	5288	7944	11688	17144	25616	
632	1032	1536	2520	3800	6440	10984	
632	1072	1664	2864	4752	8696	14760	
504	784	1264	2064	3536	5592	9640	
1808	2808	4552	6984	10504	15224	22704	
312	600	896	1528	2600	4624	7584	
376	520	824	1432	2512	4352	8144	
232	568	880	1480	2408	4272	7856	
1808	2704	4400	6856	10320	15336	22576	
384	704	1016	1776	2904	5432	9560	
376	520	824	1352	2448	4312	7496	
328	560	912	1320	2232	3680	6528	
1840	2808	4384	6976	10560	15184	22944	
424	680	960	1784	3192	5864	10264	
344	440	864	1200	2128	3800	6072	
400	696	1136	2032	3768	6368	11112	
1928	3008	4752	7304	10744	16048	23976	
304	552	880	1664	2672	4552	8384	
384	536	664	1008	2216	3536	6256	
368	624	936	1520	2728	4696	8176	
2096	3224	5088	7576	11664	16592	24880	
408	576	952	1272	2000	3840	6352	
464	584	896	1464	2168	3904	6848	
240	520	944	1456	2688	4472	7864	
2112	3272	5312	8032	11784	17472	26056	
392	784	1352	2064	3440	5736	10040	
408	664	944	1672	2856	5192	8608	
416	640	880	1384	2800	5152	8848	
2160	3448	5832	9168	13512	19608	29072	
552	888	1512	2376	3896	6640	11040	
480	816	1408	2392	3848	6904	11360	
472	840	1400	2552	4480	7688	13088	
2240	3760	6216	9784	14520	21448	32344	
504	960	1432	2432	3672	6456	11776	
440	720	1072	1672	2968	4696	8216	
496	864	1216	2144	4008	7016	11776	
2184	3504	5448	8608	12968	19328	28464	
504	632	1304	1928	3104	5328	8456	
456	656	1120	2144	3376	6264	10400	
560	816	1360	2288	4416	7424	12984	
2336	3472	5384	8240	12544	19120	28520	
384	760	1392	2552	4464	8408	14488	
560	848	1344	2232	3744	6848	11384	
528	904	1336	2248	3824	6792	11232	
2408	3472	5248	7912	12088	17456	26472	
408	832	1240	2328	3984	6848	11320	
536	792	1360	1992	4016	6568	11880	
512	736	1096	1928	3072	5600	9328	
2272	3456	5200	7592	11448	16488	25200	
400	752	1264	1976	3248	5080	8928	
456	528	944	1656	2992	5248	9104	
488	656	1104	1344	2960	5344	9384	
2312	3344	5192	7456	11128	16704	24416	
320	560	920	1496	2512	4528	7608	
528	768	1320	2528	4680	8152	14712	
400	520	912	1560	2680	5224	9280	
2232	3408	5192	7680	11296	16704	24544	
336	456	776	1256	2040	3568	6392	
304	656	1016	1800	3104	5384	8824	
392	624	1000	1464	2472	4600	8056	
2424	3536	5216	7712	11576	16872	25312	
344	520	864	1296	2544	4488	7880	
184	512	768	1352	2176	4096	6992	
360	400	712	1064	1968	3464	5912	
2312	3432	5088	7488	11296	16464	24016	
344	600	1040	1800	3000	5176	9096	
352	760	1128	2048	4136	8768	17504	
400	680	992	2008	2864	5552	9120	
2392	3456	5176	7456	11096	15992	24440	
352	632	1016	1616	3248	5216	9024	
256	448	720	1240	2256	3984	7648	
320	568	984	1696	3000	5344	9064	
2280	3440	4912	7664	11104	16200	24384	
368	528	784	1312	2224	3808	6824	
352	648	1080	1600	2992	5144	8992	
456	592	1104	1832	2808	5408	8936	
2344	3448	5248	7960	11504	16736	25160	
312	576	768	1432	2504	4464	7656	
368	512	968	1704	3016	5144	9888	
368	568	824	1312	2032	4136	7088	
2432	3544	5192	7648	11472	16672	25280	
360	584	936	1536	2704	4656	7640	
320	656	968	1840	2648	4656	8256	
400	552	1072	1704	2688	4904	7984	
2432	3496	5152	7832	11424	16704	24608	
416	848	1256	2008	3424	5784	10424	
440	728	1168	1720	3152	5536	9608	
432	784	1208	1960	3384	6096	10392	
2288	3552	5328	7864	11544	16976	25536	
264	528	928	2040	3096	5280	8936	
376	640	1152	1784	2936	5416	9344	
536	728	1256	2152	3824	6784	11616	
2280	3544	5472	8240	12344	17968	26536	
512	784	1480	2376	3960	7624	12936	
584	968	1480	2208	3816	5784	9976	
544	912	1384	2400	4200	7288	12264	
2456	3608	5704	8592	12648	18744	28544	
440	712	1264	2240	3392	6176	10520	
568	880	1312	2240	4264	7480	13528	
512	776	1304	2344	4152	7528	13184	
2320	3648	5808	8712	12912	18968	28640	
336	712	920	1864	3280	6208	11440	
400	464	744	1544	2552	4392	7728	
536	752	1072	1952	3560	5944	10248	
2232	3544	5536	8592	12496	18208	27072	
280	520	840	1376	2368	4240	7168	
400	704	1128	2056	3728	6968	13528	
384	536	1112	1896	3112	5464	9128	
2216	3520	5368	8392	12232	17944	26392	
328	480	816	1280	2352	4072	7224	
328	520	832	1464	2496	4624	8040	
352	768	944	1552	2848	4576	8288	
2144	3488	5480	8328	12184	17920	26376	
392	608	952	1672	2872	5416	8952	
424	800	1184	2192	3960	7184	12144	
264	432	552	992	1896	3656	5960	
2152	3680	5616	8728	12944	18528	27176	
368	744	1048	1824	3136	5952	10024	
296	488	840	1608	2488	4464	7736	
344	632	1000	1704	4032	7256	12336	
2312	3712	6008	9288	13376	19232	28200	
320	632	1064	1624	2992	5376	9032	
392	512	840	1368	2376	4192	6936	
304	616	904	1360	2704	5608	8936	
2232	3664	5800	9256	13464	19200	28248	
376	624	960	1416	2432	3984	7584	
240	584	1000	1520	2744	5208	9416	
448	640	960	1544	2720	5360	9504	
2168	3728	6024	9208	13608	19496	28744	
280	760	1112	1544	2608	4968	9584	
280	480	704	1408	2584	4648	9000	
224	352	544	904	2168	3944	6672	
2088	3560	5992	9000	13512	19648	28536	
288	520	968	1352	2512	4240	7192	
368	712	1112	1704	3000	5360	9304	
312	416	808	1336	2264	3864	7296	
2168	3784	5896	9072	13392	19288	28144	
320	664	936	1736	2872	5776	10160	
248	336	560	1056	1920	3104	5464	
336	480	824	1568	2560	4568	8088	
2056	3552	5720	8920	13120	19144	28040	
208	480	712	1176	2024	3728	6200	
312	440	768	1152	2072	3664	6272	
216	336	584	1248	2040	3968	7024	
2048	3472	5840	8776	13136	19152	27784	
352	504	888	1608	3224	6320	12512	
232	496	896	1368	2248	4352	8016	
248	392	672	1280	2640	4800	8864	
2008	3536	5568	8752	12872	18496	27328	
272	496	936	1512	2296	4560	7512	
200	496	528	944	2024	3568	6360	
208	256	504	888	1824	3624	6760	
1944	3328	5256	8024	12080	17672	25752	
264	472	928	1640	2712	4968	8984	
296	456	696	1208	2152	3784	6664	
232	400	656	1088	2200	3912	6904	
2032	3296	5224	8272	12256	17360	25984	
312	416	672	1296	1984	3536	5656	
288	568	816	1552	3264	7048	12480	
304	384	888	1264	2216	4040	7792	
1992	3184	5184	7968	11952	17352	25976	
176	504	728	1144	1960	3640	6632	
192	368	680	1248	1984	4320	7800	
336	432	680	1168	2304	4008	6744	
1992	3224	5256	7952	11920	17440	25576	
208	416	848	1288	2016	3672	6440	
200	272	696	1040	1880	3696	6608	
232	384	648	944	1872	3000	5288	
2008	3208	5264	7896	11696	16744	24952	
272	512	840	1272	2056	3784	7056	
184	280	504	808	1576	3440	5712	
192	512	760	1256	2792	5400	9592	
1944	3240	4960	7792	11328	16584	24504	
200	440	800	1128	2048	3616	6064	
264	456	776	1400	2568	4904	8504	
312	432	744	1256	2088	3696	6864	
1968	3312	5128	7992	11472	16944	25064	
312	528	920	1472	2384	4168	7512	
352	536	976	1576	2920	5592	9600	
344	576	904	1416	2480	4544	7264	
2096	3320	5240	8080	12144	17480	26152	
240	504	896	1432	2464	4712	7920	
200	472	672	1544	2648	4448	8664	
312	360	816	1136	1928	3528	5896	
2000	3272	5320	8352	12432	18024	26328	
216	376	776	1232	2032	3496	6832	
312	400	584	1064	1760	4008	6856	
208	272	640	952	1664	3504	6096	
2056	3320	5344	8224	12224	17440	25688	
224	504	1024	1616	2672	4904	9808	
296	400	624	1016	1864	3576	6512	
168	432	768	1312	2232	3888	6864	
2136	3336	5392	8432	12312	18000	26352	
280	448	800	1304	2216	4048	7672	
208	464	632	1256	2288	4584	7624	
160	360	656	1320	2312	4048	6704	
2104	3200	5384	8480	12384	18416	26656	
488	736	1232	1952	3520	7024	11720	
344	664	848	1640	2736	4984	9160	
288	456	920	1624	3184	5584	9752	
2112	3400	5352	8456	12080	18048	26536	
264	528	928	1480	2312	4712	7896	
320	472	712	1328	2656	4448	8424	
280	440	832	1472	2576	4416	7408	
1896	3072	4960	7480	11264	16592	24376	
336	512	952	1592	2936	4616	8600	
240	368	608	1080	1928	3984	6656	
352	616	1008	1648	2896	4976	8976	
1792	2728	4496	7024	10232	15320	23048	
232	416	760	1344	2352	4104	7416	
368	600	1120	1728	3432	7144	13608	
240	584	960	1536	2512	4928	7720	
1688	2456	4128	6504	9688	14840	22224	
280	640	952	1568	2464	4760	7688	
336	512	1016	1584	2608	4968	8584	
312	720	1056	1536	2920	4896	8752	
1600	2384	3840	6472	9656	14160	21984	
376	512	944	1424	2688	4792	8080	
360	672	1096	1632	2728	4976	8816	
296	520	840	1656	2928	5136	8448	
1624	2424	4008	6288	9488	14344	21648	
352	576	1112	1880	3120	5264	9648	
320	464	800	1080	1936	3680	5936	
488	824	1128	1784	3416	6064	9984	
1680	2448	4088	6552	9600	14400	21720	
256	720	1016	1760	2968	5008	8512	
480	608	1024	2112	4072	8440	17072	
328	672	1040	1488	2632	4784	8040	
1744	2624	4360	6720	10152	14824	22368	
384	584	824	1368	2288	4096	6968	
352	504	960	1504	2440	4800	8680	
304	528	832	1608	2704	4776	8720	
1704	2640	4136	6560	10216	14880	23104	
328	496	848	1504	2624	4400	8008	
424	672	960	1760	3264	6032	10896	
240	296	744	1200	2296	4192	7464	
1728	2664	4288	6552	10344	15456	23344	
440	760	1144	1984	3272	5744	10192	
448	728	1360	1976	3904	6960	11984	
416	752	1096	1856	3096	5776	9936	
1824	2920	4608	7120	10712	15688	23096	
280	640	1016	1952	3544	6336	11256	
344	504	952	1648	2728	4960	8992	
520	784	1272	1944	3456	6176	10536	
1896	2968	4768	7392	10920	16136	23984	
304	624	1144	1768	2720	4992	9280	
392	712	1144	1768	3064	5552	9464	
408	784	1080	1952	3288	5800	10008	
2056	3136	4632	7392	11112	16184	24528	
344	720	1328	2352	4680	9128	16704	
328	552	904	1624	2888	4904	8584	
248	512	992	1456	3048	5424	9744	
2096	3240	5000	7160	10968	15896	23752	
320	440	728	1392	2408	4720	8208	
296	592	928	1624	3040	5592	9080	
272	432	776	1336	2512	4256	7416	
2192	3424	5024	7376	11208	16480	24648	
248	504	976	1864	3216	5592	10016	
328	480	880	1544	2608	4480	7632	
296	736	1176	1752	3064	5472	9312	
2184	3264	5064	7512	11296	17008	25504	
320	648	1152	1896	3088	5224	9328	
488	712	1224	2264	4176	7368	12336	
432	712	1136	1960	3336	5920	10232	
2208	3328	4984	7472	11208	16184	24480	
328	680	1128	1736	3056	5504	9784	
400	560	1144	1976	3352	5640	10280	
424	928	1424	2592	4344	7856	13008	
2216	3376	4720	7552	10960	16240	24880	
408	752	1200	2048	3688	6176	10664	
528	848	1328	2256	3840	6192	10320	
368	624	1064	1832	3208	5472	8968	
2240	3352	4808	7320	11080	15904	23880	
224	360	920	1376	2568	4728	8728	
192	560	872	1312	2768	5480	9320	
456	848	1368	2152	3920	6952	11896	
2248	3472	4912	7528	11232	16312	24536	
416	632	992	1840	3000	5384	9328	
312	536	720	1464	3056	4600	8184	
376	792	1288	2280	3560	6408	10752	
2328	3480	5008	7656	11232	16488	25080	
408	600	1088	2112	3472	5664	9680	
440	656	1328	2064	3224	5752	9600	
456	920	1480	2504	4152	6888	11624	
2288	3408	5224	7832	11448	17008	25208	
384	680	1288	2168	3672	6704	10536	
512	936	1344	2288	3640	6096	10480	
304	544	1032	1792	2848	5184	9160	
2320	3496	5160	7488	11224	16712	25320	
440	608	1056	1768	2976	5064	9008	
392	600	1152	1896	3312	5592	9904	
480	608	1256	1888	3256	5688	9128	
2416	3472	5280	7544	11272	16432	25416	
408	856	1352	2056	3488	6272	10552	
496	752	1184	2168	3648	6896	11688	
368	552	992	2000	3136	6176	10216	
2344	3464	5064	7320	10784	15736	23856	
360	720	1080	1824	3016	5144	8720	
368	680	1088	1744	3016	5216	8760	
520	840	1312	2320	4024	6656	10808	
2320	3552	5128	7464	10984	16032	24560	
792	1208	2096	3032	5112	8392	14488	
672	1136	1800	2784	4344	7176	11456	
680	1184	1808	3240	5120	8464	13760	
2832	4232	6136	9136	13024	19088	28784	
624	1088	1608	2896	4864	8080	12856	
600	976	1512	2664	4792	8232	13680	
656	1080	1472	2616	3768	6760	11008	
2960	4440	6528	9240	13688	20320	30128	
712	1248	1976	3088	5360	9712	15600	
632	1104	1696	2920	4392	7864	12528	
664	1016	1696	2592	4416	7128	11808	
2864	4224	6112	9016	13064	19216	28696	
512	912	1528	2384	3856	6688	11984	
640	1080	1688	2856	5232	9008	15968	
512	832	1472	2448	3856	6424	10232	
2752	4064	6104	8680	12752	18192	27752	
616	1032	1608	2536	4208	7168	13128	
600	1168	1448	2496	4328	7200	11800	
480	976	1648	2712	4416	7408	12472	
2568	4128	5408	8200	12104	17904	27008	
448	608	1128	2040	3552	5968	10072	
616	1008	1376	2400	4096	7264	11464	
608	984	1376	2288	4040	6320	10488	
