3152	34.27835	4624	36.5704	6408	38.8336	9216	41.06255	12944	43.1041625	18560	45.34925	27320	47.627	
1088	34.130725	1704	36.4332875	2776	38.8022875	4288	41.1050375	6072	43.230225	8944	45.4776375	12840	47.66645	
1280	34.007575	1912	36.36445	3016	38.449175	4952	40.602775	8448	42.80265	13968	44.893275	23504	47.4071	
1176	33.723025	2008	36.199675	3088	38.3319125	4864	40.7045	7424	42.8429875	11448	45.0171875	18144	47.2902	
2912	33.513225	4552	35.8837875	6960	38.1035625	10296	40.364125	14712	42.484575	21272	44.8278875	31312	47.204025	
1256	33.549675	1984	35.847325	3160	38.2552625	4608	40.5725	6688	42.774775	9576	45.0094	13680	47.37585	
1256	33.3366125	2120	35.855925	3256	38.032725	5096	40.2689375	8120	42.5798625	12448	44.96945	19136	47.354925	
1240	33.528075	1976	36.06925	2952	38.2454625	4520	40.4909125	6512	42.668525	9408	45.020475	14080	47.2851375	
2936	33.30865	4752	35.8562	7160	38.171825	10360	40.1908	15008	42.3556375	21864	44.6338375	32576	46.9520875	
1504	33.5255375	2312	35.8909875	3304	38.03725	5256	40.2188875	8120	42.444925	12856	44.7340875	18656	46.97025	
1304	33.48315	1992	35.8500125	3296	38.0314375	4984	40.34265	7264	42.594975	10544	44.8478125	15640	47.09325	
1512	33.4785375	2496	35.973675	4016	38.19955	6264	40.3761375	9392	42.3017625	14784	44.5901875	23688	46.81505	
3232	32.992825	5104	35.5851625	7584	37.80705	11232	40.0930125	16064	42.3081625	23160	44.4501875	34160	46.85115	
1552	33.0988625	2424	35.6661375	3704	37.93525	5232	40.08875	8008	42.3952125	11936	44.6924125	17400	47.05245	
1664	33.0883	2600	35.628725	4184	37.9207	6664	40.2339875	9648	42.3711625	14336	44.5677125	22072	46.84695	
1632	32.7131125	2856	35.2382625	4408	37.460975	7152	39.7574875	10984	41.94495	17160	44.3295875	26384	46.6925125	
3520	32.9756125	5528	35.109325	8472	37.466175	12448	39.6421375	17648	41.8193875	25416	44.04875	37192	46.428325	
1240	32.806275	2168	35.0841875	3424	37.355075	5520	39.5520625	9040	41.7940875	14072	44.02225	22096	46.370375	
1176	33.0696625	1832	35.3062125	2976	37.6826125	4336	39.9078625	6696	42.3208875	9816	44.5304625	14960	46.79315	
1232	32.9315375	2056	35.1386125	3528	37.4278875	5632	39.5945875	9072	42.0056125	14928	44.2777	22784	46.546775	
3376	32.880225	5304	35.10415	8024	37.525125	11896	39.6231	17264	41.8353125	25296	44.1343375	37176	46.460425	
1072	32.7679	2048	35.16615	3408	37.501825	5168	39.535	8744	41.7894	13888	44.132675	23048	46.48285	
1000	32.84025	1792	35.2508375	2544	37.538	4256	39.7914	6592	41.949325	9704	44.2365625	15088	46.570775	
1064	32.9095375	1776	35.401925	2904	37.778025	4768	39.9888625	7688	42.3752875	11480	44.5602875	18480	46.867125	
3144	33.311825	4984	35.4695375	7520	37.7081625	11448	39.8732	16576	42.2000375	23992	44.2924875	35776	46.7058125	
784	33.0782	1672	35.525575	2824	37.796825	4616	40.084275	6944	42.36865	10640	44.660175	14768	46.9501375	
1312	33.3993125	2096	35.791125	3288	38.0417	4792	40.2092875	7672	42.565725	11680	44.8321375	18008	47.05295	
1168	33.2278	2168	35.6331	3472	37.94445	5384	40.0109625	8632	42.42295	13136	44.6219875	20544	46.90445	
2960	33.697275	4736	35.8439625	7272	38.003925	10616	40.223075	15424	42.4141375	22344	44.6618375	32848	46.9450625	
840	33.385075	1728	35.7199125	2752	37.817	4752	40.0483875	7344	42.1157375	12288	44.428725	19384	46.6890375	
1072	33.4137875	2016	35.9403375	3240	38.0807375	5232	40.4026625	8080	42.4911	12584	44.6151875	20048	46.8998	
1152	33.3641375	1704	35.6651	2720	37.85185	4248	40.1131625	6832	42.1516375	11224	44.38625	18120	46.684675	
3096	33.406025	4856	35.6444875	7568	37.8517625	11232	40.0188375	16312	42.2594125	23712	44.482575	34936	46.6975375	
688	33.4069125	1272	35.81165	2232	38.1253	3896	40.3169875	5960	42.5714125	9864	44.7532625	16408	46.9219125	
1064	33.1631125	1768	35.6410375	2856	37.9668875	4648	40.0992625	7288	42.3434875	11744	44.61945	18200	46.9452375	
768	33.2599125	1336	35.8664875	2008	38.2130375	3200	40.414025	4704	42.5699625	7848	44.9722375	12648	47.085775	
2960	33.6511375	4696	36.1306375	6792	37.9172625	10544	40.0704375	15608	42.2017375	22960	44.4890875	34000	46.8129875	
608	33.3213	1424	36.0547	2624	38.060925	4472	40.2116375	6848	42.3080625	11888	44.65295	18784	46.8424375	
712	33.292875	1320	36.048575	2184	38.0518875	3296	40.1371125	5616	42.2782	9056	44.4971875	14632	46.8726625	
760	33.32065	1376	36.01035	2320	38.0967875	3776	40.1903375	5816	42.4388875	8560	44.6998875	12200	47.0080125	
2808	33.3528125	4576	35.733	7544	38.1418875	10944	40.281225	15984	42.448275	22984	44.64495	33560	46.9080125	
632	33.19775	1304	35.6895375	2080	38.0352875	3304	40.00425	5400	42.2071	8992	44.4107375	14664	46.6746625	
688	32.889	1352	35.4569125	2568	37.9320625	4128	40.046925	6608	42.4707375	9480	44.676125	13816	46.8963125	
928	33.0007	1528	35.7032125	2552	38.0259875	4056	40.1977875	6136	42.5863875	9696	44.9067625	14232	46.9716625	
2992	33.02635	4960	35.4019125	7800	37.8031125	11640	39.8296875	16776	42.0107	24424	44.2575875	35880	46.608075	
848	33.1187625	1632	35.658575	2896	37.9278875	5152	40.017325	8736	42.2790125	14056	44.5647375	20992	46.9447375	
744	33.1822	1240	35.6629375	2104	37.9806875	3168	39.9645125	5288	42.3862875	7744	44.689825	11736	47.046025	
840	33.2627375	1560	35.8290125	2552	38.193325	3944	40.148775	6456	42.5446625	10176	44.8447125	15872	47.064725	
3040	33.3878125	4800	35.76675	7520	37.9361625	11096	40.0350125	16344	42.3112625	23440	44.4338875	34576	46.714875	
624	33.1207625	1536	35.7938875	2800	38.1082875	4432	40.1248625	7360	42.456175	11736	44.621775	19480	46.8880875	
888	32.7704	1720	35.3802	2968	37.7137875	4920	39.7371	7944	42.054475	13128	44.4434	20512	46.812175	
928	32.7154125	1520	35.2211625	2392	37.6239	4016	39.857225	5760	42.1695875	8728	44.6689125	12760	46.999725	
3128	33.1419	5120	35.3594875	8056	37.848925	11736	40.1128375	16992	42.2445375	24448	44.4527125	35472	46.675775	
768	32.75045	1544	35.1313125	2512	37.5423875	4208	39.666275	6904	41.735025	11704	44.0621125	18632	46.377475	
904	32.8714	1424	35.2548125	2296	37.6542875	3864	39.9878375	6056	42.2292625	9088	44.5218	14192	46.767075	
840	32.751375	1456	35.2347375	2352	37.595175	3712	39.788275	6256	42.0555375	10184	44.28925	16008	46.544325	
2944	32.9641125	5144	35.4618625	7960	37.8574	11368	39.7924625	16824	42.144975	24440	44.33955	35992	46.678075	
712	32.743225	1208	35.43495	1816	37.5945375	3496	39.7330125	5184	41.8606	9024	44.141675	14008	46.3636625	
952	32.735275	1408	35.1481625	2640	37.3946375	4488	39.589775	7880	41.944225	12624	44.391925	18904	46.6943375	
864	32.87615	1280	35.2285	2352	37.535975	3528	39.7237125	5824	42.15365	8448	44.538675	11960	46.78115	
3040	33.2742625	5008	35.6200375	7768	37.6385375	11584	39.7279625	17304	42.1959125	25208	44.3840375	36752	46.668675	
544	33.2125375	1016	35.6279	1728	37.6327875	3080	39.745775	4824	41.9611125	7664	44.1603375	12584	46.464525	
760	33.2714625	1328	35.6582	2232	37.6944	3896	39.9088375	6320	42.2455125	9632	44.49165	14448	46.7794375	
808	33.4901	1464	36.009825	2528	38.051425	3848	40.2052875	6280	42.478025	10136	44.71645	16328	46.9236	
2824	33.4332125	4624	35.6280875	7216	37.6699	10976	40.1039625	15840	42.253375	23344	44.3926375	34408	46.6113625	
1000	33.801825	1728	36.1797875	2760	38.098225	4232	40.331225	6896	42.61375	11136	44.742975	18296	46.889275	
1032	33.8809375	1616	36.0054375	2808	38.0954375	4384	40.258025	6592	42.4248875	11104	44.661875	17464	46.9449	
888	33.7044375	1480	35.8862125	2560	38.0166	3976	40.318225	6224	42.5968	9648	44.8958	14280	47.119225	
2728	33.6892125	4424	36.153175	6712	38.189675	10368	40.3914	15136	42.6606375	21696	44.7071	32152	46.9287875	
1072	33.7093125	1752	36.0716375	3128	38.139325	4960	40.440125	7624	42.5732625	12992	44.834225	19696	46.9933	
1144	33.752725	1768	36.0483	2944	38.2022375	4608	40.6523375	7112	42.749075	10744	45.0085375	15880	47.2628125	
1632	33.5338625	2632	35.9235625	4040	38.1014625	6456	40.3989875	9616	42.4748875	15144	44.8679875	22520	47.1764	
2568	33.8614875	4232	36.230325	6544	38.2271625	9808	40.4377375	14384	42.6046	21320	44.7421875	31984	47.035375	
1048	34.4485375	1576	36.600275	2720	38.8723375	4304	41.136475	6768	43.4362	10232	45.530625	15384	47.7156875	
1032	34.4272625	1808	36.77045	2728	38.9032625	4360	41.08425	6872	43.457875	10536	45.6352375	16136	47.8526625	
1176	34.4967125	1784	36.7043875	2736	38.8686625	4544	41.302925	6128	43.4531375	9304	45.724825	13832	47.8855875	
2672	34.057075	4224	36.3684875	6304	38.4720375	9368	40.679225	13352	42.829	19624	45.1269	28800	47.3111125	
1568	34.048425	2272	36.4725	3528	38.6343875	4968	40.6378625	7400	42.7473	11344	44.942125	17944	47.262575	
1216	34.06715	1960	36.619425	3000	38.7610375	4400	40.9070375	6624	42.93035	9904	45.1244875	15520	47.4586	
1520	34.008875	2144	36.4518875	3408	38.6190875	5104	40.761875	7640	42.7585625	11360	44.9765125	17248	47.2367875	
3168	33.968975	4704	36.248125	6920	38.4404875	9776	40.5005	13496	42.562075	19640	44.6608	29336	46.802625	
1352	33.972825	2000	36.11195	3032	38.3229	4648	40.5180125	6832	42.6836875	10232	44.8640375	15048	47.1106125	
1448	33.5476	2512	36.0825875	3616	38.027575	6120	40.080275	9480	42.3342125	15384	44.48215	24664	46.6676125	
1248	33.471375	2008	36.081525	3088	38.2221375	4464	40.2564875	6824	42.5857125	10536	44.782625	16360	46.98105	
3488	32.9829375	5240	35.4685875	7912	37.6863	11320	39.9141	16248	42.1231	23032	44.1563375	34792	46.5531625	
1600	33.0036375	2280	35.3162125	3648	37.733225	5520	40.0284375	8232	42.2281125	12648	44.487075	19288	46.7213375	
1656	32.9889125	2824	35.5043125	4208	37.5835375	6440	39.9356875	10248	42.0775625	15760	44.368075	24104	46.70405	
1432	32.97765	2312	35.703675	3328	37.6545125	5288	40.0460625	8072	42.2079125	12816	44.625575	18696	46.977875	
3264	32.9850875	4904	35.1923875	7384	37.473425	10856	39.72265	15936	42.0104375	23320	44.214975	34200	46.5621375	
1336	33.1120625	2448	35.525925	4096	37.7284625	6312	39.9105625	10136	42.078075	16272	44.4022875	25008	46.7729375	
1912	33.3125875	2776	35.5352625	4536	38.0064625	6944	40.023025	10744	42.235925	16120	44.511275	23944	46.9415	
2024	32.7134875	3152	35.336775	5024	37.5702375	7696	39.8125625	11816	42.2672125	17760	44.5503	24856	46.961625	
3248	32.9899875	5064	35.4747	7344	37.4998	10600	39.6871375	15680	42.0034625	22672	44.1702125	33560	46.51845	
1368	33.4273125	2160	35.7770625	3912	38.0903875	5816	40.0494375	9208	42.392475	14224	44.5836375	21464	46.951325	
1424	33.4143875	2288	35.9224875	3536	38.0886375	5736	40.3549	8672	42.63025	12960	44.88535	19536	47.1581875	
1760	33.0744625	2872	35.507675	4272	37.6593	6784	40.00055	10256	42.0819375	16176	44.4387625	24920	46.68015	
3168	33.2326	5032	35.5086	6960	37.8107	10008	39.9925625	14776	42.43875	20872	44.7524	30512	47.116525	
1176	33.0616625	2056	35.4453375	2992	37.818525	4680	39.99195	7472	42.5393875	11224	44.918475	16288	47.2836	
1304	33.500825	2040	35.7845625	3200	38.0931125	5224	40.31615	8352	42.5270875	13176	44.771825	21400	47.0683375	
1352	33.6251875	2152	36.15475	3096	38.2958625	4672	40.4235625	7648	42.7425875	11792	44.883275	18312	47.1717875	
3216	33.337775	4808	35.7687625	7016	38.12215	9984	40.426625	14248	42.6639625	20176	44.8272125	30008	47.2204125	
1088	33.5237125	1776	36.0934875	3016	38.447625	4200	40.731675	6664	43.0666375	9544	45.2034375	14256	47.554075	
1056	33.9723	1880	36.7702625	2632	38.9102625	4368	41.1732125	6896	43.367575	11080	45.4148375	17752	47.6111125	
1168	34.1372	1848	36.8801125	2672	38.9139875	4280	41.1601625	6608	43.3714	10584	45.7665125	16096	47.8446875	
2384	34.2599125	3544	36.5374875	5272	39.047925	7304	41.301325	10224	43.57885	14648	45.7704375	21328	47.9569625	
1048	34.862975	1440	37.4447875	2144	39.583775	3384	41.85695	5304	44.1281625	7808	46.270375	12696	48.4406125	
872	34.9411	1376	37.563275	2128	39.673625	3320	42.0732375	5360	44.2549	8312	46.4871375	12480	48.5916	
784	35.299075	1232	38.10225	1896	40.2232125	2816	42.453325	4488	44.710275	6856	46.74175	11056	48.7643875	
1896	35.496125	2688	37.9240125	3752	40.0257125	5320	42.4729625	7768	44.7565625	10696	46.7746625	16384	48.97345	
960	34.7925875	1568	37.99985	2384	39.8408875	3400	42.2898	5096	44.59105	7640	46.7040125	11512	48.9124875	
1024	35.0522125	1304	37.790925	2056	40.0988375	3256	42.1343	5416	44.4026875	8632	46.6973375	13112	48.8006875	
1104	35.182175	1512	37.7798625	2000	39.9493625	3208	42.179875	4936	44.3587375	7208	46.5609625	10648	48.548825	
2256	35.0079875	3144	37.335	4744	39.7234	6448	42.0197375	9224	44.201525	13280	46.4208625	19400	48.5817875	
1392	34.946875	2000	37.473	2784	39.6052125	4048	41.9588	6152	43.816875	9664	46.0149	15112	48.1595625	
1424	35.287575	1904	37.60455	2632	39.6226	3728	41.9962625	5688	43.884775	8808	45.9050375	14392	48.1732125	
1200	34.6438625	1992	37.2190875	3128	39.4278	4392	41.6874	6712	43.694225	10072	45.8186125	15784	47.97585	
2880	34.4151875	4200	36.8091875	5936	38.9471625	8328	41.1393125	11616	43.3328375	16784	45.4966125	24776	47.717625	
1808	33.4527	3000	36.1246375	4432	38.3332875	6384	40.4241125	9560	42.7150875	14344	45.154125	20520	47.290525	
2040	33.1347625	2984	35.4963625	4856	37.957175	7048	40.0080875	10744	42.331575	15840	44.5366625	23928	46.8374125	
1992	32.8953625	3160	35.3141625	4392	37.4808	7400	39.69445	10984	41.9978875	17488	44.2835	27008	46.6198375	
3984	32.5018375	6000	34.9950375	8592	37.1364	12032	39.2178875	17424	41.5814	25448	43.8931	36784	46.18985	
2184	31.8432625	3408	34.2570125	5640	36.7094625	8752	38.958725	13480	41.277725	20912	43.545175	31856	45.9577625	
2160	31.7414	3464	34.2538125	4968	36.6124375	7832	38.91865	11472	41.4446125	16472	43.722475	23336	46.10325	
2184	31.584175	3304	33.95625	5312	36.3919375	8568	38.6890125	13192	41.2416625	19848	43.6597625	29352	46.010925	
4440	31.404675	7128	34.1301125	10432	36.331775	14472	38.6129625	20848	40.998875	30168	43.282575	43960	45.631975	
1936	31.47185	3080	34.225075	4704	36.4884	7360	38.83045	11192	41.2427	17208	43.59115	25336	45.9731	
1792	31.57065	2736	34.17505	4352	36.506925	6768	38.9012125	10248	41.286825	15024	43.7678375	21456	46.16125	
1792	31.9377125	2904	34.4436875	4376	36.779575	6648	39.2101875	9944	41.3569375	15672	43.77085	23824	46.0814375	
4488	31.712275	7008	34.31015	10016	36.4429	14496	38.7295375	20576	41.0539375	29568	43.3737375	42992	45.873275	
1856	31.570475	3128	34.3802375	4648	36.4475	6968	38.7553625	10824	41.2326625	15616	43.7148125	22280	46.0347875	
2048	31.977	3032	34.52425	4808	36.7580625	7512	39.1301375	11016	41.4385125	17304	43.8424625	26472	46.064025	
1848	31.9287125	3016	34.63935	4680	36.7779625	7360	39.0940125	11696	41.3984125	18248	43.70785	28176	46.066025	
3728	32.214225	5752	34.588575	8416	36.8954875	12144	39.1657875	17392	41.4807625	25288	43.675375	37712	46.133	
1520	32.3591625	2696	34.9283625	4136	37.2199625	6096	39.42655	8936	41.808025	13344	44.11555	19696	46.5499625	
1720	32.3790625	2904	34.95625	4384	37.2401	6864	39.5479	10064	41.8599625	15328	44.0099125	24024	46.3142875	
1936	31.9163625	3336	34.505525	5128	36.8610875	8032	39.0356625	12424	41.457425	18888	43.5588375	30080	46.0603125	
4136	31.7460625	6480	34.2686125	9688	36.4073	13984	38.7303875	20088	40.9186875	29376	43.2789	43624	45.69075	
1904	31.4271375	3248	34.086025	5016	36.2999625	7344	38.609	11864	41.08315	17200	43.49435	24624	45.8331125	
2312	31.426475	3928	34.00355	6056	36.2186125	9336	38.4934875	13784	40.821075	21208	43.1035625	33672	45.568825	
2224	31.2765625	3776	33.8922875	5424	35.9606625	8512	38.310875	13176	40.623425	20728	43.0066	31336	45.3710375	
4520	31.5763	6944	34.0429875	10240	36.354475	14552	38.6271625	21136	40.8314625	29928	43.0027	44920	45.475125	
2152	31.3974375	3408	33.883275	5696	36.1987375	8280	38.30755	13656	40.623775	21928	43.012925	33936	45.360125	
2008	31.6788375	3520	34.439375	4992	36.5288625	7360	38.7469625	11240	41.1453625	16304	43.548775	22912	45.8159125	
2056	32.2526125	3032	34.7782625	4472	36.9352	6688	39.1192125	10264	41.4759	15264	43.7465375	23040	45.9221625	
4024	32.002075	6384	34.574	9216	36.8464625	13080	38.9988375	18792	41.29685	27256	43.5883375	40000	45.977225	
2104	32.1272875	3480	34.8307125	5056	37.0195625	7392	39.2097125	11008	41.500025	16456	43.9768375	23880	46.2192625	
2384	32.31635	3392	34.7618	4976	37.1506625	7280	39.3142375	11160	41.680975	16152	43.99645	23568	46.227975	
2032	32.233625	3424	34.9318125	5296	37.2936625	7504	39.4326	11376	41.7095125	17888	44.012875	27656	46.2091125	
3864	32.4784	5904	35.0962625	8320	37.28905	11408	39.439175	16552	41.8059125	24120	43.9866875	35224	46.276125	
1736	32.2637875	2912	34.9561	4544	37.1278375	7008	39.3921375	10744	41.7464	16272	44.09515	23824	46.346925	
2304	31.842475	3832	34.6199375	6096	36.900875	9120	39.2843875	13600	41.4419625	19976	43.645	31120	46.011375	
2064	31.920425	3432	34.8686875	5072	36.8833625	7704	39.1839875	11992	41.3762	19368	43.7799625	28888	46.0755625	
4296	32.3251125	6352	34.719675	9072	36.9736	12696	39.294675	17928	41.4763375	25776	43.7748125	38624	46.1497375	
1912	32.2044625	3176	34.8451125	4672	36.9699875	7200	39.213425	11280	41.509975	17120	43.7793875	26952	46.104475	
2304	32.28315	3392	34.7685	4984	37.0660875	7680	39.35715	11384	41.66985	16760	44.1439875	24368	46.4167375	
2048	32.0559	3232	34.5902375	4808	37.024625	7080	39.307125	10272	41.7091625	14648	44.144125	20240	46.3395	
4008	31.921975	6464	34.651575	9280	36.8091625	13040	38.9625125	19064	41.296025	27696	43.6048	39840	45.8319375	
2056	31.821075	3488	34.46635	5664	36.579325	8504	38.7406	13456	41.029875	21336	43.433825	33264	45.766025	
1856	31.6281875	3264	34.484175	4752	36.5874125	7128	38.682625	11160	41.0838125	17216	43.4196	26752	45.8479125	
1936	31.71385	3080	34.4561125	4696	36.6290375	7360	38.956175	10544	41.301025	14864	43.6786	20592	45.9246375	
4864	31.6172375	7448	33.94635	10784	36.3084625	15520	38.6257875	21744	40.8314625	31184	43.166325	46152	45.541025	
2424	31.5058375	3824	33.8772375	5792	36.09985	8800	38.236725	14008	40.6431875	21536	43.0080125	32912	45.465	
2496	31.1871375	4424	33.6257875	6584	35.8345	10144	37.8896125	17280	40.3064625	28784	42.7375375	45888	45.4534	
2024	31.3970625	3656	34.057375	5192	36.19665	8176	38.4717	11520	40.7508625	16400	43.1279	23072	45.6793125	
5344	31.1711125	8072	33.7615	11544	36.106475	16144	38.1324	23096	40.4994375	33200	42.7534125	49208	45.259225	
2264	30.8254375	3696	33.3595875	5840	35.6207875	8960	37.7422875	14344	40.1271125	22768	42.57065	35072	45.016275	
1776	30.9430125	3008	33.4911625	4712	35.886075	7320	38.1521625	10896	40.6361375	15784	43.0154	22304	45.461225	
2424	31.3178125	4192	33.9758125	6272	36.1398375	9616	38.342725	14504	40.7526875	22216	42.98045	35008	45.4111875	
5328	30.96125	8120	33.332325	11968	35.774425	16928	38.0547625	24448	40.23935	35448	42.6508875	52104	45.165025	
2632	31.2837	3976	33.58295	5960	35.8786	9048	38.115475	14248	40.6827875	20616	43.0853125	29496	45.57155	
1976	31.240225	3704	33.9038875	5472	36.1098875	8496	38.42075	12792	40.7440125	20168	42.988025	31704	45.41345	
2192	31.3558875	3280	33.8151125	5408	36.2454875	7872	38.3687625	12504	40.66595	19720	42.9451	30448	45.389925	
4808	31.1967875	7600	33.7796875	10968	36.1256375	15584	38.429025	22392	40.723325	31488	42.9827625	46480	45.4280125	
2384	31.2931375	3976	33.991375	5736	36.1626625	8632	38.3720125	13416	40.682675	21248	43.0480625	32896	45.4579625	
2344	31.6542	3480	34.139975	5160	36.3215375	7816	38.6195125	11824	41.0025	16776	43.3077625	23984	45.7747875	
2256	31.6352625	3536	34.1782375	5624	36.5743125	8456	38.6989	13176	41.1725375	19640	43.66155	28960	46.0001	
4312	31.8652875	6600	34.3526375	9464	36.6328125	13544	38.8792625	19032	41.1068125	27224	43.371475	40744	45.7751875	
1912	32.1970125	3336	34.8339	4720	36.9310625	7344	39.1757625	11512	41.4579375	17664	43.6636375	27800	46.0260375	
1912	32.3859	3000	34.9484125	4672	37.1618375	6888	39.304875	10728	41.7293125	16016	43.9647125	22944	46.3135125	
1992	32.349675	3144	35.0535	4760	37.16715	6672	39.187125	10256	41.4884375	15432	43.849125	22256	46.116825	
4360	31.7234875	6632	34.2323125	9560	36.5141	13632	38.8599125	19096	40.9707375	27864	43.2631875	41416	45.61245	
2176	31.3023875	3720	34.0308375	5600	36.40555	8248	38.6226875	12472	40.7994	19040	43.1238375	29856	45.530725	
2080	31.4267375	3176	34.1274375	4888	36.4422	7176	38.59515	11064	40.863875	16680	43.2509	23928	45.62505	
2504	31.7683	3928	34.1986375	5880	36.4453875	9160	38.6491125	14096	41.0109	21336	43.228025	32992	45.563625	
4944	31.295525	7480	33.746025	10744	36.0588625	15096	38.3295875	21936	40.757175	31128	42.998575	46440	45.445375	
2064	31.212	3584	33.74165	5872	36.2728875	8496	38.3852625	13120	40.9046875	20312	43.127725	31160	45.429125	
1904	31.3671	3264	33.9663	5136	36.3623125	7888	38.59415	12400	40.8788	19512	43.2093375	29472	45.5934	
2136	31.2609125	3480	34.02315	5520	36.4320875	8048	38.7174375	11976	41.0120125	17320	43.4365125	24816	45.7896125	
4904	31.43255	7448	34.0709875	10728	36.2792375	14952	38.5163375	20992	40.824775	30328	43.0887875	44896	45.59145	
2272	31.63815	3360	34.297325	5136	36.675525	7592	38.95975	10896	41.2933375	16864	43.5884125	25232	45.7969875	
2328	31.83645	3616	34.3217	5696	36.6446125	8632	38.797925	13304	41.1488125	20640	43.5820375	31536	46.0569875	
1888	32.07595	2896	34.5355125	4600	36.8317625	6592	38.994525	10208	41.5505125	14912	43.8826125	21776	46.3338875	
3752	31.8869625	6112	34.6625	8480	36.7737	12568	39.214025	17632	41.4579875	25496	43.6817125	37824	46.0189	
2024	32.42295	2952	34.7811	4288	36.9579625	6512	39.1837625	10200	41.5379625	15768	43.7656875	25232	46.21485	
1480	32.3488625	2736	35.0619875	4040	37.4595375	6080	39.617	9336	41.897425	14304	44.1893625	22544	46.5994375	
1592	32.52505	2464	35.122375	3664	37.3814125	5792	39.6436875	9464	41.9477875	14400	44.1428375	22552	46.4925375	
3512	32.806175	5384	35.1934125	7472	37.345425	10768	39.72755	15408	41.967	22224	44.1551375	33400	46.5644375	
1384	32.5271125	2312	35.0803125	3680	37.210825	5632	39.5032875	8824	41.7981375	13552	44.019125	21256	46.3764875	
1552	32.8084625	2416	35.3588375	3664	37.45675	5048	39.6281125	8112	42.04735	12392	44.3590875	17888	46.6560625	
1512	32.8418875	2344	35.45855	3560	37.7080375	5712	39.9282375	8232	42.1772125	12640	44.5551	18336	46.73305	
3432	32.6538625	5224	35.3174625	7440	37.5509625	10624	39.8092625	14960	42.038725	21888	44.242825	32216	46.5709	
1552	32.5204375	2488	35.0770375	4064	37.4016125	6032	39.7481875	9488	41.9856	15024	44.4380125	22720	46.841725	
1448	32.524825	2368	35.1851125	3736	37.5947625	5112	39.776325	7808	42.1983125	11320	44.62305	16016	46.869825	
1784	32.4814375	2760	35.2802125	3968	37.550625	6312	39.914875	9352	42.1642625	14184	44.570425	20936	46.827575	
3856	32.3842	5728	35.108825	8152	37.3370875	11688	39.5121125	16520	41.932775	23696	44.110675	34488	46.371825	
1608	32.3106125	2672	35.0170125	4056	37.2858875	6104	39.3732125	9432	41.6758	15080	43.946475	23512	46.260875	
1864	32.67025	3088	35.3051625	4440	37.5576125	6336	39.74625	9824	42.1232125	14936	44.366	22040	46.5363375	
1720	32.73025	2944	35.437975	4480	37.5217875	6992	39.894175	10632	42.047725	16616	44.336325	24992	46.5557875	
3560	32.722875	5488	35.2064125	7896	37.368525	11120	39.4852375	15992	41.709275	23352	43.9592875	35264	46.4520625	
1992	32.5865125	3352	35.1993625	5280	37.3607625	8064	39.6738	12248	42.0063875	18144	44.3767625	25552	46.69225	
2080	32.5341125	3184	35.119975	4912	37.3578	7056	39.603125	10896	42.0198375	15880	44.4808625	22992	46.7583625	
1768	32.5317625	2896	35.2089125	4208	37.3642875	6424	39.68425	9128	42.0549625	13568	44.485675	18648	46.66045	
4000	32.0662875	6144	34.827125	8984	36.9828	12648	39.2269125	18248	41.539375	25824	43.8847125	37816	46.1863625	
1752	32.120275	2824	34.8632375	4224	36.99675	6680	39.4615375	9920	41.688025	14360	44.09235	20968	46.451525	
1752	32.7030875	2688	35.29935	4168	37.460075	6544	39.6965125	10128	42.0001125	15768	44.4704375	23208	46.7421375	
1552	32.7147875	2488	35.4498375	3616	37.5508375	5640	39.76425	8672	42.064625	13192	44.621225	19800	46.834075	
3704	32.7189625	5456	35.009075	7888	37.2888875	11384	39.5816625	16480	41.8407625	23480	44.14335	34208	46.391775	
1528	32.691075	2224	35.01225	3344	37.290175	5352	39.633775	7920	42.0248125	11336	44.3851	16112	46.6416125	
1504	32.3862625	2968	35.309625	4384	37.3101375	6640	39.6915375	9504	42.0002375	14768	44.47805	21736	46.8479375	
1984	32.41895	3040	35.1508125	4520	37.1660375	7200	39.6350875	10776	41.8243625	16632	44.0261375	26800	46.321525	
3592	32.3619625	5608	34.9285375	8248	37.3495125	11784	39.4852375	16880	41.8532875	24096	44.046925	35216	46.4169625	
1576	32.60075	2208	35.1811875	3456	37.493475	5280	39.7243	7464	41.9547875	11504	44.3079125	16560	46.625825	
1848	32.211175	3048	35.0621625	4368	37.2500375	6864	39.513575	10576	41.8144375	16184	44.302375	23632	46.633475	
1856	32.4160625	2848	35.01185	4176	37.2464	6552	39.518875	10096	41.928225	15088	44.384	22216	46.70955	
3608	32.71795	5752	35.3124125	8240	37.368175	11744	39.7324	16712	41.905825	24032	44.10195	35472	46.4177625	
1368	33.142375	2224	35.83825	3320	37.796925	5000	40.1260125	8104	42.483925	13048	44.5768875	21032	46.9297	
1152	33.1710125	1880	35.833575	3096	38.0929375	4568	40.1735125	7136	42.5189125	11608	44.7726125	18320	47.1287375	
1328	33.2446125	2240	36.07255	3112	38.0766125	4952	40.3880875	7648	42.607425	11840	45.018	18664	47.3792625	
2888	33.37645	4544	35.9056875	6880	38.3108625	9544	40.34	13560	42.5867125	19824	44.8335	29352	46.9988625	
1104	33.5305125	1720	36.081725	2616	38.4558875	3936	40.6043375	6184	42.8917875	9192	45.0910875	14776	47.285325	
1064	33.505325	1976	36.414025	2752	38.6558375	4160	40.8280375	6368	43.0684625	10240	45.40925	15240	47.5687625	
1272	33.9088875	1744	36.5877125	3000	38.9215	4024	40.861625	6624	43.36565	10144	45.4855375	16240	47.6612875	
2840	33.487225	4272	36.2426625	6104	38.528375	8736	40.8384875	12120	43.117575	17480	45.264125	25616	47.63755	
1184	33.82415	1696	36.52085	2768	38.7782125	3840	40.940725	5912	43.160925	9848	45.5955375	14592	47.8215125	
1296	33.8035875	1984	36.415525	3024	38.7546375	4472	40.9623375	6952	43.341525	10360	45.55355	15816	47.8928625	
1248	33.7735875	1984	36.5420625	3192	38.8878	4512	40.85185	6760	43.1661125	10712	45.5199875	16536	47.9306875	
2720	33.7506875	4048	36.1704875	5928	38.5862875	8320	40.8119125	12104	43.0147	16840	45.1214875	25472	47.4568625	
1056	33.8706125	1776	36.386625	2448	38.508975	3672	40.9058	6064	43.3705125	8848	45.53015	13160	47.754275	
864	33.456175	1632	36.280775	2504	38.4691125	3856	40.79175	6080	42.9539625	10144	45.278675	16848	47.528175	
760	33.861975	1056	36.518125	1640	38.790625	2624	41.2464625	3848	43.3004375	6256	45.4310125	10264	47.6277	
2608	33.744525	3880	36.306075	5832	38.4871125	8104	40.6445125	11664	43.065125	16560	45.146325	25000	47.4908125	
744	33.182775	1360	35.8575125	2216	38.236825	3616	40.4591625	5744	42.816775	9440	45.0985	14480	47.42835	
1008	33.2491	1664	35.9867375	2424	38.292975	4048	40.6173375	5960	42.71655	9680	44.9962125	15472	47.20895	
600	33.582725	952	36.17555	1488	38.458425	2328	40.6719125	3520	42.7562125	6568	45.074275	11320	47.322725	
2896	33.5523125	4288	35.9438625	5776	38.2446875	8392	40.6943125	11704	43.0796	16560	45.15415	24736	47.4445875	
1024	33.0472125	1728	35.5098875	2824	37.8351625	4256	40.20805	6776	42.511125	10664	44.699975	17808	47.0782625	
592	32.8554875	1064	35.387525	1528	37.819225	2552	40.1570125	4264	42.64495	6616	44.9201375	10216	47.3186	
1008	32.8832875	1344	35.3210625	2008	37.742275	3520	40.2424625	5424	42.7334875	8096	44.9978375	12376	47.3251125	
3344	32.6446375	5272	35.206175	7384	37.8549875	10184	39.8129375	14584	42.18665	20960	44.4387625	31280	46.9088125	
632	32.4054875	1312	35.2869375	1520	37.6576125	2544	39.7343375	4088	42.1876	6432	44.599375	9272	46.9971125	
856	32.6747125	1256	35.2916625	1920	37.7289125	3248	39.8067	5568	42.2390875	9200	44.7351375	14176	47.0917875	
792	32.5364125	1456	35.3270125	1920	37.6576125	3104	39.7933375	5160	42.26205	8880	44.73385	13872	47.1166875	
3680	32.689725	5520	35.0467	7808	37.5782375	10920	39.7122375	15280	42.0062125	22312	44.3228375	32192	46.594775	
744	32.83345	1296	35.2476375	1704	37.5171875	3232	39.703475	5928	42.0370375	10040	44.469425	16128	46.818	
704	32.91215	1128	35.415675	1672	37.58	2456	39.765575	4352	42.1817625	7096	44.5986125	11016	46.9923	
744	33.289825	1256	35.93715	1952	37.8396875	3328	40.0287875	5600	42.1663875	10248	44.4741875	18184	46.7464	
3432	32.54465	5144	35.2428625	7344	37.605775	9848	39.8557125	14712	42.2909125	20768	44.4361375	30952	46.929825	
824	33.1556375	1224	35.7616375	1576	37.9509875	2184	40.01575	3688	42.410775	6488	44.8712375	9584	47.2468125	
816	32.964375	1352	35.769775	2216	37.9786625	3472	40.1142	5512	42.358675	9288	44.591525	16296	47.0051375	
648	32.9927	944	35.8258125	1496	38.2699125	2152	40.2065375	3560	42.5599	6336	44.8679	9984	47.0717875	
3120	33.3690125	4632	36.050675	6704	38.370875	9304	40.4827875	12912	42.8329625	18312	45.1172	27160	47.3806125	
472	33.5988375	824	36.3835375	1232	38.4288875	2256	40.7361	3384	42.7929625	6072	45.0521125	11032	47.37965	
616	33.7145625	912	36.5974375	1312	38.64105	1960	40.996725	3456	43.3288125	5472	45.5633	8992	47.7237625	
456	33.65385	664	36.4253875	1168	38.584075	1880	40.923975	2800	43.0621375	4936	45.251075	9240	47.4731875	
3008	33.562725	4304	36.2754	6248	38.7470125	8480	40.8373125	11776	43.1089625	17056	45.3111125	24792	47.55925	
976	33.36345	1376	36.013525	2096	38.1571875	3808	40.5070125	6176	42.6824375	9944	44.9655375	15968	47.22455	
1000	32.980675	1672	35.75225	2328	37.766375	3936	40.186575	6168	42.6212625	9752	44.8944375	14464	47.2176125	
528	32.6796	1064	35.633075	1768	37.7875125	2896	40.2501375	4368	42.5683625	7400	45.00725	11232	47.33825	
3544	32.906025	5384	35.4921375	7176	37.822725	10056	39.9496625	14192	42.363825	20208	44.5216	29832	46.8626875	
752	33.1056625	1232	35.8173	1600	38.061525	2520	40.1415625	3552	42.2200125	5840	44.318175	10384	46.6352375	
824	33.0842375	1216	35.982825	1760	38.162075	2888	40.1583875	5408	42.4833375	8560	44.6218875	14016	47.1163875	
520	33.2610125	672	36.0371125	1216	38.407725	1952	40.5536875	2856	42.80285	5336	45.1099625	8688	47.3324375	
3624	32.76485	5504	35.5298875	7032	37.7499125	10080	40.02535	14400	42.3850875	20504	44.5696875	29960	46.8787375	
680	33.351175	832	35.7531375	1480	38.1149	2120	40.21515	4152	42.6795125	7144	44.9677125	12024	47.0782125	
520	33.0790375	864	35.49185	1472	37.9091875	2472	40.0787875	4216	42.55885	6792	44.726175	12384	47.080425	
504	33.2927125	672	35.6011625	864	37.903725	1464	40.1637	2304	42.7422375	3560	44.9130625	5480	47.2828875	
3576	33.0888625	5248	35.3869875	7184	37.59695	10232	40.1135875	14464	42.3379375	20872	44.595475	30648	46.87615	
816	33.5627375	1200	35.9265375	1656	37.998275	2536	40.311375	4304	42.6271125	7568	44.9022625	12568	47.1159375	
744	33.651625	960	35.8248375	1472	38.1234625	2152	40.3391625	3368	42.63595	5648	44.8629125	10104	47.2581125	
704	33.5692875	1208	35.9348125	1840	38.200475	2568	40.35975	4464	42.7406875	7392	44.9131125	12384	47.390525	
3520	33.023325	5176	35.4862375	7216	37.9590625	10104	40.1686625	14112	42.4475625	20120	44.609	29480	46.9531375	
1160	33.143625	1544	35.3962625	2344	37.7855875	3776	40.0660125	6048	42.478125	9640	44.7262375	15568	47.122725	
1008	33.65815	1456	35.969775	2176	38.17765	3384	40.229575	5976	42.7547125	9512	45.0154125	14880	47.3361875	
864	33.5196875	1496	36.113	2160	38.329825	3256	40.450625	4920	42.800325	7680	45.1275375	12392	47.4812125	
3392	32.864975	5056	35.4280625	7016	37.6405625	9872	40.069	14312	42.52915	20104	44.7171125	29472	46.96745	
1032	32.879525	1480	35.5017375	2480	37.7499	3664	40.03565	6008	42.2795	9656	44.5699125	16024	46.7962375	
1080	32.92835	1688	35.64125	2448	37.9047375	3264	40.07495	5032	42.4486625	8112	44.8502625	12208	47.0703125	
928	32.697925	1560	35.42915	2472	37.8160625	3616	40.05665	6072	42.4381625	9320	44.754575	15408	46.952	
3752	32.745475	5456	35.2290125	7520	37.558825	10480	40.1318625	14912	42.3826875	20808	44.76685	30048	47.124275	
944	32.9997625	1392	35.4542	1968	37.6389875	3168	40.3060125	5064	42.674125	7784	45.12505	11592	47.399575	
1032	33.498375	1568	35.953	2528	38.3359375	3560	40.791375	5840	43.044875	9224	45.305575	15376	47.5621	
992	33.741275	1416	36.29225	1936	38.5102	3160	40.9023625	5008	43.0085875	8648	45.2731125	14744	47.6624375	
3008	33.6270125	4512	36.0205125	6216	38.3018375	8496	40.628	11936	42.8899875	17528	45.2962	25816	47.69535	
832	33.9256875	1296	36.43215	2080	38.774075	3096	41.101725	4392	43.4979	6744	45.65015	10384	47.914275	
800	34.1624125	1440	36.6169	2120	38.8398375	3232	41.119825	5352	43.45215	8552	45.6927375	13400	48.0534375	
824	34.4124625	1128	36.7334625	1800	39.1250625	2768	41.269475	4280	43.522225	7064	45.8280625	11240	48.1493	
2584	34.154675	3976	36.7079125	5448	38.8300625	7968	41.2825	11112	43.403375	16064	45.5787125	24032	47.8817125	
760	34.2937625	1272	36.7731375	2176	39.1539875	3192	41.300975	5176	43.4296125	8568	45.594325	14064	47.7327125	
696	34.25445	1128	36.864475	1592	39.089475	2808	41.3584125	4640	43.6082125	7512	45.8110125	11856	48.1285375	
848	34.18485	1312	36.906925	1936	39.1191125	3056	41.5056375	4616	43.7084125	7496	45.9039875	11608	48.2044875	
3208	34.1777	4576	36.4857	6400	38.7797125	8688	41.0625125	12104	43.3109	16992	45.4742875	25664	47.8099875	
824	34.11775	1248	36.53805	1856	38.6536375	3152	41.05995	5408	43.292475	8288	45.3887	13936	47.7190125	
808	33.932025	1184	36.0516875	2248	38.6895	3320	41.03015	5448	43.304775	8928	45.6034125	13304	47.8709625	
1520	33.2822	2712	35.8304375	4056	38.21325	6248	40.6117125	9680	42.9545125	14520	45.308925	20840	47.651025	
2720	32.939125	4320	35.4573	6896	37.959925	9840	40.161325	14224	42.505025	20488	44.7312875	30120	47.228825	
896	33.0661	1456	35.5703625	2504	38.0641	4128	40.3310875	6736	42.6844125	10560	45.12875	15096	47.4867625	
1200	32.832125	2256	35.6953625	3296	38.1031375	5016	40.3242875	7944	42.651875	12376	44.77905	19464	47.2629	
1400	32.930775	1960	35.453675	3288	37.911625	4928	40.04075	7904	42.39635	12336	44.7007125	19392	47.3327125	
3168	32.8715375	5064	35.42695	7240	37.8107875	10688	39.9373375	15456	42.205525	22400	44.524925	32784	46.9206	
1408	33.02975	2224	35.5849125	3624	38.087275	5304	40.3287625	7848	42.5454125	11968	44.9313625	17896	47.3727125	
1400	33.3637375	2120	35.9041875	3200	38.1794875	5144	40.47765	7544	42.6207375	11984	44.964	18504	47.1840875	
1168	33.1743125	1968	35.6162625	3008	37.8853125	4744	40.1924875	7168	42.2401125	11872	44.6852625	18632	47.0785125	
3320	32.5965375	5208	35.228375	7712	37.49555	11152	39.7461625	16328	42.1151375	23696	44.3622	34424	46.767075	
1312	32.533375	2232	35.1506125	3440	37.3131875	5192	39.5612625	8192	41.96685	13384	44.5365	19184	46.8322	
1312	32.4005375	2176	35.1247875	3192	37.2891375	4960	39.5083125	7608	41.9998375	11152	44.5077	16464	46.7899375	
1504	32.2770375	2392	35.01435	3848	37.2059875	6072	39.520175	9152	41.861475	13568	44.371225	20080	46.7236375	
3616	32.268875	5856	34.7228375	8688	37.1280625	12824	39.4936625	18168	41.6402125	26016	44.023925	37880	46.3083125	
1360	32.2446875	2112	34.662225	3392	36.966775	5232	39.2289125	8192	41.39585	12984	43.693725	20536	46.01185	
1840	31.9225625	3224	34.33035	5336	36.5602625	8888	39.02135	14144	41.4145	20656	43.8189125	29744	46.165925	
1832	31.8498125	2976	34.3179625	4488	36.665025	6256	39.032825	8944	41.3861625	13544	43.8397	18952	46.2003875	
3928	32.3093375	6088	34.7174375	9168	37.056	13016	39.20425	19112	41.4105875	27528	43.624525	41128	46.0355	
1784	31.7225	3136	34.2806375	5104	36.5453375	8280	38.7005125	13272	41.0063625	20560	43.3904125	31496	45.6923375	
2024	31.748775	3512	34.1402625	5440	36.4285875	8712	38.6119875	14552	40.74365	25000	43.0334375	42240	45.6768875	
1808	31.5573875	3472	34.284775	5232	36.3389	8744	38.7702125	13584	40.9343375	21024	43.3699375	30936	45.83615	
4664	31.6173875	7256	34.145475	10808	36.436875	15160	38.4868875	21760	40.6807125	32456	43.05095	47536	45.4014125	
1472	31.15675	2520	33.7192875	4216	36.071075	6808	38.3716375	10968	40.7607375	16216	43.1749125	23304	45.5792375	
1512	31.1318125	3128	33.964575	4520	36.218175	7360	38.490875	11408	40.7813125	18600	43.081675	30760	45.444275	
1728	31.4049625	2536	34.07235	4128	36.4186375	6232	38.4489125	10440	40.787875	16096	42.9635125	26064	45.3682125	
4568	31.37215	7456	33.8253125	10728	36.0608625	15744	38.3383125	22864	40.54765	33480	42.7438375	50152	45.217925	
1416	31.3597625	2448	34.0794625	3904	36.382525	5984	38.6617125	9472	41.0538	14480	43.3003375	22464	45.5496625	
2024	31.6770875	2752	34.18425	4632	36.4535875	7000	38.5725625	10968	40.8212625	18352	43.2616375	27656	45.5202125	
1840	31.3737125	3072	34.0945	4736	36.4085625	7408	38.5011375	12136	40.973625	18384	43.266125	28032	45.5804625	
4672	31.5751375	7376	34.1842875	10704	36.3378	15400	38.49475	21984	40.7226875	31816	42.9537875	47344	45.3225625	
1672	31.6206125	2688	34.267625	4000	36.460125	6488	38.7792125	10016	41.0998875	15696	43.43965	23736	45.6547625	
1568	31.506675	2592	34.321425	3728	36.3309125	6232	38.7119125	9560	40.9168	15104	43.3078	23144	45.6479	
1416	31.773125	2336	34.584825	3656	36.71765	5856	39.1433875	8600	41.2413625	13832	43.618	22632	45.81265	
4400	31.887825	6656	34.20685	9768	36.4528125	14400	38.7000625	20392	40.933525	29960	43.2102375	44656	45.618075	
1240	31.9608625	2376	34.6486375	3592	36.9083625	5680	39.2471125	8872	41.5325625	13288	43.7487625	20192	46.0427625	
1688	31.959125	2608	34.532825	4320	36.81575	6416	38.9603625	10520	41.2846875	16120	43.516525	26160	46.0301	
1624	32.0372125	2736	34.6693	4192	36.87345	6520	39.0709125	10192	41.2958375	16040	43.5005125	26272	45.8714125	
4200	32.293025	6296	34.544875	9568	36.8775	13512	39.070325	19368	41.2903625	27984	43.5518875	41512	45.8765125	
1144	32.0690375	1824	34.471375	3128	36.8988	5000	39.1605375	7912	41.4937125	12120	43.898125	17112	46.16225	
1584	31.71675	2936	34.4410125	4608	36.8712375	7192	39.0882	10896	41.37935	17072	43.6513	27696	45.9827	
1320	31.76485	2288	34.349475	3688	36.8322	5992	39.1793625	9584	41.4478375	14816	43.6380375	23880	46.1006875	
3960	32.474275	6192	34.8313875	8952	37.1037375	12712	39.208175	18752	41.4433375	27040	43.6009875	40224	45.973525	
1568	32.6472375	2456	35.191275	3832	37.5742125	5360	39.694425	8472	41.973925	12440	44.1131875	19952	46.4587125	
1544	32.36145	2584	35.011525	4024	37.31375	6320	39.46735	9720	41.68625	15400	43.8975625	24192	46.33245	
1576	32.4060375	2384	35.0611125	3584	37.29185	5600	39.620025	8704	41.866075	13256	44.1598	19112	46.45915	
3768	32.6401625	5776	35.034925	8336	37.2732625	12200	39.441275	17480	41.79385	25040	43.9203875	37400	46.2259125	
1256	32.8306	1912	35.31715	3248	37.594425	5000	39.8544625	7736	42.115925	11824	44.2085875	19368	46.4474625	
1016	32.81125	1648	35.3109	2680	37.620325	4240	39.9226625	6632	42.0562125	10840	44.280325	17104	46.5890375	
1240	33.146775	1984	35.51905	2936	37.742775	4624	40.0926125	7712	42.3422375	11560	44.465375	18936	46.710575	
3312	32.8701	5248	35.542625	7576	37.58405	11160	39.8030625	15960	42.09485	22976	44.226	33696	46.511875	
1224	33.3255	1856	35.8288375	2824	37.8997375	4504	40.235125	6984	42.4204375	10792	44.6559125	16264	46.91335	
1176	33.09765	2024	35.872075	3136	37.8805875	4944	40.12175	7952	42.4682375	12464	44.7383625	18584	46.9767625	
1192	32.887175	2376	35.85055	3456	37.7808125	5360	40.06825	8616	42.3135625	13864	44.446875	21896	46.647075	
3192	33.132225	5112	35.4885375	7576	37.8057375	10960	39.906875	15808	42.228875	22688	44.3639875	33192	46.6106875	
1424	32.041025	2952	34.706175	5072	37.144225	8064	39.2414625	13120	41.719925	19976	44.1212875	29024	46.552775	
1288	32.7237875	1848	35.4008625	3032	37.76475	4840	39.8682125	7952	42.1817875	12552	44.428225	20240	46.73465	
1288	32.6119	2072	35.4538	3216	37.5166625	5224	39.7221375	8376	41.816375	14344	44.1194375	22896	46.461175	
3528	33.063675	5296	35.1652	7976	37.561175	11488	39.6134	16696	41.8056875	25000	44.0935875	36976	46.334675	
1224	32.921375	2320	35.3997875	3224	37.6223375	5064	39.7228	8352	42.1023625	12688	44.34305	18800	46.680475	
1592	32.9315625	2344	35.386225	3872	37.7230125	5936	39.853725	8880	42.2204	13808	44.4402	21624	46.6057125	
1544	32.6280375	2456	34.999725	3792	37.3854625	5784	39.4821625	8864	41.8132625	14088	44.0922375	21496	46.4410625	
3776	32.77495	5864	35.0950875	8776	37.3083125	12544	39.5699	17888	42.027375	25288	44.1424125	37344	46.545425	
1224	32.577775	2040	34.9873875	3256	37.22155	5216	39.3029625	8544	41.710525	13864	43.9575875	22656	46.2873625	
1176	32.7047	2024	35.16215	3240	37.47415	4832	39.630225	7624	42.0367625	11296	44.3464125	16040	46.54255	
1352	33.24725	2224	35.645	3304	37.665675	5504	39.83255	9000	42.322225	13576	44.62	19568	46.807625	
3720	32.82195	5760	35.277225	8448	37.4090625	12248	39.6721375	17736	41.9278125	25584	44.1535875	37688	46.5331375	
1368	32.6454625	2040	34.9914125	3616	37.370625	5640	39.535725	9008	42.0420375	13008	44.3577125	18472	46.7107125	
1272	32.6422375	2048	35.1658	3440	37.5141125	5568	39.6323	9200	42.1794625	14296	44.5171625	21296	46.9099875	
1312	32.819025	2024	35.5436125	3088	37.6900125	4960	40.0255	7872	42.5379375	12072	44.6509625	18488	46.8354375	
3656	32.90735	5736	35.2964875	8384	37.3619	12616	39.7284625	18232	41.93285	25840	44.1992125	37608	46.6004125	
1048	32.9602625	1784	35.33485	2960	37.6090125	4336	39.9027	6608	42.1417375	10024	44.42485	14768	46.8480625	
1336	33.1085625	2184	35.4667875	3232	37.769575	5040	40.02785	7648	42.303775	11920	44.5442625	18064	46.7863875	
1680	32.48025	2944	34.9530375	4320	37.0758375	7520	39.434375	11736	41.68465	18720	44.0514	28656	46.520575	
3920	32.30345	6352	34.7564875	9624	36.978875	14248	39.1552625	20400	41.433575	29088	43.7198125	42864	46.2193375	
1200	32.42475	2408	35.0298125	3752	37.2452625	6320	39.3281125	10144	41.59735	15832	44.0107125	23160	46.4594625	
1648	32.44285	2648	35.0530625	4104	37.3238125	6448	39.4693	9504	41.70645	14984	44.0761625	23504	46.3873625	
1984	32.1134375	3160	34.562175	5264	36.85285	8256	38.9029875	13728	41.292425	21016	43.6675	32056	46.1142875	
4320	31.986875	7016	34.47695	10736	36.6062125	15296	38.64945	22784	40.9755375	32344	43.1797625	48096	45.682775	
1624	31.6597	2744	34.1558	4544	36.329625	7496	38.4863375	11776	40.993475	17960	43.4376625	25136	45.8603125	
1560	31.636675	2608	34.0955	3776	36.2061875	6056	38.5288375	8960	40.952475	13368	43.5258375	19008	45.9325125	
1856	31.5110125	3192	34.0714875	5064	36.339425	8200	38.433	13040	40.8901625	20184	43.4970125	29240	45.91285	
4824	32.0093625	7416	34.004575	11440	36.4040125	16648	38.5538625	23944	40.8622375	34208	43.24615	49008	45.71265	
1384	31.665625	2720	34.02665	4096	36.1364125	6824	38.4894875	10320	40.5492125	16368	42.8752125	26712	45.4484	
1488	31.6129	2464	33.992025	3936	36.202225	6376	38.598275	10096	40.910575	14808	43.3023375	21152	45.7839375	
1664	31.6729125	2816	34.06055	4400	36.372425	6624	38.6790875	9712	40.998225	14672	43.493525	20800	45.9319625	
5056	31.714775	8016	33.9570125	12120	36.1429	17584	38.4750125	25312	40.7654875	36040	42.9891625	52080	45.543425	
1408	31.504325	2392	33.7277125	3984	36.010175	6232	38.3097625	9904	40.5283375	15704	42.7396	25408	45.3700125	
1496	31.3539	2616	33.7961375	3968	36.0019	6688	38.49675	10144	40.7620125	15016	43.1174875	22016	45.6677625	
1560	31.7081875	2400	34.0109875	4032	36.3981375	6168	38.805275	9784	40.9714	15792	43.3839875	24912	45.6611375	
4488	31.4876375	7720	33.953525	11712	36.184475	17256	38.33935	24632	40.6411375	35800	42.9870625	52456	45.49215	
1192	31.5388375	2264	34.1697125	3536	36.4118125	5872	38.55465	9576	40.9570125	15824	43.3157	25104	45.6859875	
1344	31.38975	2176	33.9304625	3968	36.3081625	6200	38.320975	10096	40.82065	15696	43.2147	23672	45.676225	
1320	31.5812375	1768	33.9005875	2992	36.3727	5056	38.5349125	7472	41.0353375	11032	43.4735625	15544	45.889575	
4808	31.5239375	7936	33.9233375	11800	36.020325	17608	38.35315	25432	40.733775	36016	43.026475	52288	45.6033375	
1144	31.3426	1968	33.8356	3592	36.0939375	6096	38.468275	9792	40.94295	14880	43.3703875	20688	45.9615375	
1608	31.6110875	2480	34.0432375	4120	36.2568	6648	38.6855	9848	41.1322375	15544	43.4696125	24176	45.94195	
1184	31.3938375	2088	33.8910125	3520	36.110775	5880	38.5794875	9304	40.9125125	14616	43.201575	23128	45.761075	
4976	31.3768375	8024	33.722975	12424	36.1207	18016	38.1245	25816	40.478125	37376	42.9070125	54152	45.5039125	
1264	31.2292875	2536	33.7619375	3808	36.1161625	6576	38.2364875	10208	40.6745375	15696	43.3319	22208	45.8389	
1496	31.268975	2424	33.7569625	3912	36.018375	6256	38.2767625	9760	40.8373125	14448	43.436975	19824	45.8430625	
1392	31.3219875	2552	33.860075	3880	36.174525	5840	38.3284125	9392	40.993125	13496	43.5107375	18912	45.9216375	
4888	31.453775	7736	33.861975	11672	36.051	17128	38.4527	24368	40.6743375	34880	43.0669625	50680	45.5651	
1720	31.0548375	2904	33.644825	4488	35.6938875	7048	38.0182	11560	40.210625	18608	42.6111125	30000	45.116975	
1672	31.25915	2768	33.8138625	4480	36.073825	7304	38.319475	11104	40.51045	17664	42.8822375	28880	45.2654	
1808	30.955625	2952	33.57985	4672	35.7265625	7000	37.8026625	11504	39.998825	18976	42.462875	30496	44.8636625	
5504	30.9171875	8784	33.2872875	12928	35.4766375	18528	37.5029625	27464	39.8203125	39880	42.0843	59272	44.66395	
2144	30.82605	3512	33.1833375	5304	35.304325	8552	37.4489625	13896	39.847925	21672	42.246	32472	44.8099625	
2152	30.824025	3664	33.2715	5800	35.3877125	9288	37.689175	14344	39.9865875	22568	42.296425	35576	44.6458375	
1584	30.8179625	2808	33.326625	4104	35.4604625	6480	37.6717625	10360	39.9022875	17528	42.25455	28440	44.6645125	
5040	31.1639125	7792	33.7112375	11680	35.8952125	16688	38.00745	24272	40.329975	35200	42.599925	51472	44.9404	
1904	30.5678625	3720	33.33685	5872	35.5386	9216	37.70315	14272	39.9588125	23224	42.2443375	37024	44.720925	
2088	30.8545375	3192	33.28825	5424	35.6298	8304	37.799525	13592	40.2367625	21200	42.5092375	33720	44.878875	
1648	31.6453125	2880	33.9155125	4432	36.004125	7440	38.0727	12528	40.2867625	20592	42.6241	33496	45.01715	
4808	31.331925	7736	33.6983125	11360	35.88955	16344	38.01885	23784	40.2759875	34800	42.53845	51272	44.84805	
2160	30.914175	3832	33.313	6712	35.596225	10912	37.8839375	17344	40.146675	27656	42.5423625	41408	45.0236125	
1848	31.102125	2968	33.4729625	4640	35.787725	7160	37.9997625	11992	40.2445625	19880	42.533475	32408	44.864125	
1776	31.1361	2840	33.6246625	4016	35.6734625	6280	37.911575	9712	40.057175	16072	42.353075	26832	44.758075	
4816	31.3142875	7904	33.73495	11440	35.8483875	16616	38.041125	24152	40.3160375	35080	42.5210125	51536	44.7702125	
1608	31.1055375	2424	33.4081625	3656	35.493925	6120	37.68265	9976	39.8659125	16192	42.1218125	27000	44.5053875	
1472	30.9906375	2776	33.4132875	4504	35.5246125	7328	37.709975	12120	40.0151875	19944	42.473525	31056	44.9460625	
1336	31.3762	1952	33.6677125	3312	35.9371125	4880	38.0034875	8432	40.4029	13272	42.8533	20200	45.3131	
4112	31.9445875	6440	34.3743375	9576	36.4114875	14080	38.606925	20480	40.866625	29608	43.0783375	44392	45.3427375	
1064	31.835175	1456	34.089425	2576	36.160525	4392	38.330525	7440	40.6826875	12432	42.8366625	21624	45.166475	
1032	32.177925	1656	34.6623625	2712	36.7221375	4448	38.9100125	7272	41.0911	11912	43.3938375	18840	45.7294125	
1256	32.531925	1816	34.8236875	3152	37.1470125	4864	39.1431625	8080	41.45865	12512	43.6157	21352	45.8407625	
3664	32.6024375	5936	34.99665	8672	37.0449625	12488	39.0057125	18480	41.2711625	26664	43.3770375	40048	45.6398625	
1032	32.519325	1808	35.0181375	2776	36.991375	4680	39.2885	7192	41.5021375	12072	43.753025	19376	45.9176	
1136	32.3871	1728	34.7942	3056	36.8502125	4568	38.9615125	7176	41.2017375	11728	43.4324875	19328	45.721725	
1064	32.216425	1672	34.6206875	2536	36.73775	3920	38.9471375	6088	41.2759125	9208	43.532875	13864	45.901875	
3832	31.9764	6328	34.4305	9536	36.6343625	14144	38.9103125	20272	40.993125	29264	43.197	43432	45.5406125	
992	31.9311	1640	34.295325	3048	36.6204	4576	38.610375	8320	40.8161375	14208	43.1266875	23472	45.3715125	
1152	31.945825	1720	34.4409375	2664	36.7696625	4328	38.8986375	6680	41.089925	10032	43.379225	15544	45.6765125	
1456	31.2836125	2808	33.6740875	4872	35.9614125	8264	38.11565	13712	40.5380875	22280	42.9348	34352	45.4548125	
4344	31.3014125	7144	33.688675	11240	36.0761625	16064	38.138875	23784	40.3943	34456	42.5897	51672	44.9968875	
1248	31.073425	2304	33.5361375	3680	35.8703375	6216	37.9822625	10360	40.3633875	16760	42.5952375	27944	45.0824125	
1088	30.94535	1960	33.537125	2944	35.823075	4856	37.999375	7728	40.3554875	12336	42.5865625	18968	45.031325	
1080	30.8109875	1920	33.5373375	2880	35.76195	4728	37.9571	7808	40.3848875	11968	42.7250875	18352	45.2782	
4608	31.1508125	7520	33.625	11320	35.6995875	17384	38.121825	24800	40.3742625	36088	42.7211875	52904	45.0587875	
1064	31.1004625	1536	33.467275	2912	35.6006125	4048	37.713	7728	40.1064	12768	42.4115	21072	44.795925	
816	31.1005375	1648	33.538425	2928	35.7553875	4600	37.8714125	8352	40.3079625	13616	42.7629125	20984	45.233275	
1224	31.2404	1904	33.6974625	3016	35.91445	5240	38.2371	8176	40.5777	13288	42.961275	21880	45.3115	
4600	31.1388	7512	33.4516875	11664	35.6197625	17384	37.968	25904	40.2315375	37472	42.4716375	55368	44.889575	
1000	31.296675	1728	33.8985625	2560	35.99495	3872	38.3608	5720	40.6329375	8560	42.885025	12272	45.2562875	
1232	31.55665	2000	33.97415	3096	35.97065	5312	38.2009	9504	40.46095	15600	42.7759875	23480	45.1811875	
1104	31.484875	1864	34.04365	2944	36.0697	4432	38.2273625	7664	40.620175	11856	43.0553125	17288	45.3908125	
4784	31.11305	7728	33.5266	12016	35.72375	17784	38.0238625	25688	40.3240125	37208	42.5160625	54576	44.9205875	
1112	31.4368125	1960	34.017625	3152	36.23615	4888	38.4550625	7720	40.772425	11168	42.9172375	17632	45.3372375	
1464	31.395525	2352	33.8980625	3560	35.9584125	6264	38.0984	10584	40.3363375	18120	42.68395	28776	45.2095	
1440	30.7163375	2272	33.110175	4664	35.42685	8080	37.6185375	13952	40.11075	22848	42.3882	36960	44.7930125	
5192	30.7956125	8232	33.0928	12712	35.4314	19024	37.7089875	27192	39.961	40112	42.335775	59032	44.787875	
1024	31.1065875	2032	33.5675125	3424	35.8007625	6032	38.0722375	9880	40.2933375	15872	42.6438125	26984	45.0700375	
1200	30.885825	2104	33.3152125	3240	35.6442	5200	37.87725	9304	40.2803125	14360	42.6507375	21664	45.1121	
1272	30.91265	2296	33.4342375	3416	35.6336	5736	37.900625	9808	40.3355375	16424	42.6419875	26968	44.898175	
5176	30.835625	8368	33.1273	12680	35.4495	18560	37.660475	26760	39.9346375	39320	42.3511625	57352	44.7843625	
1072	30.978325	1552	33.20055	2608	35.64595	4208	37.8379125	6424	40.14235	10016	42.633525	14536	45.1009375	
1040	30.839475	1784	33.087175	2896	35.4613125	4960	37.8187125	8576	40.2298125	12920	42.8111625	18152	45.273	
792	30.8093375	1720	33.30285	2984	35.68385	4840	37.9060875	8264	40.2547875	13944	42.6949375	24296	45.2023	
5120	30.598175	8520	32.961025	13192	35.3653125	19376	37.5958625	28016	39.9001125	40712	42.282125	59216	44.7770625	
1120	30.667825	1816	33.03555	3336	35.463675	5536	37.7242	9024	39.990925	15088	42.5709625	22808	45.1092125	
1296	30.667775	2408	33.284375	3464	35.6304	4888	37.7599625	8312	40.2198	12952	42.8370625	18864	45.30225	
1416	30.737	2352	33.408475	3656	35.6995375	6112	37.9467875	9584	40.457675	15056	42.8065375	25616	45.29295	
5288	30.402	8992	32.9715875	13552	35.31465	19728	37.6033875	28416	40.0124625	40840	42.299925	59160	44.7897875	
1160	30.3081375	2072	32.9084625	3712	35.388075	5976	37.623175	10424	40.24435	16400	42.6489375	24200	45.104225	
1648	30.678525	2560	33.26745	3944	35.5919125	6608	37.95505	10672	40.4721375	17224	42.7126875	28792	45.1237	
1056	30.5318375	2088	33.414775	3224	35.7976625	4848	37.994525	7752	40.3095125	14000	42.6726875	22792	45.1782875	
4936	31.007275	7944	33.3813875	12224	35.8977125	17552	38.1767125	24776	40.506175	35608	42.90165	51032	45.2795125	
1096	30.8395	2232	33.265425	3776	35.6745375	6336	38.0008	10816	40.309575	17648	42.6950375	29160	45.229375	
1080	30.913275	2088	33.461175	3240	35.9435125	5032	38.3118125	7768	40.7661375	11856	43.1880625	18904	45.6299125	
1048	31.1977125	1832	33.7059625	2896	36.059225	4792	38.3006	8416	40.63375	14744	43.076425	23352	45.513225	
4448	31.1389	7264	33.6813125	10864	35.970525	16000	38.3621625	23160	40.7173875	33504	43.13595	48056	45.5667875	
928	31.0080375	1704	33.4966625	2464	35.5797375	4656	38.0466875	8360	40.4795625	13440	42.8079625	22800	45.277675	
1160	31.218375	1952	33.7806375	2944	35.9351125	5032	38.3175625	8168	40.8030875	13448	43.2776875	20040	45.8195875	
1192	31.4936875	1936	34.065775	3128	36.3443375	4888	38.7921875	8096	41.2954875	12712	43.643675	20408	46.016225	
4408	31.1401875	7120	33.7645375	11096	36.1595625	16128	38.2995625	23080	40.6166	33696	42.9681625	49184	45.4558125	
1032	31.153675	1768	33.8254375	2928	36.2093875	4592	38.36105	7184	40.769	11152	43.2746875	16376	45.753925	
1320	31.383425	2128	34.1031375	3024	36.2639375	4784	38.4836875	7392	40.9419125	10888	43.471025	15520	45.8752625	
1240	31.6694875	2080	34.459575	3496	36.8255	5400	38.993575	8696	41.2532375	14296	43.6489375	23704	45.9652375	
4192	31.6081	6592	34.0029375	9904	36.2319875	14704	38.53455	21384	40.867075	31264	43.2496875	46072	45.74175	
920	31.89745	1776	34.5247625	2672	36.7873	4128	39.00545	6192	41.313	9128	43.6387625	13120	46.0878875	
1040	32.5445875	1680	34.9008375	2888	37.16955	5232	39.1918625	9000	41.1958875	17240	43.28515	32248	45.848975	
936	32.6702875	1768	35.30235	2136	37.453425	3576	39.564925	5328	41.6923875	8464	43.9160375	12816	46.369625	
3544	32.6215875	5528	35.0752375	8056	37.2640875	11480	39.514025	16840	41.830425	24384	43.973475	35792	46.215125	
1096	32.6922875	1800	35.064475	2760	37.323275	4576	39.616925	6880	41.780225	10864	44.018425	17248	46.3722375	
896	32.72765	1456	35.1086	2184	37.3819125	3160	39.6204	5352	41.967575	7912	44.1897125	11896	46.5594375	
1008	32.6353625	1832	35.1290125	3080	37.5515125	4688	39.600925	7840	41.92825	12336	44.247275	19528	46.6254875	
3784	32.5656625	5952	35.19635	8576	37.3136	12216	39.5513875	17424	41.7909875	24888	44.069925	36424	46.3111875	
1128	31.962525	2096	34.6301375	3552	36.882025	5672	39.0490625	8912	41.3386625	14872	43.602775	23808	45.89535	
1416	32.212725	1912	34.782425	2936	36.9854875	4552	39.2012125	6920	41.53645	10888	43.9406	15688	46.1918875	
1336	32.3212375	2240	35.0317375	3584	37.2482	5280	39.3266875	8000	41.7029	11904	44.0645375	17824	46.2653125	
3560	32.8941375	5328	35.5098625	7760	37.51365	11304	39.88035	15952	42.0506	23264	44.293475	34368	46.6961625	
1136	33.620675	1944	36.3195875	3040	38.5152	4312	40.7089375	7136	43.1000375	10432	45.388375	15312	47.6136625	
1072	34.0498625	1712	36.6961125	2720	38.9897	4144	41.425725	5992	43.4441625	9488	45.9180625	14536	48.1257375	
2136	32.4579	3672	35.0726625	5712	37.4062	8728	39.7402875	13256	41.9985	19408	44.47285	29280	46.771725	
3976	31.9284125	6544	34.5651625	9768	36.7712125	14216	39.0934125	20400	41.3994875	29896	43.86915	42704	46.3628875	
2392	31.441575	3816	34.178875	5392	36.3069375	8208	38.7313125	12216	41.1211875	17848	43.62285	26040	46.098	
2296	31.20305	3888	33.8438375	5784	36.09885	8960	38.5821	13184	40.8192375	20480	43.1694125	31832	45.451025	
2376	30.864475	3824	33.4102125	5352	35.5625	8072	37.92925	12120	40.1306625	18888	42.50415	30696	44.9961625	
5824	30.6148875	9384	33.1157875	13592	35.39625	19400	37.6840125	27512	39.828	40200	42.213825	58896	44.6293125	
2120	30.2967625	3672	32.9339	5568	35.2721	8928	37.6368625	13536	39.966825	20120	42.35465	28944	44.8039375	
2464	30.1753375	3800	32.6616125	6208	35.0252	9920	37.4303625	14856	39.736725	22776	42.3021875	32928	44.8477	
2080	30.2041375	3272	32.7472	4848	35.112375	7176	37.434225	11048	39.8474375	16800	42.443325	23456	44.9623125	
6376	30.3093875	10040	32.7215875	15056	35.08755	21664	37.176525	31392	39.5624375	44984	41.8484125	65672	44.2364375	
1848	30.1843875	3320	32.822	5272	35.104225	8200	37.283925	13480	39.7898875	21344	42.1421375	33872	44.6045	
2232	30.1221875	3632	32.7030875	5432	34.915175	8904	37.1843125	13792	39.5364375	22448	41.953225	34088	44.4312125	
1960	29.9935125	3296	32.6926125	5624	35.0175875	8824	37.228225	14392	39.727325	22960	42.0245125	37432	44.4590375	
6488	29.743575	10720	32.366675	15984	34.5076375	23392	36.7661875	34512	39.188975	49392	41.4396125	73640	44.1506375	
1280	29.745	2120	32.3136	4008	34.7446875	6024	37.005925	9720	39.5014125	14312	41.8739375	19328	44.506175	
1864	30.072525	3176	32.6797625	4864	35.0298375	7768	37.146625	13072	39.700575	20200	42.1578	28704	44.721975	
2048	29.7893375	3640	32.38745	5960	34.7429875	10336	37.0443625	16656	39.5517125	25320	42.1380875	34760	44.69155	
6704	29.9610125	10696	32.408425	15920	34.66085	23576	36.7804125	33976	39.0759375	49736	41.4425375	74352	44.08435	
1904	30.4365875	3224	32.9857625	4792	35.090475	8120	37.3725375	13504	39.7563125	20672	42.2731	28600	44.772025	
1584	31.0402	2648	33.6555875	4200	35.9158125	6736	38.1233	10072	40.506525	15424	43.037075	22488	45.5215875	
2120	31.3572875	3208	33.962625	5224	36.3508	7344	38.411225	11504	40.6940375	17680	43.04945	28432	45.5138375	
5184	31.325375	8184	33.6970875	12040	35.917525	17608	38.100725	25888	40.4566875	37520	42.8022	54656	45.2695875	
2312	31.2885125	3912	33.7476375	6120	35.8467125	9176	38.0927125	14184	40.4379875	20992	42.9985625	29384	45.4376625	
3080	31.2364125	4832	33.76505	7448	35.82085	11488	38.1355875	17488	40.38955	26760	42.6535	41208	45.0419	
2592	30.994975	4288	33.4866875	6784	35.61705	10200	37.8326	15696	40.0984875	24944	42.5405625	38200	45.0071125	
5816	30.813275	9200	33.1034875	13712	35.4068625	20232	37.5376	28848	39.78845	42384	42.1392625	62832	44.7088375	
2528	30.524675	4168	33.02075	6824	35.406725	10544	37.654575	16368	39.932725	25624	42.2300125	40192	44.6291875	
2904	30.230875	4616	32.7925875	7000	35.0540875	10832	37.1470625	16848	39.418225	26480	41.93195	39192	44.45745	
2408	30.05725	3976	32.7175875	6296	34.994875	10088	37.2927375	15288	39.6728875	22608	42.153325	32152	44.7239625	
6648	30.435875	10064	32.795125	14840	35.0373125	21680	37.3339125	31448	39.6475	44800	41.9518625	65416	44.42425	
2048	30.1175625	3728	32.48325	5968	34.7722125	9448	37.0522875	15432	39.281225	25096	41.5836125	41072	44.1220875	
2264	30.2416875	3872	32.6949625	5976	34.9408125	9336	37.2190375	15224	39.6343125	23232	42.0666125	32872	44.5551	
2368	30.3369625	3752	32.899125	6080	35.19795	9352	37.59035	13856	39.8904875	21808	42.2321125	34392	44.5832875	
6512	30.268825	10408	32.781075	15376	35.083875	22328	37.246625	31968	39.4720375	46344	41.8184875	68280	44.3170125	
1720	30.3290375	3024	32.8684875	4696	35.2217	7360	37.4237	11848	39.8520125	17848	42.353575	24304	44.7669375	
2208	30.3602375	3624	33.08495	5776	35.380325	8896	37.7063625	13232	40.11295	19392	42.713675	26696	45.0020625	
2592	30.4590625	4160	33.1199	6824	35.3896125	10568	37.7235125	16376	40.18	23784	42.7680375	32984	45.1068875	
5448	30.7550375	8864	33.34625	13440	35.5624625	19176	37.70845	27896	40.084475	40416	42.4023375	59512	44.9476625	
2448	30.9248125	3640	33.478925	5584	35.671	8488	38.0372625	12680	40.4872875	18744	42.9683875	25672	45.45005	
2408	31.0000625	4152	33.688225	6488	35.897	9944	38.2305125	14304	40.648625	21984	42.97105	32720	45.3807875	
2728	31.07265	4416	33.665325	6568	35.712675	9904	38.0398125	14800	40.3906375	23904	42.8033125	35840	45.422875	
4784	31.619825	7528	34.1129875	11312	36.27075	16568	38.45745	24024	40.7623125	34624	43.0579375	51112	45.602175	
1952	31.4786125	3216	34.0330625	4864	36.2496875	7584	38.4694125	12040	41.0147625	18000	43.4724125	25136	45.9089	
2040	31.64675	3088	34.1473375	4912	36.46765	7072	38.659125	10376	41.1754375	14984	43.7032625	20504	46.1027625	
1984	31.5316625	3264	33.99615	5264	36.3414	8136	38.5942625	12336	41.0736125	18888	43.7014875	26848	46.0749625	
4192	31.8128875	6792	34.1726125	10456	36.620875	15112	38.8134875	21648	41.0209875	31248	43.3544	45408	45.7421875	
1600	31.745675	2784	34.250375	4472	36.507175	6800	38.603375	10672	40.8224125	17768	43.2205125	27800	45.6246125	
1600	31.8107625	2800	34.404975	4096	36.7356375	6224	38.8718375	9352	41.2507	13648	43.6437	19472	46.0276	
1848	31.868275	2960	34.48225	4264	36.7549625	6672	38.9527	10008	41.3478	14728	43.74325	20776	46.07065	
4128	32.2289875	6464	34.6350875	9552	36.7218875	14096	38.9145375	20416	41.1235875	29696	43.3984125	43896	45.7325	
1384	32.1522875	2504	34.5742125	3744	36.6899375	5744	38.7735125	9728	41.08415	15472	43.3239	24880	45.692575	
1912	31.9874125	2880	34.301975	4728	36.5316875	7800	38.8229125	11880	41.22325	18096	43.6561	25616	45.9898875	
1688	31.63485	2720	34.0975	4440	36.373425	7288	38.705925	11792	41.1529125	17880	43.469175	27816	45.7529625	
4488	31.826625	7192	34.3356625	10472	36.4219125	15416	38.7106375	22080	40.9050125	32408	43.2810125	47400	45.71705	
1424	31.8116625	2296	34.3436	3920	36.61995	5744	38.875025	9040	41.2391875	13248	43.6282875	18672	46.0170125	
2032	32.136125	2992	34.423425	5104	36.8103125	8184	39.03945	12544	41.2578875	19064	43.4408375	30544	45.7908	
1784	32.08525	2840	34.344075	4352	36.619625	6824	38.7495375	10464	40.9730375	16536	43.2045375	26312	45.5979375	
4448	32.036875	6800	34.3329625	9928	36.3628375	14816	38.6654875	21312	40.7422375	32040	43.063125	47568	45.5230125	
1904	32.215375	2776	34.4297375	4464	36.6320875	6496	38.8407875	10120	41.0870625	14960	43.4596875	21112	45.9067625	
1824	32.1423	3240	34.65065	5000	36.84945	7640	39.126325	11608	41.2695125	18032	43.5327875	28352	45.9432125	
1664	31.5740625	3144	34.3289875	4744	36.4495125	7640	38.6908875	11736	40.9378125	18256	43.280525	27952	45.715375	
4280	32.1435125	6504	34.520375	10008	36.9141125	14336	39.041575	20464	41.315075	29352	43.5892625	43520	46.0474625	
1560	32.5057875	2400	34.7354375	3776	37.0993125	5616	39.12695	8928	41.328	15048	43.69915	23816	46.032225	
1544	32.912225	2424	35.21955	3592	37.5570125	4904	39.5918875	7528	42.0011125	10840	44.327575	15664	46.6678625	
1592	32.8303375	2592	35.2539125	3688	37.4884625	5592	39.7074875	8464	42.0314125	12288	44.3700875	17816	46.69095	
3584	32.7633625	5488	35.0423375	8240	37.2430625	12048	39.3669625	17488	41.5590625	25312	43.8174	38112	46.2852	
1512	33.1707375	2440	35.7522875	3584	38.0728375	5368	40.1116125	8032	42.3514	11840	44.594575	17152	46.940525	
1784	33.4956625	2544	36.040775	3928	38.355225	6160	40.54495	8952	42.5935	13784	44.8801	20440	47.22005	
1784	33.725625	2640	36.2667625	3712	38.4427375	5408	40.4368875	8504	42.6502125	13216	44.8654625	21128	47.029725	
3048	33.9883	4496	36.242775	6432	38.3091625	9456	40.5756625	13544	42.7765875	19648	44.869325	29344	47.190225	
1728	32.8236125	2984	35.3693	4568	37.5889375	6864	39.743925	10552	42.0054125	16032	44.3004625	23272	46.727525	
2200	32.173375	3504	34.7321375	5248	36.860875	8048	39.2195	12384	41.5192	18480	43.763775	28232	46.1733375	
2000	32.0059625	3048	34.5825	4456	36.5988625	7344	38.8238625	11784	41.1178	18560	43.3900625	28496	45.7247875	
4168	32.09585	6552	34.4426	9760	36.6001	14296	38.7695375	21016	40.990075	30552	43.211825	45640	45.657925	
1200	31.701525	2328	34.1732875	4040	36.4773125	6712	38.816275	10600	41.148575	16168	43.546825	22816	45.866225	
1496	31.7122	2552	34.1262125	4264	36.529375	6584	38.796775	10296	41.103225	16696	43.3461125	27448	45.628825	
1408	31.7264625	2120	33.9704	3160	36.3759875	4928	38.64725	7720	40.8056375	12920	43.078225	21992	45.4448625	
4976	31.4642625	7816	33.8700375	11656	36.1632625	16656	38.218825	24536	40.5983125	34504	42.7214875	51784	45.2665	
1320	31.0935375	2528	33.7974875	4016	36.0444125	6400	38.2222625	10736	40.651625	16904	42.8844125	27960	45.312375	
1480	31.0494625	2288	33.6285375	3680	35.9475625	5480	38.097175	8968	40.5132	14512	42.8499625	22872	45.328225	
1248	30.8092375	2312	33.5949375	3672	35.9395125	5472	38.0525125	8560	40.603475	13360	43.1057375	18520	45.4964625	
5256	31.23715	8184	33.7635875	12296	36.029275	17600	38.3200125	25280	40.702175	35824	42.970575	51448	45.349375	
1000	31.0055	1904	33.5928	3160	35.8461375	5288	38.1406875	8488	40.3883125	14328	42.6795875	23296	45.0719125	
1816	31.374125	2400	33.6025625	3976	35.87395	6344	38.0733	10632	40.4799875	17544	42.983575	25864	45.443925	
1232	31.1737	2248	33.677175	3440	35.9999375	4928	38.0777375	7776	40.5446	11864	43.1132375	16776	45.5747875	
5184	31.1559	8280	33.5332625	12296	35.8217125	18248	38.230475	25216	40.51355	36472	42.9457875	52080	45.3291375	
1128	31.0267625	2200	33.531475	3464	35.7672875	5240	38.0348875	8400	40.25705	14032	42.6399125	22640	45.01085	
1192	30.9740125	2168	33.586675	3288	35.81245	5312	38.1324625	8856	40.4922125	13136	42.9869	18400	45.321	
1368	31.11675	2160	33.7017	3560	35.934875	5568	38.1536	8600	40.5861875	13360	43.0733875	19968	45.5085375	
5032	30.9846625	8080	33.5982625	12528	35.82015	17984	38.1761	25608	40.4037375	36976	42.641875	54808	45.1424	
1456	31.2439	2432	33.63385	3856	35.883225	6408	38.298725	10544	40.6229625	16904	42.9529625	27800	45.3979375	
1384	30.96505	2448	33.5317	3808	35.7375125	6064	38.0634	9832	40.3910375	15840	42.7882375	24496	45.3019375	
1352	31.21775	1816	33.6429	2848	35.8596	4528	38.17535	7064	40.52275	11312	43.10655	15984	45.59415	
4896	31.3433375	8008	33.60725	11744	35.742675	17376	38.066775	24672	40.39685	36208	42.741075	53600	45.1658	
912	31.2202375	1840	33.549875	3856	36.0000375	5592	38.1424	9528	40.5804375	14488	43.10325	20552	45.4963875	
1296	31.4333	2064	33.7352625	2832	36.0347875	4840	38.3590875	7032	40.74675	10248	43.2523375	14232	45.6494625	
1408	31.5404625	2384	33.8379625	3808	36.185325	5720	38.3841125	9728	40.8732	14936	43.3753625	21840	45.65685	
4784	31.3501375	7672	33.785	11584	36.1888875	16624	38.454325	23776	40.7765625	34088	43.134575	49440	45.5701	
1408	31.182775	2240	33.6807875	3704	36.0995375	5848	38.1498	9696	40.436375	15448	42.73165	24968	45.161875	
1728	31.5239625	2320	33.8329	3488	36.27645	5152	38.384675	8040	40.713225	12392	43.1291	17672	45.556875	
1536	31.4246625	2552	33.8791625	3736	36.303225	5736	38.3791125	9440	40.888725	13584	43.234425	19192	45.644025	
5040	31.52685	7520	33.718275	11600	36.090075	16808	38.38915	23952	40.6027375	34552	42.9318375	50288	45.30825	
1480	31.3019625	2528	33.72955	3536	35.9421125	5464	38.20135	8560	40.3030125	14272	42.5749	23632	45.0182375	
1344	31.3855875	2336	33.9146	3376	36.1471	5160	38.4911375	8160	40.7720875	12656	43.102125	19464	45.523625	
1592	31.3507375	2512	33.9215625	3888	36.1336	6136	38.3234	9800	40.450425	15936	42.7733	26320	45.2552125	
4888	31.2400625	7864	33.823475	11720	36.0955375	16944	38.1839	24320	40.460675	34888	42.6317375	52232	45.1239625	
1600	31.1807	2680	33.8704	4040	36.09475	6104	38.2981625	9336	40.660725	14488	42.9367125	21048	45.38	
1640	31.1549375	2760	33.9108375	4160	36.2393375	6376	38.549025	9312	40.8418375	14680	43.1611125	23240	45.4250625	
1544	30.971675	2600	33.7523625	3920	36.1006625	5920	38.2881875	9160	40.4596375	14688	42.7836375	23768	45.1709375	
5240	31.158	8320	33.6695125	12048	35.89355	17200	38.0698875	24488	40.23025	35776	42.4417875	53472	44.9118375	
1808	31.1626625	2768	33.7846625	4288	36.094825	6352	38.230375	9888	40.6334875	14528	42.851025	20936	45.276075	
2136	31.1555125	3296	33.78485	5016	36.2333125	7472	38.36835	11432	40.6886875	17968	42.9634875	27864	45.2946625	
1624	31.21805	2536	33.8171125	3664	36.01265	5920	38.2560875	9656	40.527225	14960	42.7703125	24256	45.1538125	
4888	31.5104125	7808	34.107	11520	36.338325	16184	38.5022	22920	40.733775	33168	43.0021625	48424	45.3342875	
1944	31.3910625	3352	33.9617625	5600	36.2101625	8704	38.27235	14192	40.5733625	22392	42.8944125	34424	45.2540375	
1760	31.239675	2848	33.96335	4280	36.1314625	6856	38.4656125	10592	40.7545	15888	43.168825	22048	45.5946625	
1880	31.4329625	3112	34.1710625	4648	36.399	6896	38.7164125	10464	41.01285	16088	43.32655	25456	45.676325	
4920	31.4681125	7640	33.9054375	11144	36.1670375	16008	38.3195	23104	40.6550875	33840	42.9159125	50360	45.381775	
1552	31.1843	2696	33.6901875	4264	35.9984375	6784	38.364425	9992	40.7451875	14944	43.144325	21264	45.5743625	
1712	31.0334125	3056	33.8476	4664	36.1458	6736	38.3792125	9832	40.7976125	14512	43.2158125	20536	45.6789375	
1808	31.255525	2816	34.0053125	4352	36.1484625	7120	38.5909875	11680	40.8692625	18104	43.140975	28976	45.5524125	
4728	31.394725	7456	33.9897375	11096	36.2228375	15880	38.472525	22744	40.731475	32872	43.017575	48472	45.508375	
1344	31.6145	2080	34.178275	3720	36.41265	5800	38.491625	9688	41.0078375	15280	43.426075	22336	45.8844125	
1432	31.53125	2432	34.1458125	4024	36.39595	6000	38.5414875	9352	41.051425	14264	43.514525	20440	45.9852625	
1752	31.5678125	2704	34.1275625	4184	36.4434625	6312	38.5554875	9760	41.0843125	14624	43.4131625	22504	45.79265	
5200	31.427	7936	33.85265	11648	36.2494625	16512	38.2880125	23608	40.6119	34280	42.9664125	49992	45.388425	
1752	31.43395	2960	34.018125	4280	36.1004875	6824	38.377275	10872	40.809825	16128	43.2427875	22352	45.6063	
1808	31.463525	2896	34.1717125	4360	36.1941375	6632	38.5893625	10280	40.8938375	15096	43.3004375	21208	45.6544625	
1848	31.735825	2840	34.3101125	4240	36.4055625	6208	38.650425	9632	41.1418125	13528	43.4073125	19560	45.8281625	
4832	31.3879125	7624	33.93735	11312	36.20705	16272	38.4192	23400	40.6600875	33616	42.9644625	49312	45.3806875	
1808	31.4824375	3016	34.1273625	4416	36.3557125	6944	38.620175	11112	40.9037625	17128	43.1653125	27456	45.5192375	
1680	31.6498625	2528	34.30085	3792	36.5148	5456	38.6066125	8824	40.9254625	13952	43.3315125	20840	45.6592125	
1680	31.797225	2448	34.3230375	3904	36.511275	6208	38.71275	9120	40.946675	13976	43.4875125	20648	45.8475	
4592	31.823075	7104	34.253225	10464	36.5899875	15000	38.7854	21488	41.045175	30696	43.31705	44528	45.591	
1624	31.5506125	2800	34.2404	4136	36.4430125	6576	38.755625	9944	40.8033125	15568	43.13785	24408	45.438525	
1608	31.469025	2976	34.213475	4680	36.4005625	7824	38.6800125	12848	41.0106125	19808	43.356825	29288	45.651325	
1536	31.6491875	2312	34.291525	3792	36.619225	5608	38.8470625	8856	41.219125	13408	43.58515	19728	45.867525	
4336	32.063775	6696	34.2830125	10056	36.468425	14616	38.7813	21080	41.0169625	30200	43.1920375	44832	45.5141125	
1424	31.8348625	2376	34.2916625	3768	36.4565375	6080	38.796975	8736	40.9138625	13896	43.0495375	21672	45.3094125	
1576	31.9572375	2520	34.5792125	3368	36.5234625	5400	38.842075	8568	41.1272875	13096	43.4316625	18192	45.646525	
1440	32.0650125	2424	34.6431	3776	36.6867125	5800	39.06525	9096	41.277875	14368	43.572525	23472	45.770425	
4048	32.24565	6360	34.5637	9184	36.657125	13680	38.9761375	19896	41.1744125	28512	43.303725	42296	45.6344375	
1272	32.090025	2432	34.8211125	3448	36.7734625	4984	38.8483625	7992	41.2890875	12392	43.5776125	18584	45.9596	
1320	32.143375	2264	34.8564	3504	36.9249875	5304	39.111675	8384	41.5553875	12960	43.777125	20712	45.9745	
1344	32.0501875	1832	34.5848875	3176	36.8033875	4880	38.9899375	7400	41.2522	11848	43.4847125	19920	45.7663875	
3928	32.3441375	6056	34.6615375	8976	36.9189	13120	39.0152625	19032	41.2552125	27680	43.5266625	40280	45.7171625	
1160	32.03575	1984	34.3825	3424	36.568225	5640	38.7685625	9288	40.9890125	15080	43.181775	24704	45.552525	
1592	31.9656375	2664	34.2493	4320	36.3495125	7472	38.6541	11976	40.6702875	21192	42.9329875	37512	45.413525	
1560	32.08245	2552	34.3624125	3864	36.4725375	5888	38.7461625	9512	40.9763625	15064	43.3358375	22616	45.6839125	
4032	32.0583125	6408	34.5489375	9712	36.707	14104	38.8224125	20224	40.9429	29936	43.1626125	44064	45.3518	
1528	31.9058875	2592	34.5263625	4304	36.6561375	6784	38.841225	11032	41.0773	17840	43.1596125	29152	45.3704375	
1656	31.7666875	2424	34.3811	3912	36.4532625	5888	38.617175	9328	40.7517875	15432	42.9894375	24640	45.278025	
2008	31.626175	3160	34.1656	4520	36.1701375	7440	38.5553875	11216	40.70985	17208	43.0882375	25408	45.364325	
4552	31.58495	7456	34.06015	10824	36.1878125	15736	38.4728625	22664	40.694525	32472	42.8487125	48832	45.2138	
1552	31.3169	2624	33.7768875	4216	35.8527125	6672	38.0544125	10784	40.2211125	17920	42.5022875	29008	44.8829625	
2424	31.0401875	3808	33.3102875	6680	35.650125	10712	37.824575	16504	39.980925	26248	42.289325	42032	44.5805375	
2368	30.8735375	3976	33.30625	6008	35.5277375	9304	37.740225	14408	39.9158625	22032	42.182725	34032	44.5259	
5280	30.7800125	8632	33.133875	13160	35.4339375	19184	37.5980625	27984	39.8125375	40352	42.0096125	59880	44.397875	
1808	30.4946875	3208	32.9471375	4776	35.220425	7848	37.60435	13128	40.06065	19368	42.394575	27528	44.7281625	
2056	30.519275	3472	32.9909875	5712	35.2444	8960	37.5594125	14384	39.9226125	23096	42.2610875	37576	44.621025	
1712	30.6502125	2880	33.1016	4056	35.1826	6336	37.5848625	10072	39.8168125	16448	42.2516	27032	44.7122375	
5264	30.632325	8584	33.0365375	12984	35.2872625	19136	37.5303375	28384	39.8516	40520	42.0665375	60664	44.552275	
1624	30.8498375	2648	33.0776625	4448	35.4220625	6912	37.7223625	10816	40.1430375	16472	42.5138625	23768	45.0356125	
1728	30.9212625	3224	33.3754625	5240	35.740425	8216	38.028425	12600	40.3598	19680	42.6983125	31160	45.0886125	
1816	30.698375	2864	33.0787	4432	35.379925	7304	37.681375	11536	40.0169125	18760	42.4450625	29024	44.96265	
5224	30.8150375	8456	33.239075	12960	35.57855	19144	37.859625	27488	40.1472375	39648	42.47255	57456	44.8759625	
1760	30.495475	2960	33.0629	4736	35.3706	7896	37.5579625	12360	39.8237875	19864	42.145275	32200	44.6149625	
1848	30.5746125	2696	32.97845	4512	35.33095	7008	37.603125	10616	39.905275	16424	42.3825625	22816	44.8964125	
1808	30.6929125	2880	33.141975	4552	35.42995	7120	37.6748625	11392	40.0241625	17680	42.5943125	24960	44.97975	
5232	30.6353375	8760	33.2167625	13360	35.4346	19656	37.65135	28520	39.921975	40680	42.2289875	59840	44.694075	
1528	30.4455875	2424	32.9113125	4112	35.2078	6904	37.492825	11048	39.7696	16976	41.989	27704	44.419975	
1928	30.5426875	2976	33.06755	4776	35.4091	7408	37.736975	11696	40.1705375	18336	42.4888	28704	44.816375	
1648	30.2026125	3192	32.8554125	4848	35.0130125	7984	37.31305	12944	39.6905375	21200	42.0371125	33136	44.5168125	
5648	30.444125	9304	32.9897	14160	35.3781	20536	37.5874125	29376	39.9795125	41920	42.3948375	60592	44.7523	
1344	30.0680875	2552	32.62115	4464	34.9939875	7368	37.130125	12200	39.44085	20712	41.8846625	34320	44.351425	
2080	30.3625375	3392	32.89975	4968	35.1883875	8080	37.566125	12576	39.9898	18912	42.33775	30736	44.7697375	
2080	30.04235	3552	32.582675	5888	34.9342375	9128	37.1422625	14584	39.439575	23560	41.8794375	37216	44.392325	
6048	30.15735	9968	32.6697875	15112	34.9451625	21992	37.0537	32000	39.4186625	46488	41.74445	68232	44.2194125	
1552	30.11115	2816	32.643325	4520	34.921275	7800	37.2233	12184	39.6614375	18800	42.1336375	26744	44.6260125	
1712	30.1302375	3080	32.5988125	5392	35.07775	8432	37.2988125	13888	39.76025	22768	42.094675	36888	44.6126	
1752	30.1438375	2928	32.6829625	4448	34.903475	7424	37.1676375	12056	39.5638375	20128	41.9837875	31736	44.5648625	
5728	30.244125	9400	32.754175	14336	35.0825125	20992	37.2598875	30840	39.5879375	44600	41.8649625	65736	44.3619125	
1608	30.504525	2640	32.963075	4544	35.3755875	7328	37.66475	11632	39.9453375	20024	42.352775	32432	44.7344375	
1656	30.4736125	2816	33.03245	4032	35.3759875	6512	37.618275	10312	39.9778625	16256	42.3959875	25440	44.8735875	
1984	30.8013125	2800	33.2540625	4504	35.5986125	6944	37.851675	10968	40.2937125	15816	42.6696375	23448	45.13515	
4968	30.9033	8192	33.567525	12072	35.6725625	17392	37.9994625	25576	40.36375	36584	42.676575	53128	45.08375	
1808	31.0760625	2560	33.528075	4432	35.7341375	6912	37.8396125	11272	40.17865	18120	42.348925	29784	44.8177	
1784	31.3102375	2856	33.7856375	4592	35.8855625	7672	38.242275	12376	40.5306125	19280	42.8696625	28368	45.262625	
1736	31.249725	2896	33.9302	4424	35.923975	7216	38.3781875	10896	40.718425	16648	43.15605	23632	45.54955	
4920	31.3834	7768	33.801325	11288	36.121025	16168	38.283475	23824	40.6804625	33960	42.9079625	49728	45.2893	
1848	31.4379375	2888	33.8764375	4544	36.1083375	7128	38.2700375	11576	40.6126125	18832	42.8358	29664	45.2712625	
2032	31.6695625	3056	34.070725	4736	36.441775	6992	38.618125	10248	40.9379125	15528	43.2908	22184	45.7679375	
1952	31.877975	3208	34.373275	4952	36.728325	7560	38.8337625	11816	41.1178625	18256	43.400575	28264	45.79545	
4352	31.7538125	6808	34.214175	10080	36.616675	14632	38.8081125	20856	41.0585	30352	43.3603375	44360	45.8285375	
1392	31.6049625	2648	34.433225	4064	36.6449125	6208	38.9473125	10008	41.3646125	15000	43.7405875	21080	46.1551	
1864	31.503575	3136	34.1234375	5240	36.4523125	8696	38.9197875	13304	41.3707875	19704	43.8606625	27960	46.247625	
1416	31.72585	2264	34.243675	3488	36.614475	5480	39.0813375	8120	41.53025	11952	44.0472875	17056	46.402775	
3848	32.3048375	6056	34.7917375	8920	37.04505	12952	39.2611875	18472	41.497275	27256	43.8508875	39576	46.295325	
1000	32.1408125	1960	34.919	3080	37.1822875	4840	39.3719125	8376	41.80015	12952	44.1983375	19280	46.641575	
1448	32.233	2160	34.797125	3368	37.1927875	5592	39.5838875	8328	41.842475	12736	44.3613875	18784	46.7624125	
1080	32.305625	1688	34.6975625	3040	37.342925	4968	39.596725	7808	41.99575	11936	44.4556875	18040	46.857975	
3440	32.40855	5520	34.805575	8440	37.2308	12128	39.3659625	17784	41.760375	25560	44.104825	37488	46.5390625	
1016	32.295175	1944	34.877975	2680	37.0801	4744	39.4640125	7712	41.92925	12032	44.340775	17616	46.789325	
840	32.322925	1472	34.8960375	2560	37.3312625	4112	39.644275	5856	42.005925	9344	44.513925	13792	46.9553	
936	32.24155	1544	34.966325	2248	37.3695375	3848	39.7106875	6136	42.2733375	9176	44.713325	13312	47.063825	
3160	32.5284375	5344	35.16455	7968	37.407075	11504	39.7505125	16712	42.24105	23248	44.449475	34112	46.8707125	
736	32.4600375	1528	35.2053625	2272	37.4115375	3752	39.6790625	5840	42.068925	9016	44.218225	15304	46.668175	
848	32.693625	1376	35.3363875	2304	37.671375	3352	39.8437	5616	42.3947625	8728	44.6574625	12776	46.9954625	
856	32.8818	1472	35.523325	2368	37.8366875	3680	40.0699375	6328	42.4883875	10200	44.739425	16760	46.9465375	
3080	33.2368375	4848	35.58695	7160	37.7272625	10368	39.822975	15304	42.2565875	22448	44.592525	33296	46.9915	
696	33.3821375	1504	35.992	2144	38.02095	3768	40.3823	6160	42.66	10064	44.976125	16840	47.20755	
672	33.1882625	1320	35.9511875	2352	38.0937625	3728	40.3645125	5896	42.626725	10104	45.0622875	15608	47.3120625	
824	33.487325	1176	36.0993875	1896	38.3895375	2936	40.6351625	4912	43.0057375	7704	45.2347	12664	47.5888	
2528	33.9274375	4032	36.1557875	6160	38.3931625	9168	40.6096125	13200	42.818725	19368	45.2258125	28336	47.565325	
360	34.1231125	752	36.4616125	1184	38.6663875	2088	40.9498375	3440	43.2420875	5624	45.650725	8560	47.9650875	
616	34.61285	1096	37.122775	1504	39.1996	2320	41.580625	3696	43.72895	6384	46.1052375	10592	48.1576875	
424	34.5972	752	36.9654	1104	39.0354875	1904	41.515525	3272	43.8157125	5360	46.0188875	9200	48.2068375	
1976	34.8789	3032	37.3456375	4784	39.466525	6744	41.6662375	10032	43.859275	14664	46.0801875	21800	48.25545	
432	35.415025	600	37.5923125	968	39.6106	1776	41.9157625	3040	44.1159375	4856	46.2649	8080	48.5051375	
336	35.9973375	488	37.883	896	40.2545375	1240	42.37215	2320	44.6382625	3808	46.8392625	6184	48.756075	
392	36.036075	736	38.3709875	864	40.26955	1472	42.4385	2440	44.6350875	4384	46.690275	7968	48.90585	
1640	35.7001125	2544	38.2692125	3600	40.3915	5320	42.6891125	7848	44.915525	11152	47.0056625	16432	49.04575	
608	35.71485	1000	38.3519375	1376	40.4405	1896	42.4037125	3104	44.6474	4920	46.71645	8120	48.651325	
552	35.9543625	856	38.777025	1184	40.5857625	2048	42.8341625	3008	44.93435	4600	46.924375	8216	48.9853375	
584	35.785625	1056	38.630825	1616	40.456125	2592	42.6989875	4176	44.784975	6768	46.784575	11408	48.8757875	
1808	35.7767625	2808	38.23875	3864	40.441075	5568	42.5974375	8008	44.7155875	11968	46.8308625	17672	48.9520375	
720	35.466025	1144	37.9606125	1928	40.378875	2848	42.5248	4496	44.6477375	7280	46.8268	12216	49.04615	
904	35.607575	1320	38.17785	1936	40.38865	3000	42.761525	4608	44.7363	7128	46.8235625	12040	48.959875	
896	34.8337375	1464	37.4277625	2296	39.8736875	3432	41.902725	5432	44.043575	8928	46.1579875	14600	48.4490125	
2272	34.7326125	3496	37.3547625	5088	39.5209875	7184	41.4820125	10568	43.8111	15200	45.9009375	22952	48.2332375	
632	34.0401875	1072	36.7936375	1904	39.2028875	3016	41.3039875	4840	43.690375	7736	45.9834125	11648	48.2520875	
1096	34.1271625	1528	36.7651875	2336	39.187775	3648	41.2835375	5824	43.5079125	8992	45.6747	15176	47.9657125	
808	33.8375125	1376	36.466125	2168	38.9882125	3288	40.9614	5056	43.159625	8648	45.53745	13888	47.7152625	
2720	33.92155	4248	36.4978875	6200	38.778925	9016	41.0946625	12544	43.3077125	18152	45.46195	26688	47.746525	
728	33.4225375	1120	35.9039625	1848	38.148175	3208	40.466	5480	42.8259875	9336	45.02015	15464	47.4064875	
696	33.555425	1096	36.10845	1832	38.3813875	2728	40.807725	4264	43.147925	7112	45.4152125	11264	47.627075	
848	33.3840875	1336	35.7941875	2240	38.1225375	3576	40.554625	5600	42.838975	9288	45.0410625	15392	47.302225	
2864	33.229525	4488	35.7275625	7000	38.097	10184	40.4262375	14360	42.7677375	20408	44.9991125	30088	47.2712875	
600	33.0302	1216	35.7657125	1784	38.1686625	2344	40.17975	4136	42.4998625	6984	44.7026375	12328	47.0183	
904	32.836	1320	35.45675	2304	37.8319375	3952	40.0373125	6848	42.5305875	11128	44.897675	17000	47.3299	
672	32.8047625	1216	35.6001125	1960	38.047825	3056	40.2639	4824	42.690125	7280	44.976775	12480	47.3744125	
3072	32.9268875	5000	35.59405	7464	37.8489875	10720	40.1403	15256	42.328275	22184	44.64085	32536	47.0223125	
800	33.031925	1344	35.70985	1960	38.147725	3208	40.2820625	5264	42.563775	8656	44.9586	13920	47.1517875	
784	32.8314375	1464	35.569275	2168	37.9403	3672	40.18445	5720	42.36725	9232	44.694375	14760	47.132375	
920	33.1308875	1400	35.834925	2144	38.0916625	3264	40.3588625	5344	42.6147	8872	44.8833875	14496	47.198425	
3264	32.7971	5272	35.3915875	7896	37.841225	11320	40.0768375	15872	42.2234625	22816	44.4684625	33408	46.9255	
736	33.0384	1384	35.6191875	2184	38.0956	3304	40.2692	5760	42.596075	8408	44.7866	14160	47.15925	
824	32.884625	1520	35.5100125	2024	37.7648375	3776	40.09875	5712	42.2676375	9608	44.6534125	15264	47.14255	
1008	33.0883	1488	35.702625	2232	37.9286625	3352	40.3925	5208	42.717325	8144	44.9628125	12504	47.2564125	
3416	32.9606	5136	35.465375	7688	37.610225	11312	39.8902625	16240	42.2277	23104	44.433425	33864	46.83935	
800	32.8694875	1432	35.5871375	2344	37.844325	3600	39.9393875	6104	42.4336375	9888	44.6867375	16192	46.994525	
1008	32.7918125	1520	35.5537875	2160	37.7748375	3272	39.8818875	5360	42.27275	8424	44.539925	13704	46.99505	
912	32.6329375	1472	35.3790625	2592	37.8291875	3896	39.914375	6096	42.3003125	10016	44.6678625	15320	47.0710625	
3376	32.8545375	5360	35.517575	7848	37.6312125	11168	39.98005	15792	42.213525	22464	44.5661375	32848	46.9229125	
856	32.8274625	1296	35.3880625	2336	37.700125	3888	39.9099125	6096	42.091575	10344	44.4015875	16704	46.7670875	
936	32.9219125	1456	35.420475	2344	37.7944875	3600	40.1096875	5880	42.3856375	8792	44.6955375	13304	47.0687875	
832	32.989975	1424	35.561375	2176	38.03575	3512	40.478175	5088	42.6968625	7960	45.0394	12320	47.205025	
3312	32.9812125	5184	35.47805	7864	37.835675	11056	39.830525	15712	42.1497375	22608	44.44935	33792	46.8735375	
824	33.108775	1536	35.740925	2312	37.9930625	3968	40.1224875	5984	42.34205	9496	44.7319125	14368	47.0729125	
1048	33.1031125	1664	35.758375	2520	37.9327125	4288	40.1460125	6472	42.3467125	10152	44.795	15792	47.173075	
880	32.7354375	1536	35.477625	2456	37.6798	4312	40.0724375	6720	42.256425	10992	44.6472875	17192	46.845625	
3216	32.7506375	5336	35.3143375	7736	37.6085375	11256	39.7529625	16392	42.1314375	23568	44.378975	34664	46.7308875	
736	32.9727625	1144	35.4839875	2040	37.9105	3096	39.9985	5384	42.3977625	8648	44.7110875	13880	46.8985	
792	32.72545	1432	35.386525	2512	37.6587625	4280	39.9287375	6536	42.137475	11032	44.435325	18096	46.8307125	
816	32.7364375	1136	35.3535	1856	37.5626	3032	39.7695125	5392	42.1945625	8576	44.56815	12336	46.898875	
3160	32.655775	5096	34.9630375	7880	37.3057125	11624	39.49555	16720	41.8591	24288	44.0852625	35832	46.55435	
648	32.4861	1280	35.090175	2456	37.5869625	3744	39.55205	6344	42.062775	10704	44.3271875	18080	46.5823875	
600	32.261675	1392	35.0587625	2048	37.38015	3416	39.411725	5528	41.8080375	9352	44.1787625	15256	46.50225	
952	32.4514375	1432	35.177625	2120	37.5006375	2936	39.4948875	4840	41.837825	8064	44.286725	12680	46.695625	
3088	32.3690375	5464	35.1662	8016	37.262875	11712	39.5281125	17280	41.925975	24376	44.1456875	35920	46.5418625	
1024	32.699675	1360	35.0076625	2568	37.346425	3792	39.475975	6504	41.8049625	10864	44.020925	18648	46.4441625	
832	32.9711	1320	35.4427875	2136	37.7699375	3360	39.9713875	5144	42.3486875	8104	44.628575	13440	46.824625	
848	32.8839375	1368	35.2887	1960	37.49445	3128	39.80595	5424	42.2229	8536	44.373475	14872	46.6838875	
3032	32.8265625	4904	35.1565375	7752	37.5335875	11224	39.7607625	16360	42.0988375	23568	44.398725	34416	46.7456875	
784	32.914725	1296	35.4174	2128	37.757	3168	39.974025	5288	42.052	9552	44.42915	15640	46.626	
816	33.1123625	1264	35.6972875	1912	38.0170875	3296	40.2833375	5504	42.733375	8624	44.8688125	14608	47.01785	
872	33.07925	1344	35.6030625	2104	37.8636625	3456	40.09405	5368	42.3436875	9160	44.5938375	15296	46.784925	
2832	33.1332	4568	35.438525	7168	37.656875	10328	39.8733	15104	42.2153375	21824	44.402425	32496	46.82655	
496	33.11035	1320	35.6356	1888	37.72905	3128	40.0598625	5656	42.4292625	9560	44.805075	14888	47.1647125	
808	33.009425	1272	35.3828	2264	37.7242625	3768	40.154925	6304	42.4149625	10232	44.6736875	17160	46.943375	
656	33.0284875	1096	35.4735625	1480	37.731075	2160	40.0427375	3896	42.38685	7160	44.7750875	11800	46.9876125	
2728	32.941725	4736	35.47115	7456	37.8582	10960	40.1624125	15776	42.541375	22264	44.7241125	31864	46.9222875	
496	32.7911875	864	35.1548125	1792	37.7438625	2848	40.10115	4944	42.619775	7880	44.9987375	11752	47.25245	
472	32.7364	968	35.185125	1600	37.7575	2792	40.1653	4744	42.5858875	8088	44.92275	13848	47.1063375	
560	32.8554875	1128	35.5766	1536	37.9499875	1944	40.3168	3288	42.7861	5576	45.11955	9112	47.2375875	
2504	33.21805	4440	35.7789875	6984	38.1543125	10064	40.3955125	14528	42.8473625	20336	45.0822625	29576	47.385525	
512	33.276125	920	35.8426375	1624	38.31715	2688	40.4986625	4096	42.662525	7656	44.98665	13568	47.2266625	
608	33.473275	936	35.9947125	1464	38.421225	2296	40.6804875	3800	43.106125	5944	45.3713625	9216	47.6655	
408	33.1722875	1048	35.996125	1648	38.300225	2632	40.6837625	4328	43.1771375	7216	45.576525	10576	47.824525	
2496	33.749	4064	36.1174	6448	38.4777875	9472	40.7486625	13808	43.1955125	19256	45.5138125	27536	47.7688	
416	33.663425	760	36.0964625	1368	38.4057875	2000	40.6502125	3864	43.1224	6200	45.2895625	11112	47.6221125	
608	33.756275	1176	36.3504625	1816	38.7338625	2864	40.744575	4584	43.1212875	8056	45.5598375	13584	48.085875	
600	33.9392875	872	36.5161375	1280	38.766675	2152	41.0488125	3808	43.4883375	5928	45.91915	8920	48.1900875	
2264	33.8950875	3896	36.5577125	6112	38.8616125	8872	41.1591875	12792	43.5894625	17936	45.7238125	26248	48.1295625	
424	33.719175	736	36.430675	1352	38.73285	2168	41.0922625	3680	43.6101	6168	46.0033375	9176	48.298725	
608	33.7427625	1080	36.5371	1552	38.9081875	2296	41.07145	3736	43.726575	5944	46.132775	9248	48.411075	
576	33.5647375	912	36.393025	1488	38.7900125	2472	41.12	3800	43.7486875	6256	46.0798125	9472	48.474025	
2328	33.9242	3816	36.488775	5976	38.9026	9008	41.170325	12896	43.5405875	18040	45.70715	26520	48.121175	
504	34.11855	816	36.7211125	1256	38.9311	1984	41.2804375	3624	43.722775	5688	45.89615	8752	48.2541875	
640	34.5325	904	37.1179375	1512	39.259975	2664	41.6225	4416	43.76995	7784	46.1313875	11880	48.59715	
800	34.50525	1096	36.923	1712	39.225625	2992	41.55035	5000	43.70485	8288	46.1686875	12608	48.653625	
2168	34.55925	3344	36.83425	5080	39.3425625	7472	41.55725	10608	43.6972875	15544	46.01255	22912	48.2791875	
656	34.81375	1040	37.219775	1504	39.5266375	2256	41.5651125	4208	44.00535	6576	46.3865375	10456	48.6827375	
592	35.0818	824	37.5764375	1224	39.9513625	1816	42.016625	3032	44.37345	4752	46.6385875	7648	49.178	
568	35.132175	928	37.6853	1568	40.0682125	2536	42.3336125	4056	44.673125	6808	47.1077375	10472	49.3813125	
1848	35.995975	2712	38.0689375	4040	40.2591375	5824	42.5949375	8248	44.724975	11984	47.0709625	17680	49.31375	
504	36.1819	632	38.4514125	1296	40.7750875	1576	43.0281125	2480	45.138975	3768	47.5252375	5744	49.7368125	
440	36.12295	792	38.54295	1216	40.6367625	1992	42.709325	3648	44.7081375	6544	47.0266125	13088	49.6232625	
656	36.3106375	912	38.9195875	1280	41.0239375	1952	43.2003625	3080	45.256625	4640	47.5089875	7904	50.0244	
1424	37.1226375	1984	39.397725	2848	41.553075	4216	43.5046125	6072	45.7770625	8792	47.7284375	13488	49.849125	
632	37.19345	856	39.65265	1184	41.48505	1880	43.6929875	2544	45.687075	4568	47.727375	7776	49.755625	
592	37.01155	856	39.505975	1384	41.6982625	1952	43.7577125	2880	45.643625	5112	47.8212375	8768	49.9501125	
696	37.3917	776	39.491175	1304	41.7720125	1904	43.7404625	2880	45.8128625	5056	47.8275875	8544	49.8973375	
1440	36.8906	2040	39.4056875	2936	41.449725	4264	43.62335	5960	45.6324	8864	47.493675	13720	49.6791375	
768	36.968	976	39.1416625	1552	41.442425	2200	43.40185	3432	45.377525	5480	47.5136875	8680	49.6311625	
840	36.9390125	1208	39.5978125	1728	41.6020375	2688	43.608	4080	45.5643375	6224	47.5956875	10632	49.7421875	
624	37.1883375	888	39.67205	1432	41.7483375	2080	44.0112	3024	45.7390375	5392	47.8853875	9152	50.2659875	
1152	37.85195	1672	40.1074	2464	42.4961375	3432	44.4542625	4936	46.5153125	7360	48.5476125	11464	50.859375	
848	37.7752875	1216	40.35915	1512	42.5124375	2280	44.498575	3120	46.353675	5320	48.6404625	8280	50.7462875	
600	37.80285	976	40.188225	1288	42.4313125	2144	44.51355	3280	46.5162125	5208	48.8189375	8656	50.989075	
608	37.4928375	800	39.9022625	1160	42.1882375	1936	44.4256875	3088	46.5392375	5000	48.67855	8016	50.925575	
1288	37.7785875	1848	40.109975	2488	42.2372125	3544	44.47785	5120	46.5166125	7552	48.612975	11360	50.8091625	
520	37.765825	696	39.98285	1096	42.3491375	1744	44.737475	2472	46.6081	4144	48.6236625	6744	50.75425	
544	37.7878875	808	39.8988375	1368	42.5683625	1928	44.4788375	3144	46.7288375	4920	48.8882375	7624	51.203225	
432	37.74685	688	39.848775	1104	42.3823	1640	44.412975	2432	46.776575	3656	48.749825	6024	50.990625	
1264	37.3586875	1928	39.7858875	2704	41.9830375	3808	44.098275	5520	46.279225	8168	48.319575	12024	50.3821875	
520	36.7108	904	39.294275	1344	41.3520625	2024	43.3791	3240	45.6376375	5296	47.8495875	9224	50.0105	
624	36.7921625	936	39.3568125	1360	41.3913625	2072	43.467275	3152	45.665975	4864	47.8667	7488	49.859825	
648	36.383175	1056	39.049825	1576	41.2801	2384	43.20015	3808	45.3257875	5936	47.39195	10064	49.578925	
1744	36.0914	2480	38.3934625	3648	40.78745	5072	42.9002625	7128	45.0512625	10344	47.1022625	15720	49.2111125	
896	35.1963125	1344	38.0447	2056	40.1828625	3104	42.2908875	4760	44.3087375	7880	46.667975	13296	48.93185	
992	35.290575	1352	37.8717375	1840	39.9914125	2712	42.18745	4032	44.3036	6408	46.476375	10192	48.5867875	
832	34.9429375	1328	37.535125	1920	39.7878	2552	41.777275	4248	43.8316	7376	46.0137875	12392	48.217275	
2480	34.5293125	3808	37.1848	5176	39.3913375	7224	41.42195	10560	43.649325	14992	45.7944375	22072	47.8758	
952	34.285775	1384	36.89125	1840	38.8333625	3016	40.9501	4456	43.0580875	7400	45.15775	12368	47.290575	
864	33.8226125	1248	36.261475	2272	38.7108125	3384	40.8720125	5592	43.0981	8488	45.2348125	14208	47.381625	
872	33.438725	1352	35.8799625	2128	38.138225	3608	40.39545	5512	42.5341	9168	44.75685	15464	46.9874625	
3264	33.2324375	5016	35.964	7040	38.1052875	9968	40.23245	14192	42.5878625	20512	44.7773375	30016	46.9207	
960	33.342325	1448	35.8679125	2144	38.0752375	3184	39.9977625	5424	42.3552	8440	44.384025	14448	46.61765	
800	33.0271	1232	35.6643875	1856	37.877675	3040	40.05265	4704	42.3390625	7624	44.6195625	11072	46.8153875	
968	33.3202875	1344	35.9043125	1912	37.9948375	3256	40.2658125	5344	42.4837875	8488	44.650975	14312	46.8659375	
3528	33.2037125	5256	35.548175	7568	37.7958875	10416	39.9083375	15224	42.0689125	21688	44.1454125	32696	46.3452625	
1064	33.17475	1528	35.3894875	2168	37.5163625	3776	39.8075875	5888	41.845275	10408	44.2093	15752	46.5374	
664	32.960775	1208	35.386	1664	37.4525125	3136	39.75785	5592	41.96335	9184	44.302575	14840	46.6360625	
544	32.4683625	1256	35.147575	2024	37.1891375	3384	39.6159875	5272	41.7776875	9136	44.36205	13824	46.6001	
3632	32.6791875	5672	35.0618375	8056	37.167375	11976	39.49435	17032	41.649325	24320	43.9122	36056	46.1973375	
712	32.733375	1160	35.2724	1728	37.2135625	2408	39.3907	4208	41.4953875	7448	43.68035	13192	45.998125	
736	32.9223625	1024	35.3689875	1600	37.299825	2784	39.748925	4216	41.824575	7360	44.144625	11920	46.458975	
536	32.591875	936	35.0081875	1488	37.0929625	2400	39.3555375	4560	41.5923	7888	43.8630625	13768	46.2409125	
3688	32.5916625	5496	34.7385625	8248	37.173	11976	39.397175	17192	41.5949	24928	43.8232625	36752	46.1100875	
904	32.9208125	1432	35.05815	1976	37.42545	3288	39.7010625	4896	41.815325	8120	44.101875	13024	46.423075	
1160	32.6568875	2056	35.1680625	2936	37.45395	4536	39.6460625	7240	41.7773875	11752	44.0683	18800	46.2294125	
1408	32.5926125	1752	34.8422375	2824	37.0866	4224	39.2763375	6880	41.31425	11592	43.6911125	19080	45.9866875	
3848	32.0267625	6024	34.53865	9112	36.8226875	13264	39.13725	18960	41.3743875	27064	43.613175	39712	45.9616625	
1352	32.347325	2088	34.6040375	3544	37.0763	4656	38.998575	7912	41.2268875	12960	43.4463	21416	45.7206375	
1144	32.27415	2000	34.5597625	3008	37.0007375	4632	39.0584125	7344	41.2840375	11760	43.65235	18248	46.0267875	
1136	32.0916375	1800	34.4190875	2768	36.8728375	4704	39.0702	7544	41.3906125	12032	43.798125	18312	46.206475	
3944	32.134825	6256	34.647925	8896	36.8149375	12928	38.9829375	18760	41.218625	27152	43.4274875	41200	45.79335	
1400	32.653175	1952	34.914675	3224	37.2861875	5144	39.37665	7800	41.33415	13376	43.66335	22104	45.94535	
1200	32.81345	1792	35.0880125	2672	37.309675	3944	39.424375	6368	41.549625	10264	43.8438125	16400	46.1848625	
1152	32.67995	1816	35.2381	2672	37.4544125	4184	39.6145	6792	41.8868875	10616	44.140325	17304	46.2521625	
3672	32.6947375	5696	35.084475	8384	37.4182125	11656	39.4578125	16896	41.6028375	24760	43.821675	37032	46.0875125	
936	32.6129625	1664	35.244725	2424	37.5536375	3784	39.6572375	5976	41.87455	9720	44.1686875	14064	46.4365625	
1248	32.7804875	1800	35.3294625	2800	37.6144375	4416	39.8066375	6360	41.994725	9936	44.3357125	14360	46.5540875	
1096	32.784175	1864	35.428525	2904	37.670625	4608	39.972025	7208	42.144075	11552	44.5190625	18344	46.607475	
3344	32.8486	5200	35.4737875	7672	37.6869	10848	39.829825	15624	41.9364375	23072	44.2430625	33872	46.586975	
1048	32.701675	1768	35.346875	2888	37.5915125	4312	39.79765	6592	42.0050625	10528	44.4638	15480	46.69105	
1168	33.0331875	1736	35.388375	3080	37.8837125	4552	40.1352625	6880	42.26285	10480	44.6003125	16944	46.8262125	
936	33.2418875	1688	35.7484125	2176	37.926325	3464	40.1335375	5336	42.2620125	8832	44.6410875	14032	46.855525	
3032	33.5665875	4592	35.851825	6736	38.0702125	9536	40.3573875	13536	42.5225125	20056	44.7574625	29904	46.9371	
1216	33.9835375	1776	36.315825	2328	38.4478125	3640	40.6244375	5384	42.7681	8616	45.0744875	13296	47.2823625	
888	33.587925	1528	36.094025	2672	38.4909	4056	40.6642375	6544	42.8683	9976	44.956725	16544	47.2600875	
984	33.8368875	1464	36.283725	2216	38.598725	3000	40.5204	4568	42.710575	7880	44.9584625	12672	47.1896375	
2728	33.6574375	4376	36.0564375	6424	38.2177625	9496	40.47925	13560	42.66325	19952	44.91885	28992	46.995925	
1192	33.4885375	2056	36.081975	3248	38.378375	4800	40.373875	7272	42.605075	11600	44.8576875	17376	47.07435	
1536	33.2880875	2336	35.8050875	3416	37.89635	5200	40.0337625	8480	42.3555	12584	44.687275	19032	46.94895	
1264	32.885525	2288	35.7559375	3408	37.807675	5152	39.8370875	8040	42.16275	12096	44.5922875	17424	46.8051	
3240	33.0344875	5016	35.7048375	7376	37.802	10560	39.9592	14992	42.0869625	22072	44.3919125	32784	46.6187125	
1224	32.7415875	1736	35.185275	2944	37.3789625	4720	39.6123625	7976	41.8381375	12664	44.090875	20392	46.2931375	
1536	32.9856375	2384	35.4067875	3544	37.693525	5224	39.7600875	8160	41.9688	12688	44.359725	17952	46.5542375	
1680	33.0157375	2816	35.403275	4432	37.6622	7088	39.572475	11296	42.036625	16912	44.322925	25064	46.614825	
3728	32.6607125	5752	35.020325	8656	37.217475	12584	39.3087625	18280	41.613725	26808	43.7366375	39760	46.04715	
1768	32.07795	3128	34.593225	5112	36.7488375	8128	38.8549	13032	41.320625	20288	43.6998125	29976	46.109175	
1984	32.0981375	3400	34.64315	5016	36.7371125	7688	38.99115	11792	41.282375	18072	43.6526125	26744	46.0552125	
2440	31.6785	3816	34.1311625	5840	36.37605	8712	38.521225	13888	41.019625	20696	43.3614625	30096	45.78145	
4664	31.4676125	7472	33.7801	11272	36.086725	16376	38.278975	23744	40.5509125	34056	42.811525	51032	45.3012125	
1776	31.4021875	2992	33.7823875	4528	35.9290875	7304	38.186925	11552	40.5584875	17608	42.993475	25632	45.53275	
1976	31.3376375	3192	33.8033375	5216	35.87505	8472	38.252575	12896	40.609425	20200	43.149875	29248	45.7072125	
1752	31.3901875	2832	33.7778875	4640	36.06635	6712	38.355025	10416	40.74215	15784	43.31645	22568	45.754825	
4520	31.507275	7064	33.889475	10800	36.116875	16072	38.3685375	23376	40.6301125	33712	42.8389125	50296	45.3313125	
1896	31.738975	3192	34.3648	4896	36.411375	7888	38.67755	12208	40.9684375	18640	43.295475	28168	45.837275	
1408	32.1709375	2168	34.6048625	3672	36.6847375	5552	38.977475	8952	41.3897625	13296	43.6839375	19736	46.1556875	
1264	32.231025	2248	34.9985	3360	37.0178375	5096	39.2757	7760	41.5804375	12088	44.012925	18032	46.4196625	
3464	32.964575	5440	35.4651125	8040	37.4561125	11768	39.583175	17112	41.771525	25240	44.050775	37072	46.270725	
1528	32.8593875	2400	35.32735	3696	37.4271	5504	39.5040875	8488	41.6900625	13680	43.960925	21920	46.2891875	
1536	32.878175	2216	35.1906875	3640	37.454175	5776	39.6250375	9144	41.8789125	14304	44.1448	22704	46.6002875	
1120	32.850225	1960	35.384625	2912	37.5751375	4624	39.8009	7376	42.094375	10824	44.3421375	16568	46.754825	
3040	33.4342875	4760	35.75995	7064	37.985625	10496	40.1013625	15240	42.439925	22136	44.541425	32296	46.7274125	
816	33.62	1432	35.89305	2424	38.1288625	3672	40.1904125	5792	42.439475	9968	44.5364125	16248	46.8336	
1080	33.689075	1728	35.884175	2904	38.1669125	4416	40.3227625	7656	42.778075	11736	44.892925	17584	47.2507875	
1280	33.4791625	2224	35.8241125	3296	38.1835375	4808	40.1909625	7760	42.68365	11936	44.771125	18080	47.18405	
3192	33.8224	4784	36.1263125	7008	38.344575	9952	40.310275	14432	42.4373625	20952	44.6632375	30960	46.8297875	
1152	33.4627625	2040	36.1601875	2944	38.3024875	4880	40.5521875	7440	42.587075	11768	44.913175	17304	47.1670875	
1544	33.0867125	2536	35.555775	4328	37.91755	6712	40.235675	10584	42.4446125	16256	44.736875	24416	47.1306375	
1096	32.96525	1848	35.622925	2832	37.906375	4256	40.1737625	6704	42.4218	10528	44.8015125	15328	47.209125	
