16.59	38.3538515625	9.4993787681784	23.85	40.42685	5.89379954452406	35.61	42.701734375	3.49065496838268	52.08	44.7682875	2.1689603398396	81.09	46.8965828125	1.32868514529596	128.19	48.8070609375	0.855803911496173	216.33	50.8929828125	0.529397735919607	
16.08	38.3729984375	9.45759074727272	24.57	40.4552484375	5.8553858262468	35.1	42.6812796875	3.50713426218762	53.4	44.4976484375	2.30842366102378	88.11	46.779634375	1.36495056731261	138.81	48.626396875	0.892155738668796	228.96	50.67425	0.556743763486318	
15.81	37.6899265625	11.0684728628071	25.68	39.8358453125	6.75298569301633	38.67	42.5160578125	3.64312925264278	58.08	44.38764375	2.36764173001474	92.07	46.349628125	1.50701490736029	145.38	48.4638828125	0.926172921998784	241.5	50.5890796875	0.567769935551798	
17.28	38.288825	9.64268235963172	25.32	40.378878125	5.95926294254747	37.41	42.86575625	3.36128034415505	56.64	45.0844640625	2.01666589901939	85.08	47.0915953125	1.2703425050539	132.63	48.841028125	0.849136576263492	220.92	51.05479375	0.510036181763091	
17.04	38.0891828125	10.0962961167841	26.46	40.3050921875	6.06137484249165	40.68	42.515003125	3.64401409683075	58.05	44.558728125	2.27618495462095	89.52	46.7397609375	1.37754015442459	141.75	48.7249015625	0.872148030943382	226.5	50.7022671875	0.553163660829786	
17.61	37.7530390625	10.9087868145628	27.03	39.86615625	6.70601832518047	39.9	42.0017796875	4.10111919787618	61.32	44.2171453125	2.46244097734366	93.3	46.4964578125	1.45691622417264	146.85	48.544028125	0.909237937952252	237.39	50.6034546875	0.565893743108494	
20.58	36.534015625	14.443711272641	30	39.598040625	7.13306691877586	44.97	41.8389015625	4.25784850024406	65.67	43.8910578125	2.65445018557631	103.14	45.9868546875	1.6383055108584	162.48	47.984084375	1.03436049035392	268.41	50.0792796875	0.638487489477877	
20.13	36.5656546875	14.3388688372274	30.63	39.530246875	7.24528833405515	43.83	41.9000125	4.19835454044473	63.24	44.055025	2.55610012087337	98.01	46.0077375	1.63044671789367	154.71	48.017209375	1.02650111009374	250.05	50.118515625	0.632745111242006	
21.72	37.061771875	12.7909609589537	31.02	39.6031140625	7.12473891996425	48	41.8659015625	4.23145965678343	71.61	43.9482375	2.61973046684415	108.6	45.997625	1.63424761888826	172.32	47.94529375	1.0436406482178	281.31	49.9705390625	0.654676051795513	
19.26	36.8103875	13.553192627441	29.25	39.1408203125	7.92498282370175	43.98	41.5040546875	4.59912159702596	65.82	43.5909984375	2.84433350495782	101.73	45.522328125	1.82325556736398	161.43	47.5147578125	1.15240352918446	261.42	49.57356875	0.717337419030936	
21.39	36.1552546875	15.7599520613531	32.82	38.7513390625	8.668549921914	50.16	40.9596421875	5.2133411133896	73.92	42.9837015625	3.27122340321947	114.87	45.0733125	2.02185083100151	178.92	47.09889375	1.26820945257283	291.51	49.131728125	0.794159157913997	
13.5	36.9731890625	13.0545364328759	22.47	39.5556578125	7.20301931952378	33.9	41.7917484375	4.30432957516118	51.48	43.77475	2.72649911382974	81.33	45.95640625	1.6498320493088	128.73	47.931903125	1.04686347694236	212.4	49.906690625	0.664371965689178	
19.65	36.297415625	15.252421496188	30.96	38.775915625	8.61963346047505	45.66	41.1081609375	5.03807080897131	71.25	43.197896875	3.11379970648236	109.14	45.2842671875	1.92598828924535	175.23	47.364671875	1.19292509126698	282.48	49.43578125	0.740461079539181	
24.99	35.4231390625	18.6537629982463	40.08	38.0714703125	10.1375574785972	61.29	40.2951609375	6.07525158093365	92.52	42.40786875	3.73502476609124	142.41	44.4277421875	2.34588188762939	225.06	46.4293984375	1.4795870349935	365.76	48.580096875	0.901717863516665	
18.81	36.252246875	15.4118819346908	29.55	38.7152375	8.74090924088585	42.03	40.913653125	5.26884045991052	63.57	42.985478125	3.2698855219952	100.2	44.9274578125	2.09090634067113	165.03	47.0038609375	1.29626640929371	281.64	49.11710625	0.796837447932697	
17.88	36.71270625	13.8614842510003	26.76	39.3632671875	7.52928336452474	39.6	41.2561109375	4.86933066091119	60.21	43.36105625	2.99898805433907	93.3	45.298003125	1.91990636479508	152.55	47.3531609375	1.19609112277015	253.95	49.378384375	0.750312053626401	
17.64	36.1784453125	15.6760207480335	27.93	38.879090625	8.41727077805407	41.22	40.888096875	5.29993658710702	63.39	43.1679046875	3.13537789469908	100.44	45.2191921875	1.95506473515392	164.31	47.1801453125	1.24470326747437	273.87	49.243034375	0.774064095381979	
20.67	35.56754375	18.0437161241793	34.56	38.3875703125	9.42591088732815	52.23	40.577015625	5.69349309616391	78.03	42.721375	3.47490439912795	119.76	44.87645625	2.11560573612337	187.95	46.830153125	1.34916494457788	301.62	48.898503125	0.837973043885986	
24.36	35.66251875	17.6534050434223	39.39	38.1335671875	9.99363864880164	58.44	40.5097375	5.78237976187187	87.33	42.5408734375	3.62237174074195	133.71	44.6141015625	2.24734736271415	209.79	46.597728125	1.42333637491877	347.1	48.7650734375	0.864117931001484	
20.76	35.875078125	16.8101871439838	33.63	38.2980390625	9.62224597435172	49.32	40.6388078125	5.61305864350207	74.88	42.83176875	3.3876886249072	115.2	44.7280890625	2.18912950602053	182.01	46.7365765625	1.37855057781217	298.71	48.744778125	0.868165549848346	
17.58	36.3698984375	14.9999743743991	28.14	38.8579	8.45844171164804	44.04	41.1267375	5.01656692976376	66.21	43.007703125	3.25319464215489	106.53	44.97109375	2.07000305242592	176.25	46.9760125	1.30460521691901	298.11	49.0553515625	0.808249053340957	
20.52	36.1138203125	15.9110312830985	31.86	38.648940625	8.87536655076422	47.46	40.79264375	5.41771288826805	73.68	42.7560078125	3.44730397083459	117.48	44.8255484375	2.14055069185057	189	46.8645078125	1.33853453157978	312.12	48.9492453125	0.828239291734192	
21.78	35.8273609375	16.9959039127707	34.2	38.593559375	8.98926996601685	52.44	40.7369078125	5.48769012070537	78.99	42.83626875	3.38418024425138	121.14	44.836546875	2.13513664024298	192.24	46.8066984375	1.3564710115717	319.35	48.92730625	0.832433857409061	
19.92	35.588809375	17.9555793850697	31.77	38.52529375	9.13168634358415	47.94	40.703221875	5.53042075036253	72.66	42.6995125	3.49244126400114	113.94	44.6636609375	2.22184760219405	186	46.6707640625	1.39960006705481	311.43	48.7925015625	0.85867774007999	
19.08	35.7057875	17.4783974542423	30.24	38.63779375	8.89817588352276	46.08	40.6438171875	5.60658798667258	71.07	42.7032125	3.48946712311906	109.62	44.7690609375	2.16857410285911	180.54	46.7041296875	1.38888853246532	305.79	48.795565625	0.858072133871339	
20.19	36.000984375	16.3298397681451	32.16	38.8494984375	8.47482066921966	48.69	40.8528140625	5.34316953941497	74.1	42.9661078125	3.28450237030203	115.98	44.9394109375	2.08515943312665	189.12	46.892740625	1.32986114834194	315.75	48.9379828125	0.830389940895293	
18.9	35.91558125	16.6541409476715	32.55	38.5370734375	9.10695136192639	47.82	40.7135265625	5.51731404443183	74.31	42.7900265625	3.42040635460976	115.26	44.910084375	2.09928751715999	186.81	46.931215625	1.318131681124	303.39	48.9241	0.833048642220336	
21.15	35.8989015625	16.7182264931961	35.1	38.5709640625	9.03616088234247	51.99	40.904596875	5.27983892374458	80.19	43.018221875	3.24532483592982	121.95	45.008215625	2.05238484142469	188.85	46.968146875	1.30697016372864	305.49	49.025496875	0.81382433756665	
19.56	35.847871875	16.9158246025094	29.64	38.407484375	9.38278842400437	46.77	40.5765640625	5.69408511419493	73.83	42.756071875	3.44725312025025	116.04	44.741221875	2.18251970460211	189.72	46.7492140625	1.37454497539799	311.73	48.8047578125	0.85625787676375	
19.38	36.079140625	16.0385941678398	30.6	38.8607484375	8.45289583341114	44.91	40.9363578125	5.24136711578565	66.9	42.944084375	3.30120066078512	107.34	44.9664796875	2.07220344854906	174.75	46.9951765625	1.29886108338567	284.04	49.0437765625	0.810406106119725	
15.93	36.1780421875	15.67747591024	25.41	39.29866875	7.64211354159901	37.35	41.3432890625	4.77256063324835	55.41	43.3791	2.98655392585625	87.06	45.3512609375	1.89650620128629	138.9	47.3800875	1.18869821586613	235.95	49.4535921875	0.737430578329379	
15.63	37.0098203125	12.9448889649753	24.96	39.2908703125	7.65584848109591	37.8	41.486878125	4.61734736956877	58.23	43.681	2.78599518092609	91.53	45.6286765625	1.77915057212076	147.09	47.585246875	1.13385018006792	248.67	49.658415625	0.703459013005945	
14.16	37.03845625	12.8598154427211	21.09	39.6706859375	7.0147430446166	33.75	41.75014375	4.34576247834575	50.28	43.897175	2.6507139329162	77.25	46.027634375	1.62299403389359	126.72	47.9531078125	1.04176456149215	216	49.970146875	0.654735174664491	
11.97	37.4483	11.7017377512178	19.98	40.2437578125	6.14758552889441	29.58	41.9605921875	4.14019829446047	44.76	44.0844	2.53886939779739	73.38	46.09535625	1.59788211545039	116.79	48.0289546875	1.023728731384	202.71	50.12789375	0.63138024000291	
12.6	37.657384375	11.1517217164251	18.33	40.2646078125	6.11814238071163	27.66	42.254659375	3.86913981254324	42.96	44.346946875	2.38993271039222	67.86	46.191284375	1.56297461093601	113.31	48.222578125	0.979089850018979	193.23	50.241209375	0.615119398713293	
14.19	37.223790625	12.3225701267314	21.15	39.9702046875	6.54726459005664	32.91	42.2857625	3.84152895408096	48.54	44.2726390625	2.43117630664815	75	46.29616875	1.52568011496617	118.14	48.2739484375	0.96757695721715	202.8	50.38513125	0.595068875993907	
18.69	36.702621875	13.8937081975102	27.15	39.4458875	7.38739992844015	39.87	41.645278125	4.45197327241788	62.43	43.75978125	2.73591270292009	97.2	45.7975625	1.71129196361592	153.96	47.905621875	1.0532177588694	251.4	49.9751171875	0.653986287192748	
18.72	36.279809375	15.3143801483035	30.24	38.8912578125	8.39372196779557	47.97	40.98649375	5.18120750424063	74.4	43.0780140625	3.20095047361195	112.5	45.209353125	1.95949900987749	176.1	47.2842828125	1.21521208439741	289.44	49.3625671875	0.753049703942728	
13.74	37.4775296875	11.6232449990029	21.42	40.1536359375	6.27648892902307	31.14	42.18686875	3.93000846542973	46.32	44.2986359375	2.41666675161878	72.03	46.3664140625	1.50120137877466	116.88	48.3192140625	0.957544474699977	195.81	50.35345	0.59942570242404	
16.08	36.9949625	12.9892510545239	24.6	39.6246	7.08957760589308	34.74	41.7045796875	4.39159611403489	54.21	43.75060625	2.74169876152644	83.88	45.7733921875	1.72084257427969	138.3	47.7008625	1.10406364844603	235.5	49.807959375	0.6796485948828	
18.69	36.3865609375	14.9425344962936	29.55	39.03385	8.12260550009456	43.59	41.1805734375	4.95476449802168	67.95	43.0981453125	3.18614715073125	105.15	45.1473703125	1.98766563685594	168.84	47.1102203125	1.26490622423747	282.24	49.2796703125	0.76756175930716	
19.92	36.4071796875	14.8717608193902	30.45	38.731096875	8.70904778326076	45.09	41.021365625	5.13977133990909	69.57	43.076728125	3.2018984091451	106.95	44.9926859375	2.05973698398295	177.81	47.030103125	1.28845735321998	297.33	49.154278125	0.790046308856032	
17.52	36.1522546875	15.7708424115186	28.02	38.8081046875	8.55598258870923	41.37	41.0895578125	5.05969781236181	62.76	43.1233203125	3.16773125465089	98.31	45.1260359375	1.99745391041339	161.13	47.1003734375	1.26777743372204	280.38	49.278278125	0.767807850663331	
16.47	36.9442515625	13.1418106235376	23.79	39.403628125	7.45963449171188	34.44	41.4878	4.61636735127691	53.91	43.6481453125	2.80715135638946	84.54	45.5279453125	1.82089888349753	140.58	47.4653484375	1.16558920638699	237.69	49.5973703125	0.713416795807729	
16.02	37.2811296875	12.1609468988232	23.46	39.6349265625	7.07274018370742	35.19	41.6508578125	4.44625718109356	55.56	43.814621875	2.70158212025723	87.69	45.7789578125	1.7186386710546	144.51	47.8554109375	1.06546519428611	239.16	49.9974328125	0.65063448730489	
13.05	37.5506734375	11.4291259082023	19.98	39.8348703125	6.75450192231677	29.43	42.0850296875	4.02325344766702	43.86	44.3175265625	2.4061777393399	69.42	46.286196875	1.52918726778161	114.99	48.305665625	0.960536335981955	196.68	50.4451296875	0.586904436086219	
12	37.69801875	11.0478682345363	17.22	40.41105625	5.91527222371522	25.32	42.7186953125	3.47704914920068	39.33	44.704315625	2.20114573899943	61.56	46.691934375	1.39279411592253	105.93	48.75550625	0.866023617418307	180.3	50.920040625	0.526109687055165	
10.35	38.606040625	8.96347266440839	15.33	41.15903125	4.9794025326924	21.96	42.9394421875	3.30473121122037	34.62	45.0597390625	2.02817980768549	53.52	46.9066453125	1.32561017706064	92.34	49.049909375	0.809262513152581	153.96	51.0810390625	0.506963222393917	
8.88	39.0043125	8.17803774872326	12.69	41.401246875	4.70929258152547	18.24	43.4783640625	2.91906626974913	28.11	45.4193828125	1.86699037760392	42.84	47.3540265625	1.1958527446086	75.75	49.4992078125	0.729725595493455	130.59	51.5095609375	0.459329424541763	
10.41	38.4201921875	9.35537374439702	16.71	40.876609375	5.31397397781843	24.69	43.2304984375	3.09051258982848	37.68	45.4169140625	1.86805197128455	57.45	47.2966671875	1.21175171238535	93.78	49.194209375	0.782815512843988	164.46	51.3236296875	0.479421373864026	
11.67	37.6071171875	11.2815466121254	18.03	39.9524765625	6.57404548549358	27.42	42.474578125	3.67809166407845	43.14	44.5240140625	2.29445188347917	66.63	46.7446265625	1.37599768937747	108.81	48.7175984375	0.873615874716485	185.04	50.8112765625	0.539451872121649	
11.94	36.9756546875	13.0471270695262	20.1	39.872334375	6.69648535474981	29.25	42.087828125	4.02066184285107	44.58	44.4028640625	2.35935860052798	69.27	46.226928125	1.55019934255777	113.19	48.3363359375	0.953776828159597	191.79	50.3924421875	0.594067976429646	
13.32	36.593884375	14.2459666515551	21.96	39.498503125	7.29844010589363	31.89	41.5826328125	4.51665667359109	49.29	43.8778140625	2.66255724951372	79.56	45.757665625	1.72708534236485	130.74	47.815296875	1.07535206487402	219.81	50.0246640625	0.646567624755106	
13.59	37.0519671875	12.8198706163429	20.34	39.54385	7.22262989060321	30.45	41.64743125	4.44976664083991	46.38	43.88923125	2.65556683317628	71.22	45.8154140625	1.70427217940698	115.08	47.8606765625	1.06417414854892	192.66	49.9362171875	0.659870391785727	
14.94	37.28829375	12.14090290349	23.22	39.5130578125	7.27402148731581	35.55	41.4948375	4.60889284295183	51.42	43.7403953125	2.74815250485938	80.91	45.69196875	1.75341002739806	132.48	47.6228734375	1.12406911977652	221.97	49.77478125	0.684860684968689	
14.46	37.0959625	12.6906571345777	21.87	39.6304390625	7.08005211748132	32.88	41.5540609375	4.54646934454353	50.04	43.7074796875	2.76906016562484	79.8	45.7613296875	1.72562884678865	126.51	47.65794375	1.11502854576461	212.22	49.7756484375	0.684723947487672	
13.53	37.5388328125	11.4603288469477	19.8	39.7876984375	6.82826735360526	32.25	41.8394265625	4.25733381828308	46.41	43.846778125	2.68165280220795	74.49	46.040721875	1.61811048999385	122.13	48.0724890625	1.01351797312623	206.19	50.162128125	0.626422788391844	
12.72	36.7492375	13.7453755743339	20.64	39.606303125	7.11950908203221	30.81	41.7839875	4.31202838329528	48.12	43.7782953125	2.72427427621765	76.05	45.84435625	1.69295235499471	123.3	47.8833703125	1.05862788546593	210.57	50.0103078125	0.64870848671826	
12.09	36.8254484375	13.5062727923963	20.43	39.4503421875	7.379826337797	31.41	41.73615	4.35978789141928	46.83	43.772553125	2.72787866001507	75.48	45.8979890625	1.67217395436915	123.87	47.8773578125	1.06009449588974	211.83	49.9532578125	0.6572862990361	
13.05	37.1265625	12.6015541760417	19.92	39.6079515625	7.11680726581928	29.19	41.80291875	4.29327280879222	45.9	43.7576671875	2.73724481711027	73.56	45.8354296875	1.69643565659432	121.29	47.8262375	1.07264647740945	202.86	49.865759375	0.67066311749274	
15.51	36.7049375	13.8863021530376	23.97	39.5345140625	7.23817292706137	35.4	41.575453125	4.52412971422829	53.94	43.575775	2.8543213162575	85.56	45.6379703125	1.77534732299114	139.29	47.6125234375	1.12675116847024	234.69	49.6905484375	0.698273430161441	
14.61	36.4593328125	14.6942383336411	22.95	39.3656125	7.52521843716901	35.4	41.8107	4.28558744307165	54.54	43.8293859375	2.69241354734385	81.9	45.8259953125	1.70012490603124	130.68	47.870746875	1.0617094266562	218.49	49.928340625	0.661068248694118	
15.18	37.206503125	12.3717190312091	23.07	39.9948796875	6.51017093950398	34.86	42.1451171875	3.96797239492542	52.5	44.0937703125	2.53339745318152	83.52	46.1620453125	1.57353290683427	132.93	48.1030453125	1.00641205365942	219.12	50.24033125	0.615243785818443	
18.9	36.81381875	13.5424888243743	27.81	39.26774375	7.6967252861852	41.31	41.6568234375	4.44015383536925	62.37	43.832303125	2.6906056409172	96.09	45.6897140625	1.75432056580849	153.36	47.739634375	1.09425092742309	252.09	49.8456625	0.673773787018487	
17.76	36.4314296875	14.7889517530721	28.86	39.152840625	7.90307854786752	43.35	41.3761859375	4.73654608409407	67.29	43.5730484375	2.85611386239315	100.83	45.55418125	1.80993190556814	163.8	47.5410421875	1.14545001464547	264.15	49.49086875	0.731128116959445	
19.08	36.559628125	14.3587802285934	27.06	39.1944296875	7.82775802537851	42.45	41.3919609375	4.71937260394261	64.86	43.5597375	2.86488115632518	98.88	45.5792515625	1.79951389582162	158.82	47.5955875	1.13115367511554	265.59	49.5950890625	0.713791635840878	
16.74	36.347325	15.078143106073	25.77	39.032659375	8.12483263015363	39.93	41.560646875	4.5395799936435	59.43	43.6447453125	2.80934987651949	94.35	45.624278125	1.78095336883956	149.94	47.6796765625	1.10946269675997	247.65	49.7195234375	0.693630237483215	
17.43	36.738796875	13.7784597968195	27.93	39.5444484375	7.22163471452498	41.67	41.5645390625	4.53551340240357	63.87	43.59211875	2.84359987108835	99.39	45.727946875	1.73894430799924	158.76	47.7848859375	1.08290851125258	260.1	49.8589421875	0.671716694429169	
14.55	37.0286828125	12.8887879798525	23.58	39.8797109375	6.68512091939389	34.05	41.857553125	4.23960160961853	52.14	43.9456109375	2.62131532855677	81.78	46.05541875	1.61264392864994	131.52	48.0123171875	1.0276580820654	220.29	50.0906171875	0.63682285598232	
12.99	37.6048640625	11.2874010105913	19.65	39.905409375	6.64567996767802	29.82	42.11493125	3.99564813036484	46.5	44.135584375	2.50912283784352	74.82	46.1904328125	1.56328110828267	122.49	48.1146234375	1.00373257085271	206.91	50.1905046875	0.622343119039874	
17.4	36.9737640625	13.0528081443833	28.65	39.6403	7.06399463725346	41.31	41.8438359375	4.25301355734268	65.22	43.828528125	2.69294540169624	99.84	45.7796890625	1.71834931699127	159.9	47.8427484375	1.06857624931473	264.45	49.928278125	0.661077762299415	
18.12	36.7817140625	13.6429709571934	27.39	39.65565	7.03907124483832	40.26	41.7773421875	4.31863143983936	60.45	43.9339875	2.62834040156536	95.91	45.925675	1.66154788085883	153.72	47.9930328125	1.03223143243503	253.41	50.045175	0.643521203117669	
11.49	37.473746875	11.6333735437387	17.97	39.8843765625	6.67794295127856	27.24	42.2142859375	3.90527631163359	41.58	44.16319375	2.49322220351215	67.08	46.2616421875	1.53785766683537	114.39	48.2516328125	0.972561513676994	199.59	50.2921609375	0.607944966585182	
11.28	37.562396875	11.3983154868034	18.09	40.167690625	6.25620971565604	27.81	42.231028125	3.89025033127674	44.1	44.26746875	2.43407236613148	71.79	46.2511265625	1.5415858119489	120.42	48.197471875	0.984766289387187	204.24	50.139490625	0.629696527503938	
14.31	36.65284375	14.0538717450158	21.69	39.1308390625	7.94321750217296	35.52	41.4411265625	4.66624679475859	59.52	43.5712140625	2.85732048386887	95.19	45.517909375	1.8251115915209	154.53	47.3858015625	1.18713526036242	256.17	49.4269625	0.741966181660252	
15.78	36.502071875	14.5503410621393	25.77	38.845296875	8.48302356377874	41.34	40.9073046875	5.27654798675411	68.94	42.985321875	3.27000316769992	110.01	44.9665578125	2.07216617212832	182.52	46.9878375	1.30105786044341	295.17	49.12679375	0.795061979908647	
12.51	37.299803125	12.1087705102374	19.17	39.8034125	6.80360530122951	30.36	41.8009375	4.29523184525938	48.12	44.1084296875	2.52486052337801	76.5	45.9536421875	1.65088241733702	121.59	47.9428015625	1.04423971053675	208.71	50.02254375	0.646883369068025	
11.85	37.2167890625	12.3424522188726	18.36	39.8673609375	6.70415840376219	27.93	41.854515625	4.24256786751612	44.73	43.8131625	2.70249009493151	75.72	45.88044375	1.67894313046491	123.93	47.8730921875	1.06113622845349	209.49	49.9161515625	0.662926232338596	
12.39	37.217753125	12.339712701044	18.9	40.1419984375	6.29333017250639	28.89	42.0815609375	4.02646814085785	45.9	44.111590625	2.52302351578115	73.86	46.10165625	1.59556586235825	124.2	47.8782109375	1.05988627213117	214.62	50.0016171875	0.650007910714583	
11.88	37.598896875	11.3029205104481	17.31	40.1712	6.25115634320906	26.55	42.18156875	3.93480745792877	42.09	44.13578125	2.50900909650376	67.44	46.1402765625	1.5814399462236	111.18	48.048875	1.01904382310133	186.93	50.0068734375	0.649221684431446	
11.88	37.1199046875	12.6208874004918	19.53	39.749546875	6.88851602990279	30.21	41.9167984375	4.18215877886714	47.31	43.77471875	2.7265187326385	78.33	45.9535578125	1.65091449109409	130.92	47.8168234375	1.0749741407406	226.62	49.85445	0.672411853724954	
12.3	37.0154234375	12.9281986626522	19.68	39.6848921875	6.9918345374125	30.27	41.705328125	4.39083935746696	48.48	43.74745	2.74369202469561	78.75	45.8037140625	1.70886972067707	129.66	47.6238203125	1.12382407016796	220.23	49.57548125	0.717021595127507	
12	37.166121875	12.4872892997492	19.17	39.8194828125	6.77847626376834	30.27	41.9851703125	4.11683375350839	46.62	43.8633203125	2.67145787030332	75.81	45.7459984375	1.73173134181842	127.41	47.804025	1.07814670726037	219	49.8437421875	0.6740717742996	
12.78	37.7232546875	10.9838575558605	18.54	39.90366875	6.64834404829697	28.56	42.0768296875	4.03085700802391	45.93	44.0076953125	2.58410900585295	73.95	46.0969359375	1.59730101311049	119.67	47.977353125	1.03596491726825	207.6	49.9729765625	0.654308714606429	
11.7	37.7112875	11.0141658276501	16.83	39.7494703125	6.88863746977351	26.7	41.9014390625	4.19697569916465	43.38	43.92579375	2.63330392138648	71.1	46.044709375	1.61662549428602	118.26	48.03038125	1.02339251408248	201.81	50.0514640625	0.642589987941552	
10.62	37.9921921875	10.324312515826	16.71	40.087690625	6.37252133822772	27.15	41.9500640625	4.15024709847421	42.87	44.1931625	2.47607679932799	67.62	46.0956796875	1.59776311883081	114.96	48.232771875	0.976794427554313	192.96	50.1919375	0.622137831162686	
12.69	37.6199125	11.2483575011409	17.88	40.02670625	6.4626366005479	28.59	42.1133	3.99714921442862	44.76	44.1861515625	2.48007722761168	71.97	46.263696875	1.53713026418464	118.71	48.17099375	0.990788565577923	202.47	50.25375625	0.61334486812177	
11.37	37.667115625	11.1267619929053	18.03	40.186146875	6.22967906105168	24.75	42.0199203125	4.08402441413681	40.53	44.2064671875	2.46850290200309	60.54	46.2572734375	1.5394054405957	102.75	48.1474234375	0.996180456076488	174.66	50.2003171875	0.620938577080255	
11.13	37.72209375	10.9867941063262	17.28	39.875053125	6.69229456419952	26.31	41.871809375	4.22570741358093	39.42	43.941234375	2.62395826632496	62.73	46.0657484375	1.60881281552729	102.93	47.921184375	1.04945041438375	182.85	50.047465625	0.643181876428513	
11.4	37.7816265625	10.8372153787151	17.28	40.0085734375	6.48967603174061	25.26	42.0594640625	4.04700699103663	40.5	44.20375	2.47004781776938	62.64	46.1311546875	1.58476507663953	101.61	48.088490625	1.00979054135199	176.16	50.1054328125	0.634654084783703	
10.92	37.4098296875	11.8058535653052	16.86	39.77543125	6.84758190888665	26.28	42.0129828125	4.09055352338703	39.75	44.231021875	2.45458555081559	61.56	46.0829953125	1.60243650347184	105.45	48.1351609375	0.998997191110407	178.53	50.12990625	0.63108772917807	
12.21	37.4571359375	11.6779541856797	20.4	39.9321734375	6.60485088415528	30.06	42.13278125	3.97925926261495	46.02	44.051975	2.55789587096737	73.32	46.1055640625	1.59413080663078	121.8	48.047546875	1.01935550667107	206.04	50.010784375	0.648637306173771	
10.95	37.6767421875	11.1021257497039	16.8	40.1133015625	6.33505229998053	25.2	42.1553859375	3.958601338017	37.08	44.51870625	2.29725780573545	57.57	46.329259375	1.51409952555941	96.33	48.255078125	0.971790274408745	165.48	50.2893078125	0.608344491087417	
11.67	38.0096828125	10.2828163546672	16.14	40.3118609375	6.05193517033734	25.14	42.2769484375	3.84933330345378	38.22	44.330703125	2.39888842199176	60.66	46.3607390625	1.50316430641337	103.59	48.35444375	0.949808355718998	177.87	50.32929375	0.602769107038354	
10.29	38.165115625	9.92130494246699	14.82	40.568353125	5.70486075239623	22.14	42.69906875	3.49279813014931	34.77	44.4613140625	2.32781763842944	54.87	46.5517625	1.43848093683297	93.24	48.5021109375	0.918056198316011	160.56	50.420875	0.590191378255254	
10.44	38.0688546875	10.1436648634242	15.03	40.335871875	6.01856802297555	23.82	42.59268125	3.57941650116503	38.22	44.6020546875	2.25358992350661	61.59	46.5478328125	1.43978312670778	99.48	48.44604375	0.929985090194865	175.11	50.5579890625	0.571849116701109	
11.49	38.343609375	9.52180807362996	15.45	40.598253125	5.66571922371574	24.06	42.4783296875	3.67491579304249	37.53	44.8755171875	2.11606323694311	60.36	46.8251984375	1.35070502983343	99.48	48.728125	0.871500941990797	170.16	50.742078125	0.548116086658918	
9.96	38.3184359375	9.5771605322059	14.37	40.6802578125	5.55974124491482	23.25	42.4970953125	3.65907094163152	36	44.85165625	2.12772127388288	59.82	46.7605546875	1.37096034217708	97.53	48.6919390625	0.878792728276311	165.96	50.7659375	0.545113089802641	
9.69	37.9584015625	10.4049549599929	15.78	40.133425	6.30576615020133	25.05	42.538403125	3.6244327698398	40.02	44.720659375	2.19287776187451	62.85	46.64995	1.40632391086266	106.83	48.5771796875	0.902323757407497	184.68	50.6752484375	0.556615783513725	
10.02	37.672703125	11.1124558460726	16.92	40.5487640625	5.73065092271448	25.83	42.932715625	3.30985370434491	41.07	44.9045734375	2.10195307845572	67.11	46.850025	1.34300571533119	111.48	48.81381875	0.854473278627989	188.82	50.8263171875	0.537586856549009	
11.28	37.5513234375	11.4274154614338	17.28	40.6715109375	5.57095008325581	25.68	42.8467046875	3.37605794564673	40.53	44.9188	2.09507879322633	67.47	46.9483953125	1.31292775592304	113.46	48.8681328125	0.843853545835553	194.46	50.96261875	0.520976922387205	
12.33	37.5296578125	11.4845657804894	19.08	40.626159375	5.62943000215286	28.08	42.53645625	3.62605791123539	45.99	44.47585625	2.32003606398204	75.33	46.428675	1.47983352163945	126.51	48.5625828125	0.905361619243392	213.93	50.6022125	0.566055625587485	
11.49	37.482446875	11.6100923262848	17.73	40.1180609375	6.3281136038074	28.5	42.071875	4.03545827154638	47.04	44.28931875	2.42185694134697	77.28	46.344790625	1.50869446964012	126.27	48.27116875	0.968196449886649	214.8	50.2929234375	0.607838237772179	
13.05	37.0133921875	12.9342467582984	21.63	39.7940609375	6.81827113108835	33.21	41.6565609375	4.44042221907094	52.35	43.82441875	2.69549472253799	84.96	45.9318828125	1.65917455819238	139.8	47.915778125	1.05075762051871	239.4	50.04574375	0.643436933403269	
14.19	36.7955421875	13.5996002286771	23.73	39.4553203125	7.37137201655562	33.42	41.5302921875	4.57142019068189	54.63	43.842959375	2.6840118156531	87.63	45.7553328125	1.72801329533603	143.82	47.7536359375	1.09072876624926	244.26	49.833115625	0.67572315067827	
13.95	37.1774875	12.4546523902281	21.42	39.5670484375	7.18415207770036	35.01	41.842671875	4.25415366787845	52.89	43.8777375	2.66260418859418	82.8	45.8857578125	1.67689001839341	134.28	47.8213609375	1.07385159644153	229.53	49.827628125	0.676577495957836	
13.89	36.4737328125	14.6455970016236	22.56	39.0458765625	8.10014334752448	35.19	41.1734796875	4.96286420523687	55.74	43.35875625	3.00057672277026	91.5	45.45540625	1.85156829609867	148.62	47.3711890625	1.19113628519948	251.25	49.4205828125	0.743056914097843	
13.74	36.656875	14.040832577655	22.32	39.020290625	8.14800521643488	35.61	41.457078125	4.64913918680671	56.04	43.5979046875	2.83981397536452	89.07	45.6285671875	1.77919537974608	145.8	47.615553125	1.12596540820146	245.58	49.6314859375	0.707834566330993	
16.05	36.706934375	13.8799187342207	25.17	39.1851515625	7.84449886704636	38.31	41.5413890625	4.5597544370814	60.27	43.5343359375	2.88168673334185	95.4	45.5119234375	1.82762890105877	154.68	47.4814734375	1.16126949303723	258.87	49.523659375	0.725628652883705	
19.26	36.474115625	14.6443061101323	30.69	39.2603859375	7.70977612222539	45.66	41.295184375	4.82571782084541	69.87	43.3009296875	3.04079674787182	111.75	45.3689890625	1.88878034444757	175.71	47.2742578125	1.21802044903623	293.49	49.31600625	0.761166622227419	
15.78	36.5636421875	14.3455149407039	24.96	38.8600359375	8.4542827223996	39.42	41.311478125	4.80764673588221	62.07	43.373821875	2.99018579049499	100.2	45.3749578125	1.88618627183289	164.37	47.3785265625	1.18912553354728	274.47	49.4831203125	0.732433718904317	
16.53	36.6507625	14.0606083330892	24.45	39.340578125	7.56872190453671	39.45	41.4492984375	4.65747483605358	61.83	43.50080625	2.90402088827729	101.82	45.5288390625	1.8205241928212	164.19	47.524946875	1.14970302321876	272.49	49.49040625	0.731205982273009	
