39.03	35.412421875	18.6998521740397	61.86	38.0803625	10.1168220461873	90.57	40.3780859375	5.96035005840914	132.51	42.600265625	3.5731709818038	197.55	44.7110921875	2.19771383483937	300.51	47.1063796875	1.26602532184759	461.94	49.80898125	0.679488695497697	
34.65	33.7343	27.5201223815141	53.13	36.4522125	14.718349481548	78.27	38.7337	8.70382921660012	118.68	40.9511328125	5.22356591833889	176.31	43.1143046875	3.17431405550356	270.96	45.417634375	1.86774216545924	410.7	47.734584375	1.09552406845342	
36.15	33.9071203125	26.4465076197205	56.64	36.3236890625	15.1604277350691	84.3	38.5426625	9.09523889847121	125.46	40.750053125	5.47110498293818	188.1	42.8807171875	3.34972104772392	286.11	45.024553125	2.04467858477419	443.43	47.3824234375	1.18805902328358	
33.84	33.9490890625	26.1921684173043	51.75	36.4894484375	14.5926953926185	75.63	38.766978125	8.63739037456438	112.02	40.8979015625	5.28798487905134	173.61	43.0681703125	3.20821399967575	266.76	45.3343484375	1.90390606403934	420.75	47.671446875	1.11156707250284	
39.78	33.7889515625	27.1759793975434	63.87	36.4438953125	14.7465636475664	96.75	38.70085625	8.76990190982814	142.95	40.8601578125	5.33414208318285	214.29	43.041628125	3.22788124415273	325.2	45.3396640625	1.90157716969093	484.47	47.693490625	1.10593931834144	
56.91	33.4015515625	29.7115428736424	87.45	35.8887859375	16.7572121175494	129.39	38.0279859375	10.2395711278602	190.26	40.1242515625	6.31909965767153	288.15	42.42279375	3.72221097975442	430.02	44.7434796875	2.18138534996837	646.35	47.1121203125	1.26435295996938	
70.17	32.604721875	35.6950646902228	107.25	35.15588125	19.8377419144798	157.41	37.430071875	11.7509552764604	232.74	39.6060265625	7.11996247299326	348.6	41.918459375	4.18055963899412	514.41	44.233565625	2.45314827172566	763.92	46.5946328125	1.42435117972037	
71.19	32.9444828125	33.0089781056281	111.75	35.460028125	18.4959885703897	161.19	37.5968	11.3083791416319	239.04	39.7763203125	6.84618025506782	357.21	42.066546875	4.04041219609887	525.36	44.310121875	2.4102837532377	779.91	46.6296	1.41292907114004	
68.37	33.0781390625	32.0085834417726	110.46	35.5621296875	18.0662240601371	165.6	37.646809375	11.1789090643731	250.89	39.8319171875	6.7590964250384	376.83	42.08225	4.02582934201814	564.09	44.3785625	2.37259773172793	839.1	46.7338296875	1.37942277491764	
65.97	33.131946875	31.6144531025901	104.76	35.6037890625	17.8937536773605	158.97	37.7816203125	10.837230974733	236.7	39.9401125	6.59278800341778	357.15	42.1891734375	3.92792346575471	534.39	44.4991265625	2.30763812073491	803.52	46.8377109375	1.34681910118962	
43.71	33.9366859375	26.2670782052628	70.74	36.6095703125	14.1946055852527	107.67	38.675953125	8.82033435491501	162.87	40.8071703125	5.39962164531811	247.17	42.9780890625	3.27545362271631	385.02	45.266290625	1.93397697095405	587.55	47.60655	1.12830200754877	
34.44	35.0967703125	20.1095952531688	56.49	37.4965421875	11.5724720919961	85.08	39.530671875	7.24457934579768	135.66	41.6590203125	4.43790835525472	212.85	43.8940703125	2.65260955468038	331.71	46.1443640625	1.57995222417312	503.73	48.4110453125	0.937509828963005	
35.16	34.4636734375	23.2655335730734	55.74	36.642978125	14.0858334289702	89.34	38.7112234375	8.74899195370416	140.7	40.9181796875	5.26335171623337	222.75	43.1717671875	3.13259061236285	351.87	45.434209375	1.8606274479225	554.61	47.735684375	1.09524662447822	
29.01	34.829009375	21.3884554445118	46.53	37.1600375	12.504795991684	75	39.2371765625	7.75108866124056	118.92	41.4196109375	4.68942146616353	191.16	43.62246875	2.82379708693753	305.43	45.888784375	1.67572181464422	467.34	48.2198703125	0.979700499824974	
30.69	35.4141640625	18.6923521673804	46.98	37.7317609375	10.9623652268482	71.94	39.8732703125	6.6950423669327	112.41	41.972834375	4.12854405621491	179.85	44.08034375	2.54124177418047	284.22	46.24176875	1.54491107270596	453.66	48.5021015625	0.91805818010176	
27.39	35.63570625	17.7627308773593	43.59	37.9777046875	10.3588105903599	66.09	40.09466875	6.36229036678863	101.76	42.237478125	3.88447694664781	161.61	44.2984375	2.4167771762925	255.54	46.5342015625	1.44430928972789	399.87	48.731596875	0.870804517479663	
18.81	38.0045296875	10.2950246809371	28.53	40.46436875	5.84310224537881	40.77	42.41833125	3.72603762363929	62.82	44.4882671875	2.31341550568561	95.64	46.409725	1.48630473335109	159.36	48.492278125	0.920137113824864	259.71	50.6283234375	0.562662559082395	
14.85	39.0085078125	8.17014152641447	22.44	41.158434375	4.98008692663585	33.75	43.09603125	3.1876984837935	52.38	45.2705765625	1.93206932163684	78.78	47.261240625	1.22167672065013	127.23	49.267671875	0.769685266673705	207.21	51.3006828125	0.481961202875378	
25.53	37.47810625	11.6217020177652	39.39	39.9191125	6.62474415830075	57.48	41.978703125	4.12296880017039	84.09	43.91943125	2.63716459096778	132.48	45.930553125	1.65968262853001	208.11	48.00883125	1.02848328019638	321.54	50.1220890625	0.632224693591047	
23.13	37.7947765625	10.8044510094411	33.09	40.060940625	6.41189347271899	49.71	42.0871125	4.02132441705405	76.53	44.096165625	2.53200056565589	117.36	46.078409375	1.6041294918116	183.51	48.0911890625	1.00916331479859	291.96	50.253634375	0.61336208051055	
28.47	36.7891546875	13.6196169138298	41.64	39.043721875	8.10416311030175	61.77	40.8484265625	5.34857025325147	93.9	42.932265625	3.31019667700437	150.45	44.984625	2.06356361087225	242.82	47.096575	1.26888674550592	387.84	49.4366875	0.740306582332261	
32.55	36.1277734375	15.8599939428257	49.5	38.593621875	8.98914060095384	70.89	40.399228125	5.93140458243971	108.03	42.4597796875	3.69064601406661	168.33	44.5381875	2.28697602008186	264.36	46.662178125	1.40236979258191	419.43	48.9097078125	0.835813881173175	
34.74	34.720203125	21.9310814772476	55.02	37.1640125	12.4933558685823	83.67	39.27561875	7.68278156961143	126.21	41.379721875	4.73269125391024	196.74	43.4951265625	2.90782124077577	310.17	45.7559	1.72778763197081	483.33	48.0282421875	1.02389669726608	
37.32	34.3094484375	24.1065753217982	56.61	36.92283125	13.2067888946165	84.48	39.201375	7.81524974369773	123.42	41.19615625	4.93701828692762	191.61	43.4978203125	2.90601819812396	299.79	45.7564734375	1.72755951191547	471.06	48.10685625	1.00552931364867	
24.33	36.2709	15.3458292247326	36.63	38.732478125	8.70627835836214	53.49	40.9633015625	5.20895019068927	81.15	43.1455578125	3.15155274252179	123.3	45.31336875	1.91312561198983	194.82	47.518021875	1.15153773325148	309.39	49.7409015625	0.690224235863566	
18.81	38.3627203125	9.47999983148052	27.21	40.6895890625	5.54780841049403	40.05	42.6743390625	3.51274362768036	58.56	44.77518125	2.16552018343901	90.9	46.844496875	1.34471631285776	144.27	48.9452578125	0.829000093662421	226.05	51.057628125	0.509703420876863	
10.56	42.1491828125	3.96425953654993	14.16	44.0964359375	2.53184297440577	22.44	45.5931921875	1.79374681160512	33.36	47.7190546875	1.09944850258717	52.29	49.60483125	0.712192237619094	86.58	51.443021875	0.466421083374247	143.52	53.3083125	0.303563192024998	
12.78	38.8869234375	8.40210330835736	19.29	41.025678125	5.1346701324272	30.06	43.1972171875	3.11428706619978	45.96	45.2287671875	1.9507591027251	71.64	47.3688671875	1.19177327441215	115.53	49.3234140625	0.759869397949782	190.65	51.2233546875	0.490619597808842	
25.74	37.2241453125	12.321563785803	38.91	39.6303640625	7.08017438670555	57	41.83295	4.26368744685303	85.89	43.8500796875	2.67961494996159	129.72	45.9530078125	1.65112357974387	202.14	47.9349578125	1.04612740578674	322.47	50.0060515625	0.649344557179213	
35.07	35.3916625	18.7894518663752	55.26	37.7863375	10.8254662622125	86.28	40.063165625	6.40860933956485	129.48	42.184003125	3.93260247647544	197.28	44.3802625	2.371669185086	299.94	46.58746875	1.42670270897862	457.14	48.75713125	0.865699637909665	
35.97	35.123159375	19.9877736823938	56.67	37.470259375	11.6427192034783	85.35	39.55803125	7.19908391480774	130.26	41.7624109375	4.33350465204374	202.47	43.9586359375	2.61346547417345	313.89	46.2282421875	1.54973036338375	484.05	48.40386875	0.939060311457603	
28.23	35.0182328125	20.4765638352218	47.67	37.267559375	12.1990053948345	74.79	39.6153296875	7.10472695668332	112.86	41.7209296875	4.37509403760297	171.51	44.0798890625	2.54150784510835	264.24	46.2727109375	1.53394315969674	414.45	48.4624921875	0.926469533054118	
31.2	34.628446875	22.3993632815395	50.07	37.107425	12.6572063622593	73.47	39.1057	7.98933001408902	113.1	41.4160609375	4.69325624940663	169.77	43.5783046875	2.85265920938165	271.59	45.8185640625	1.70303649460095	439.26	48.1271921875	1.00083190629941	
24.54	35.6443796875	17.727291745203	38.4	38.115540625	10.0352061472605	57.66	40.1912078125	6.22242369524717	89.1	42.292896875	3.83522346086428	142.38	44.4812890625	2.31713562636558	225.9	46.615996875	1.41736163572454	368.1	48.8027671875	0.856650439667469	
19.08	35.647015625	17.7165354825336	30.6	38.043178125	10.203814349736	47.19	40.21964375	6.18181474170533	73.2	42.2924359375	3.83563053307069	116.28	44.4470859375	2.33545641690676	194.16	46.644615625	1.40805233904287	323.13	48.74618125	0.867885106950943	
20.64	35.6907484375	17.5390278263831	32.34	38.002690625	10.2993851330969	48.18	40.267146875	6.11456651078588	73.8	42.2863171875	3.84103833950751	119.58	44.471946875	2.32212542380552	199.92	46.509625	1.45250575190936	335.73	48.6246109375	0.892522692915775	
20.85	35.553740625	18.101155463319	31.86	38.2565625	9.71458182991391	46.35	40.3478140625	6.00204095645454	71.25	42.3167640625	3.81420432806181	115.26	44.40505	2.35817136169998	196.65	46.3367703125	1.51148321817215	344.82	48.6513921875	0.887035788116209	
21.54	34.6559359375	22.2580322389826	33.9	37.2396640625	12.277613414467	48.99	39.4529125	7.37545998071226	73.38	41.5412546875	4.55989552256766	113.82	43.7285421875	2.7556632352701	193.92	45.8021359375	1.70949079696947	333.12	47.9465203125	1.04334593811044	
22.47	34.70931875	21.9861145250932	35.52	37.31534375	12.0655183883254	52.53	39.45070625	7.37920772403849	86.13	41.7384515625	4.3574780149784	135.39	43.7732703125	2.72742821935134	228.27	45.82845	1.6991642453834	393.87	48.1108578125	1.00460325185647	
24.18	35.494790625	18.3485309322891	35.85	37.9439765625	10.4395722578419	56.07	40.08001875	6.38378843839778	88.32	42.1717140625	3.94374616816554	148.17	44.2463796875	2.4459208103507	236.34	46.3604203125	1.50327463505582	387.15	48.5679203125	0.904249608946558	
23.19	35.817825	17.0332633422902	36.87	38.26354375	9.69897825988945	53.64	40.5084515625	5.7840921667615	86.01	42.462428125	3.68839605097384	137.19	44.4945703125	2.31006036965745	228.9	46.484878125	1.460806014756	399.27	48.69335	0.878507272145636	
25.26	33.8042828125	27.0802132268921	40.56	36.531803125	14.4510714519732	60.93	38.525271875	9.13173233913562	96.84	40.600809375	5.66238537217676	165.03	42.7881078125	3.42191785313291	278.88	44.806690625	2.14986553938887	493.92	47.00419375	1.2961670764326	
25.83	33.2979375	30.4289250765956	45.93	36.1800484375	15.6702352766295	70.17	38.1472640625	9.96217014029673	114.57	40.2007828125	6.20872007266813	184.71	42.3624796875	3.77426502071866	316.32	44.40259375	2.35950545571414	547.23	46.5339296875	1.44439970853257	
35.22	34.6346125	22.3675857451863	55.11	37.134521875	12.5784802838978	84.48	39.442203125	7.39366975255823	130.17	41.54316875	4.55788628635946	199.86	43.565340625	2.86118736391427	320.58	45.644809375	1.77255379078457	520.02	47.7262296875	1.0976335980531	
29.31	35.9209515625	16.6335598281498	48.69	38.2736046875	9.6765354528269	76.56	40.35845	5.9873598519	123.42	42.4949671875	3.66086439489025	189	44.5559453125	2.27764392451605	298.2	46.701378125	1.38976877033359	458.97	48.8855140625	0.840483040632696	
27.42	36.710740625	13.8677594048304	42.84	39.0429765625	8.10555402191517	64.11	40.9356703125	5.24219690416069	99.33	42.911675	3.32592813425001	154.89	44.8712921875	2.1181228342308	241.95	46.898625	1.32806050316026	384.27	48.9455828125	0.828938058577739	
21.03	37.22843125	12.3094099581743	31.65	39.435334375	7.40537274513613	48.63	41.325984375	4.79161508361556	73.62	43.3499703125	3.00665314445649	116.79	45.4934765625	1.83540835620139	187.38	47.5091671875	1.15388796078765	297.72	49.6567984375	0.703721009647788	
12.57	39.4794390625	7.33054821588264	17.52	42.0033125	4.09967199147152	25.41	43.47725625	2.91981096965048	39.42	45.6773859375	1.75930755267643	63.21	47.68483125	1.10814664483122	101.79	49.5952015625	0.713773145963083	176.19	51.53041875	0.45712869718726	
8.79	39.8388671875	6.74828851597927	13.14	41.843965625	4.25288655723481	19.17	43.599078125	2.83904677840453	28.86	45.769959375	1.72220332497746	46.08	47.806259375	1.07759216084913	77.25	49.988703125	0.651943633124238	135.54	51.8961578125	0.420208254748383	
13.23	39.728721875	6.92162670519086	19.38	41.838828125	4.25792049940729	27.66	43.4937078125	2.9087713208444	43.95	45.6439359375	1.77291031630178	68.28	47.570346875	1.13774693275432	109.74	49.4529921875	0.737532465166718	186.63	51.479334375	0.462537473005956	
44.43	35.60198125	17.9012037571162	64.29	37.974528125	10.3663901124545	91.8	40.0830234375	6.37937331080156	135.42	42.0099796875	4.09338309925255	206.67	44.0784296875	2.54236202042306	323.49	46.2141625	1.55476269232269	517.38	48.503625	0.917736196046838	
35.31	35.696659375	17.5151726814339	52.29	38.1990234375	9.84414534159299	74.82	40.435965625	5.88144172641037	105.75	42.456915625	3.69308070468785	161.55	44.5198875	2.29663305297327	252.03	46.564365625	1.43431254976953	414.9	48.8440296875	0.848549910751301	
42.87	34.7035890625	22.0151401531925	64.56	37.145534375	12.5466251617408	92.31	39.1776578125	7.85804623214594	137.49	41.2744328125	4.84883135766549	210.78	43.3199296875	3.02752258848269	336.21	45.4458859375	1.85563163205539	534.12	47.7194203125	1.09935594581872	
34.29	34.1361375	25.0880329194754	51.81	36.5481078125	14.3969196095714	78.18	38.7546	8.66204350959266	121.29	41.042846875	5.11441156369831	182.1	43.150025	3.14831269701873	283.41	45.263040625	1.93542478524191	461.85	47.589396875	1.1327672211666	
27.39	35.786296875	17.157368277793	42.6	38.0221671875	10.2532994709462	65.04	40.148309375	6.28419167965722	101.13	42.2743015625	3.85168005432788	162.81	44.4123765625	2.35419647245888	259.56	46.581840625	1.42855280532593	417.72	48.8001125	0.857174239646664	
15	37.37729375	11.8946313325707	23.94	39.432334375	7.41048996262424	35.76	41.6705671875	4.42612466639065	55.68	43.7804984375	2.72289263428546	86.67	45.8648890625	1.68496721324981	141.45	47.887440625	1.05763617870909	231.3	49.8362	0.675243420044442	
18.18	36.848615625	13.4344161905971	29.22	39.5544359375	7.20504615334473	44.85	41.7060390625	4.39012063848786	66.33	43.70745625	2.76907510940734	103.95	45.8699921875	1.68298847559446	163.83	47.847571875	1.06739010723911	269.85	49.8225265625	0.677372723753873	
25.08	36.407175	14.8717768710371	37.32	38.87639375	8.42249934478507	59.13	41.1514953125	4.9880503611043	87.33	43.205409375	3.10841805863139	136.62	45.2850421875	1.9256446266355	214.35	47.450065625	1.16969813745415	339.36	49.563315625	0.719032959592878	
34.53	35.61021875	17.8672817498946	52.62	38.133546875	9.9936853904178	77.04	40.3425921875	6.00926203775766	117.09	42.5610484375	3.60558316363259	173.43	44.546365625	2.28267350697698	271.53	46.6275796875	1.41358651037721	427.44	48.7011171875	0.876937500294136	
41.28	35.1196765625	20.0038092508012	65.61	37.697265625	11.0497842494961	98.43	39.9123484375	6.63507012353258	143.04	42.0254296875	4.07884678532073	213.39	44.13583125	2.50898021063533	318.75	46.2316703125	1.5485075587238	495.15	48.396615625	0.94062994056393	
17.46	37.780965625	10.8388647819197	25.92	40.50785625	5.78488507998552	38.7	42.545140625	3.61881430478773	60.09	44.9068421875	2.10085530704657	93.78	46.963840625	1.30826673361794	144.51	48.944309375	0.829181155285076	235.86	50.8926328125	0.529440402055551	
14.67	37.6410390625	11.1937719451228	22.98	40.5995359375	5.66404593924252	35.16	42.557540625	3.60849658284345	53.34	44.8873140625	2.11032310866125	85.11	46.9156765625	1.3228564055759	132.54	48.9436390625	0.829309145257742	216.48	50.9911390625	0.517566852975219	
14.61	37.6082390625	11.2786327251078	21.96	40.157746875	6.27055055156116	31.62	42.36878125	3.76879257718836	48.84	44.7068703125	2.19985132100415	77.37	46.8114234375	1.35499601235365	125.37	48.82876875	0.851536926861033	204.42	50.7773484375	0.543682703955829	
12.27	37.9608109375	10.3991841094095	18.75	40.60306875	5.65944033713131	28.05	42.967915625	3.28313543403627	43.17	45.091478125	2.01341151634763	70.95	47.0790640625	1.27401327887496	114.6	49.0305046875	0.812886464519053	194.79	51.0151296875	0.514715672380457	
11.58	38.4392828125	9.31433984436865	19.02	41.25455625	4.87107409606751	28.92	43.2642109375	3.0666150810023	43.89	45.2355578125	1.94771128077967	69.99	47.3241078125	1.2041194723452	117.06	49.3113890625	0.761976284336833	200.34	51.3240453125	0.479375494862005	
15.42	37.2738640625	12.1813088499928	23.67	39.631590625	7.07817504051564	36.48	41.7382296875	4.35770063814583	55.89	43.9442671875	2.62212651488477	88.77	46.04233125	1.61751097417552	145.68	47.9920984375	1.03245353864323	248.76	50.065175	0.640564491763899	
17.73	37.1693609375	12.4779794805447	27.66	39.7260140625	6.92594366343998	41.88	41.7999609375	4.29619778753069	61.77	43.8312109375	2.69128237422034	96.36	45.8423375	1.693739480356	157.38	47.865475	1.06299901199418	263.64	50.002778125	0.649834176592101	
12.96	38.563475	9.05175646501577	18.72	41.042434375	5.11489736194172	26.25	43.2068625	3.10737817334713	40.23	45.2131390625	1.95779157206843	63.57	47.2739734375	1.21810020733851	107.13	49.309696875	0.762273239060552	184.65	51.4138390625	0.4695657960017	
9.99	40.5618328125	5.71343222031906	14.19	42.862546875	3.36376520097036	16.95	44.8936796875	2.10723219088934	26.49	46.916771875	1.32252281661326	42	48.6887140625	0.87944554778197	75.39	50.6909109375	0.554612006454435	137.7	52.6243484375	0.355341161117998	
6.6	42.0009546875	4.10189833389164	8.34	44.4529625	2.33229838131523	11.46	46.23205625	1.5483699561045	16.83	47.8849546875	1.05824175169795	26.97	49.6504515625	0.70475019485017	51.78	51.48766875	0.461650686660481	103.41	53.627559375	0.28204890848559	
5.67	42.47931875	3.67407896280436	7.08	44.516925	2.29820021461066	9.51	46.57060625	1.43225298440502	13.17	48.2598671875	0.97071925014239	22.47	49.941009375	0.659142664689991	43.71	51.835075	0.426160173774197	88.65	54.0033609375	0.258668930309295	
9.96	41.171265625	4.9653949518535	14.04	43.317471875	3.02923644604795	16.62	45.0600453125	2.02803679224493	24.87	47.0750359375	1.27519548717515	39.75	49.0121765625	0.816324262462806	65.1	50.8305671875	0.537061032096644	121.8	52.769490625	0.343661829987151	
10.02	41.0689125	5.08380765655851	11.73	43.25420625	3.0736876763996	16.47	45.054503125	2.03062649471876	22.65	46.9724140625	1.30568662272725	36.27	48.7727171875	0.862598387810774	62.1	50.553528125	0.57243680405825	118.8	52.527834375	0.363326372961713	
7.53	42.2149140625	3.90471152796633	10.32	44.326796875	2.40104706635849	12.87	46.3921890625	1.4923182654074	18.21	48.1458921875	0.996531754638663	28.62	49.78800625	0.682778340742377	52.44	51.588109375	0.451096464572865	100.14	53.5543546875	0.286843420142583	
9.96	40.8848109375	5.30394811640138	12.48	43.4007390625	2.97171019787904	17.37	45.668265625	1.76300603264263	24.18	47.650859375	1.11684890660033	37.02	49.384890625	0.749188838128757	66.36	51.216646875	0.491377960447701	123.18	53.1918109375	0.311816625391859	
10.68	39.6180359375	7.10030111689234	15.78	42.540325	3.62282921142802	22.56	44.8442046875	2.13137512127428	32.88	46.7353515625	1.37893947583346	50.79	48.5166125	0.914995821677236	84.45	50.311825	0.605198524979472	149.4	52.182971875	0.393353639988642	
26.55	37.6926921875	11.0614266069021	40.29	40.2429515625	6.14872690902789	57.96	42.407240625	3.73556500599618	83.61	44.4031046875	2.3592278816357	126.06	46.3038078125	1.52299886477367	194.13	48.246403125	0.973733358261404	313.14	50.251584375	0.613651674122154	
50.22	33.8684640625	26.6829568942071	81.87	36.388603125	14.9355097043829	125.25	38.554940625	9.06956167336666	189.72	40.7104203125	5.52126166243718	282	42.78198125	3.42674853570693	431.79	44.97855	2.06645218566636	650.64	47.2183890625	1.23379059289432	
40.29	33.982615625	25.9907491922042	64.71	36.5980015625	14.232467626155	100.2	38.7523703125	8.66649178366681	153.96	40.864221875	5.32915280798629	237.81	42.975321875	3.27754130351696	367.08	45.1157421875	2.00219393791539	582.75	47.3168125	1.20614386142048	
32.25	34.783865625	21.6119422496088	49.38	37.3511875	11.9663475100883	77.07	39.57239375	7.17531523615221	118.35	41.7468125	4.34909716839881	179.25	43.8485203125	2.68057726355196	287.85	45.9393703125	1.6563165051636	463.32	48.1197328125	1.00255239685768	
25.14	35.060959375	20.2760999490095	41.25	37.8115484375	10.7628061225933	63.45	39.963396875	6.55753584719619	98.7	42.1205421875	3.99048922169998	154.56	44.2273671875	2.45665201012053	251.79	46.3353765625	1.5119683654379	414	48.490334375	0.920549027143573	
30.12	35.144084375	19.8917010371108	47.25	37.7987015625	10.7946907397246	72.9	39.9802078125	6.53220159906407	112.14	42.1206234375	3.99041456631523	178.5	44.166321875	2.49142703849328	281.79	46.2187375	1.55312571686599	462.75	48.361828125	0.948194754358246	
31.8	34.64129375	22.3332015785841	51.57	37.09225625	12.7014919080551	83.19	39.3101765625	7.62189049008234	128.22	41.601628125	4.49694471439093	197.88	43.7353125	2.75137071777183	308.64	45.82973125	1.69866303406808	484.68	48.132403125	0.999631765571297	
31.23	34.396690625	23.6271478178312	50.73	36.82895625	13.4953681306578	81.21	39.1020671875	7.99601577260363	128.37	41.2951171875	4.82579247765952	205.98	43.3995703125	2.97251003619684	324.39	45.5958046875	1.79266810705293	523.56	47.922365625	1.04916501017552	
32.67	34.5863953125	22.6173036968504	53.88	36.9075453125	13.2533549580213	85.11	39.0895578125	8.01908061872263	132.15	41.167478125	4.96972718197211	208.47	43.39015	2.97896472678781	326.58	45.5130078125	1.82717262363091	522.81	47.9468546875	1.04326561119338	
24.66	35.233734375	19.4852922243381	39.84	37.59056875	11.3246160307532	65.31	39.686190625	6.98974445716776	100.65	41.989528125	4.11270489798639	156.24	44.076303125	2.54360721598608	249.57	46.23523125	1.5472384017666	402.3	48.5415828125	0.909750032175012	
17.31	36.6943953125	13.9200511019627	29.34	39.09124375	8.01596820411552	46.08	41.123346875	5.02048499444914	71.88	43.3015953125	3.040330733377	115.89	45.386584375	1.8811434874355	186.27	47.5195828125	1.15112392291771	298.65	49.8086640625	0.67953832384902	
13.68	37.475775	11.6279421075918	20.64	39.7887546875	6.8266068488779	34.77	41.90656875	4.19202135020422	50.94	44.242228125	2.44826006367814	82.71	46.3438890625	1.50900769571276	131.49	48.3640046875	0.947719664722831	219.9	50.6217734375	0.563511803199244	
12.87	38.04243125	10.2055692947108	19.86	40.2053546875	6.20218751063573	29.91	42.33253125	3.80038185492306	46.02	44.69905625	2.2038129760789	73.95	46.6014609375	1.42211352605157	120.24	48.698559375	0.877454131854505	206.1	50.749853125	0.547135694243523	
10.71	39.3417359375	7.56670438113117	15.06	41.5735921875	4.52606870425275	21.96	43.341071875	3.01281991473483	33.72	45.4963625	1.83418911108174	55.59	47.36175	1.19372794530597	95.82	49.22901875	0.776566203378319	174.6	51.2115890625	0.491950554724251	
10.02	38.7883859375	8.5949185832451	13.2	41.3806078125	4.7317259086894	20.97	43.163653125	3.13844880226268	32.25	45.2345296875	1.94817242587638	54.21	47.2697140625	1.21929545408304	94.38	49.3295609375	0.758794662145509	174.69	51.39621875	0.471474800990187	
9.06	38.7032015625	8.7651671943905	13.53	41.2565671875	4.868819138082	20.1	43.6802453125	2.78647935434303	30.18	45.4955015625	1.83455275344542	52.98	47.51865	1.15137119709576	92.34	49.4285234375	0.741699552730594	170.52	51.565990625	0.453399773012597	
9.39	38.70784375	8.75580308491369	13.74	41.2493984375	4.87686256745706	19.53	43.6096484375	2.8321452122445	30.54	45.52355625	1.82274004868683	49.23	47.5666859375	1.13870641454374	85.38	49.397309375	0.747049575610647	162.39	51.4717546875	0.463345438757741	
9.06	39.1273390625	7.94962155933033	13.68	41.3807765625	4.73154205573532	20.61	43.4764546875	2.92034991892846	30.54	45.5284671875	1.82068008621807	49.59	47.455903125	1.16812696253307	89.25	49.4839046875	0.732301446714562	158.58	51.5076703125	0.459529429096864	
8.73	39.54921875	7.21370678935396	13.83	41.817909375	4.2784791840177	20.55	43.57485625	2.85492521182221	32.82	45.848775	1.6912307285024	53.46	47.6875671875	1.10744876233313	90.48	49.6688203125	0.701775705742256	160.53	51.7661484375	0.432977688044192	
10.44	38.7248	8.72168426912894	14.88	40.915790625	5.26624789290381	25.8	42.870109375	3.35791287268787	39.66	44.9644125	2.07319002629401	64.38	46.8303625	1.34909990239732	109.35	48.8837671875	0.840821178508101	191.04	50.9687765625	0.52023875852281	
16.29	37.4067296875	11.8142836081885	25.2	39.918603125	6.62552120638604	36.78	41.7538515625	4.34205384361264	58.11	43.8859125	2.65759691438429	92.79	45.8471140625	1.69187765492516	150.69	47.8726328125	1.06124847607732	258.78	49.94771875	0.658125147505462	
26.22	35.7434078125	17.3276465101751	40.38	38.56959375	9.03901247691947	56.76	40.507334375	5.78558026917725	86.4	42.66051875	3.52393984205795	134.97	44.69146875	2.20766659316504	211.53	46.70664375	1.38808475939055	347.25	48.7378953125	0.869542532161408	
32.22	34.8964828125	21.0587253065249	49.86	37.5924203125	11.3197889454228	72.24	39.6463484375	7.05416342980789	111.21	41.9381390625	4.16165864269327	167.31	43.85405625	2.67716251736151	260.43	45.9645234375	1.64675130818184	421.59	48.0394859375	1.02124928884905	
46.26	35.6847015625	17.5634652026437	67.23	38.214653125	9.8087812301384	92.55	40.334496875	6.02047383609404	133.65	42.4589421875	3.6913577924136	199.32	44.664915625	2.22120579764021	292.5	46.7587515625	1.37152966235318	438.69	48.9178	0.834257963338924	
28.35	37.2438578125	12.2657633009621	40.65	39.684303125	6.99278295076678	56.55	41.7922265625	4.30385572748809	81.51	43.7306875	2.75430233865817	126.6	45.7471828125	1.73125914156039	195.93	47.6973765625	1.104950199406	316.77	49.960378125	0.656209552815806	
16.29	38.366765625	9.47117362984266	24.84	40.694890625	5.54104016694781	35.34	42.6544640625	3.52885614546135	57.42	44.7503625	2.17793097144888	88.8	46.732325	1.37990078232926	141.33	48.5737640625	0.903033693174729	237.48	50.4822640625	0.581907499893371	
13.95	39.7288984375	6.92134531205229	21.21	41.8742453125	4.22333789858212	30.69	44.1074078125	2.52545468137922	46.41	46.0477359375	1.61549927375709	70.68	47.8481421875	1.06724994751394	114.27	49.60989375	0.711362530416097	198.78	51.494128125	0.460964571928926	
11.16	39.41136875	7.44635069283437	16.71	41.69659375	4.39967894219497	25.47	43.8962984375	2.65124899634184	39.39	45.8645890625	1.68508361068162	62.22	47.7570078125	1.08988224992138	104.58	49.5206640625	0.726129288825284	185.13	51.5094203125	0.45934429791658	
11.1	39.164759375	7.88141912420576	17.76	41.6931171875	4.40320233088247	24.81	43.9894359375	2.59499644435574	37.89	45.911771875	1.66687553861888	59.58	47.7761515625	1.0850886095797	97.38	49.6491890625	0.704955096477053	172.2	51.6889859375	0.440739289400205	
11.19	39.4485484375	7.38287502898509	16.59	41.9973234375	4.10532947283985	23.28	44.0227484375	2.57516770418913	33.84	46.1063109375	1.59385668063472	52.14	47.97358125	1.03686505016975	89.49	49.8686328125	0.670219531112346	161.34	51.9913484375	0.411098145001963	
10.11	39.489221875	7.31405418420501	15	42.0856859375	4.02264555124789	21.81	44.25018125	2.44378072964529	31.71	46.177759375	1.56784968604726	49.86	48.16575	0.99198558408926	83.64	50.03063125	0.64567985365643	150.78	52.053396875	0.40526646980628	
17.52	39.430146875	7.41422349613165	26.22	41.971259375	4.13004157377117	36.06	44.0431703125	2.5630868921935	50.1	45.7690796875	1.72255220212115	76.56	47.7647875	1.08793164868884	118.92	49.680934375	0.699820924036343	200.82	51.686253125	0.441016713342617	
21.06	37.967803125	10.3824547828398	30.96	40.6803875	5.55957522434413	44.37	42.755421875	3.44776910244932	64.62	44.7471140625	2.17956063047697	97.74	46.680715625	1.39639665035626	154.11	48.5894453125	0.899778951720331	252.75	50.4584203125	0.585111089941737	
31.14	36.735271875	13.7896477784676	46.5	39.391025	7.48131361870427	66.27	41.5426921875	4.55838646238156	96.87	43.52528125	2.88770108385796	145.47	45.6121015625	1.78595373617711	219.15	47.5885140625	1.1329975079307	346.95	49.582196875	0.715913700072964	
32.19	35.460928125	18.4921559946403	50.28	38.130815625	9.9999723314369	74.31	40.1925265625	6.22053452192049	111.72	42.3882265625	3.7519557230826	167.49	44.492165625	2.31133980370607	257.79	46.588546875	1.42634857761952	402.93	48.7109109375	0.874962151693086	
22.68	36.391553125	14.9253680160172	34.77	39.1117640625	7.97818228129116	51.93	41.3323859375	4.78455737761463	76.41	43.471909375	2.92340794802644	116.31	45.4875984375	1.83789424186627	187.08	47.6040640625	1.12894804182104	303.15	49.7803203125	0.683987759295679	
