720	36.37	36.37	1088	36.78	36.78	2408	38.29	38.29	5352	39.92	39.92	11960	41.98	41.98	22584	44.41	44.41	36952	46.89	46.89	
296	36.09	36.09	480	38.52	38.52	640	39.31	39.31	976	40.33	40.33	1896	42.65	42.65	3024	45.05	45.05	7472	47.24	47.24	
544	36.06	36.06	696	38.30	38.30	1184	39.59	39.59	1584	40.49	40.49	2024	42.63	42.63	3864	45.09	45.09	7640	47.30	47.30	
240	36.16	36.16	272	38.20	38.20	488	39.45	39.45	736	40.39	40.39	1176	42.72	42.72	2016	45.02	45.02	3344	47.28	47.28	
216	36.03	36.03	240	38.48	38.48	296	39.29	39.29	552	40.45	40.45	888	42.67	42.67	1896	45.12	45.12	4104	47.35	47.35	
264	35.83	35.83	376	38.46	38.46	592	39.51	39.51	792	40.44	40.44	1296	42.78	42.78	1872	45.13	45.13	3024	47.36	47.36	
200	36.05	36.05	240	38.74	38.74	352	39.63	39.63	272	40.59	40.59	736	43.03	43.03	1048	45.37	45.37	1576	47.59	47.59	
224	36.15	36.15	224	38.48	38.48	280	39.52	39.52	384	40.59	40.59	432	43.01	43.01	664	45.20	45.20	1712	47.56	47.56	
184	36.11	36.11	184	38.41	38.41	184	39.39	39.39	344	40.54	40.54	440	43.00	43.00	648	45.26	45.26	1168	47.58	47.58	
232	36.28	36.28	240	38.58	38.58	280	39.63	39.63	360	40.63	40.63	672	43.10	43.10	1744	45.24	45.24	4816	47.61	47.61	
184	35.98	35.98	216	38.62	38.62	328	39.60	39.60	512	40.48	40.48	832	42.85	42.85	1160	45.16	45.16	2408	47.52	47.52	
216	36.16	36.16	216	38.54	38.54	440	39.55	39.55	672	40.60	40.60	808	43.12	43.12	984	45.32	45.32	1712	47.68	47.68	
224	36.09	36.09	224	38.62	38.62	320	39.72	39.72	592	40.60	40.60	832	42.77	42.77	1768	45.17	45.17	3400	47.46	47.46	
216	36.27	36.27	232	38.42	38.42	296	39.53	39.53	536	40.62	40.62	720	43.04	43.04	1216	45.23	45.23	2392	47.47	47.47	
184	36.15	36.15	304	38.58	38.58	240	39.60	39.60	328	40.71	40.71	328	43.11	43.11	792	45.22	45.22	1048	47.50	47.50	
296	36.05	36.05	368	38.61	38.61	424	39.72	39.72	528	40.69	40.69	680	43.06	43.06	1120	45.26	45.26	1520	47.51	47.51	
216	36.20	36.20	224	38.55	38.55	232	39.58	39.58	344	40.55	40.55	752	42.87	42.87	1968	45.14	45.14	3168	47.32	47.32	
544	36.27	36.27	624	38.42	38.42	1112	39.46	39.46	1264	40.52	40.52	1768	42.88	42.88	2688	45.32	45.32	3824	47.44	47.44	
216	36.17	36.17	216	38.53	38.53	256	39.56	39.56	320	40.52	40.52	480	42.76	42.76	1480	44.98	44.98	3296	47.19	47.19	
416	36.08	36.08	520	38.67	38.67	520	39.74	39.74	856	40.68	40.68	1080	42.89	42.89	2040	45.25	45.25	2824	47.35	47.35	
240	36.34	36.34	256	38.46	38.46	264	39.61	39.61	448	40.80	40.80	776	43.05	43.05	1984	45.22	45.22	4848	47.34	47.34	
184	36.30	36.30	184	38.70	38.70	216	39.70	39.70	272	40.74	40.74	400	43.00	43.00	952	45.03	45.03	2848	47.19	47.19	
256	36.94	36.94	336	38.08	38.08	400	39.35	39.35	696	40.88	40.88	1072	43.22	43.22	1888	45.39	45.39	3704	47.49	47.49	
232	36.21	36.21	224	38.29	38.29	232	39.66	39.66	344	41.09	41.09	424	43.11	43.11	792	45.34	45.34	1408	47.47	47.47	
600	37.17	37.17	928	37.76	37.76	2096	39.12	39.12	4552	40.85	40.85	9584	42.70	42.70	16992	45.15	45.15	28640	47.60	47.60	
192	37.30	37.30	192	38.02	38.02	200	39.21	39.21	336	40.93	40.93	728	42.80	42.80	1752	45.10	45.10	3376	47.60	47.60	
368	37.15	37.15	472	37.84	37.84	584	39.21	39.21	1096	40.89	40.89	1736	42.79	42.79	2200	45.24	45.24	3024	47.58	47.58	
184	37.11	37.11	208	37.68	37.68	296	39.12	39.12	328	40.83	40.83	576	42.83	42.83	1064	45.30	45.30	1624	47.65	47.65	
208	37.30	37.30	256	38.06	38.06	296	39.24	39.24	456	40.99	40.99	824	42.94	42.94	1384	45.19	45.19	1992	47.63	47.63	
184	37.22	37.22	184	37.89	37.89	264	39.12	39.12	480	40.92	40.92	912	42.92	42.92	1144	45.27	45.27	1664	47.64	47.64	
848	35.53	35.53	1184	37.02	37.02	1736	38.46	38.46	2840	40.25	40.25	4032	42.35	42.35	5920	44.80	44.80	8368	47.10	47.10	
248	37.07	37.07	240	37.77	37.77	432	39.04	39.04	688	40.99	40.99	1184	42.68	42.68	2376	45.31	45.31	4672	47.43	47.43	
384	37.10	37.10	392	37.71	37.71	520	39.03	39.03	952	40.90	40.90	1112	42.74	42.74	1792	45.40	45.40	3264	47.58	47.58	
288	37.03	37.03	400	37.76	37.76	600	39.17	39.17	744	41.05	41.05	1144	42.88	42.88	1632	45.34	45.34	2880	47.64	47.64	
216	37.00	37.00	216	37.77	37.77	392	39.02	39.02	432	41.00	41.00	960	42.88	42.88	1424	45.46	45.46	2576	47.51	47.51	
272	36.96	36.96	304	37.60	37.60	536	39.05	39.05	936	41.04	41.04	1072	42.97	42.97	1784	45.55	45.55	2968	47.66	47.66	
384	36.57	36.57	552	37.42	37.42	656	38.73	38.73	904	40.66	40.66	1432	42.77	42.77	2600	45.18	45.18	6040	47.51	47.51	
1120	36.05	36.05	1496	36.76	36.76	2248	38.68	38.68	3032	40.35	40.35	4792	42.28	42.28	7424	45.02	45.02	12440	47.28	47.28	
216	36.84	36.84	312	37.67	37.67	288	38.99	38.99	616	41.05	41.05	840	42.88	42.88	1392	45.50	45.50	2824	47.58	47.58	
256	36.89	36.89	320	37.83	37.83	352	38.97	38.97	592	41.08	41.08	1200	42.73	42.73	2240	45.45	45.45	4128	47.46	47.46	
240	37.02	37.02	328	37.89	37.89	296	39.02	39.02	496	41.18	41.18	760	42.79	42.79	1440	45.51	45.51	2488	47.53	47.53	
408	36.76	36.76	592	37.68	37.68	888	39.17	39.17	1384	41.14	41.14	2080	42.97	42.97	2960	45.53	45.53	4864	47.66	47.66	
216	37.01	37.01	256	37.99	37.99	264	39.05	39.05	560	41.13	41.13	848	42.89	42.89	1712	45.53	45.53	3448	47.65	47.65	
264	36.83	36.83	360	37.98	37.98	512	39.07	39.07	872	41.11	41.11	896	42.85	42.85	1656	45.49	45.49	2752	47.60	47.60	
184	37.03	37.03	184	38.04	38.04	184	39.11	39.11	224	41.25	41.25	440	42.84	42.84	576	45.51	45.51	1392	47.62	47.62	
216	36.96	36.96	264	38.03	38.03	280	39.29	39.29	384	41.13	41.13	568	42.91	42.91	1264	45.45	45.45	2016	47.54	47.54	
184	36.98	36.98	200	38.05	38.05	184	39.26	39.26	240	41.16	41.16	320	42.91	42.91	576	45.47	45.47	1072	47.54	47.54	
184	36.99	36.99	184	37.97	37.97	200	39.15	39.15	232	41.24	41.24	416	42.95	42.95	552	45.67	45.67	688	47.58	47.58	
